tree
version=v3
num_class=1
num_tree_per_iteration=1
label_index=0
max_feature_idx=15
objective=regression
feature_names=Column_0 Column_1 Column_2 Column_3 Column_4 Column_5 Column_6 Column_7 Column_8 Column_9 Column_10 Column_11 Column_12 Column_13 Column_14 Column_15
feature_infos=[1:49] [0:70] [1:49] [0:73] [0:8] [0:7] [0:8] [0:293] [0:226] [0:256] [0:8] [0:8] [0:8] [0:326] [0:217] [0:245]
tree_sizes=2780 2812 2796 2826 2812 2809 2824 2820 2825 2797 2815 2831 2792 2829 2804 2815 2806 2790 2841 2814 2819 2818 2831 2814 2789 2827 2824 2824 2829

Tree=0
num_leaves=31
num_cat=0
split_feature=0 2 0 2 2 0 1 8 10 2 14 1 1 14 1 9 12 9 3 15 0 9 10 12 1 2 15 14 14 11
split_gain=176.638 52.5913 45.0832 31.8487 27.5098 20.3417 17.494 17.0834 14.6617 13.7021 13.5787 13.1995 12.638 11.9143 11.708 12.5151 11.4362 10.5336 11.5771 10.1405 8.55038 9.89401 8.379 8.14432 7.8121 8.64317 7.77615 7.77234 7.38712 7.52887
threshold=33.500000000000007 26.500000000000004 23.500000000000004 25.500000000000004 15.500000000000002 44.500000000000007 9.5000000000000018 19.500000000000004 1.0000000180025095e-35 43.500000000000007 34.500000000000007 7.5000000000000009 5.5000000000000009 23.500000000000004 4.5000000000000009 26.500000000000004 1.0000000180025095e-35 23.500000000000004 9.5000000000000018 12.500000000000002 18.500000000000004 3.5000000000000004 1.0000000180025095e-35 1.0000000180025095e-35 16.500000000000004 40.500000000000007 4.5000000000000009 12.500000000000002 30.500000000000004 3.5000000000000004
decision_type=2 2 2 2 2 2 2 2 2 2 2 2 2 2 2 2 2 2 2 2 2 2 2 2 2 2 2 2 2 2
left_child=2 6 4 14 12 16 17 8 10 20 -6 -5 -1 -8 -4 -16 -3 18 27 -7 21 -10 -14 -13 -18 -26 -24 -2 29 -25
right_child=1 5 3 11 7 19 13 -9 9 -11 -12 23 22 -15 15 -17 24 -19 -20 -21 -22 -23 26 28 25 -27 -28 -29 -30 -31
leaf_value=-0.28505924571318647 -0.29204766224826834 -0.23061909451791809 -0.2758751972883498 -0.29572766206571627 -0.27474331549039388 -0.20447623889072192 -0.22908848224260961 -0.31739012650754478 -0.31864766066977546 -0.32692160978624391 -0.19204766824552583 -0.23764766552755401 -0.19804766788789796 -0.18995464506826062 -0.26182294497058883 -0.21829766663951178 -0.28102551643436635 -0.21253547182971766 -0.23052592680001208 -0.25498244707062229 -0.28869026176076551 -0.29511909066277481 -0.23890159803708347 -0.27738746898411976 -0.24479934293362823 -0.28404766276189852 -0.27297017264726064 -0.25122948287273972 -0.25304766457652883 -0.30507091729966573
leaf_weight=518 81 63 661 750 115 70 196 292 200 119 24 50 20 129 801 72 587 82 138 92 2493 1680 89 412 149 90 271 110 90 129
leaf_count=518 81 63 661 750 115 70 196 292 200 119 24 50 20 129 801 72 587 82 138 92 2493 1680 89 412 149 90 271 110 90 129
internal_value=-0.280053 -0.251393 -0.285882 -0.275845 -0.290995 -0.265749 -0.230893 -0.293931 -0.292451 -0.293441 -0.260465 -0.286576 -0.274898 -0.213555 -0.265835 -0.258233 -0.271688 -0.244602 -0.252595 -0.233159 -0.29253 -0.297622 -0.261048 -0.276497 -0.27482 -0.259579 -0.264548 -0.26854 -0.279575 -0.283989
internal_weight=0 1787 8786 2965 5821 1051 736 4923 4631 4492 139 1431 898 325 1534 873 889 411 329 162 4373 1880 380 681 826 239 360 191 631 541
internal_count=10573 1787 8786 2965 5821 1051 736 4923 4631 4492 139 1431 898 325 1534 873 889 411 329 162 4373 1880 380 681 826 239 360 191 631 541
shrinkage=1


Tree=1
num_leaves=31
num_cat=0
split_feature=0 2 2 0 14 0 0 11 3 14 10 1 1 15 1 2 12 8 9 3 15 2 1 9 8 14 15 1 13 8
split_gain=143.077 43.1419 37.078 30.6971 18.986 17.9565 15.6551 15.238 13.859 13.8798 12.1803 9.52786 9.28123 9.73015 9.20597 8.88352 9.35934 8.67595 8.46555 10.0737 8.30773 7.60522 9.7477 7.54725 7.52103 8.22188 8.71629 7.34658 7.32473 7.28172
threshold=33.500000000000007 28.500000000000004 15.500000000000002 19.500000000000004 14.500000000000002 27.500000000000004 44.500000000000007 1.5000000000000002 12.500000000000002 19.500000000000004 1.0000000180025095e-35 9.5000000000000018 5.5000000000000009 6.5000000000000009 5.5000000000000009 22.500000000000004 1.5000000000000002 19.500000000000004 2.5000000000000004 1.5000000000000002 12.500000000000002 45.500000000000007 31.500000000000004 26.500000000000004 22.500000000000004 17.500000000000004 37.500000000000007 20.500000000000004 1.0000000180025095e-35 8.5000000000000018
decision_type=2 2 2 2 2 2 2 2 2 2 2 2 2 2 2 2 2 2 2 2 2 2 2 2 2 2 2 2 2 2
left_child=2 4 5 18 -2 10 21 27 9 12 29 -6 13 -9 -12 -10 -17 -11 -4 23 -8 22 24 28 25 -3 -27 -5 -20 -1
right_child=1 6 3 7 11 -7 20 8 15 17 14 -13 -14 -15 -16 16 -18 -19 19 -21 -22 -23 -24 -25 -26 26 -28 -29 -30 -31
leaf_value=0.0043306285142898559 0.026165865479531338 -0.0001573118662658429 -0.036274151335208879 0.018700536588827768 0.043137501720939914 0.037118402861413505 0.067524545559516327 -0.0012707020932617612 0.0021373185337099257 0.02035209438539444 -0.0057342141552975305 0.072392652323930579 0.0030705437689880562 -0.015090594315231465 0.013203532499215333 0.01208600476384163 -0.024131751119187386 -0.032408951047588799 0.05323689371347428 -0.018307349349133934 0.020384610884568909 -0.023169900423072907 0.056775656789541246 0.039847025351646623 -0.040591513388084643 0.031534387110447398 -0.024017482995986938 0.079308191686868673 -0.0086315761166824451 0.080799195983193142
leaf_weight=20 392 407 203 120 248 210 65 1083 234 374 570 202 1286 962 467 80 660 34 20 1924 88 83 40 39 33 196 33 24 443 33
leaf_count=20 392 407 203 120 248 210 65 1083 234 374 570 202 1286 962 467 80 660 34 20 1924 88 83 40 39 33 196 33 24 443 33
internal_value=0 0.025794 -0.00524629 -0.00795342 0.0422547 0.0103426 0.0111275 -0.00324219 -0.00422125 -0.00145355 0.00518398 0.0562698 -0.00358589 -0.0077718 0.00279416 -0.0148459 -0.0202163 0.0159553 -0.0166573 -0.0150158 0.0404114 0.00547038 0.00882319 -0.00240043 0.00595608 0.00837128 0.0235291 0.0288018 -0.00595907 0.0519431
internal_weight=0 1787 8786 7486 842 1300 945 4857 4713 3739 1090 450 3331 2045 1037 974 740 408 2629 2426 153 792 709 502 669 636 229 144 463 53
internal_count=10573 1787 8786 7486 842 1300 945 4857 4713 3739 1090 450 3331 2045 1037 974 740 408 2629 2426 153 792 709 502 669 636 229 144 463 53
shrinkage=0.1


Tree=2
num_leaves=31
num_cat=0
split_feature=0 2 0 2 2 6 0 2 1 8 10 0 9 0 3 1 14 2 10 12 14 9 7 1 8 9 8 9 0 15
split_gain=115.892 35.3208 31.5497 22.9438 20.8506 14.7266 14.4165 13.488 12.6078 11.3369 10.7795 10.6913 10.4769 10.2608 9.88562 9.74998 9.63207 9.52742 9.83155 9.39123 9.32496 8.39903 8.15102 7.96225 7.26924 7.02235 10.4279 6.91176 6.82237 6.81427
threshold=33.500000000000007 26.500000000000004 23.500000000000004 25.500000000000004 23.500000000000004 2.5000000000000004 37.500000000000007 39.500000000000007 8.5000000000000018 4.5000000000000009 1.5000000000000002 45.500000000000007 5.5000000000000009 16.500000000000004 14.500000000000002 7.5000000000000009 32.500000000000007 42.500000000000007 1.0000000180025095e-35 1.5000000000000002 64.500000000000014 12.500000000000002 1.5000000000000002 25.500000000000004 23.500000000000004 17.500000000000004 17.500000000000004 23.500000000000004 38.500000000000007 8.5000000000000018
decision_type=2 2 2 2 2 2 2 2 2 2 2 2 2 2 2 2 2 2 2 2 2 2 2 2 2 2 2 2 2 2
left_child=2 8 4 10 5 13 -3 11 14 -9 12 19 -4 -1 27 -5 24 18 -6 -8 -21 -11 -12 -23 -10 -24 -27 29 -29 -2
right_child=1 6 3 15 17 -7 7 9 16 21 22 -13 -14 -15 -16 -17 -18 -19 -20 20 -22 23 25 -25 -26 26 -28 28 -30 -31
leaf_value=-0.019305728114568273 0.026400958949869331 -0.0034615363266105367 -0.0092946959578472637 -0.013298622107505799 0.016879547897138095 0.0053743254366344301 0.062898274654379263 -0.043791211843490607 0.049030002547522725 -0.012860151514028893 -0.041058581322431564 0.065009425928840389 0.044568185942868398 -0.0046442764562968754 0.05457260714899196 0.00322926691493974 0.082026553617583375 -0.038169349169218415 -0.016049606489020415 0.021758309915163261 -0.047430646135693505 0.012975327922152237 0.0065188445278576441 0.072996376983581052 -0.012366740192685809 0.032223738150464164 -0.040044612505219207 0.092099308967590332 0.017331448770486393 -0.0075560666690362953
leaf_weight=650 132 401 46 750 95 1104 52 45 236 78 32 77 168 1797 101 681 90 186 1989 269 21 77 1050 31 21 216 22 23 26 107
leaf_count=650 132 401 46 750 95 1104 52 45 236 78 32 77 168 1797 101 681 90 186 1989 269 21 77 1050 31 21 216 22 23 26 107
internal_value=0 0.0232146 -0.00472166 0.00367464 -0.00899843 -0.00421324 0.0114497 0.0206487 0.0400149 0.00124802 0.0121709 0.0313446 0.0329902 -0.00853882 0.0276534 -0.00543315 0.0538725 -0.016484 -0.0145485 0.0237651 0.0167481 0.0121446 0.00879565 0.0302036 0.0440131 0.0100343 0.0255435 0.0182129 0.0524266 0.0111984
internal_weight=0 1787 8786 2965 5821 3551 1051 650 736 231 1534 419 214 2447 389 1431 347 2270 2084 342 290 186 1320 108 257 1288 238 288 49 239
internal_count=10573 1787 8786 2965 5821 3551 1051 650 736 231 1534 419 214 2447 389 1431 347 2270 2084 342 290 186 1320 108 257 1288 238 288 49 239
shrinkage=0.1


Tree=3
num_leaves=31
num_cat=0
split_feature=0 2 0 0 2 2 1 8 1 8 10 14 15 10 8 2 4 10 14 9 1 1 2 7 12 9 3 10 15 1
split_gain=94.4581 35.2131 25.1859 23.0518 21.3715 14.5221 13.551 12.7811 12.3178 10.4097 9.69378 10.204 9.66945 9.54114 9.03638 8.99603 8.73814 7.6887 9.13486 7.36383 7.26811 7.19399 6.9843 6.89685 6.7396 7.0479 8.66059 8.35013 6.96093 6.77324
threshold=36.500000000000007 15.500000000000002 23.500000000000004 27.500000000000004 31.500000000000004 30.500000000000004 6.5000000000000009 19.500000000000004 22.500000000000004 18.500000000000004 1.0000000180025095e-35 34.500000000000007 1.5000000000000002 1.0000000180025095e-35 4.5000000000000009 43.500000000000007 1.0000000180025095e-35 3.5000000000000004 14.500000000000002 16.500000000000004 38.500000000000007 5.5000000000000009 5.5000000000000009 1.0000000180025095e-35 1.5000000000000002 20.500000000000004 14.500000000000002 1.5000000000000002 9.5000000000000018 5.5000000000000009
decision_type=2 2 2 2 2 2 2 2 2 2 2 2 2 2 2 2 2 2 2 2 2 2 2 2 2 2 2 2 2 2
left_child=1 3 7 13 6 8 12 10 16 17 11 -3 -2 -1 -6 23 -4 -8 -19 -16 -7 -15 -5 -12 -18 26 29 -27 -29 -26
right_child=4 2 5 22 14 20 9 -9 -10 -11 15 -13 -14 21 19 -17 24 18 -20 -21 -22 -23 -24 -25 25 27 -28 28 -30 -31
leaf_value=0.046135359918171505 0.071077234404427675 0.0045035404226054319 -0.027753187492489818 0.078600261551993233 -0.016030528441071511 -0.008804010679726023 0.064277001922055488 -0.030698796300447154 0.038316152756628787 -0.0030007427229600796 -0.043751597822758191 0.076190195232629779 0.015164674594438167 -0.0049033637423264356 0.0053073446790711225 -0.0370608529623817 0.023864430409890634 -0.0047408167908831343 0.055905645115981034 0.031198977248049251 0.044668361315360443 0.011837521910156888 0.030880881461404986 -0.0087379922840029583 -0.0021614924168739565 0.073198331064648112 -0.017805334030113786 -0.0056246055497063538 0.035332123877166159 0.013704916620607355
leaf_weight=53 35 115 80 35 100 1138 254 292 115 34 57 24 266 570 238 119 189 41 63 204 26 467 248 4316 624 27 203 90 77 473
leaf_count=53 35 115 80 35 100 1138 254 292 115 34 57 24 266 570 238 119 189 41 63 204 26 467 248 4316 624 27 203 90 77 473
internal_value=0 -0.00343738 -0.00598695 0.0113531 0.0259905 0.00116659 0.0376241 -0.0104072 0.00660616 0.0498776 -0.00912779 0.0168811 0.0216661 0.00475081 0.0111157 -0.0099326 0.00453772 0.0548996 0.0319969 0.0172573 -0.00760961 0.00263569 0.0367826 -0.00919438 0.00607265 0.00382188 0.00116859 0.0216016 0.0132596 0.00467972
internal_weight=0 9338 7965 1373 1235 3042 693 4923 1878 392 4631 139 301 1090 542 4492 1763 358 104 442 1164 1037 283 4373 1683 1494 1300 194 167 1097
internal_count=10573 9338 7965 1373 1235 3042 693 4923 1878 392 4631 139 301 1090 542 4492 1763 358 104 442 1164 1037 283 4373 1683 1494 1300 194 167 1097
shrinkage=0.1


Tree=4
num_leaves=31
num_cat=0
split_feature=0 2 2 0 0 11 3 12 14 2 1 14 7 9 8 4 1 3 6 2 1 3 14 0 2 3 9 6 8 2
split_gain=77.1068 24.8177 22.4382 16.7599 15.2494 13.2844 12.8253 12.3723 10.1044 9.63906 11.1696 9.46489 8.20269 8.91939 8.01427 7.24846 7.16068 7.09439 7.05957 7.9074 7.13432 6.99246 6.64329 6.46712 6.34916 6.2129 6.60072 6.18591 6.36704 6.15269
threshold=33.500000000000007 26.500000000000004 16.500000000000004 18.500000000000004 26.500000000000004 1.5000000000000002 11.500000000000002 1.0000000180025095e-35 20.500000000000004 47.500000000000007 30.500000000000004 33.500000000000007 9.5000000000000018 11.500000000000002 7.5000000000000009 1.0000000180025095e-35 3.5000000000000004 1.0000000180025095e-35 2.5000000000000004 41.500000000000007 15.500000000000002 16.500000000000004 33.500000000000007 45.500000000000007 41.500000000000007 10.500000000000002 7.5000000000000009 4.5000000000000009 11.500000000000002 25.500000000000004
decision_type=2 2 2 2 2 2 2 2 2 2 2 2 2 2 2 2 2 2 2 2 2 2 2 2 2 2 2 2 2 2
left_child=2 11 4 18 14 -5 8 -3 17 10 12 15 13 -9 -1 -2 -13 -7 -4 20 -20 25 -16 -14 -19 26 -22 28 -6 -8
right_child=1 7 3 5 27 6 29 9 -10 -11 -12 16 23 -15 22 -17 -18 24 19 -21 21 -23 -24 -25 -26 -27 -28 -29 -30 -31
leaf_value=-0.008484473469395416 -0.020794178644816082 0.046620125240749787 -0.01863626624506555 0.026539616560449411 0.031237807903438809 0.0059306603484611878 -0.004112132946992743 -0.028451921814872373 0.015290390212864472 -0.036821725010871886 0.048224887206004222 0.018618846048669115 0.0090547666788348535 0.0058856385808015617 0.0054769113476397079 0.029690132337797714 0.067130119311702194 -0.0042256666367290587 -0.0081331914730286333 -0.039023860701372926 0.061734577587672645 -0.028382594998066241 0.038604515971559471 0.045248850096355792 -0.031238556934727563 0.070798730629461779 -0.0048796879310233927 0.068134194793123201 -0.0041836859548793123 -0.018903122189081686
leaf_weight=449 30 81 1216 147 200 739 464 124 341 50 65 41 482 194 731 547 118 2620 712 71 21 26 66 55 90 27 51 33 68 714
leaf_count=449 30 81 1216 147 200 739 464 124 341 50 65 41 482 194 731 547 118 2620 712 71 21 26 66 55 90 27 51 33 68 714
internal_value=0 0.0189357 -0.00385136 -0.00618753 0.00708047 -0.0030869 -0.00396353 0.00907385 -0.00113085 0.00593855 0.00826248 0.0330182 0.0052244 -0.00750385 0.00220064 0.0270653 0.0546209 -0.00275441 -0.0136544 -0.00698276 -0.00426482 0.0177694 0.00822023 0.0127618 -0.00512277 0.0298902 0.0145495 0.0272807 0.0222503 -0.0130771
internal_weight=0 1787 8786 7239 1547 5115 4968 1051 3790 970 920 736 855 318 1246 577 159 3449 2124 908 837 125 797 537 2710 99 72 301 268 1178
internal_count=10573 1787 8786 7239 1547 5115 4968 1051 3790 970 920 736 855 318 1246 577 159 3449 2124 908 837 125 797 537 2710 99 72 301 268 1178
shrinkage=0.1


Tree=5
num_leaves=31
num_cat=0
split_feature=0 2 0 0 2 12 1 3 8 9 4 14 3 2 9 10 14 10 8 8 14 8 2 13 3 1 0 15 14 3
split_gain=64.1845 23.9479 17.5282 15.4664 14.9472 11.8338 10.5761 10.2551 10.2231 9.16478 10.5543 8.5274 8.14812 7.90943 8.68832 7.79561 7.99632 7.79467 7.79021 7.7323 6.80311 9.03133 6.34052 6.29305 6.27129 6.13102 5.99894 5.90464 6.92568 6.83724
threshold=36.500000000000007 15.500000000000002 23.500000000000004 27.500000000000004 32.500000000000007 2.5000000000000004 13.500000000000002 3.5000000000000004 19.500000000000004 3.5000000000000004 1.5000000000000002 14.500000000000002 17.500000000000004 35.500000000000007 29.500000000000004 1.0000000180025095e-35 34.500000000000007 1.5000000000000002 13.500000000000002 4.5000000000000009 12.500000000000002 10.500000000000002 43.500000000000007 17.500000000000004 9.5000000000000018 5.5000000000000009 47.500000000000007 1.5000000000000002 14.500000000000002 16.500000000000004
decision_type=2 2 2 2 2 2 2 2 2 2 2 2 2 2 2 2 2 2 2 2 2 2 2 2 2 2 2 2 2 2
left_child=1 3 8 17 6 7 11 20 15 -7 -11 24 -8 14 -9 16 -3 -1 27 -6 21 -4 -17 -23 -2 -19 -21 -12 -29 -30
right_child=4 2 5 -5 19 9 12 13 -10 10 18 -13 -14 -15 -16 22 -18 25 -20 26 -22 23 -24 -25 -26 -27 -28 28 29 -31
leaf_value=0.021849415709624939 -0.0060948295700818979 0.004887411801711373 0.02206018093441214 0.03019333573407082 -0.018539677527215744 -0.029000826807398544 0.057505441279733255 0.0035239003818321661 -0.026771357186036567 -0.022904755571566592 0.040339180206259095 0.034299584284201545 0.013407376739713881 -0.013868125642047209 0.043480046889905276 -0.0075813292918640342 0.068347084522247317 -0.007443242351855001 -0.014087650494846872 0.010612331117902484 0.036656698841132866 -0.03083332353743954 -0.03097611462869564 0.024027578035990399 0.0271465594946134 0.0092548054305812977 0.059403017052897703 -0.0034456637388627443 0.027904261979791858 -0.0070807529820336237
leaf_weight=199 133 115 224 283 90 152 187 882 292 218 48 267 54 255 58 4373 24 496 246 378 151 69 119 30 99 395 27 448 180 81
leaf_count=199 133 115 224 283 90 152 187 882 292 218 48 267 54 255 58 4373 24 496 246 378 151 69 119 30 99 395 27 448 180 81
internal_value=0 -0.00283349 -0.00493606 0.00936384 0.0214244 0.0010317 0.0304222 0.00668875 -0.00862364 -0.00584492 -0.00296228 0.022114 0.0476245 0.00175193 0.00598928 -0.00747936 0.0158445 0.00395581 0.00137217 0.00797328 0.019135 0.0109437 -0.00820109 -0.0142088 0.00809007 -4.06286e-05 0.013865 0.0063961 0.00409812 0.0170468
internal_weight=0 9338 7965 1373 1235 3042 740 1669 4923 1373 1221 499 241 1195 940 4631 139 1090 1003 495 474 323 4492 99 232 891 405 757 709 261
internal_count=10573 9338 7965 1373 1235 3042 740 1669 4923 1373 1221 499 241 1195 940 4631 139 1090 1003 495 474 323 4492 99 232 891 405 757 709 261
shrinkage=0.1


Tree=6
num_leaves=31
num_cat=0
split_feature=0 10 0 2 2 12 7 1 15 1 15 14 15 12 2 1 8 2 6 2 9 11 15 1 2 4 6 0 10 14
split_gain=51.9894 19.7167 18.9736 19.2824 12.613 11.8139 10.589 9.96316 9.74639 9.43207 9.62463 8.53001 10.3724 8.48017 8.14661 7.92935 8.03805 7.72348 7.35945 7.91127 7.05273 6.71714 6.649 7.57165 6.93545 6.59252 6.17075 6.13352 6.03878 7.376
threshold=36.500000000000007 1.0000000180025095e-35 18.500000000000004 16.500000000000004 29.500000000000004 2.5000000000000004 10.500000000000002 1.0000000180025095e-35 18.500000000000004 8.5000000000000018 6.5000000000000009 22.500000000000004 3.5000000000000004 1.5000000000000002 14.500000000000002 6.5000000000000009 18.500000000000004 17.500000000000004 2.5000000000000004 35.500000000000007 19.500000000000004 1.5000000000000002 1.0000000180025095e-35 21.500000000000004 32.500000000000007 1.0000000180025095e-35 1.5000000000000002 25.500000000000004 3.5000000000000004 14.500000000000002
decision_type=2 2 2 2 2 2 2 2 2 2 2 2 2 2 2 2 2 2 2 2 2 2 2 2 2 2 2 2 2 2
left_child=1 7 18 11 15 9 25 -1 -9 10 17 12 14 -6 27 20 28 -5 -3 -20 -2 -11 -8 -24 -25 -7 -14 -4 -17 -30
right_child=4 2 3 5 13 6 22 8 -10 21 -12 -13 26 -15 -16 16 -18 -19 19 -21 -22 -23 23 24 -26 -27 -28 -29 29 -31
leaf_value=-0.0054982035508695645 0.0053118083029162167 -0.015155797276919203 0.028898902659146294 0.045201074509393604 0.034580449924009653 -0.044111796946097646 0.04806457116053655 0.042385431646286505 -0.0021904441443356603 0.043307871840618274 -0.0099880051494237801 0.031223822630257633 -0.033500800314156906 0.003867221237514277 0.0052928763959142894 0.053401372630519112 -0.0091332921578038129 0.0016172862782770276 -0.00089497363780449875 -0.024143370762036716 0.040093111874925536 0.0070439628499039154 -0.0066487213086444718 0.042175370729886572 -0.00069184097978803845 -0.013824453372793595 0.0046396373663473564 0.082387444873650878 -0.010188660063804726 0.046249949618389734
leaf_weight=106 181 1513 53 42 109 78 26 191 66 54 1005 196 46 513 72 219 31 1274 951 173 86 944 898 65 90 914 545 36 39 57
leaf_count=106 181 1513 53 42 109 78 26 191 66 54 1005 196 46 513 72 219 31 1274 951 173 86 944 898 65 90 914 545 36 39 57
internal_value=0 -0.00255015 -0.00347426 -0.000508496 0.019282 -0.0028217 -0.00874844 0.0202982 0.0309379 0.000876483 -0.00261916 0.0126436 0.00780085 0.00924944 0.0303023 0.0294618 0.0394528 0.00300826 -0.0106024 -0.00447324 0.0165148 0.00900614 -0.00189225 -0.00312575 0.0172847 -0.0162059 0.00167101 0.0505347 0.0442343 0.0233218
internal_weight=0 9338 8975 6338 1235 5390 2071 363 257 3319 2321 948 752 622 161 613 346 1316 2637 1124 267 998 1079 1053 155 992 591 89 315 96
internal_count=10573 9338 8975 6338 1235 5390 2071 363 257 3319 2321 948 752 622 161 613 346 1316 2637 1124 267 998 1079 1053 155 992 591 89 315 96
shrinkage=0.1


Tree=7
num_leaves=31
num_cat=0
split_feature=0 10 2 0 11 2 3 12 2 0 2 3 14 14 4 13 1 9 8 7 14 6 2 1 13 8 8 8 13 13
split_gain=42.3093 15.6141 15.0877 13.1381 14.2285 9.59237 9.03108 8.99001 8.77322 10.2268 8.0122 8.82788 7.82173 7.64604 7.64349 7.14163 7.0147 6.12755 6.12209 6.9937 6.46179 5.96116 6.45151 6.18797 10.863 7.44462 5.8499 5.66442 5.9198 7.3825
threshold=33.500000000000007 1.0000000180025095e-35 26.500000000000004 18.500000000000004 1.5000000000000002 22.500000000000004 12.500000000000002 1.5000000000000002 45.500000000000007 44.500000000000007 30.500000000000004 5.5000000000000009 19.500000000000004 33.500000000000007 1.5000000000000002 18.500000000000004 19.500000000000004 4.5000000000000009 2.5000000000000004 9.5000000000000018 22.500000000000004 2.5000000000000004 27.500000000000004 15.500000000000002 7.5000000000000009 2.5000000000000004 22.500000000000004 19.500000000000004 5.5000000000000009 10.500000000000002
decision_type=2 2 2 2 2 2 2 2 2 2 2 2 2 2 2 2 2 2 2 2 2 2 2 2 2 2 2 2 2 2
left_child=1 10 18 21 16 12 17 -8 9 14 13 -12 15 -1 -4 -6 -5 -7 -2 20 -20 -3 23 25 -25 -23 -21 28 -19 -30
right_child=2 3 8 4 5 6 7 -9 -10 -11 11 -13 -14 -15 -16 -17 -18 27 19 26 -22 22 -24 24 -26 -27 -28 -29 29 -31
leaf_value=0.021697377041246829 -0.01160682661588802 -0.013640217905555117 -0.014930965954607184 0.016468348509847779 -0.0015607450536706232 -0.014836651777875597 0.015834194712522554 -0.019227615060538231 -0.020800373125299115 0.034567605279912449 0.021946025606411609 -0.032672953380728668 0.014802037723523252 0.072873696940285823 0.0098392116797208062 0.019949267481464941 0.066061286014669082 0.011049360030092081 0.0028415974229574203 0.037670810792652526 0.038792463601894783 -0.057976698097975357 -0.014460390637215881 0.061002436214023174 -0.0058077867863313209 -2.9807570503979193e-05 -0.0073368359957971876 -0.023838388454169038 -0.011016249700105039 0.0048182600126491755
leaf_weight=176 43 1513 154 177 2200 345 82 676 107 138 67 53 417 35 652 166 34 441 169 422 71 23 388 45 53 615 31 96 549 635
leaf_count=176 43 1513 154 177 2200 345 82 676 107 138 67 53 417 35 652 166 34 441 169 422 71 23 388 45 53 615 31 96 549 635
internal_value=0 -0.00285289 0.0140266 -0.003687 -0.00103314 -0.00199247 -0.0060985 -0.0154346 0.00633729 0.00941327 0.0184533 -0.00217736 0.00217405 0.0301863 0.00510645 -5.15895e-05 0.0244596 -0.00267313 0.0250068 0.0272787 0.0134771 -0.0095422 -0.00402592 0.00147487 0.0248704 -0.0021188 0.0345908 -0.000234773 0.00115966 -0.00252392
internal_weight=0 8786 1787 8455 5818 5607 2824 758 1051 944 331 120 2783 211 806 2366 211 2066 736 693 240 2637 1124 736 98 638 453 1721 1625 1184
internal_count=10573 8786 1787 8455 5818 5607 2824 758 1051 944 331 120 2783 211 806 2366 211 2066 736 693 240 2637 1124 736 98 638 453 1721 1625 1184
shrinkage=0.1


Tree=8
num_leaves=31
num_cat=0
split_feature=0 2 0 1 2 3 12 7 2 1 15 14 2 10 4 12 14 2 9 2 13 1 2 4 9 3 14 10 11 13
split_gain=35.7016 17.5438 16.7054 12.3153 11.4312 9.88899 9.57669 9.24498 9.19412 7.65364 7.20054 6.93039 6.57542 6.34069 6.29506 6.20135 6.16204 5.87254 5.67765 5.67614 5.69949 5.60056 5.40238 5.38536 5.32916 5.21857 5.21377 6.14904 5.62373 5.0013
threshold=25.500000000000004 19.500000000000004 44.500000000000007 4.5000000000000009 45.500000000000007 1.5000000000000002 1.0000000180025095e-35 11.500000000000002 24.500000000000004 24.500000000000004 15.500000000000002 4.5000000000000009 39.500000000000007 1.0000000180025095e-35 1.5000000000000002 1.5000000000000002 13.500000000000002 39.500000000000007 6.5000000000000009 5.5000000000000009 27.500000000000004 1.0000000180025095e-35 37.500000000000007 1.5000000000000002 11.500000000000002 4.5000000000000009 3.5000000000000004 1.5000000000000002 2.5000000000000004 13.500000000000002
decision_type=2 2 2 2 2 2 2 2 2 2 2 2 2 2 2 2 2 2 2 2 2 2 2 2 2 2 2 2 2 2
left_child=5 7 3 14 6 18 -5 15 11 10 26 21 -4 -13 -3 -2 25 -18 -1 -9 -21 -7 -20 -17 -11 -12 28 -28 -8 -24
right_child=1 2 12 4 -6 8 9 19 -10 24 16 13 -14 -15 -16 23 17 -19 22 20 -22 -23 29 -25 -26 -27 27 -29 -30 -31
leaf_value=-0.0037109679863815423 0.034579371958027912 -0.020084608640250579 0.042160134392463612 0.035598461532592773 -0.024306822039864281 -0.032051096175068114 0.046110823138119428 0.067026978509651655 -0.011907951830316251 0.0017687912436499113 0.0057437092893653447 0.034050494790077206 0.0020398217652525222 -0.0018978581819839363 -0.0022452930474113511 -0.013978272880244459 0.013911683797493749 -0.03152751501868753 0.0065809469251302032 0.021208833839061872 0.052562057890969772 -0.0077668824129634439 0.066571936806042994 0.012170260204813788 0.035645545347475674 -0.026267514052404756 0.024285163797181229 0.0013713860208373549 0.0081652615396749419 0.0037992138754237787
leaf_weight=684 79 261 151 125 110 129 73 37 1985 69 72 50 56 2626 817 117 174 34 685 363 69 360 30 241 142 174 145 609 84 22
leaf_count=684 79 261 151 125 110 129 73 37 1985 69 72 50 56 2626 817 117 174 34 685 363 69 360 30 241 142 174 145 609 84 22
internal_value=0 0.00744598 0.0038643 0.00189805 0.00693537 -0.0045349 0.00895574 0.0196854 -0.00657266 0.00684258 0.0041027 -0.00322651 0.0313063 -0.00122618 -0.00656446 0.00922047 -0.00618569 0.00648412 0.00285038 0.0294362 0.0262166 -0.0141731 0.00893988 0.00362451 0.0245674 -0.0168984 0.00922996 0.00577788 0.0258087 0.0400142
internal_weight=0 4002 3096 2889 1811 6571 1701 906 5150 1576 1365 3165 207 2676 1078 437 454 208 1421 469 432 489 737 358 211 246 911 754 157 52
internal_count=10573 4002 3096 2889 1811 6571 1701 906 5150 1576 1365 3165 207 2676 1078 437 454 208 1421 469 432 489 737 358 211 246 911 754 157 52
shrinkage=0.1


Tree=9
num_leaves=31
num_cat=0
split_feature=0 1 2 10 2 7 14 8 1 8 9 3 15 2 9 0 13 2 1 14 2 9 15 14 9 15 1 7 5 15
split_gain=30.3968 12.9355 12.9165 13.2835 10.097 10.1472 12.3043 9.30262 8.56591 8.34551 8.14953 7.43403 7.16108 7.06853 6.97568 6.71461 6.9865 6.69563 6.65386 7.09629 5.96827 5.71798 5.63161 5.48648 5.3795 5.36926 5.17739 5.05284 7.4535 4.8588
threshold=36.500000000000007 5.5000000000000009 35.500000000000007 1.0000000180025095e-35 24.500000000000004 4.5000000000000009 13.500000000000002 4.5000000000000009 4.5000000000000009 22.500000000000004 27.500000000000004 3.5000000000000004 8.5000000000000018 45.500000000000007 7.5000000000000009 20.500000000000004 26.500000000000004 11.500000000000002 31.500000000000004 13.500000000000002 39.500000000000007 6.5000000000000009 15.500000000000002 34.500000000000007 15.500000000000002 23.500000000000004 9.5000000000000018 8.5000000000000018 2.5000000000000004 32.500000000000007
decision_type=2 2 2 2 2 2 2 2 2 2 2 2 2 2 2 2 2 2 2 2 2 2 2 2 2 2 2 2 2 2
left_child=1 4 3 25 5 -1 10 20 -9 13 12 14 -7 18 -4 -5 23 -18 19 21 -2 -10 -21 -17 26 -3 -19 -16 -29 -24
right_child=7 2 11 15 -6 6 -8 8 9 -11 -12 -13 -14 -15 27 16 17 24 -20 22 -22 -23 29 -25 -26 -27 -28 28 -30 -31
leaf_value=-0.016131152580925127 0.0053872068158191885 0.043437859232847896 -0.015678792289997402 -0.0018238682545296096 -0.011257966341600959 -0.0013461563177760232 0.011258868287932053 0.0057584541023243223 0.041236189437114587 -0.01235233026574243 0.037471373157298309 -0.01471034850027695 -0.015107718907611471 -0.010051341666731724 -0.0029175400071673927 0.0038030285379947598 0.075781838790230135 0.044732587394260226 0.064091349470204326 0.048506219758807374 -0.032840836223433999 0.0047526858935627754 0.00023340488734998203 0.027411897021035355 0.036027742786840962 -0.0032468218957224203 -0.011975154842155568 0.069262781509986299 0.0041446282528340818 0.046040262702183851
leaf_weight=441 205 120 76 1366 1836 1581 741 320 59 53 47 606 497 43 45 1574 23 21 58 192 51 158 57 105 88 31 69 39 32 39
leaf_count=441 205 120 76 1366 1836 1581 741 320 59 53 47 606 497 43 45 1574 23 21 58 192 51 158 57 105 88 31 69 39 32 39
internal_value=0 -0.00194994 0.0021711 0.00486053 -0.00531135 -0.00200988 0.000163003 0.0147438 0.0191819 0.0257001 -0.00370619 -0.00927753 -0.00463754 0.0290281 0.00786979 0.00351181 0.00738869 0.0250076 0.0320128 0.0283286 -0.00222854 0.0146722 0.0386183 0.00527946 0.0184469 0.0338536 0.00125665 0.0232982 0.0399138 0.0188424
internal_weight=0 9338 4195 3397 5143 3307 2866 1235 979 659 2125 798 2078 606 192 3246 1880 201 563 505 256 217 288 1679 178 151 90 116 71 96
internal_count=10573 9338 4195 3397 5143 3307 2866 1235 979 659 2125 798 2078 606 192 3246 1880 201 563 505 256 217 288 1679 178 151 90 116 71 96
shrinkage=0.1


Tree=10
num_leaves=31
num_cat=0
split_feature=0 2 4 7 14 3 12 1 7 9 13 13 4 12 0 2 9 14 14 15 1 9 11 12 9 8 3 7 7 13
split_gain=24.9068 13.5892 9.6574 8.33687 8.17472 8.10131 7.73876 7.25698 9.0668 8.91322 7.19602 7.13232 7.10945 5.85209 5.77762 5.76293 5.94355 6.77568 6.22086 5.50699 5.40435 5.31585 5.28854 5.07671 5.00779 4.96996 4.92051 4.72088 5.37718 4.71243
threshold=25.500000000000004 30.500000000000004 1.5000000000000002 1.5000000000000002 45.500000000000007 1.5000000000000002 1.5000000000000002 7.5000000000000009 66.500000000000014 25.500000000000004 15.500000000000002 6.5000000000000009 4.5000000000000009 2.5000000000000004 39.500000000000007 23.500000000000004 19.500000000000004 8.5000000000000018 4.5000000000000009 28.500000000000004 1.0000000180025095e-35 24.500000000000004 1.5000000000000002 3.5000000000000004 6.5000000000000009 23.500000000000004 13.500000000000002 5.5000000000000009 30.500000000000004 13.500000000000002
decision_type=2 2 2 2 2 2 2 2 2 2 2 2 2 2 2 2 2 2 2 2 2 2 2 2 2 2 2 2 2 2
left_child=3 2 6 -1 10 24 -2 -3 9 19 11 22 -6 -12 -8 16 18 29 20 -9 -7 26 -4 -11 -5 -26 -19 -23 -29 -18
right_child=1 7 4 5 12 15 14 8 -10 23 13 -13 -14 -15 -16 -17 17 21 -20 -21 -22 27 -24 -25 25 -27 -28 28 -30 -31
leaf_value=-0.026857355022742082 0.026224870827183666 -0.0088292814214734269 0.051238383199924076 -0.0026715596220386563 0.047925492846652082 -0.034679708282152812 -0.011951565124741456 0.0062002947075900606 -0.031812273110112838 0.036440624550301975 0.034045648368091548 0.0008504265420711957 -0.010959272742271424 0.012314364620085274 0.022333342255207531 -0.0091180383017783317 0.054009399161889009 0.041500407218933111 -0.0016707049318091579 -0.019250417066719927 -0.0082619539660922555 -0.050116259107987088 0.013317038814226786 0.00085121451744011472 0.011142516867046301 -0.029796209450690975 -0.012834705114364625 0.010864834887225455 -0.044812146912921562 -0.0012015465985644948
leaf_weight=153 83 685 39 670 114 105 357 487 62 141 232 650 25 266 57 2089 52 50 2268 103 295 24 645 56 683 31 25 82 22 22
leaf_count=153 83 685 39 670 114 105 357 487 62 141 232 650 25 266 57 2089 52 50 2268 103 295 24 645 56 683 31 25 82 22 22
internal_value=0 0.00621924 0.0108133 -0.00378776 0.0139545 -0.0032378 -0.00164395 -0.00117202 0.00500611 0.00790667 0.0121806 0.00835125 0.0373347 0.0224382 -0.00723118 -0.0051007 -0.00225105 0.0116912 -0.00369858 0.0017572 -0.0151966 0.00224833 0.0154792 0.0263238 0.00353809 0.00936507 0.0233887 -0.0101386 -0.000912988 0.0375953
internal_weight=0 4002 2468 6571 1971 6418 497 1534 849 787 1832 1334 139 498 414 5034 2945 277 2668 590 400 203 684 197 1384 714 75 128 104 74
internal_count=10573 4002 2468 6571 1971 6418 497 1534 849 787 1832 1334 139 498 414 5034 2945 277 2668 590 400 203 684 197 1384 714 75 128 104 74
shrinkage=0.1


Tree=11
num_leaves=31
num_cat=0
split_feature=0 12 2 4 2 3 2 1 8 1 2 8 15 14 8 15 15 13 5 1 9 12 0 14 14 7 13 2 0 11
split_gain=21.6423 11.1324 12.4999 9.91258 10.3582 8.35853 8.89807 9.57029 7.40088 6.64382 6.51981 5.98248 5.56406 6.97317 5.59102 5.78474 5.29788 6.83205 5.24252 6.07638 5.13617 5.35564 5.25934 5.06842 5.04108 5.04426 4.81057 5.42427 5.74916 4.74184
threshold=36.500000000000007 1.5000000000000002 12.500000000000002 1.0000000180025095e-35 4.5000000000000009 1.0000000180025095e-35 41.500000000000007 9.5000000000000018 4.5000000000000009 31.500000000000004 23.500000000000004 42.500000000000007 6.5000000000000009 23.500000000000004 18.500000000000004 5.5000000000000009 18.500000000000004 19.500000000000004 1.0000000180025095e-35 23.500000000000004 3.5000000000000004 2.5000000000000004 27.500000000000004 7.5000000000000009 27.500000000000004 18.500000000000004 35.500000000000007 41.500000000000007 39.500000000000007 4.5000000000000009
decision_type=2 2 2 2 2 2 2 2 2 2 2 2 2 2 2 2 2 2 2 2 2 2 2 2 2 2 2 2 2 2
left_child=1 2 -1 -3 -5 20 7 12 -2 10 -10 18 13 14 15 -7 26 -18 -9 -20 21 22 -6 -17 -15 -26 27 29 -29 -12
right_child=8 3 -4 4 5 6 -8 11 9 -11 16 -13 -14 24 -16 23 17 -19 19 -21 -22 -23 -24 -25 25 -27 -28 28 -30 -31
leaf_value=0.043452356500632089 -0.0026976385299349206 -0.020475571988459909 0.0047677563349362122 0.03822242693295555 -0.0036004459540519488 -0.0045069776556646421 -0.019080912283442532 -0.039214328924814863 0.026437848699295354 0.044594515221459526 0.011368264933454171 -0.049283590487071448 -0.0087269305413779207 0.040264953913227208 -0.031197524539061956 0.026570732767383261 0.0079872317728586495 -0.031622261079874911 0.0026618145789219956 0.020973123461714288 0.0074749273250474153 -0.026614733024970774 0.049462239231382099 -0.0016258218928295023 -0.013428614460504973 0.029062351341150247 0.042352205252757784 0.022597971016710457 -0.042288423412375986 0.051477217741987928
leaf_weight=92 256 307 907 63 169 1743 369 27 287 77 276 21 2388 62 70 120 128 66 1284 211 1137 97 21 136 65 49 54 22 36 33
leaf_count=92 256 307 907 63 169 1743 369 27 287 77 276 21 2388 62 70 120 128 66 1284 211 1137 97 21 136 65 49 54 22 36 33
internal_value=0 -0.00164535 0.0083303 -0.00284042 -0.00216637 -0.00248567 -0.00399632 -0.00309505 0.0124407 0.0163993 0.0139924 0.00372609 -0.0053668 -0.00179265 -0.00341813 -0.00244537 0.00818452 -0.00548816 0.0044575 0.00524622 0.00445758 -0.00749616 0.00226438 0.0115913 0.017316 0.00483505 0.014485 0.0103846 -0.0176763 0.0156517
internal_weight=0 9338 999 8339 8032 7969 6545 6176 1235 979 902 1543 4633 2245 2069 1999 615 194 1522 1495 1424 287 190 256 176 114 421 367 58 309
internal_count=10573 9338 999 8339 8032 7969 6545 6176 1235 979 902 1543 4633 2245 2069 1999 615 194 1522 1495 1424 287 190 256 176 114 421 367 58 309
shrinkage=0.1


Tree=12
num_leaves=31
num_cat=0
split_feature=0 2 14 1 15 8 8 1 3 10 4 1 8 9 11 1 13 13 15 3 4 3 5 6 1 1 6 3 14 15
split_gain=17.8515 10.1136 8.71679 7.71078 7.49528 6.89978 6.50126 5.99971 8.00097 5.69546 5.60242 5.42122 6.12364 5.21291 5.31246 5.19211 6.05326 7.22331 6.07968 5.73635 5.63343 5.15147 4.86047 4.81835 4.68269 5.93367 4.66433 4.5905 4.58485 5.16542
threshold=24.500000000000004 30.500000000000004 32.500000000000007 23.500000000000004 2.5000000000000004 19.500000000000004 18.500000000000004 5.5000000000000009 3.5000000000000004 1.5000000000000002 1.0000000180025095e-35 18.500000000000004 4.5000000000000009 57.500000000000007 1.5000000000000002 8.5000000000000018 13.500000000000002 11.500000000000002 13.500000000000002 24.500000000000004 4.5000000000000009 1.5000000000000002 1.5000000000000002 3.5000000000000004 10.500000000000002 30.500000000000004 4.5000000000000009 40.500000000000007 13.500000000000002 7.5000000000000009
decision_type=2 2 2 2 2 2 2 2 2 2 2 2 2 2 2 2 2 2 2 2 2 2 2 2 2 2 2 2 2 2
left_child=5 2 3 4 -2 9 22 8 -4 13 -6 27 -13 14 -1 -11 17 19 -19 20 -17 28 -5 -10 -23 -26 -14 -3 29 -18
right_child=1 11 7 6 10 -7 -8 -9 23 15 -12 12 26 -15 -16 16 21 18 -20 -21 -22 24 -24 -25 25 -27 -28 -29 -30 -31
leaf_value=0.037709064123242403 0.017861642754429467 -0.0034414765339950064 0.04942980725318194 -0.0075570872851780484 -0.021722971939522287 -0.016606762577244579 -0.024747726917266847 0.03277230716674872 0.0057645848466896677 -0.0058880233428962939 0.0035817170141250196 -0.016713198979158659 0.0107761975075376 0.053795170358249128 0.0016989327391401157 0.0030641412797445308 0.030351766392036725 0.052180169625528933 -0.0085780369198840602 -0.040929118969610767 0.042164033116438453 0.0097035005688667301 0.044982638346766114 -0.043219898002488273 -0.027640995792314119 0.020701123414368468 0.048627802165778909 -0.039666470388571427 0.042290752939879897 -0.025977432291682173
leaf_weight=43 373 1237 32 21 92 376 20 230 71 3640 1786 74 271 21 867 668 27 58 23 28 39 60 109 28 204 29 37 36 32 41
leaf_count=43 373 1237 32 21 92 376 20 230 71 3640 1786 74 271 21 867 668 27 58 23 28 39 60 109 28 204 29 37 36 32 41
internal_value=0 0.00485092 0.00855496 0.00637663 0.00491374 -0.00348059 0.0283297 0.023043 0.00596093 -0.0026267 0.00234208 -0.00133069 0.00911728 0.00453723 0.00340051 -0.00400217 0.00167567 0.00658625 0.0349278 0.0034629 0.005221 -0.00852034 0.0364955 -0.00808961 -0.0152089 -0.0216242 0.0153233 -0.00446591 0.0110773 -0.00361143
internal_weight=0 4417 2762 2401 2251 6156 150 361 131 5780 1878 1655 382 931 910 4849 1209 816 81 735 707 393 130 99 293 233 308 1273 100 68
internal_count=10573 4417 2762 2401 2251 6156 150 361 131 5780 1878 1655 382 931 910 4849 1209 816 81 735 707 393 130 99 293 233 308 1273 100 68
shrinkage=0.1


Tree=13
num_leaves=31
num_cat=0
split_feature=0 12 2 1 2 7 2 10 4 3 7 8 8 7 15 2 2 2 6 12 4 9 13 12 8 2 3 13 1 9
split_gain=16.1187 10.1099 9.69117 13.1234 9.68046 9.0131 8.24722 7.5864 8.28235 6.2889 5.99743 5.91161 5.38534 5.31766 5.27462 5.16426 5.11018 5.08669 5.00702 5.04288 5.19138 5.66381 5.47656 4.92984 4.62431 5.01571 6.30911 6.48601 4.53103 5.80235
threshold=41.500000000000007 1.5000000000000002 34.500000000000007 12.500000000000002 12.500000000000002 10.500000000000002 2.5000000000000004 1.0000000180025095e-35 1.5000000000000002 18.500000000000004 1.5000000000000002 7.5000000000000009 19.500000000000004 10.500000000000002 3.5000000000000004 23.500000000000004 18.500000000000004 44.500000000000007 2.5000000000000004 2.5000000000000004 1.5000000000000002 3.5000000000000004 18.500000000000004 1.0000000180025095e-35 5.5000000000000009 37.500000000000007 1.5000000000000002 10.500000000000002 13.500000000000002 19.500000000000004
decision_type=2 2 2 2 2 2 2 2 2 2 2 2 2 2 2 2 2 2 2 2 2 2 2 2 2 2 2 2 2 2
left_child=1 4 3 6 -1 -5 -3 8 11 28 -9 -8 18 24 -10 16 -2 -6 19 -12 22 -22 -21 -17 -4 -26 27 -27 -7 -30
right_child=15 2 13 5 17 9 7 10 14 -11 12 -13 -14 -15 -16 23 -18 -19 -20 20 21 -23 -24 -25 25 26 -28 -29 29 -31
leaf_value=0.03754367900477483 0.018208749096252416 0.061658170223236088 -0.038998541910023915 -0.00025355176075355154 0.0065331092850882044 0.050681017773846787 -0.05624070113355463 -0.023683149806151157 0.067334634887761077 -0.0052868991809071238 -0.0018231428266035805 0.0088959230404151123 -0.018275953574355023 -0.0047966772944216919 0.019652953975159548 0.050373527510412811 0.056082715329371008 -0.029413268406216692 0.0019483960045413821 -0.034258230851180314 -0.023238232465429678 -0.0037019781233991762 0.014247100374528341 0.0075278487944200681 -0.027406717087283278 0.055089443633633273 -0.012516945625448826 -0.015906663103537125 0.012223293977539714 0.037302784100780646
leaf_weight=101 95 20 84 572 988 48 22 141 29 106 2568 38 217 866 116 29 57 41 1910 138 179 868 28 363 165 31 239 22 369 123
leaf_count=101 95 20 84 572 988 48 22 141 29 106 2568 38 217 866 116 29 57 41 1910 138 179 868 28 363 165 31 239 22 369 123
internal_value=0 -0.000909362 -0.00204075 -0.000610656 0.0080006 0.00888825 -0.00245472 -0.00265975 0.0162595 0.0169828 -0.00330092 -0.0149875 -0.00281448 -0.00965574 0.0291893 0.0167647 0.0324115 0.00510084 -0.00222493 -0.00433312 -0.00964689 -0.00704199 -0.0260766 0.0106976 -0.0174338 -0.0134701 -0.00559494 0.0256194 0.0213543 0.0184932
internal_weight=0 10029 8899 7492 1130 1218 6274 6254 205 646 6049 60 5908 1407 145 544 152 1029 5691 3781 1213 1047 166 392 541 457 292 53 540 492
internal_count=10573 10029 8899 7492 1130 1218 6274 6254 205 646 6049 60 5908 1407 145 544 152 1029 5691 3781 1213 1047 166 392 541 457 292 53 540 492
shrinkage=0.1


Tree=14
num_leaves=31
num_cat=0
split_feature=0 10 12 2 6 8 1 14 14 14 2 9 14 3 0 1 15 4 9 3 9 14 1 2 5 14 9 0 9 8
split_gain=13.9708 7.78842 7.99235 7.35691 7.77153 6.87973 6.63492 6.5826 7.04907 6.55917 10.4481 6.06193 5.78551 5.45873 5.75764 5.41376 5.52627 5.36365 5.79665 7.84352 6.83158 5.3496 5.29518 5.24799 4.90596 4.88222 5.77074 4.90582 4.83505 4.80744
threshold=33.500000000000007 1.0000000180025095e-35 2.5000000000000004 34.500000000000007 2.5000000000000004 19.500000000000004 8.5000000000000018 9.5000000000000018 19.500000000000004 15.500000000000002 45.500000000000007 9.5000000000000018 33.500000000000007 1.0000000180025095e-35 18.500000000000004 2.5000000000000004 18.500000000000004 1.5000000000000002 6.5000000000000009 18.500000000000004 11.500000000000002 21.500000000000004 11.500000000000002 16.500000000000004 1.5000000000000002 23.500000000000004 5.5000000000000009 30.500000000000004 9.5000000000000018 19.500000000000004
decision_type=2 2 2 2 2 2 2 2 2 2 2 2 2 2 2 2 2 2 2 2 2 2 2 2 2 2 2 2 2 2
left_child=1 12 6 4 -4 -6 13 23 -9 17 24 -7 15 14 -3 -1 -17 -2 19 -19 -20 -10 -18 28 -11 29 -27 -28 -8 -15
right_child=9 2 3 -5 5 11 7 8 21 10 -12 -13 -14 25 -16 16 22 18 20 -21 -22 -23 -24 -25 -26 26 27 -29 -30 -31
leaf_value=-0.01018524896530878 -0.0127159381880186 -0.0066024086751271544 -0.0090719464496585005 -0.015483387309771319 0.003182732876189585 0.019225832571585975 0.057842286470088558 -0.0083507424486534941 0.041591560962248822 -0.0077245842920590753 -0.031001242063939574 -0.038706925552185273 0.044386212615405818 -0.0041763518833768014 0.013019343837231329 0.029148358551337739 0.022706360531889874 0.030436810164401931 -0.016540726696609692 -0.032277857690401701 0.0080403799942630055 0.0055706032558989066 -0.045150148091108906 0.010056699355245627 0.019446291586770029 0.054353573811905725 0.0127940371632576 -0.03995145857334137 0.006965670277995448 -0.030022369888988706
leaf_weight=105 191 229 1385 650 1374 24 47 448 49 73 48 73 51 2618 431 129 23 150 157 23 404 260 23 603 741 28 110 21 31 74
leaf_count=105 191 229 1385 650 1374 24 47 448 49 73 48 73 51 2618 431 129 23 150 157 23 404 260 23 603 741 28 110 21 31 74
internal_value=0 -0.00163938 -0.00222847 -0.00588133 -0.00369599 0.00136566 0.000359311 0.00608061 -0.000336578 0.00806019 0.0143361 -0.024373 0.0134084 -0.00198396 0.00621119 0.007766 0.0185367 0.00221168 0.00609612 0.022099 0.00116118 0.0112827 -0.0112219 0.013214 0.0170096 -0.00388112 0.0131463 0.00433865 0.0376221 -0.00488683
internal_weight=0 8786 8455 3506 2856 1471 4949 1438 757 1787 862 97 331 3511 660 280 175 925 734 173 561 309 46 681 814 2851 159 131 78 2692
internal_count=10573 8786 8455 3506 2856 1471 4949 1438 757 1787 862 97 331 3511 660 280 175 925 734 173 561 309 46 681 814 2851 159 131 78 2692
shrinkage=0.1


Tree=15
num_leaves=31
num_cat=0
split_feature=0 0 2 1 10 2 15 8 7 1 0 2 15 1 7 13 15 14 3 7 14 13 0 8 15 3 12 15 14 15
split_gain=11.9345 7.60944 7.6095 6.5329 6.87393 10.6739 6.60556 6.52047 6.86159 6.33898 6.37639 5.36275 5.30096 5.6473 6.44126 5.90104 5.05705 5.02962 4.99125 4.93498 6.43151 6.00599 5.03012 4.98413 6.50663 4.93051 4.86456 4.78384 4.56345 4.47159
threshold=20.500000000000004 41.500000000000007 19.500000000000004 22.500000000000004 1.5000000000000002 34.500000000000007 14.500000000000002 13.500000000000002 3.5000000000000004 3.5000000000000004 28.500000000000004 16.500000000000004 17.500000000000004 8.5000000000000018 11.500000000000002 13.500000000000002 2.5000000000000004 5.5000000000000009 5.5000000000000009 5.5000000000000009 33.500000000000007 8.5000000000000018 16.500000000000004 9.5000000000000018 10.500000000000002 39.500000000000007 4.5000000000000009 30.500000000000004 3.5000000000000004 9.5000000000000018
decision_type=2 2 2 2 2 2 2 2 2 2 2 2 2 2 2 2 2 2 2 2 2 2 2 2 2 2 2 2 2 2
left_child=12 2 7 4 5 6 -4 8 11 10 29 -2 13 19 18 16 -16 28 -15 22 21 -21 -1 -23 -25 -6 -19 -9 -11 -10
right_child=1 -3 3 -5 25 -7 -8 27 9 17 -12 -13 -14 14 15 -17 -18 26 -20 20 -22 23 -24 24 -26 -27 -28 -29 -30 -31
leaf_value=-0.022976710958712138 0.0046084175507227583 0.014187765539014331 0.023629158685604734 0.012432261874822721 -0.003052789874359189 -0.0114509996607076 -0.0040248895812238384 -0.010360806158258896 0.0034111533248633672 0.024851511584387889 0.021650588074151211 -0.041059020832180979 -0.013163820689894619 0.00817323743857141 -0.014451096653938296 -0.0009558619290101723 0.033910913150757553 0.014382388383738304 -0.010350696097134026 1.8591720683170095e-05 0.026982766725647617 -0.019086797394842474 -0.0045716585876705417 0.0020106494666424259 -0.030091926337856997 -0.037547593173526586 0.053012489250728073 0.030226498210068904 0.0716198181404787 -0.026296596394644847
leaf_weight=268 72 544 330 365 3089 199 117 242 171 54 136 40 542 271 25 122 160 475 314 1597 71 371 333 373 76 42 35 33 34 72
leaf_count=268 72 544 330 365 3089 199 117 242 171 54 136 40 542 271 25 122 160 475 314 1597 71 371 333 373 76 42 35 33 34 72
internal_value=0 0.00290496 0.0017902 -0.000343151 -0.00157774 0.00781418 0.0163909 0.00826845 0.0117429 0.0144305 0.00431249 -0.0117014 -0.00388569 -0.0026225 0.00438642 0.0161168 0.0273755 0.020843 -0.00176952 -0.00464645 -0.00268197 -0.00355338 -0.0127789 -0.01051 -0.00342319 -0.00351551 0.0170335 -0.00549033 0.0429211 -0.00539114
internal_weight=0 6050 5506 4142 3777 646 447 1364 1089 977 379 112 4523 3981 892 307 185 598 585 3089 2488 2417 601 820 449 3131 510 275 88 243
internal_count=10573 6050 5506 4142 3777 646 447 1364 1089 977 379 112 4523 3981 892 307 185 598 585 3089 2488 2417 601 820 449 3131 510 275 88 243
shrinkage=0.1


Tree=16
num_leaves=31
num_cat=0
split_feature=0 4 2 15 13 10 1 1 8 14 3 15 2 15 15 14 2 1 0 2 9 13 8 0 6 14 8 11 15 7
split_gain=9.85353 7.11805 8.37338 6.62585 6.16251 6.88493 5.69596 5.63194 5.61633 8.17122 6.9549 5.66848 5.49189 5.22292 7.38775 5.54104 4.77423 6.09485 5.08046 4.86783 4.7258 4.67211 4.60692 5.492 7.51542 5.48021 5.18209 4.58748 8.50733 5.03424
threshold=24.500000000000004 1.5000000000000002 45.500000000000007 11.500000000000002 15.500000000000002 1.5000000000000002 11.500000000000002 19.500000000000004 6.5000000000000009 7.5000000000000009 9.5000000000000018 1.5000000000000002 23.500000000000004 58.500000000000007 72.500000000000014 13.500000000000002 31.500000000000004 16.500000000000004 28.500000000000004 14.500000000000002 8.5000000000000018 4.5000000000000009 7.5000000000000009 17.500000000000004 3.5000000000000004 15.500000000000002 5.5000000000000009 2.5000000000000004 8.5000000000000018 11.500000000000002
decision_type=2 2 2 2 2 2 2 2 2 2 2 2 2 2 2 2 2 2 2 2 2 2 2 2 2 2 2 2 2 2
left_child=12 7 3 4 5 6 -3 -2 10 27 11 20 22 15 -15 -5 18 -18 -11 -20 -7 -13 23 -1 -25 -24 -26 -10 29 -29
right_child=1 2 -4 13 -6 8 -8 -9 9 16 -12 21 -14 14 -16 -17 17 -19 19 -21 -22 -23 25 24 26 -27 -28 28 -30 -31
leaf_value=-0.014919746298539011 -0.0072395466416875793 0.011884039148385523 -0.017226671134271929 -0.0058943026167638021 0.019300566536546354 0.048589037418365483 0.043249521898910591 0.024119178325899188 0.039977068702089731 -0.0072952980729936324 0.0119256799479565 0.0023800135443085117 -0.0062882099523188699 0.052299548273390922 -0.0012537566128007155 0.0071080241261458985 -0.034456274569479389 0.022586254431651191 0.050153537094593054 0.0099449559722257705 -0.014959464289925315 -0.02674654266238213 -2.4260886635791101e-05 -0.0032466941564126628 0.054823033320598118 0.011694887737626012 0.0025802961072406254 0.016796143574917571 0.056111212507370979 -0.032151932308548375
leaf_weight=380 751 203 155 764 547 25 81 62 107 151 166 76 2427 47 57 574 67 26 36 184 22 200 1772 986 39 515 37 47 31 38
leaf_count=380 751 203 155 764 547 25 81 62 107 151 166 76 2427 47 57 574 67 26 36 184 22 200 1772 986 39 515 37 47 31 38
internal_value=0 0.00360398 0.00551063 0.00653245 0.0102477 0.00685592 0.0208298 -0.00484811 0.00348127 0.00931167 -0.00470991 -0.0132595 -0.0025859 0.00136156 0.0229482 -0.000316324 0.00175104 -0.0185089 0.00682967 0.0165245 0.0188429 -0.0187262 -0.000176267 -0.00460276 -0.000911178 0.00261473 0.0293891 0.0250432 0.011268 -0.00508653
internal_weight=0 4417 3604 3449 2007 1460 284 813 1176 687 489 323 6156 1442 104 1338 464 93 371 220 47 276 3729 1442 1062 2287 76 223 116 85
internal_count=10573 4417 3604 3449 2007 1460 284 813 1176 687 489 323 6156 1442 104 1338 464 93 371 220 47 276 3729 1442 1062 2287 76 223 116 85
shrinkage=0.1


Tree=17
num_leaves=31
num_cat=0
split_feature=0 11 2 8 5 5 14 2 1 13 10 13 4 7 14 14 8 6 14 13 1 15 9 7 7 2 4 14 9 2
split_gain=8.63656 7.23416 6.65379 7.57197 7.97369 7.29159 8.82403 7.79761 7.53272 6.16135 6.06092 5.65912 5.6341 5.2099 5.16077 5.42914 4.81195 4.80548 4.86033 4.65808 4.60503 8.64848 4.31569 5.80455 4.72764 5.27062 4.452 4.30212 4.28472 4.27883
threshold=41.500000000000007 1.5000000000000002 10.500000000000002 19.500000000000004 4.5000000000000009 1.5000000000000002 14.500000000000002 28.500000000000004 16.500000000000004 11.500000000000002 1.5000000000000002 5.5000000000000009 1.0000000180025095e-35 4.5000000000000009 37.500000000000007 49.500000000000007 13.500000000000002 3.5000000000000004 6.5000000000000009 1.0000000180025095e-35 4.5000000000000009 5.5000000000000009 26.500000000000004 11.500000000000002 36.500000000000007 28.500000000000004 3.5000000000000004 6.5000000000000009 36.500000000000007 24.500000000000004
decision_type=2 2 2 2 2 2 2 2 2 2 2 2 2 2 2 2 2 2 2 2 2 2 2 2 2 2 2 2 2 2
left_child=1 10 14 4 5 19 11 9 -9 -8 -1 -7 -13 -6 17 -16 27 18 -3 29 21 -11 24 -24 25 26 -12 -15 -25 -4
right_child=-2 2 3 -5 13 6 7 8 -10 20 22 12 -14 16 15 -17 -18 -19 -20 -21 -22 -23 23 28 -26 -27 -28 -29 -30 -31
leaf_value=0.036702068649892568 0.012271583677091472 0.029642675681547687 -0.012978059479168483 -0.013361668076584711 -0.018417814373970033 0.0014751769908388321 0.0050129583913877595 -0.010357108058743791 0.012218899109383237 0.032292537068998491 -0.0062295264350931828 -0.028864250293712024 -0.0044311989023022311 0.078564663296160492 0.05977352418005466 0.0040185104454717327 0.003956487349101475 0.025114876062599656 -0.0066459129340784009 -0.0132370976989424 0.028745360184116525 -0.013855656319194372 -0.0063758955509574319 0.08636110797524453 -0.034300408218846182 0.035549911978293436 0.031036388325063807 0.028885651214255226 0.020903308540582657 0.04883118122816086
leaf_weight=79 544 44 21 537 30 2069 917 488 212 74 205 97 3491 23 40 31 56 97 229 678 238 90 27 20 33 49 38 72 20 24
leaf_count=79 544 44 21 537 30 2069 917 488 212 74 205 97 3491 23 40 31 56 97 229 678 238 90 27 20 33 49 38 72 20 24
internal_value=0 -0.000665644 -0.00126184 -0.00184213 -0.00112116 -0.00156867 -0.000664402 0.00501092 -0.0035198 0.00953822 0.011433 -0.00268994 -0.00509174 0.0196452 0.0107347 0.0354298 0.0272074 0.00599596 -0.000797203 -0.0111692 0.0198608 0.00696731 0.00634056 0.0294498 0.0015765 0.00563108 -0.000401935 0.0409132 0.0536322 0.0199869
internal_weight=0 10029 9558 9117 8580 8399 7676 2019 700 1319 471 5657 3588 181 441 71 151 370 273 723 402 164 392 67 325 292 243 95 40 45
internal_count=10573 10029 9558 9117 8580 8399 7676 2019 700 1319 471 5657 3588 181 441 71 151 370 273 723 402 164 392 67 325 292 243 95 40 45
shrinkage=0.1


Tree=18
num_leaves=31
num_cat=0
split_feature=12 0 2 2 0 15 1 12 2 1 7 3 9 13 7 7 1 9 6 11 5 13 13 9 13 9 7 8 14 10
split_gain=8.0529 7.46884 6.25687 6.03114 6.79431 5.39828 7.92895 5.43483 6.29712 6.53046 7.15087 5.12792 4.95854 4.75751 4.71779 4.68107 4.55873 5.71079 4.87778 4.50649 6.09789 4.41726 5.23029 4.6985 4.15323 5.66479 3.9524 3.95112 5.0324 5.95007
threshold=1.0000000180025095e-35 18.500000000000004 5.5000000000000009 47.500000000000007 44.500000000000007 6.5000000000000009 5.5000000000000009 2.5000000000000004 23.500000000000004 12.500000000000002 16.500000000000004 1.5000000000000002 21.500000000000004 13.500000000000002 37.500000000000007 5.5000000000000009 1.0000000180025095e-35 11.500000000000002 1.5000000000000002 1.5000000000000002 2.5000000000000004 23.500000000000004 5.5000000000000009 16.500000000000004 3.5000000000000004 33.500000000000007 28.500000000000004 38.500000000000007 19.500000000000004 3.5000000000000004
decision_type=2 2 2 2 2 2 2 2 2 2 2 2 2 2 2 2 2 2 2 2 2 2 2 2 2 2 2 2 2 2
left_child=21 15 -3 4 5 7 19 8 9 11 -11 -4 13 -13 -9 -2 17 -10 -18 20 -7 22 -1 -24 25 -21 -26 28 29 -8
right_child=1 2 3 -5 -6 6 27 14 16 10 -12 12 -14 -15 -16 -17 18 -19 -20 24 -22 -23 23 -25 26 -27 -28 -29 -30 -31
leaf_value=0.022682650784006369 -0.013140855268904995 0.026774187562286212 0.022124587210516137 -0.023595420529346656 0.018356057120376527 -0.0058163945491497334 0.0028237571025761989 -0.0043655370410219376 -0.023281862533170414 0.051999057498243122 -0.013143629399763252 0.0015686882305736385 0.042352358443396437 0.029807928617183978 0.034220741824670269 -0.0029611542538134725 0.028291941888920674 0.0085758864879608154 0.00097658301157313335 -0.0016521084204404836 0.056704847858502321 0.032466691096177266 -0.0097583214607503688 0.018122598070364732 -0.012350033637202017 0.052820539921522136 0.004391115825856105 -0.026690656897869515 0.010835442039455084 -0.011713326453394056
leaf_weight=154 579 93 240 101 219 39 1457 796 153 72 22 726 35 65 33 2055 77 89 433 420 26 89 180 91 1189 20 160 47 564 349
leaf_count=154 579 93 240 101 219 39 1457 796 153 72 22 726 35 65 33 2055 77 89 433 420 26 89 180 91 1189 20 160 47 564 349
internal_value=0 -0.000623851 0.000999112 0.000672178 0.00101114 0.000469419 -0.00175336 0.00393293 0.00686499 0.0114857 0.0367529 0.00925761 0.00551903 0.00388923 -0.00282953 -0.00519883 -0.000262674 -0.0115656 0.00510067 -0.00667292 0.0191921 0.0122088 0.00796656 -0.000396094 -0.00761268 0.000823921 -0.0103644 0.00202027 0.00258964 1.45422e-05
internal_weight=0 10059 7425 7332 7231 7012 4271 2741 1912 1160 94 1066 826 791 829 2634 752 242 510 1854 65 514 425 271 1789 440 1349 2417 2370 1806
internal_count=10573 10059 7425 7332 7231 7012 4271 2741 1912 1160 94 1066 826 791 829 2634 752 242 510 1854 65 514 425 271 1789 440 1349 2417 2370 1806
shrinkage=0.1


Tree=19
num_leaves=31
num_cat=0
split_feature=12 0 15 1 2 9 3 5 8 8 11 10 9 3 2 12 15 7 14 14 9 14 1 3 13 13 14 3 11 9
split_gain=6.52285 6.07158 5.03563 8.23598 6.8839 4.43276 4.41709 4.35763 5.85831 10.3453 4.77861 4.2821 5.89879 5.71328 5.63004 4.12002 4.18761 4.02804 3.84946 7.2857 3.82725 4.39764 3.67423 5.74996 3.57798 4.23653 4.32884 3.93985 3.54046 5.38715
threshold=1.0000000180025095e-35 19.500000000000004 6.5000000000000009 5.5000000000000009 16.500000000000004 8.5000000000000018 6.5000000000000009 3.5000000000000004 13.500000000000002 12.500000000000002 4.5000000000000009 3.5000000000000004 6.5000000000000009 4.5000000000000009 21.500000000000004 1.5000000000000002 7.5000000000000009 13.500000000000002 21.500000000000004 15.500000000000002 32.500000000000007 37.500000000000007 24.500000000000004 11.500000000000002 23.500000000000004 5.5000000000000009 1.5000000000000002 12.500000000000002 2.5000000000000004 9.5000000000000018
decision_type=2 2 2 2 2 2 2 2 2 2 2 2 2 2 2 2 2 2 2 2 2 2 2 2 2 2 2 2 2 2
left_child=24 7 22 5 -5 -4 11 10 9 -9 -2 13 -13 15 -14 -6 -17 -7 19 -19 21 -20 -3 -24 25 27 -27 -1 29 -15
right_child=1 2 3 4 6 17 -8 8 -10 -11 -12 12 14 28 -16 16 -18 18 20 -21 -22 -23 23 -25 -26 26 -28 -29 -30 -31
leaf_value=0.029249038484136937 -0.0048358795165069522 0.0040343411926613958 -0.011678205019505859 0.015490728871224669 0.034763883627378027 -0.0063223590638750429 -0.0032252053460284217 0.0085628249511426804 -0.0062753930368136951 0.075695541271796604 -0.024642227240838113 -0.040032849460840229 -0.042665748704563494 0.014697089791297913 0.013474663307792262 -0.033409599553455009 0.0034989183167107654 0.0063913256882532554 -0.013370320514628761 0.05382517521318636 -0.037300762314010749 0.034462133875309393 0.0017122405190621655 0.066909179458161813 0.029220022244399853 0.040189128617445634 -0.0042961388283412954 -0.0085436430242326524 0.011541788304438357 0.062389605575137667
leaf_weight=118 2520 2516 794 363 39 697 1256 196 233 26 128 44 22 50 95 33 449 219 57 38 33 29 31 24 89 24 247 36 122 45
leaf_count=118 2520 2516 794 363 39 697 1256 196 233 26 128 44 22 50 95 33 449 219 57 38 33 29 31 24 89 24 247 36 122 45
internal_value=0 -0.000561466 0.00107944 -0.000980776 0.00275101 -0.00601379 0.000605066 -0.00423989 0.00480051 0.0164252 -0.00579329 0.00595637 -0.00881987 0.00917991 0.00291835 0.00350151 0.000971987 -0.00182224 0.00651975 0.0134049 -0.00834984 0.00275923 0.00459327 0.0301618 0.0109879 0.0071699 -0.000356484 0.0204144 0.0228133 0.0372883
internal_weight=0 10059 6956 4385 2518 1867 2155 3103 455 222 2648 899 161 738 117 521 482 1073 376 257 119 86 2571 55 514 425 271 154 217 95
internal_count=10573 10059 6956 4385 2518 1867 2155 3103 455 222 2648 899 161 738 117 521 482 1073 376 257 119 86 2571 55 514 425 271 154 217 95
shrinkage=0.1


Tree=20
num_leaves=31
num_cat=0
split_feature=6 2 10 7 2 0 1 1 13 8 8 3 9 10 13 13 14 13 12 9 4 14 8 9 2 8 15 9 8 8
split_gain=6.23052 7.14929 6.91967 6.40094 5.73533 5.98706 6.06538 5.72809 5.73855 5.42255 5.15231 4.87206 4.66279 4.58972 5.51782 5.27525 5.57788 6.44025 4.50959 4.78324 7.99583 4.41986 4.39298 4.27671 6.1598 6.58225 4.14273 4.05998 4.05379 3.97183
threshold=2.5000000000000004 26.500000000000004 1.0000000180025095e-35 1.5000000000000002 47.500000000000007 40.500000000000007 2.5000000000000004 24.500000000000004 5.5000000000000009 31.500000000000004 18.500000000000004 10.500000000000002 2.5000000000000004 1.5000000000000002 1.5000000000000002 4.5000000000000009 13.500000000000002 5.5000000000000009 2.5000000000000004 3.5000000000000004 2.5000000000000004 35.500000000000007 14.500000000000002 23.500000000000004 22.500000000000004 7.5000000000000009 29.500000000000004 18.500000000000004 6.5000000000000009 15.500000000000002
decision_type=2 2 2 2 2 2 2 2 2 2 2 2 2 2 2 2 2 2 2 2 2 2 2 2 2 2 2 2 2 2
left_child=2 9 11 -4 5 18 -7 8 10 13 -3 12 -1 21 27 29 23 -18 -5 -20 -21 -2 28 -17 -25 -26 -10 -15 -14 -16
right_child=1 7 3 4 -6 6 -8 -9 26 -11 -12 -13 22 14 15 16 17 -19 19 20 -22 -23 -24 24 25 -27 -28 -29 -30 -31
leaf_value=-0.013231463551521303 0.011969914643148005 0.0088443671406685624 -0.025107750188439124 -0.00056576292781938505 -0.034000265917607714 0.037450935177400078 0.0039973402176231281 0.012861344515014504 -0.0055830161962412625 -0.022999492351759656 -0.025359949530387411 -0.012114017219706015 0.013934723933537802 -0.023341881456198518 0.014594727752538509 -0.0039641732352485295 -0.03015278458595276 0.014022923529044979 -0.016835857801931108 -0.010777587869595692 0.0039449235347248394 0.038997453924578929 -0.0037973519414663316 0.031993072007804421 0.030685759544372561 -0.035382929914876037 -0.02540946047530215 0.016735808686776595 0.058597043298539667 0.05133173041271441
leaf_weight=25 379 435 124 3686 56 71 229 236 1062 61 49 44 30 108 272 747 35 578 367 812 676 72 24 86 25 38 117 33 63 33
leaf_count=25 379 435 124 3686 56 71 229 236 1062 61 49 44 30 108 272 747 35 578 367 812 676 72 24 86 25 38 117 33 63 33
internal_value=0 0.00289442 -0.00203593 -0.00262278 -0.00214998 -0.00184461 0.0119147 -0.00171781 -0.00378678 0.00644474 0.00538153 0.0169608 0.0259699 0.00719125 0.00509347 0.00657463 0.00415021 0.0115007 -0.00258957 -0.00661099 -0.00408914 0.0162847 0.0343463 -0.000878617 0.0145906 -0.0091652 -0.00755053 -0.013962 0.0441898 0.0185696
internal_weight=0 4366 6207 6021 5897 5841 300 1899 1663 2467 484 186 142 2406 1955 1814 1509 613 5541 1855 1488 451 117 896 149 63 1179 141 93 305
internal_count=10573 4366 6207 6021 5897 5841 300 1899 1663 2467 484 186 142 2406 1955 1814 1509 613 5541 1855 1488 451 117 896 149 63 1179 141 93 305
shrinkage=0.1


Tree=21
num_leaves=31
num_cat=0
split_feature=5 1 12 3 2 13 8 13 5 1 0 14 12 14 11 14 7 15 5 0 1 0 2 7 7 6 3 5 12 15
split_gain=6.02393 5.93349 5.97508 5.34821 6.74787 8.48628 6.30223 8.32104 6.48347 5.5128 5.45453 7.46968 4.83942 4.68792 5.7866 5.61508 4.65801 5.88451 4.56229 4.41845 4.56111 4.25511 4.50919 4.73129 7.20201 4.66397 4.72498 4.24656 4.2429 6.03486
threshold=1.0000000180025095e-35 5.5000000000000009 1.0000000180025095e-35 6.5000000000000009 20.500000000000004 2.5000000000000004 10.500000000000002 2.5000000000000004 1.5000000000000002 15.500000000000002 24.500000000000004 6.5000000000000009 2.5000000000000004 18.500000000000004 3.5000000000000004 10.500000000000002 4.5000000000000009 6.5000000000000009 2.5000000000000004 17.500000000000004 10.500000000000002 18.500000000000004 19.500000000000004 40.500000000000007 24.500000000000004 3.5000000000000004 4.5000000000000009 3.5000000000000004 4.5000000000000009 17.500000000000004
decision_type=2 2 2 2 2 2 2 2 2 2 2 2 2 2 2 2 2 2 2 2 2 2 2 2 2 2 2 2 2 2
left_child=-1 16 -3 6 5 12 7 -4 -9 27 11 -10 -5 14 15 -12 -2 21 -11 20 -7 -18 25 24 -24 -23 -27 -6 29 -21
right_child=1 2 3 4 9 19 -8 8 10 18 13 -13 -14 -15 -16 -17 17 -19 -20 28 -22 22 23 -25 -26 26 -28 -29 -30 -31
leaf_value=-0.026358285147783368 -0.0090665569971982458 0.015376647274898387 0.033167093060910702 -0.028031963952209638 -0.011648773225725339 0.015474720739982498 -0.00031279773289753386 -0.012583685071348286 0.018668159975367745 -0.0047965708812077838 0.028959444922240663 -0.0098854090882973256 0.0084727403273185103 0.03808609244070555 -0.014662228476616643 -0.0016730406744913621 -0.0034769625937352416 -0.0044788206329872899 0.011585084243506865 0.022054743578306623 -0.020900698784571976 0.010652337075987655 0.003252806940431759 0.035523336061409547 -0.02999759744042936 0.0062061642110347748 0.06938681047538231 0.0038292340679119716 0.052940657193010499 -0.010181702285596769
leaf_weight=86 803 348 144 92 930 71 968 139 157 375 187 220 60 95 62 88 793 2294 311 284 67 349 1165 42 69 20 29 219 33 73
leaf_count=86 803 348 144 92 930 71 968 139 157 375 187 220 60 95 62 88 793 2294 311 284 67 349 1165 42 69 20 29 219 33 73
internal_value=0 0.000216155 0.00274492 0.00178408 -0.0013103 0.00719869 0.00556192 0.0107696 0.00736739 -0.00446349 0.0107953 0.0020056 -0.0136222 0.018466 0.0129351 0.019157 -0.00202128 -0.000833013 0.0026301 0.0131926 -0.00218581 0.00255713 0.00541557 0.00251698 0.00139359 0.0147086 0.0435988 -0.00869866 0.0186342 0.015463
internal_weight=0 10487 4923 4575 2515 680 2060 1092 948 1835 809 377 152 432 337 275 5564 4761 686 528 138 2467 1674 1276 1234 398 49 1149 390 357
internal_count=10573 10487 4923 4575 2515 680 2060 1092 948 1835 809 377 152 432 337 275 5564 4761 686 528 138 2467 1674 1276 1234 398 49 1149 390 357
shrinkage=0.1


Tree=22
num_leaves=31
num_cat=0
split_feature=8 9 5 4 3 2 1 15 6 0 8 6 3 9 15 7 2 14 14 2 15 3 15 0 0 9 9 0 10 4
split_gain=5.22145 6.61597 6.28371 5.44518 5.53817 4.66193 5.49334 5.8165 7.63372 5.14012 6.98246 6.67456 5.11864 4.5107 4.49548 4.67545 4.46809 4.29213 4.97326 4.79984 4.73849 4.16465 3.97744 3.85192 3.83836 3.64717 6.34433 4.56414 5.28922 3.64436
threshold=19.500000000000004 14.500000000000002 1.0000000180025095e-35 1.5000000000000002 40.500000000000007 43.500000000000007 5.5000000000000009 10.500000000000002 4.5000000000000009 37.500000000000007 6.5000000000000009 1.0000000180025095e-35 23.500000000000004 15.500000000000002 2.5000000000000004 10.500000000000002 22.500000000000004 30.500000000000004 5.5000000000000009 37.500000000000007 9.5000000000000018 6.5000000000000009 24.500000000000004 36.500000000000007 41.500000000000007 20.500000000000004 22.500000000000004 28.500000000000004 1.5000000000000002 4.5000000000000009
decision_type=2 2 2 2 2 2 2 2 2 2 2 2 2 2 2 2 2 2 2 2 2 2 2 2 2 2 2 2 2 2
left_child=1 5 -3 13 14 6 7 8 12 11 -11 21 29 -4 -5 24 -17 18 19 -13 -21 -8 -9 -24 -16 27 -27 28 -15 -1
right_child=-2 2 3 4 -6 -7 9 22 -10 10 -12 17 -14 25 15 16 -18 -19 -20 20 -22 -23 23 -25 -26 26 -28 -29 -30 -31
leaf_value=-0.00072699685029299925 -0.0086757173487049654 -0.029910086038020939 0.023527970693328168 0.018845828998526302 -0.02668573279330071 -0.016684674818248035 0.0024510367995216734 -0.014418222555537631 0.048972965478897096 -0.0055879818441549149 0.027198970831603143 0.0061265690797203225 -0.034464633084358057 0.035251377701759339 -0.001610255253525246 0.019223478220742767 0.0059600028429348867 0.018859080200880961 -0.0016562662750147482 0.007603782202516284 0.065781399181910935 -0.030013518541489009 0.013585087685909087 -0.029490187764167786 0.026757003220857358 0.030952846562420883 -0.006538205520673232 -0.037583374107877418 -0.01736684058919365 -0.024473377384922723
leaf_weight=3111 651 52 55 327 47 187 63 612 30 101 182 622 47 25 737 373 796 153 1512 28 28 106 103 26 51 54 275 72 81 66
leaf_count=3111 651 52 55 327 47 187 63 612 30 101 182 622 47 25 737 373 796 153 1512 28 28 106 103 26 51 54 275 72 81 66
internal_value=0 0.000569229 0.00454379 0.00516308 0.00729332 -0.00110844 -0.000679459 -0.00305858 -0.00123773 0.0027211 0.0154976 0.00128171 -0.00170495 -0.0036725 0.00799254 0.00617903 0.0101921 0.0026661 0.00153481 0.0086512 0.0366926 -0.0179113 -0.0110546 0.00490325 0.000225697 -0.00662325 -0.000384659 -0.0181541 -0.00495688 -0.00122031
internal_weight=0 9922 2945 2893 2331 6977 6790 3995 3254 2795 283 2512 3224 562 2284 1957 1169 2343 2190 678 56 169 741 129 788 507 329 178 106 3177
internal_count=10573 9922 2945 2893 2331 6977 6790 3995 3254 2795 283 2512 3224 562 2284 1957 1169 2343 2190 678 56 169 741 129 788 507 329 178 106 3177
shrinkage=0.1


Tree=23
num_leaves=31
num_cat=0
split_feature=10 7 0 2 11 1 9 11 13 2 7 0 7 0 3 15 15 15 3 14 2 8 12 12 12 15 3 7 3 3
split_gain=4.73336 5.44576 5.5917 6.33729 5.27603 5.09896 4.3025 5.26256 6.44803 4.94074 4.88456 4.08079 3.96884 3.9063 3.8817 3.98243 3.82054 3.76589 5.40372 5.00031 3.82121 3.72221 4.18447 3.66419 3.66236 3.63507 3.60633 3.59487 5.36986 3.91876
threshold=1.5000000000000002 10.500000000000002 32.500000000000007 45.500000000000007 1.5000000000000002 1.0000000180025095e-35 8.5000000000000018 1.5000000000000002 9.5000000000000018 24.500000000000004 35.500000000000007 27.500000000000004 1.5000000000000002 31.500000000000004 1.5000000000000002 27.500000000000004 28.500000000000004 3.5000000000000004 2.5000000000000004 8.5000000000000018 28.500000000000004 33.500000000000007 1.5000000000000002 2.5000000000000004 2.5000000000000004 4.5000000000000009 9.5000000000000018 67.500000000000014 26.500000000000004 3.5000000000000004
decision_type=2 2 2 2 2 2 2 2 2 2 2 2 2 2 2 2 2 2 2 2 2 2 2 2 2 2 2 2 2 2
left_child=4 12 6 27 -1 17 9 8 24 10 -3 25 -2 -13 15 23 -14 18 19 -6 -20 22 26 -9 -8 -11 -7 29 -29 -4
right_child=1 2 3 -5 5 21 7 14 -10 11 -12 13 16 -15 -16 -17 -18 -19 20 -21 -22 -23 -24 -25 -26 -27 -28 28 -30 -31
leaf_value=0.029161094395177709 -0.016495082356514187 0.0025070143608880747 -0.00028014210033781677 -0.019417875676186053 0.0018374703500581826 0.030543711013160647 0.026265772556265193 0.02057032473385334 0.0051882614430628325 -0.022824442795420119 -0.02977903413772583 -0.036152943467149638 -0.0020934040301602373 0.010348144580017437 -0.00055872255194798818 0.0538502806966955 -0.017741931128649063 -0.011327201854780408 0.0049990039083022105 0.06644528472423554 -0.042124350165778944 -0.023910388075991683 0.0055152185776023545 -0.0061220351192686293 0.083449345401355207 -0.0021141478973152363 -0.0056795325449534827 0.015611885838648854 -0.041462205629795794 0.015800926514237586
leaf_weight=84 218 746 196 77 23 128 24 120 76 113 50 101 4226 22 1452 22 162 326 79 25 22 38 1024 90 21 339 35 34 32 668
leaf_count=84 218 746 196 77 23 128 24 120 76 113 50 101 4226 22 1452 22 162 326 79 25 22 38 1024 90 21 339 35 34 32 668
internal_value=0 -0.000953265 0.00165876 0.00815188 0.00469633 0.00348748 -0.000399983 0.00280777 0.0229514 -0.00462317 0.000478996 -0.0116863 -0.00332541 -0.0278357 0.00136039 0.0133714 -0.00267113 -0.00530755 0.00786295 0.0354874 -0.00526549 0.0068978 0.00788407 0.00913074 0.0529514 -0.00729172 0.0227657 0.0104345 -0.0120604 0.0121529
internal_weight=0 8789 4183 1007 1784 1700 3176 1805 121 1371 796 575 4606 123 1684 232 4388 475 149 48 101 1225 1187 210 45 452 163 930 66 864
internal_count=10573 8789 4183 1007 1784 1700 3176 1805 121 1371 796 575 4606 123 1684 232 4388 475 149 48 101 1225 1187 210 45 452 163 930 66 864
shrinkage=0.1


Tree=24
num_leaves=31
num_cat=0
split_feature=14 2 11 1 6 4 14 0 0 7 3 12 14 3 3 13 6 8 13 0 15 8 3 8 1 7 2 9 7 4
split_gain=4.23603 4.39837 4.00239 5.01289 4.95343 4.6962 4.13744 6.48937 3.90061 4.2952 5.1443 3.75031 4.15746 5.02597 4.1368 5.70043 3.62695 13.2156 3.59244 3.96746 3.56138 3.55191 3.62364 4.1235 5.09904 4.45929 4.26939 4.77393 4.04294 4.9342
threshold=14.500000000000002 47.500000000000007 2.5000000000000004 8.5000000000000018 5.5000000000000009 1.0000000180025095e-35 10.500000000000002 35.500000000000007 33.500000000000007 67.500000000000014 26.500000000000004 2.5000000000000004 1.5000000000000002 5.5000000000000009 7.5000000000000009 14.500000000000002 2.5000000000000004 8.5000000000000018 17.500000000000004 28.500000000000004 8.5000000000000018 32.500000000000007 16.500000000000004 5.5000000000000009 30.500000000000004 11.500000000000002 21.500000000000004 51.500000000000007 11.500000000000002 4.5000000000000009
decision_type=2 2 2 2 2 2 2 2 2 2 2 2 2 2 2 2 2 2 2 2 2 2 2 2 2 2 2 2 2 2
left_child=2 8 3 -1 5 -4 11 16 21 -10 -11 12 13 -5 15 -14 -8 -18 19 -16 -17 22 23 25 26 -2 28 -28 -25 -30
right_child=1 -3 4 6 -6 -7 7 -9 9 10 -12 -13 14 -15 18 20 17 -19 -20 -21 -22 -23 -24 24 -26 -27 27 -29 29 -31
leaf_value=-0.0012940996215634404 -0.017609802925068401 -0.022603077689806621 -0.023904050135204937 0.011045905096190316 0.037285299290870801 -0.0035108346863545986 -0.02293427267800207 0.037880921267694045 0.011194939664322376 0.013934683030651464 -0.042390114419600548 0.0025474047629967245 0.031427421144344519 0.069955253253380464 0.0058247977826330405 0.018468480364040096 0.051726276619093764 -0.027453125704009582 0.031568537700560784 -0.030815655060789805 -0.033910710334777834 -0.017359814769828442 -0.0053220618268100929 0.0045412246070124888 0.045015156707342935 0.0044209234277221643 -0.0023252341451295002 0.039941086300781803 0.023835752529281003 -0.013661902882158756
leaf_weight=2856 161 66 117 28 29 3239 115 31 806 31 34 338 159 30 90 27 35 53 31 44 25 97 503 440 34 214 586 28 286 40
leaf_count=2856 161 66 117 28 29 3239 115 31 806 31 34 338 159 30 90 27 35 53 31 44 25 97 503 440 34 214 586 28 286 40
internal_value=0 0.0029546 -0.00135601 0.000844147 -0.0038662 -0.0042218 0.00691456 -0.00473388 0.00347202 0.00920073 -0.0155275 0.0104453 0.0165962 0.0415163 0.0127522 0.0220277 -0.0112416 0.00403868 0.000890713 -0.0062064 -0.00671382 0.00138341 0.00217664 0.004285 0.0067574 -0.0050376 0.00581482 -0.00039778 0.0107946 0.0192348
internal_weight=0 3326 7247 3862 3385 3356 1006 234 3260 871 65 772 434 58 376 211 203 88 165 134 52 2389 2292 1789 1414 375 1380 614 766 326
internal_count=10573 3326 7247 3862 3385 3356 1006 234 3260 871 65 772 434 58 376 211 203 88 165 134 52 2389 2292 1789 1414 375 1380 614 766 326
shrinkage=0.1


Tree=25
num_leaves=31
num_cat=0
split_feature=5 10 1 6 7 0 14 15 9 14 9 13 14 5 0 2 1 8 5 15 15 1 15 1 15 6 2 4 12 4
split_gain=4.00602 4.35587 4.98714 4.63169 4.17324 3.72364 3.94552 3.61957 6.56391 8.56519 3.52825 4.72553 5.32486 5.15099 5.8659 3.97721 3.38936 3.38496 4.80424 3.97631 3.51526 5.9466 6.43246 5.43123 5.28713 4.97838 5.71569 6.19914 6.86272 5.01494
threshold=1.0000000180025095e-35 1.0000000180025095e-35 1.0000000180025095e-35 2.5000000000000004 1.5000000000000002 18.500000000000004 1.0000000180025095e-35 6.5000000000000009 20.500000000000004 10.500000000000002 13.500000000000002 7.5000000000000009 14.500000000000002 2.5000000000000004 13.500000000000002 22.500000000000004 1.0000000180025095e-35 33.500000000000007 4.5000000000000009 11.500000000000002 2.5000000000000004 9.5000000000000018 32.500000000000007 26.500000000000004 44.500000000000007 4.5000000000000009 23.500000000000004 2.5000000000000004 1.5000000000000002 2.5000000000000004
decision_type=2 2 2 2 2 2 2 2 2 2 2 2 2 2 2 2 2 2 2 2 2 2 2 2 2 2 2 2 2 2
left_child=-1 2 -2 4 -3 10 -7 8 -8 -10 -6 12 15 -13 -15 -12 -11 18 20 -20 25 -22 -23 -24 -25 26 27 28 -5 -28
right_child=1 3 -4 17 5 6 7 -9 9 16 11 13 -14 14 -16 -17 -18 -19 19 -21 21 22 23 24 -26 -27 29 -29 -30 -31
leaf_value=-0.021494815463936608 -0.0077322682608728828 -0.020165110523662263 0.016629760596566859 0.061106419137545998 -0.0080956338583314819 -0.016228012801022144 0.0023132184042213523 -0.0022538262609638638 0.078414096282078682 -0.016588015578411244 0.063489146618282088 -0.025731831918592043 -0.0048470302376636236 0.046317846045411865 -0.018453122509850397 0.0096468740831250743 0.030282082822587753 -0.014183337219680351 0.0097230766196640186 0.05594999005397161 -0.0024081423292669022 0.0089825958944045169 -0.02665417878934653 -0.027577172398567204 0.029556246749732808 0.032179024169243967 -0.02032541525944815 -0.0066742161796851593 0.015373543639977776 0.0094964022161784008
leaf_weight=86 115 124 312 42 1237 148 1827 2345 26 27 34 69 43 29 27 23 36 120 49 30 1958 1147 101 25 46 83 118 88 150 108
leaf_count=86 115 124 312 42 1237 148 1827 2345 26 27 34 69 43 29 27 23 36 120 49 30 1958 1147 101 25 46 83 118 88 150 108
internal_value=0 0.000176271 0.0100686 -0.00024361 -0.00201049 -0.00162705 -0.000176837 0.000380679 0.00360506 0.0301241 -0.0060005 0.0055181 0.0217209 -0.00744411 0.015089 0.0417633 0.0101949 0.00236215 0.00286544 0.0272776 0.00236659 0.00108818 0.00627833 -0.0117553 0.00943885 0.00947919 0.0057557 0.0153042 0.0253776 -0.00607428
internal_weight=0 10487 427 10060 5995 5871 4409 4261 1916 89 1462 225 100 125 56 57 63 4065 3945 79 3866 3277 1319 172 71 589 506 280 192 226
internal_count=10573 10487 427 10060 5995 5871 4409 4261 1916 89 1462 225 100 125 56 57 63 4065 3945 79 3866 3277 1319 172 71 589 506 280 192 226
shrinkage=0.1


Tree=26
num_leaves=31
num_cat=0
split_feature=2 10 5 15 11 0 2 14 4 15 1 9 7 14 7 4 6 14 0 0 13 15 11 13 13 1 3 7 7 5
split_gain=3.65019 4.35785 5.28365 5.70237 4.45134 4.33995 4.26793 4.10201 3.85876 5.69705 4.86283 4.35581 4.49422 4.75064 4.09208 3.72732 3.70541 3.57285 3.5531 3.56574 3.53835 3.45963 3.96261 3.84572 3.53641 4.3157 4.90956 4.56216 4.35383 4.03472
threshold=41.500000000000007 1.5000000000000002 1.0000000180025095e-35 56.500000000000007 1.5000000000000002 4.5000000000000009 16.500000000000004 23.500000000000004 2.5000000000000004 32.500000000000007 32.500000000000007 67.500000000000014 70.500000000000014 32.500000000000007 59.500000000000007 4.5000000000000009 1.5000000000000002 44.500000000000007 13.500000000000002 28.500000000000004 72.500000000000014 1.0000000180025095e-35 2.5000000000000004 1.5000000000000002 27.500000000000004 25.500000000000004 1.0000000180025095e-35 45.500000000000007 20.500000000000004 2.5000000000000004
decision_type=2 2 2 2 2 2 2 2 2 2 2 2 2 2 2 2 2 2 2 2 2 2 2 2 2 2 2 2 2 2
left_child=1 4 -3 5 6 -4 -1 -6 -7 10 11 12 13 14 16 -9 -10 -12 -15 -20 -5 -18 23 -23 25 26 28 -28 29 -24
right_child=-2 2 3 20 7 8 -8 15 9 -11 17 -13 -14 18 -16 -17 21 -19 19 -21 -22 22 24 -25 -26 -27 27 -29 -30 -31
leaf_value=-0.00035357149317860603 -0.0069620905547359089 -0.031055996779884611 -0.023162725461380824 0.030228661555559078 0.0013428518780114495 -0.002044703007225849 0.04660101764056148 0.017033871406920597 -0.0073963486379192735 -0.01503348093266998 0.047318645826605867 -0.027589134232181574 -0.023631605505943301 0.050121925514319848 0.040716450235673357 -0.021084300801157953 0.020479136036109118 -0.0030028370164689564 -0.0026950369165702304 0.023331700367781955 -0.014322023229165513 -0.012553032286026901 0.0048206511471006602 0.0097889897880910539 0.01611277997493744 -0.045091426124175389 -0.0067318123773970548 0.039468389749526982 -0.018300899682622968 0.040901960359245051
leaf_weight=32 703 56 84 94 1231 4921 49 306 341 175 43 46 60 29 28 28 118 21 88 131 22 85 63 823 105 24 751 22 33 61
leaf_count=32 703 56 84 94 1231 4921 49 306 341 175 43 46 60 29 28 28 118 21 88 131 22 85 63 823 105 24 751 22 33 61
internal_value=0 0.000495882 -0.000444168 -0.000234293 0.0051927 -0.00055143 0.0280511 0.00400962 -0.000313058 0.0024836 0.00355097 0.00292976 0.00343804 0.00403914 0.00270616 0.0138383 0.00226746 0.0308069 0.0172291 0.0128735 0.0217794 0.00384797 0.00285027 0.0076975 -0.00130581 -0.00322295 -0.00214247 -0.00541693 0.0139796 0.0225703
internal_weight=0 9870 8224 8168 1646 8052 81 1565 7968 3047 2872 2808 2762 2702 2454 334 2426 64 248 219 116 2085 1967 908 1059 954 930 773 157 124
internal_count=10573 9870 8224 8168 1646 8052 81 1565 7968 3047 2872 2808 2762 2702 2454 334 2426 64 248 219 116 2085 1967 908 1059 954 930 773 157 124
shrinkage=0.1


Tree=27
num_leaves=31
num_cat=0
split_feature=8 5 2 9 10 15 4 14 14 13 8 12 13 11 7 13 1 7 0 7 10 9 8 0 3 15 10 8 0 5
split_gain=3.71824 5.15193 4.62007 5.8354 6.13116 5.89189 5.25466 4.54815 4.33736 5.6146 6.71672 4.76347 4.23623 4.15933 4.155 5.69481 4.14616 3.99833 4.36232 5.52668 5.06215 5.50318 3.9631 4.80872 3.91558 3.83682 3.81855 3.77873 4.22775 3.77244
threshold=19.500000000000004 3.5000000000000004 26.500000000000004 19.500000000000004 3.5000000000000004 63.500000000000007 1.5000000000000002 9.5000000000000018 13.500000000000002 5.5000000000000009 4.5000000000000009 2.5000000000000004 7.5000000000000009 1.5000000000000002 23.500000000000004 2.5000000000000004 3.5000000000000004 1.5000000000000002 22.500000000000004 23.500000000000004 2.5000000000000004 4.5000000000000009 5.5000000000000009 29.500000000000004 13.500000000000002 3.5000000000000004 1.0000000180025095e-35 6.5000000000000009 17.500000000000004 4.5000000000000009
decision_type=2 2 2 2 2 2 2 2 2 2 2 2 2 2 2 2 2 2 2 2 2 2 2 2 2 2 2 2 2 2
left_child=1 2 3 5 7 8 -6 27 11 10 -10 17 -8 -4 15 -3 -16 -1 -19 20 -20 -22 -23 24 -24 -9 -13 28 -5 -17
right_child=-2 14 13 4 6 -7 12 25 9 -11 -12 26 -14 -15 16 29 -18 18 19 -21 21 22 23 -25 -26 -27 -28 -29 -30 -31
leaf_value=-0.035215872430032297 -0.0073211425026240666 0.020596929949270676 0.01602655882542988 -0.02322773726090141 -0.049043364077806476 0.045865001476236754 -0.034407254414899009 0.028650069905397219 -0.031038575132687887 0.010140233349341613 0.0014438093416481289 0.032743999491567199 0.0082794480080152083 -0.0041238866259827164 0.0045095827334966417 -0.0025330617283952648 0.030553621608123652 -0.0016894372752734596 0.016627117991447449 -0.033388809427138302 0.031737965866923339 -0.032599448985778372 -0.0021931070638330358 0.028015622496604921 -0.051922373175621032 0.0033282823077899477 -0.0084514278397610706 0.042595792038643616 0.029888645576876267 0.015343817920549542
leaf_weight=31 651 166 106 23 24 28 28 78 75 780 421 23 137 3047 117 725 128 1750 402 31 40 52 76 42 20 257 1037 94 43 141
leaf_count=31 651 166 106 23 24 28 28 78 75 780 421 23 137 3047 117 725 128 1750 402 31 40 52 76 42 20 257 1037 94 43 141
internal_value=0 0.000480353 -0.000395433 0.00135618 0.00999838 0.000126717 -0.0053236 0.0158486 -0.000141206 0.00485057 -0.00346784 -0.00195899 0.00103564 -0.00344645 0.00640923 0.00362994 0.0181163 0.000469198 0.000927647 0.00783549 0.00985757 -0.00197444 -0.00907178 -0.000206286 -0.0125534 0.0092241 -0.00755756 0.0297186 0.0113784 0.000377608
internal_weight=0 9922 8645 5492 684 4808 189 495 4780 1276 496 3504 165 3153 1277 1032 245 2444 2413 663 632 230 190 138 96 335 1060 160 66 866
internal_count=10573 9922 8645 5492 684 4808 189 495 4780 1276 496 3504 165 3153 1277 1032 245 2444 2413 663 632 230 190 138 96 335 1060 160 66 866
shrinkage=0.1


Tree=28
num_leaves=31
num_cat=0
split_feature=0 15 15 6 4 12 8 0 0 15 0 4 14 0 15 2 2 10 13 13 13 8 7 2 2 7 7 9 8 0
split_gain=3.48335 3.78835 5.30113 3.00465 3.32757 4.33572 3.52125 3.50025 3.95229 3.34866 4.31118 4.58399 4.3831 3.7473 3.57983 5.04841 7.04152 4.69197 4.06147 3.26464 3.65596 3.26144 4.65236 4.69748 4.09815 3.65719 4.93265 3.76526 3.54015 5.20342
threshold=44.500000000000007 26.500000000000004 46.500000000000007 1.5000000000000002 2.5000000000000004 2.5000000000000004 62.500000000000007 42.500000000000007 41.500000000000007 18.500000000000004 22.500000000000004 1.5000000000000002 34.500000000000007 16.500000000000004 8.5000000000000018 23.500000000000004 28.500000000000004 2.5000000000000004 3.5000000000000004 17.500000000000004 4.5000000000000009 4.5000000000000009 15.500000000000002 5.5000000000000009 39.500000000000007 13.500000000000002 70.500000000000014 8.5000000000000018 10.500000000000002 38.500000000000007
decision_type=2 2 2 2 2 2 2 2 2 2 2 2 2 2 2 2 2 2 2 2 2 2 2 2 2 2 2 2 2 2
left_child=3 -2 -3 -1 5 9 21 8 -7 10 11 13 14 -5 15 -13 -17 -16 -19 20 -11 24 28 -24 25 -6 27 -27 -23 -30
right_child=1 2 -4 4 6 7 -8 -9 -10 19 -12 12 -14 -15 17 16 -18 18 -20 -21 -22 22 23 -25 -26 26 -28 -29 29 -31
leaf_value=-0.0047611157127326678 0.018958835747647795 -0.033222649762263669 0.019616766898213206 -0.00394635698954824 -0.01258202086087146 -0.0047753304001974615 -0.033181426480964379 -0.042751243958870574 0.03989761263132096 0.0036770117859686578 0.0060595298285780058 0.0013270573565180269 0.040824745459990069 0.016765315088931684 -0.020347697433247509 -0.027064703647047286 0.0078993629415829974 0.045656764805316927 -0.0048549991005506273 0.019533539244106838 -0.038615613629420599 0.013404435149260929 0.042334584318674533 -0.00056555366872098635 -0.024558955927689873 -0.0087916861409726346 -0.040788516104221351 0.018906242426703961 0.0018863853110088734 0.038018584535235454
leaf_weight=1312 188 39 37 142 153 2024 27 24 20 31 1306 1055 22 227 251 160 90 20 78 21 60 700 26 1394 84 69 20 170 781 42
leaf_count=1312 188 39 37 142 153 2024 27 24 20 31 1306 1055 22 227 251 160 90 20 78 21 60 700 26 1394 84 69 20 170 781 42
internal_value=0 0.0113424 -0.0074982 -0.000290464 0.000361474 -0.00116092 0.00279089 -0.00478402 -0.00433822 0.00100268 0.00157119 -0.00129521 -0.00351673 0.00879497 -0.00410652 -0.00170066 -0.0144776 -0.0131027 0.00545352 -0.0160067 -0.0242082 0.00307332 0.00433757 0.000219942 -0.0044281 -0.000323749 0.00691762 0.0109098 0.00817672 0.00373031
internal_weight=0 264 76 10309 8997 5531 3466 2068 2044 3463 3351 2045 1676 369 1654 1305 250 349 98 112 91 3439 2943 1420 496 412 259 239 1523 823
internal_count=10573 264 76 10309 8997 5531 3466 2068 2044 3463 3351 2045 1676 369 1654 1305 250 349 98 112 91 3439 2943 1420 496 412 259 239 1523 823
shrinkage=0.1


end of trees

feature_importances:
Column_2=108
Column_0=84
Column_1=81
Column_14=79
Column_15=68
Column_8=66
Column_9=63
Column_3=54
Column_7=51
Column_13=50
Column_12=37
Column_10=35
Column_4=30
Column_6=23
Column_11=21
Column_5=20

parameters:
[boosting: gbdt]
[objective: regression]
[metric: l2]
[tree_learner: serial]
[device_type: cpu]
[data: ]
[valid: ]
[num_iterations: 10000]
[learning_rate: 0.1]
[num_leaves: 31]
[num_threads: 0]
[deterministic: 0]
[force_col_wise: 0]
[force_row_wise: 0]
[histogram_pool_size: -1]
[max_depth: -1]
[min_data_in_leaf: 20]
[min_sum_hessian_in_leaf: 0.001]
[bagging_fraction: 1]
[pos_bagging_fraction: 1]
[neg_bagging_fraction: 1]
[bagging_freq: 0]
[bagging_seed: 3]
[feature_fraction: 1]
[feature_fraction_bynode: 1]
[feature_fraction_seed: 2]
[extra_trees: 0]
[extra_seed: 6]
[early_stopping_round: 10]
[first_metric_only: 0]
[max_delta_step: 0]
[lambda_l1: 0]
[lambda_l2: 0]
[min_gain_to_split: 0]
[drop_rate: 0.1]
[max_drop: 50]
[skip_drop: 0.5]
[xgboost_dart_mode: 0]
[uniform_drop: 0]
[drop_seed: 4]
[top_rate: 0.2]
[other_rate: 0.1]
[min_data_per_group: 100]
[max_cat_threshold: 32]
[cat_l2: 10]
[cat_smooth: 10]
[max_cat_to_onehot: 4]
[top_k: 20]
[monotone_constraints: ]
[monotone_constraints_method: basic]
[monotone_penalty: 0]
[feature_contri: ]
[forcedsplits_filename: ]
[refit_decay_rate: 0.9]
[cegb_tradeoff: 1]
[cegb_penalty_split: 0]
[cegb_penalty_feature_lazy: ]
[cegb_penalty_feature_coupled: ]
[path_smooth: 0]
[interaction_constraints: ]
[verbosity: 1]
[saved_feature_importance_type: 0]
[max_bin: 255]
[max_bin_by_feature: ]
[min_data_in_bin: 3]
[bin_construct_sample_cnt: 200000]
[data_random_seed: 1]
[is_enable_sparse: 1]
[enable_bundle: 1]
[use_missing: 1]
[zero_as_missing: 0]
[feature_pre_filter: 1]
[pre_partition: 0]
[two_round: 0]
[header: 0]
[label_column: ]
[weight_column: ]
[group_column: ]
[ignore_column: ]
[categorical_feature: ]
[forcedbins_filename: ]
[objective_seed: 5]
[num_class: 1]
[is_unbalance: 0]
[scale_pos_weight: 1]
[sigmoid: 1]
[boost_from_average: 1]
[reg_sqrt: 0]
[alpha: 0.9]
[fair_c: 1]
[poisson_max_delta_step: 0.7]
[tweedie_variance_power: 1.5]
[lambdarank_truncation_level: 30]
[lambdarank_norm: 1]
[label_gain: ]
[eval_at: ]
[multi_error_top_k: 1]
[auc_mu_weights: ]
[num_machines: 1]
[local_listen_port: 12400]
[time_out: 120]
[machine_list_filename: ]
[machines: ]
[gpu_platform_id: -1]
[gpu_device_id: -1]
[gpu_use_dp: 0]
[num_gpu: 1]

end of parameters

pandas_categorical:null
