tree
version=v3
num_class=1
num_tree_per_iteration=1
label_index=0
max_feature_idx=15
objective=regression
feature_names=Column_0 Column_1 Column_2 Column_3 Column_4 Column_5 Column_6 Column_7 Column_8 Column_9 Column_10 Column_11 Column_12 Column_13 Column_14 Column_15
feature_infos=[1:49] [0:67] [1:49] [0:85] [0:8] [0:8] [0:8] [0:220] [0:143] [0:306] [0:8] [0:7] [0:9] [0:207] [0:253] [0:241]
tree_sizes=2750 2804 2821 2820 2800 2827 2816 2826 2837 2832 2817 2813 2825 2809 2817 2805 2794 2791 2802 2842 2806 2807 2828 2812 2787 2803 2809 2793 2828 2795 2756 2798 2794 2775

Tree=0
num_leaves=31
num_cat=0
split_feature=0 2 2 0 3 0 3 14 6 3 10 12 0 1 7 5 1 12 7 1 2 15 9 2 12 2 11 9 12 1
split_gain=204.833 69.3006 60.2208 26.4139 25.8378 20.3145 22.8097 16.3773 15.8454 21.7722 15.0075 13.6794 13.0297 12.1055 11.781 9.33913 9.29533 8.05625 8.77522 7.74639 9.38561 8.12314 7.71615 7.68069 9.60885 7.51188 7.50838 9.08813 7.0491 7.0277
threshold=31.500000000000004 24.500000000000004 23.500000000000004 24.500000000000004 18.500000000000004 43.500000000000007 9.5000000000000018 17.500000000000004 3.5000000000000004 4.5000000000000009 1.5000000000000002 2.5000000000000004 43.500000000000007 20.500000000000004 10.500000000000002 1.5000000000000002 11.500000000000002 1.5000000000000002 33.500000000000007 7.5000000000000009 35.500000000000007 8.5000000000000018 10.500000000000002 37.500000000000007 1.5000000000000002 35.500000000000007 1.5000000000000002 11.500000000000002 2.5000000000000004 16.500000000000004
decision_type=2 2 2 2 2 2 2 2 2 2 2 2 2 2 2 2 2 2 2 2 2 2 2 2 2 2 2 2 2 2
left_child=2 7 3 8 17 6 -3 12 11 -10 -5 26 -2 -12 -9 -7 -13 18 29 21 -21 -17 -11 24 -8 -6 27 -1 -24 -4
right_child=1 5 4 10 25 15 23 14 9 22 13 16 -14 -15 -16 19 -18 -19 -20 20 -22 -23 28 -25 -26 -27 -28 -29 -30 -31
leaf_value=-0.12942794763884255 -0.1621853372955587 -0.16718046187594801 -0.18888288595551697 -0.14696009433666318 -0.21731783324025378 -0.20954021231045122 -0.1406588034640428 -0.14935667863404331 -0.14865191009260059 -0.22079538405338375 -0.18247601874846325 -0.20895528872069311 -0.11219539052644817 -0.12534923589626401 -0.11756077482203095 -0.14219538873830884 -0.18093451686405934 -0.20486744978009061 -0.24479538262287229 -0.11519539034763425 -0.15919538772502986 -0.1923382428924188 -0.16178362286487669 -0.20891198395197305 -0.19169538578787892 -0.24358313779716853 -0.19175234780980016 -0.19919538534084408 -0.20183274782100766 -0.14169538876811116
leaf_weight=43 398 536 256 170 245 29 41 186 184 75 759 833 60 39 312 60 138 2470 25 95 99 70 85 247 368 196 1975 33 91 36
leaf_count=43 398 536 256 170 245 29 41 186 184 75 759 833 60 39 312 60 138 2470 25 95 99 70 85 247 368 196 1975 33 91 36
internal_value=-0.187995 -0.16315 -0.196114 -0.188538 -0.2065 -0.176244 -0.182484 -0.141988 -0.192626 -0.174782 -0.173937 -0.195195 -0.155636 -0.179684 -0.129436 -0.155173 -0.204973 -0.202941 -0.187934 -0.150306 -0.137649 -0.169195 -0.193936 -0.194988 -0.186579 -0.228991 -0.190565 -0.159722 -0.182491 -0.183065
internal_weight=0 2501 7653 4425 3228 1545 1192 956 3457 435 968 3022 458 798 498 353 971 2787 317 324 194 130 251 656 409 441 2051 76 176 292
internal_count=10154 2501 7653 4425 3228 1545 1192 956 3457 435 968 3022 458 798 498 353 971 2787 317 324 194 130 251 656 409 441 2051 76 176 292
shrinkage=1


Tree=1
num_leaves=31
num_cat=0
split_feature=0 2 2 0 3 7 0 9 3 0 11 6 3 12 15 1 1 2 10 1 9 1 3 1 12 2 15 2 2 14
split_gain=167.313 54.7239 48.6659 24.8103 23.4793 18.9856 14.0295 13.765 13.5891 13.5889 13.2915 12.8348 17.6355 11.0803 10.131 12.6257 10.0151 8.87134 8.69342 8.56212 7.53142 7.52922 7.40548 12.8985 7.37666 11.6679 7.15841 6.99366 6.831 9.4983
threshold=32.500000000000007 27.500000000000004 23.500000000000004 24.500000000000004 14.500000000000002 10.500000000000002 44.500000000000007 31.500000000000004 9.5000000000000018 27.500000000000004 3.5000000000000004 3.5000000000000004 4.5000000000000009 2.5000000000000004 6.5000000000000009 11.500000000000002 20.500000000000004 32.500000000000007 1.5000000000000002 7.5000000000000009 10.500000000000002 11.500000000000002 30.500000000000004 3.5000000000000004 1.0000000180025095e-35 19.500000000000004 31.500000000000004 23.500000000000004 34.500000000000007 9.5000000000000018
decision_type=2 2 2 2 2 2 2 2 2 2 2 2 2 2 2 2 2 2 2 2 2 2 2 2 2 2 2 2 2 2
left_child=2 5 3 11 9 14 8 16 28 17 19 13 -13 24 -2 27 18 20 -5 -7 -4 -15 23 -8 25 -1 -22 -16 -3 -30
right_child=1 6 4 7 -6 10 22 -9 -10 -11 -12 12 -14 21 15 -17 -18 -19 -20 -21 26 -23 -24 -25 -26 -27 -28 -29 29 -31
leaf_value=0.062583576939826788 0.044684174086576628 0.032175055070874398 -0.017125349439095654 0.029794950144631523 -0.03102821814216147 0.026812528598476465 -0.011121283863720141 0.062103415565057232 -0.0066640356528586244 0.0021464879880297369 0.071846881422858985 0.035408671167881593 -0.0053473925922971326 -0.018864374114971917 0.011823323726654053 0.040318108629435301 0.059097141754336474 -0.02490457268186318 0.0042969766187426102 0.055035657068276733 -0.0041879095374063547 0.0063543213450390369 -0.0019684062813812831 0.054522727736344583 -0.003489958820463736 -0.016468170736775253 0.056686385273933416 -0.028617260731183564 0.022382353572174909 -0.021541934236884119
leaf_weight=43 162 178 777 161 792 213 38 55 552 579 208 184 251 833 125 112 41 645 789 217 566 138 53 141 1975 33 20 65 128 80
leaf_count=43 162 178 777 161 792 213 38 55 552 579 208 184 251 833 125 112 41 645 789 217 566 138 53 141 1975 33 20 65 128 80
internal_value=0 0.023909 -0.0068918 -8.50943e-05 -0.0159627 0.0399004 0.00884698 0.0134092 0.00340106 -0.0113505 0.051094 -0.00416811 0.011892 -0.00647986 0.0245092 0.0136868 0.0107066 -0.0152423 0.00861821 0.0410554 -0.0106699 -0.0152803 0.0308654 0.0405871 -0.00231352 0.0282585 -0.00211029 -0.00201161 0.0177947 0.0054884
internal_weight=0 2272 7882 4503 3379 1102 1170 1046 938 2587 638 3457 435 3022 464 302 991 2008 950 430 1363 971 232 179 2051 76 586 190 386 208
internal_count=10154 2272 7882 4503 3379 1102 1170 1046 938 2587 638 3457 435 3022 464 302 991 2008 950 430 1363 971 232 179 2051 76 586 190 386 208
shrinkage=0.1


Tree=2
num_leaves=31
num_cat=0
split_feature=0 2 2 3 0 14 9 12 0 12 12 11 0 0 3 1 2 2 15 10 13 7 10 1 2 1 9 12 2 3
split_gain=135.524 44.3264 40.0792 19.025 16.1829 16.0291 14.4157 11.9947 11.1434 11.6733 10.5524 10.4272 10.3931 9.83647 10.7716 9.36648 8.91918 8.61057 8.35001 8.03183 7.88228 7.54629 6.83137 7.82844 6.81557 6.78609 7.77059 7.66742 16.2349 6.56252
threshold=32.500000000000007 27.500000000000004 22.500000000000004 18.500000000000004 24.500000000000004 17.500000000000004 18.500000000000004 1.5000000000000002 24.500000000000004 1.5000000000000002 3.5000000000000004 1.5000000000000002 43.500000000000007 41.500000000000007 7.5000000000000009 15.500000000000002 36.500000000000007 8.5000000000000018 4.5000000000000009 1.5000000000000002 14.500000000000002 30.500000000000004 1.5000000000000002 20.500000000000004 38.500000000000007 2.5000000000000004 13.500000000000002 1.0000000180025095e-35 19.500000000000004 6.5000000000000009
decision_type=2 2 2 2 2 2 2 2 2 2 2 2 2 2 2 2 2 2 2 2 2 2 2 2 2 2 2 2 2 2
left_child=2 5 4 8 10 12 22 24 -4 -10 11 -1 18 14 20 -7 -5 29 -2 -11 -9 -12 -6 -24 -3 -19 27 28 -27 -13
right_child=1 7 3 16 6 15 -8 13 9 19 21 17 -14 -15 -16 -17 -18 25 -20 -21 -22 -23 23 -25 -26 26 -28 -29 -30 -31
leaf_value=0.026585079203633701 0.043637819530315772 0.047583934078337969 -0.015326138219724481 -0.020901197189949965 0.027702156471651657 0.038935989620138528 0.040049375385626571 0.028840459698308125 0.022218814435278535 0.010603878104571002 -0.01974890335630999 0.0444212013396664 0.057361984020099045 0.016987666925468017 -0.013101271173591569 0.066862378127914568 -0.048353915238500245 -0.010024505264229246 0.01149210472504298 -0.011475221338350314 -0.011147305891885386 0.03205359220504761 0.00026629825355485083 0.053386739204669825 0.0080275068544361696 0.095350516339143127 0.019189028899268351 -0.0033057408547716356 -0.022221424527790235 -0.0023687700055680188
leaf_weight=136 103 108 2080 292 129 365 154 137 157 206 449 69 80 354 421 179 199 900 375 823 77 30 640 29 73 24 202 1287 23 53
leaf_count=136 103 108 2080 292 129 365 154 137 157 206 449 69 80 354 421 179 199 900 375 823 77 30 640 29 73 24 202 1287 23 53
internal_value=0 0.0215181 -0.00620262 -0.0136746 0.000602722 0.0359103 0.0120376 0.00796228 -0.0109154 -0.00317989 -0.00282811 -0.000396418 0.0240021 0.00363074 -0.00381549 0.048125 -0.0320277 -0.00183093 0.0184189 -0.00705511 0.0144523 -0.0165045 0.00663186 0.00256898 0.0316302 -0.00312933 0.000910817 -0.00185695 0.0378153 0.0240944
internal_weight=0 2272 7882 3757 4125 1102 952 1170 3266 1186 3173 2694 558 989 635 544 491 2558 478 1029 214 479 798 669 181 2436 1536 1334 47 122
internal_count=10154 2272 7882 3757 4125 1102 952 1170 3266 1186 3173 2694 558 989 635 544 491 2558 478 1029 214 479 798 669 181 2436 1536 1334 47 122
shrinkage=0.1


Tree=3
num_leaves=31
num_cat=0
split_feature=0 2 2 11 10 0 2 15 12 1 12 0 3 0 5 5 1 13 15 14 6 2 3 9 0 8 14 7 12 1
split_gain=110.536 38.2255 36.5849 19.907 17.9902 15.6302 14.1953 13.4503 13.2008 12.4436 11.6131 10.864 10.6531 10.5144 10.4861 9.93479 9.64186 8.7879 8.75828 8.5829 8.33625 7.8788 7.76168 8.62214 7.30578 7.03467 6.96568 6.7989 6.53974 6.53145
threshold=31.500000000000004 24.500000000000004 32.500000000000007 1.5000000000000002 1.0000000180025095e-35 19.500000000000004 36.500000000000007 1.5000000000000002 1.5000000000000002 10.500000000000002 1.5000000000000002 41.500000000000007 19.500000000000004 41.500000000000007 1.5000000000000002 1.5000000000000002 11.500000000000002 33.500000000000007 7.5000000000000009 32.500000000000007 1.0000000180025095e-35 16.500000000000004 3.5000000000000004 6.5000000000000009 46.500000000000007 20.500000000000004 47.500000000000007 30.500000000000004 2.5000000000000004 22.500000000000004
decision_type=2 2 2 2 2 2 2 2 2 2 2 2 2 2 2 2 2 2 2 2 2 2 2 2 2 2 2 2 2 2
left_child=2 11 3 -1 21 22 8 10 -3 15 -7 16 25 20 -8 -9 26 -15 -17 -20 -10 -5 28 -24 -16 27 -2 29 -6 -4
right_child=1 6 12 4 5 7 14 9 13 -11 -12 -13 -14 17 24 18 -18 -19 19 -21 -22 -23 23 -25 -26 -27 -28 -29 -30 -31
leaf_value=0.019392839097976688 0.015886426618076394 0.045478281963448552 -0.019238616442680361 0.05559500674406688 0.0045067227089782124 0.056021794397383931 -0.044128781347944027 -0.03754642783981009 -0.04467311754371181 0.0098364360856668144 0.0086101182583552694 0.05145536040398202 -0.041707771909129512 0.020629404905044665 -0.0034027486062440716 -8.0065109422770473e-05 0.043751046236869429 0.072673988647950008 -0.01330859596117785 0.029874797537922861 0.0071201140917208586 0.012141268096701073 -0.029556783657240612 -0.011819714788744703 0.031360983157503429 0.010396732246301261 0.068245730135175917 -0.043946655605520524 -0.014988279564155117 0.017744656637603162
leaf_weight=375 431 133 750 60 411 64 57 97 33 593 268 259 222 193 488 1561 239 39 1119 48 533 137 372 1041 69 83 27 105 296 51
leaf_count=375 431 133 750 60 411 64 57 97 33 593 268 259 222 193 488 1561 239 39 1119 48 533 137 372 1041 69 83 27 105 296 51
internal_value=0 0.0182512 -0.0059645 -0.00296674 -0.00434878 -0.00534636 0.00852635 -0.00146651 0.0163106 -0.00333303 0.0177497 0.0339677 -0.0219113 0.0114493 -0.00327683 -0.00609746 0.0274694 0.0293783 -0.00497922 -0.0115324 0.00410037 0.0253759 -0.0122093 -0.0164893 0.00090371 -0.0174676 0.0189731 -0.0200203 -0.00365526 -0.0168839
internal_weight=0 2501 7653 6442 6067 5870 1545 3750 931 3418 332 956 1211 798 614 2825 697 232 2728 1167 566 197 2120 1413 557 989 458 906 707 801
internal_count=10154 2501 7653 6442 6067 5870 1545 3750 931 3418 332 956 1211 798 614 2825 697 232 2728 1167 566 197 2120 1413 557 989 458 906 707 801
shrinkage=0.1


Tree=4
num_leaves=31
num_cat=0
split_feature=0 2 2 2 12 2 12 7 0 15 1 10 12 3 3 8 5 1 14 6 10 15 2 4 8 1 15 15 0 0
split_gain=89.5341 30.9627 29.6338 16.76 12.8661 11.4982 10.6927 9.95673 9.87869 9.60215 9.0763 9.00805 8.95773 8.62902 8.54281 8.49455 8.49373 8.16481 7.66688 9.0241 6.90446 6.77779 6.97956 6.72348 6.73407 6.64415 8.22619 6.43902 6.37043 6.05247
threshold=31.500000000000004 24.500000000000004 32.500000000000007 16.500000000000004 1.5000000000000002 36.500000000000007 1.5000000000000002 10.500000000000002 23.500000000000004 7.5000000000000009 23.500000000000004 1.0000000180025095e-35 5.5000000000000009 19.500000000000004 11.500000000000002 21.500000000000004 1.5000000000000002 7.5000000000000009 15.500000000000002 3.5000000000000004 1.5000000000000002 6.5000000000000009 23.500000000000004 1.0000000180025095e-35 3.5000000000000004 4.5000000000000009 6.5000000000000009 23.500000000000004 27.500000000000004 40.500000000000007
decision_type=2 2 2 2 2 2 2 2 2 2 2 2 2 2 2 2 2 2 2 2 2 2 2 2 2 2 2 2 2 2
left_child=2 7 3 4 25 6 -3 21 9 -5 15 -6 17 -4 20 23 -7 18 19 -9 -10 -2 27 -8 -25 -1 -27 -23 -13 -26
right_child=1 5 13 8 11 16 10 12 14 -11 -12 28 -14 -15 -16 -17 -18 -19 -20 -21 -22 22 -24 24 29 26 -28 -29 -30 -31
leaf_value=0.0020166894793510436 0.035524656808607884 0.04093045379854459 -0.015720838901970093 -0.0042115786724856918 0.042721455243595857 -0.039715903474573509 -0.030327922832675099 -0.012261244861907522 0.023563397247740564 -0.014951028324523061 0.044430839753066997 -0.00089504310837789064 -0.023307656429030682 -0.037536995609601338 -0.010898629269830071 -0.05153103073438009 0.000813339064750466 0.05349238598653188 0.043706419544198134 0.049201709777116777 0.0024763630719796962 0.0034686225582156666 -0.046633096536000569 -0.016603461456926247 0.0082407086774890816 0.074739408179333333 0.015136785232103789 0.041145668800679908 0.020155657015874715 0.030236946658851346
leaf_weight=40 148 133 989 2240 57 57 41 71 188 1325 71 1033 22 222 404 24 557 282 145 36 892 169 21 76 405 57 39 62 167 181
leaf_count=40 148 133 989 2240 57 57 41 71 188 1325 71 1033 22 222 404 24 557 282 145 36 892 169 21 76 405 57 39 62 167 181
internal_value=0 0.0164261 -0.00536805 -0.00267007 0.00704069 0.00767371 0.0146796 0.0305709 -0.00534923 -0.0082031 0.0103044 0.00387951 0.039227 -0.0197202 0.0015066 0.00697156 -0.00294915 0.0418034 0.0287228 0.00841788 0.00614707 0.018539 0.00856323 0.0089688 0.0114026 0.0362584 0.0505258 0.0135811 0.00203451 0.0150348
internal_weight=0 2501 7653 6442 1393 1545 931 956 5049 3565 798 1257 556 1211 1484 727 614 534 252 107 1080 400 252 703 662 136 96 231 1200 586
internal_count=10154 2501 7653 6442 1393 1545 931 956 5049 3565 798 1257 556 1211 1484 727 614 534 252 107 1080 400 252 703 662 136 96 231 1200 586
shrinkage=0.1


Tree=5
num_leaves=31
num_cat=0
split_feature=0 2 2 1 3 12 15 5 2 0 7 0 11 9 3 11 8 1 15 3 12 9 15 0 3 0 10 11 10 15
split_gain=72.9693 24.8601 24.7227 12.6337 11.1941 11.0835 10.7617 12.8872 10.7017 10.4766 12.5902 9.85537 8.64196 8.98412 8.47125 9.58551 8.13447 7.16803 8.54702 7.73364 6.93144 6.56729 7.13776 6.72675 6.43992 8.10989 6.36219 6.31468 7.84908 6.83901
threshold=32.500000000000007 30.500000000000004 22.500000000000004 16.500000000000004 14.500000000000002 1.0000000180025095e-35 4.5000000000000009 2.5000000000000004 21.500000000000004 19.500000000000004 45.500000000000007 27.500000000000004 2.5000000000000004 26.500000000000004 4.5000000000000009 1.5000000000000002 13.500000000000002 6.5000000000000009 6.5000000000000009 1.5000000000000002 1.5000000000000002 14.500000000000002 7.5000000000000009 8.5000000000000018 33.500000000000007 40.500000000000007 1.5000000000000002 1.5000000000000002 2.5000000000000004 14.500000000000002
decision_type=2 2 2 2 2 2 2 2 2 2 2 2 2 2 2 2 2 2 2 2 2 2 2 2 2 2 2 2 2 2
left_child=2 3 5 6 11 -1 -2 -8 -9 14 26 21 13 20 15 -7 -10 -13 -19 -20 -3 22 -4 -23 25 -14 -11 28 -28 -30
right_child=1 12 4 -5 -6 9 7 8 16 10 -12 17 24 -15 -16 -17 -18 18 19 -21 -22 23 -24 -25 -26 -27 27 -29 29 -31
leaf_value=0.030116097688674928 0.036663199636457262 0.044774618381407207 -0.0072370968516482868 0.042493673872957438 -0.020686169199033638 0.051055447992525607 -0.0025529944899124902 0.039814666941864037 0.01817532544694004 0.01609794031018796 0.063391012975147792 -0.0062183449415141824 -0.0079789831430058591 0.050473949713493463 -0.012901288483824051 -0.00083636670087201131 -0.029842757772315633 0.044304917087157572 0.036418627019514115 -0.0067351188145431812 -0.0013696382647450968 -0.03954964030620664 -0.020143588529398071 0.0015193874727595937 -0.025613392100614665 0.016041246397245645 -0.010996130379763517 -0.00031953826251888371 0.06187538901964823 -0.00054954198690561156
leaf_weight=125 264 41 860 306 828 38 307 219 178 322 35 337 352 67 896 563 44 75 57 153 158 43 854 550 102 234 44 2022 54 26
leaf_count=125 264 41 860 306 828 38 307 219 178 322 35 337 352 67 896 563 44 75 57 153 158 43 854 550 102 234 44 2022 54 26
internal_value=0 0.0157894 -0.00455132 0.0246889 -0.0104197 0.000793566 0.0193052 0.0131788 0.0241305 -0.000122763 0.00383511 -0.00751752 0.00349433 0.0188012 -0.00674036 0.00244465 0.00865823 0.00365382 0.0153272 0.00497804 0.00813747 -0.0105295 -0.0136678 -0.00145864 -0.00242372 0.00161271 0.00299051 0.00102379 0.0229287 0.0415873
internal_weight=0 2272 7882 1318 3757 4125 1012 748 441 4000 2503 2929 954 266 1497 601 222 622 285 210 199 2307 1714 593 688 586 2468 2146 124 80
internal_count=10154 2272 7882 1318 3757 4125 1012 748 441 4000 2503 2929 954 266 1497 601 222 622 285 210 199 2307 1714 593 688 586 2468 2146 124 80
shrinkage=0.1


Tree=6
num_leaves=31
num_cat=0
split_feature=0 2 2 0 3 1 11 0 8 10 6 2 15 1 15 7 0 15 14 7 4 3 9 8 1 7 1 2 7 13
split_gain=59.9298 26.336 21.8871 13.0958 17.6018 12.7449 9.50309 9.44386 8.64746 7.66767 7.37455 7.94324 8.39795 7.78283 8.18782 9.15642 7.33176 8.40939 7.0354 6.92108 6.83307 6.24666 5.91818 5.9097 5.92622 7.4842 5.88219 5.85539 5.92957 5.628
threshold=27.500000000000004 24.500000000000004 32.500000000000007 40.500000000000007 11.500000000000002 20.500000000000004 1.5000000000000002 40.500000000000007 3.5000000000000004 1.0000000180025095e-35 3.5000000000000004 36.500000000000007 21.500000000000004 1.0000000180025095e-35 4.5000000000000009 22.500000000000004 19.500000000000004 1.5000000000000002 47.500000000000007 23.500000000000004 2.5000000000000004 41.500000000000007 3.5000000000000004 4.5000000000000009 13.500000000000002 13.500000000000002 22.500000000000004 20.500000000000004 21.500000000000004 38.500000000000007
decision_type=2 2 2 2 2 2 2 2 2 2 2 2 2 2 2 2 2 2 2 2 2 2 2 2 2 2 2 2 2 2
left_child=2 5 6 4 10 7 -1 18 -5 22 11 13 -13 -3 -15 -16 -11 -18 20 26 -2 29 -8 -19 27 -26 -4 28 -25 -10
right_child=1 3 19 8 -6 -7 9 -9 21 16 -12 12 -14 14 15 -17 17 23 -20 -21 -22 -23 -24 24 25 -27 -28 -29 -30 -31
leaf_value=0.013618860706206291 0.0047765474590771607 -0.014029796327556576 -0.017642197682468903 -0.01660208240361281 -0.013945870509379591 0.044356022736768135 -0.030430227789011874 0.035368875680867128 0.019405271823136071 -0.0095597137074987862 0.025229766641453068 -0.023884082676433938 0.02671581797483491 0.0461828351020813 0.0021545940088598353 0.047419412405985711 0.015062102418713802 -0.016211350188579089 0.049212063600619638 -0.03643706174039129 0.021615434122228633 -0.023585460186004641 0.025591457296501509 -9.4846520625369655e-06 0.025425705782272531 -0.014214190139490017 0.021815662235021592 -0.0090416863932091373 0.038252746775036768 0.052651456409487235
leaf_weight=310 636 111 681 71 663 194 22 228 417 2120 186 164 41 73 285 53 267 324 51 201 388 30 132 1136 159 68 40 1003 42 58
leaf_count=310 636 111 681 71 663 194 22 228 417 2120 186 164 41 73 285 53 267 324 51 201 388 30 132 1136 159 68 40 1003 42 58
internal_value=0 0.0102575 -0.00575395 0.00317183 -0.00154422 0.0204433 -0.00339672 0.016883 0.0160755 -0.00439707 0.00746158 0.00291566 -0.0137641 0.00946615 0.0158118 0.00925233 -0.00505848 -0.00187654 0.0129623 -0.0200277 0.0111569 0.0206697 0.0175884 -0.00353196 -0.00182593 0.0135512 -0.0154531 -0.0034264 0.0013547 0.0234648
internal_weight=0 3649 6505 2152 1576 1497 5583 1303 576 5273 913 727 205 522 411 338 5119 2999 1075 922 1024 505 154 2732 2408 227 721 2181 1178 475
internal_count=10154 3649 6505 2152 1576 1497 5583 1303 576 5273 913 727 205 522 411 338 5119 2999 1075 922 1024 505 154 2732 2408 227 721 2181 1178 475
shrinkage=0.1


Tree=7
num_leaves=31
num_cat=0
split_feature=0 2 2 3 14 1 6 7 10 12 12 12 15 7 15 5 6 9 0 2 9 15 1 13 7 0 8 1 10 2
split_gain=48.8372 18.7001 18.5103 13.4797 11.7152 10.4173 9.62209 8.3021 7.58127 7.29007 7.14576 7.01536 9.31808 6.93756 9.1098 9.44421 6.93098 6.6393 8.47909 8.20841 6.62693 6.32223 7.06133 6.16642 6.15849 6.44077 6.15749 5.94526 5.65753 5.50976
threshold=32.500000000000007 16.500000000000004 36.500000000000007 18.500000000000004 17.500000000000004 2.5000000000000004 3.5000000000000004 4.5000000000000009 3.5000000000000004 1.0000000180025095e-35 2.5000000000000004 1.5000000000000002 6.5000000000000009 3.5000000000000004 5.5000000000000009 2.5000000000000004 1.0000000180025095e-35 11.500000000000002 19.500000000000004 36.500000000000007 13.500000000000002 3.5000000000000004 14.500000000000002 15.500000000000002 10.500000000000002 41.500000000000007 8.5000000000000018 2.5000000000000004 3.5000000000000004 37.500000000000007
decision_type=2 2 2 2 2 2 2 2 2 2 2 2 2 2 2 2 2 2 2 2 2 2 2 2 2 2 2 2 2 2
left_child=1 5 4 9 10 7 11 -1 -8 -3 13 12 -7 -2 27 -16 -12 18 28 23 -13 29 -23 -20 25 -6 -4 -15 -11 -19
right_child=2 3 26 -5 24 6 8 -9 -10 17 16 20 -14 14 15 -17 -18 21 19 -21 -22 22 -24 -25 -26 -27 -28 -29 -30 -31
leaf_value=-0.031233657688222907 -0.014072573184967041 0.013567337170939579 -0.013482572095117707 -0.020286980842550595 0.002064506832180144 0.064203453063964841 0.045103079017619015 0.0014670872688293457 0.0001540349979026645 -0.012525558947000484 -0.048708531856536869 -0.0011380360696078859 -0.0057570179924368858 0.021706980466842652 -0.0073824206901633221 0.032102565933018926 0.0052768363741886818 0.014997670045772264 -0.0014176804601090959 -0.02432159941221021 0.025442200797235866 -0.0063086166942985054 0.012064651082456112 -0.019841200504640139 0.033641095430826246 0.034204214160303469 0.0074552930526800096 0.064552411336451773 -0.035920357548672226 -0.026119906538062627
leaf_weight=93 52 214 276 600 158 47 142 470 51 1022 25 473 32 57 115 128 488 344 2203 194 117 1281 250 198 509 103 286 75 115 36
leaf_count=93 52 214 276 600 158 47 142 470 51 1022 25 473 32 57 115 128 488 344 2203 194 117 1281 250 198 509 103 286 75 115 36
internal_value=0 -0.00372343 0.0129173 -0.00601164 0.0180918 0.00664497 0.0135548 -0.00393463 0.0332254 -0.00454925 0.0106005 0.0078801 0.035865 0.0201572 0.0249037 0.0134163 0.00264597 -0.00523628 -0.0076908 -0.00453568 0.00413296 -0.000442854 -0.00330841 -0.00293699 0.0272371 0.014748 -0.00282736 0.046051 -0.0148918 0.0111023
internal_weight=0 7882 2272 6457 1710 1425 862 563 193 5857 940 669 79 427 375 243 513 5643 3732 2595 590 1911 1531 2401 770 261 562 132 1137 380
internal_count=10154 7882 2272 6457 1710 1425 862 563 193 5857 940 669 79 427 375 243 513 5643 3732 2595 590 1911 1531 2401 770 261 562 132 1137 380
shrinkage=0.1


Tree=8
num_leaves=31
num_cat=0
split_feature=0 2 2 12 1 3 0 13 11 12 7 3 2 10 6 7 7 12 7 0 1 9 8 13 14 9 2 2 7 13
split_gain=41.4867 19.1325 15.7716 11.3244 9.59727 8.95703 9.8411 8.25158 7.75663 6.80727 7.10699 6.68273 8.56369 7.62881 11.0599 7.6454 7.52484 7.25096 6.52858 6.52502 6.48386 6.43005 6.34121 6.17547 6.1528 6.89808 6.0695 6.01682 5.49202 6.79982
threshold=27.500000000000004 24.500000000000004 32.500000000000007 1.5000000000000002 16.500000000000004 8.5000000000000018 40.500000000000007 14.500000000000002 1.5000000000000002 5.5000000000000009 41.500000000000007 3.5000000000000004 20.500000000000004 2.5000000000000004 3.5000000000000004 11.500000000000002 34.500000000000007 1.0000000180025095e-35 7.5000000000000009 40.500000000000007 23.500000000000004 13.500000000000002 14.500000000000002 40.500000000000007 5.5000000000000009 7.5000000000000009 44.500000000000007 37.500000000000007 15.500000000000002 9.5000000000000018
decision_type=2 2 2 2 2 2 2 2 2 2 2 2 2 2 2 2 2 2 2 2 2 2 2 2 2 2 2 2 2 2
left_child=2 4 8 26 9 7 -7 20 -1 10 19 13 16 14 17 -15 18 -10 22 -2 -5 -14 -13 27 -19 -26 -3 -9 29 -4
right_child=1 3 28 5 -6 6 -8 23 11 -11 -12 12 21 15 -16 -17 -18 24 -20 -21 -22 -23 -24 -25 25 -27 -28 -29 -30 -31
leaf_value=0.012586325387800893 0.0092716017917661049 0.024807010321313765 -0.0015594824197444511 0.012265497879646875 0.033551118431677081 -0.012570011255526953 0.0076289653104577365 -0.0041915091538223728 0.045489767757621979 -0.03374779125054677 0.047166275055635545 0.0060667526427783365 -0.015522208397085244 -0.020164163885045144 0.030046493461333125 0.0047987340830496234 0.037448960418502493 0.011431215317160995 -0.0081987595475872116 0.030018508808882856 0.060180083448067315 -0.0019538810647341362 -0.021435354666043356 0.036710292542422258 -0.014554125171312144 0.0073670882901710104 -0.022529150942961377 -0.045038257787624998 -0.027241291087685211 -0.023128662170566083
leaf_weight=310 933 279 329 482 290 757 354 145 37 30 63 851 1148 267 166 227 48 324 1014 181 30 502 93 27 355 241 30 48 330 263
leaf_count=310 933 279 329 482 290 757 354 145 37 30 63 851 1148 267 166 227 48 324 1014 181 30 502 93 27 355 241 30 48 330 263
internal_value=0 0.00853439 -0.00478739 0.00249507 0.0172162 -0.000475258 -0.00613397 0.00811331 -0.0027864 0.0132915 0.0144904 -0.00369016 -0.00605772 0.00166282 0.00621844 -0.00869336 -0.00166833 0.00208525 -0.00262728 0.0126425 0.015073 -0.0113941 0.00335733 -0.00808376 0.000339639 -0.00569001 0.0202113 -0.0143503 -0.016904 -0.0111417
internal_weight=0 3649 6505 2152 1497 1843 1111 732 5583 1207 1177 5273 3656 1617 1123 494 2006 957 1958 1114 512 1650 944 220 920 596 309 193 922 592
internal_count=10154 3649 6505 2152 1497 1843 1111 732 5583 1207 1177 5273 3656 1617 1123 494 2006 957 1958 1114 512 1650 944 220 920 596 309 193 922 592
shrinkage=0.1


Tree=9
num_leaves=31
num_cat=0
split_feature=0 2 15 2 0 2 6 8 4 3 1 1 12 9 3 1 1 13 3 11 8 12 7 12 0 11 7 3 8 2
split_gain=33.6042 16.4537 14.6572 13.1561 10.9141 10.1286 9.66134 7.94551 7.74816 6.88635 8.83312 6.78421 6.77312 10.0789 8.37775 6.42136 6.35564 6.27989 7.76625 6.00202 5.9605 5.59165 5.50595 6.95778 6.9449 6.83977 7.78692 5.78546 5.36575 6.30923
threshold=27.500000000000004 17.500000000000004 5.5000000000000009 28.500000000000004 40.500000000000007 44.500000000000007 1.0000000180025095e-35 2.5000000000000004 3.5000000000000004 7.5000000000000009 10.500000000000002 5.5000000000000009 2.5000000000000004 5.5000000000000009 3.5000000000000004 2.5000000000000004 22.500000000000004 9.5000000000000018 1.0000000180025095e-35 3.5000000000000004 9.5000000000000018 4.5000000000000009 14.500000000000002 1.0000000180025095e-35 23.500000000000004 2.5000000000000004 15.500000000000002 9.5000000000000018 14.500000000000002 17.500000000000004
decision_type=2 2 2 2 2 2 2 2 2 2 2 2 2 2 2 2 2 2 2 2 2 2 2 2 2 2 2 2 2 2
left_child=3 16 5 8 6 7 -4 -3 12 10 -8 -5 22 -14 -15 19 -2 -12 -19 -9 21 -10 23 27 25 -24 -27 -1 -25 -30
right_child=1 2 4 11 -6 -7 9 15 20 -11 17 -13 13 14 -16 -17 -18 18 -20 -21 -22 -23 24 28 -26 26 -28 -29 29 -31
leaf_value=0.011397881633356997 0.01810041315507854 -0.031525221665700279 -0.031800802653295955 -0.018947941692051842 0.012614967272726492 -0.036963687048238873 -0.0023232075498701506 0.00058983304322912146 0.023371459830482052 -0.0074532553948040902 0.039450188167393208 -0.0054935381397563437 -0.023169734088842535 0.0091276640927090372 -0.0094867680591209542 0.029115010082065913 0.04763041091970651 -0.022932389034674719 0.028086975812911988 0.032261353305407935 -0.0013756957124261297 -0.028030487247135329 0.037044374982849897 -0.0014819476795019271 -0.013526772135911986 0.061563615855716528 -0.0040296513160676447 0.069397704658054171 0.0058911549096757714 -0.026497473653994109
leaf_weight=95 598 30 114 784 544 34 437 208 265 878 108 718 363 340 837 409 83 52 70 84 272 23 119 2152 86 21 131 21 88 190
leaf_count=95 598 30 114 784 544 34 437 208 265 878 108 718 363 340 837 409 83 52 70 84 272 23 119 2152 86 21 131 21 88 190
internal_value=0 0.00768095 0.00446443 -0.00430866 0.000323321 0.0163897 -0.00370721 0.0188713 -0.00184454 -0.00163429 0.00602546 -0.0125163 -0.00324168 -0.00860236 -0.00410962 0.0210281 0.0216995 0.0218879 0.00634102 0.00970082 0.00924026 0.0192664 -0.000397923 -0.00202871 0.0112323 0.0190894 0.00503258 0.0218978 -0.00317088 -0.016245
internal_weight=0 3649 2968 6505 2203 765 1659 731 5003 1545 667 1502 4443 1540 1177 701 681 230 122 292 560 288 2903 2546 357 271 152 116 2430 278
internal_count=10154 3649 2968 6505 2203 765 1659 731 5003 1545 667 1502 4443 1540 1177 701 681 230 122 292 560 288 2903 2546 357 271 152 116 2430 278
shrinkage=0.1


Tree=10
num_leaves=31
num_cat=0
split_feature=0 2 2 14 7 12 6 12 5 7 10 3 2 0 15 13 14 9 8 14 7 13 15 7 1 14 6 13 9 3
split_gain=27.9674 12.0153 11.2708 7.69017 6.79444 6.73147 8.00398 6.43485 5.9422 5.92271 7.4055 7.52141 5.44774 7.2904 5.31199 5.13401 4.79911 4.6409 6.371 5.70991 4.3844 5.17376 4.78694 4.35844 4.30366 5.46585 4.72038 5.06367 4.23395 4.24739
threshold=31.500000000000004 36.500000000000007 23.500000000000004 17.500000000000004 30.500000000000004 1.5000000000000002 1.0000000180025095e-35 1.5000000000000002 1.5000000000000002 19.500000000000004 1.5000000000000002 6.5000000000000009 9.5000000000000018 16.500000000000004 49.500000000000007 27.500000000000004 3.5000000000000004 4.5000000000000009 21.500000000000004 23.500000000000004 43.500000000000007 36.500000000000007 30.500000000000004 2.5000000000000004 10.500000000000002 1.0000000180025095e-35 3.5000000000000004 8.5000000000000018 32.500000000000007 12.500000000000002
decision_type=2 2 2 2 2 2 2 2 2 2 2 2 2 2 2 2 2 2 2 2 2 2 2 2 2 2 2 2 2 2
left_child=2 3 5 14 7 6 -1 9 -3 10 11 -4 -7 16 24 17 -14 19 -19 -5 21 22 28 -18 25 -2 -27 -28 -15 -30
right_child=1 8 4 15 -6 12 -8 -9 -10 -11 -12 -13 13 20 -16 -17 23 18 -20 -21 -22 -23 -24 -25 -26 26 27 -29 29 -31
leaf_value=-0.014634236320853235 0.046087574561436973 -0.033722912271817528 0.068575449387232465 -0.050995300497327534 -0.021089076932632563 0.011850265783648338 0.021175365548738292 -0.0075819396179771575 0.00017653576347515442 0.042081746805545897 -0.0060098043612895474 -0.0084047916260632603 0.0076179437749967806 -0.00051965507735942404 -0.025784001661383588 0.036594599523362081 -0.043267222979794379 0.021566828039427978 -0.032102668479732845 0.010002571867223371 0.037802067687434542 -0.032224246312160885 0.029763736182993113 -0.011415390642789694 0.018264646649181666 -0.0021013645651504014 0.038797341241981045 0.00069876999116024461 0.060435914750332421 -0.0017674752644130161
leaf_weight=80 30 57 30 21 330 310 284 2586 557 43 217 22 127 2749 46 157 46 577 23 57 31 49 55 650 333 503 66 74 23 21
leaf_count=80 30 57 30 21 330 310 284 2586 557 43 217 22 127 2749 46 157 46 577 23 57 31 49 55 650 333 503 66 74 23 21
internal_value=0 0.00918051 -0.00300019 0.0131343 -0.00749335 0.000277534 0.0133051 -0.00594519 -0.00297048 0.00762098 0.00211238 0.0360069 -0.000890169 -0.0019431 0.0074468 0.0202998 -0.0102586 0.0165265 0.0195095 -0.00641993 0.000394214 -6.07709e-06 0.000548238 -0.0135205 0.0089663 0.00436549 0.00241889 0.0186595 -2.70758e-05 0.0307479
internal_weight=0 2501 7653 1887 3228 4425 364 2898 614 312 269 52 4061 3751 1052 835 823 678 600 78 2928 2897 2848 696 1006 673 643 140 2793 44
internal_count=10154 2501 7653 1887 3228 4425 364 2898 614 312 269 52 4061 3751 1052 835 823 678 600 78 2928 2897 2848 696 1006 673 643 140 2793 44
shrinkage=0.1


Tree=11
num_leaves=31
num_cat=0
split_feature=0 2 1 2 15 15 12 2 11 7 6 7 13 10 8 8 9 3 3 13 15 1 0 8 0 4 5 15 9 1
split_gain=23.0442 12.0702 13.3301 9.98309 8.373 7.12406 6.10483 6.06828 5.81273 5.73369 5.3987 8.42868 5.93701 5.24506 5.47792 4.98706 5.30831 7.23364 6.19733 6.24613 8.761 5.24035 5.05989 4.89951 4.8591 4.85303 10.9344 6.51267 5.48142 4.83819
threshold=27.500000000000004 36.500000000000007 10.500000000000002 32.500000000000007 6.5000000000000009 78.500000000000014 1.5000000000000002 17.500000000000004 1.5000000000000002 33.500000000000007 3.5000000000000004 8.5000000000000018 19.500000000000004 1.0000000180025095e-35 8.5000000000000018 20.500000000000004 13.500000000000002 5.5000000000000009 12.500000000000002 26.500000000000004 30.500000000000004 5.5000000000000009 14.500000000000002 17.500000000000004 7.5000000000000009 3.5000000000000004 2.5000000000000004 2.5000000000000004 25.500000000000004 1.5000000000000002
decision_type=2 2 2 2 2 2 2 2 2 2 2 2 2 2 2 2 2 2 2 2 2 2 2 2 2 2 2 2 2 2
left_child=3 2 4 8 6 9 -2 -6 23 -4 11 -9 -12 14 -10 16 17 22 19 20 21 -18 -15 24 -1 27 28 -20 -27 -17
right_child=1 -3 5 -5 7 -7 -8 10 13 -11 12 -13 -14 15 -16 29 18 -19 25 -21 -22 -23 -24 -25 -26 26 -28 -29 -30 -31
leaf_value=-0.024011586863419105 0.031601641138868153 -0.0046071636442005107 0.016728722748952048 -0.013208004864591323 0.012978722273300476 -0.038645625114440918 0.0084106938122066044 -0.023592333837859032 -0.010989553997149834 0.037557470170581864 0.021605032524376205 -0.00075415928399233812 -0.02045574837260776 -0.014035096168518066 0.028891495454545113 -0.038621860186258954 0.0014333579533114405 -0.0097348921784969622 0.027941376163113502 -0.019188793444297685 0.07559677731423152 0.019928444927235795 0.00075282888907006983 -0.034154547073624357 0.019152783334945619 0.014717851965515703 0.065177313265977074 -0.021175536955372568 -0.054353594779968262 -0.0074449907283525218
leaf_weight=29 139 787 783 922 247 21 619 246 52 159 132 471 45 260 102 75 334 1511 31 71 21 283 2102 22 259 27 27 209 20 148
leaf_count=29 139 787 783 922 247 21 619 246 52 159 132 471 45 260 102 75 334 1511 31 71 21 283 2102 22 259 27 27 209 20 148
internal_value=0 0.00636061 0.00937655 -0.003568 0.0045166 0.0189602 0.0126634 -0.000895551 -0.00197601 0.0202444 -0.00472882 -0.00858985 0.0109116 -0.00275837 0.0154252 -0.00330541 -0.00263927 -0.00433155 0.00376756 0.00894728 0.0120784 0.00991652 -0.00087497 0.0113317 0.0148064 -0.00792805 0.0144608 -0.0148313 -0.0146743 -0.0179305
internal_weight=0 3649 2862 6505 1899 963 758 1141 5583 942 894 717 177 5273 154 5119 4896 3873 1023 709 638 617 2362 310 288 314 74 240 47 223
internal_count=10154 3649 2862 6505 1899 963 758 1141 5583 942 894 717 177 5273 154 5119 4896 3873 1023 709 638 617 2362 310 288 314 74 240 47 223
shrinkage=0.1


Tree=12
num_leaves=31
num_cat=0
split_feature=0 6 12 3 10 2 3 11 0 8 7 3 1 15 13 13 4 12 10 2 1 9 15 0 12 3 11 2 7 5
split_gain=20.6096 11.8373 15.1099 8.48466 8.15193 7.84115 7.46599 6.34593 6.2081 6.07784 5.78956 8.13335 5.55036 7.14981 5.37288 7.49539 5.29993 5.29705 5.2028 5.86261 5.65729 5.29484 5.2883 4.97698 4.9519 5.85024 7.83153 6.30796 4.80281 4.60862
threshold=40.500000000000007 1.0000000180025095e-35 1.5000000000000002 47.500000000000007 1.0000000180025095e-35 44.500000000000007 21.500000000000004 1.5000000000000002 32.500000000000007 3.5000000000000004 13.500000000000002 4.5000000000000009 6.5000000000000009 18.500000000000004 11.500000000000002 22.500000000000004 2.5000000000000004 4.5000000000000009 3.5000000000000004 4.5000000000000009 4.5000000000000009 6.5000000000000009 34.500000000000007 11.500000000000002 3.5000000000000004 3.5000000000000004 2.5000000000000004 28.500000000000004 10.500000000000002 3.5000000000000004
decision_type=2 2 2 2 2 2 2 2 2 2 2 2 2 2 2 2 2 2 2 2 2 2 2 2 2 2 2 2 2 2
left_child=1 17 5 9 23 -3 7 10 18 14 -6 -12 13 28 -2 -16 -10 -1 19 -9 22 -20 24 -4 25 26 27 -21 -11 -22
right_child=3 2 4 -5 6 -7 -8 8 16 12 11 -13 -14 -15 15 -17 -18 -19 21 20 29 -23 -24 -25 -26 -27 -28 -29 -30 -31
leaf_value=-0.012092673221305639 0.01606763005256653 0.014657619919909977 -0.025665216404816199 -0.045402032136917118 0.0022176282452832301 -0.035126616738059301 -0.014109298395879061 0.037947240637408369 -0.0013160167843790675 0.0010590172583057036 0.070509873288018374 0.012251897234665722 0.025675278480732023 -0.01706390271400228 -0.076054553474698749 0.0036028610335456001 0.014548762696017004 -0.042526424618867728 -0.025226690893878745 0.021130736207962037 -0.00084335734502653066 -0.0062915436687174947 0.030815841414426504 0.017783825263894836 -0.016278818867228054 -0.0085950676234793078 -0.0067640071937016075 -0.024196880374635969 0.031621523428222408 0.012842674406020197
leaf_weight=476 48 766 29 23 203 33 515 36 477 93 35 76 481 81 21 27 377 65 196 250 2492 599 38 290 444 1210 350 35 115 273
leaf_count=476 48 766 29 23 203 33 515 36 477 93 35 76 481 81 21 27 377 65 196 250 2492 599 38 290 444 1210 350 35 115 273
internal_value=0 -0.00139555 -0.000505433 0.0145441 -0.00182687 0.0126014 -0.00248369 -0.00163936 -0.00228329 0.0161362 0.0122585 0.0306215 0.0190943 0.00814113 -0.00758981 -0.0312473 0.00568752 -0.0157492 -0.00343255 -0.00226559 -0.00254989 -0.0109598 -0.00618326 0.0138339 -0.00679748 -0.00451579 0.00325731 0.0155642 0.0179566 0.000507922
internal_weight=0 9265 8724 889 7925 799 7606 7091 6777 866 314 111 770 289 96 48 854 541 5923 5128 5092 795 2327 319 2289 1845 635 285 208 2765
internal_count=10154 9265 8724 889 7925 799 7606 7091 6777 866 314 111 770 289 96 48 854 541 5923 5128 5092 795 2327 319 2289 1845 635 285 208 2765
shrinkage=0.1


Tree=13
num_leaves=31
num_cat=0
split_feature=0 2 12 2 5 6 15 1 0 5 4 1 10 9 0 8 14 5 15 13 8 9 1 15 14 6 2 4 2 9
split_gain=16.6937 10.804 10.1998 7.42217 7.37283 6.89491 6.84903 9.30438 6.05742 7.82421 6.2805 7.55754 5.73399 5.77932 5.61046 5.59592 5.98867 5.22921 5.1476 5.00309 6.10744 4.98463 4.87201 5.33218 4.70712 6.57729 4.6748 4.63491 7.46418 6.19348
threshold=40.500000000000007 43.500000000000007 1.5000000000000002 9.5000000000000018 1.5000000000000002 1.0000000180025095e-35 1.5000000000000002 8.5000000000000018 27.500000000000004 1.5000000000000002 2.5000000000000004 24.500000000000004 2.5000000000000004 60.500000000000007 22.500000000000004 18.500000000000004 1.5000000000000002 3.5000000000000004 4.5000000000000009 14.500000000000002 17.500000000000004 3.5000000000000004 6.5000000000000009 18.500000000000004 57.500000000000007 1.5000000000000002 29.500000000000004 1.5000000000000002 12.500000000000002 13.500000000000002
decision_type=2 2 2 2 2 2 2 2 2 2 2 2 2 2 2 2 2 2 2 2 2 2 2 2 2 2 2 2 2 2
left_child=1 2 6 -4 -2 -5 17 -8 9 14 11 21 -12 15 -7 16 -14 26 -18 20 -3 -10 23 -6 25 -9 -1 28 -11 -29
right_child=4 19 3 5 22 8 7 24 10 27 12 -13 13 -15 -16 -17 18 -19 -20 -21 -22 -23 -24 -25 -26 -27 -28 29 -30 -31
leaf_value=0.041092224676806233 -0.015672969707736264 -0.016664784443304406 0.012454287712038919 -0.015867488530788631 0.01428565760669501 -0.01053263133874646 -0.0049733701461802541 -0.0072039644737712672 0.021313160775523438 -0.054414811815534314 0.018328266365203971 0.0451558032496409 0.045866844777403208 -0.047957726771181285 -0.038634162715503149 0.049577453044744646 0.025072641437873244 -0.016850732684135436 -0.005673772304841917 -0.03489335467891088 0.033937308511563707 -0.0052204619384042311 0.022212420646746146 -0.014778556863124343 -0.027334764386926381 0.030000410965362264 0.0021026456356048585 -0.0030561991931508368 -0.007222571323944044 0.0064321808703668021
leaf_weight=133 81 161 352 362 230 324 407 61 76 35 388 33 29 22 91 26 64 25 365 126 28 1035 491 87 21 215 40 3178 790 878
leaf_count=133 81 161 352 362 230 324 407 61 76 35 388 33 29 22 91 26 64 25 365 126 28 1035 491 87 21 215 40 3178 790 878
internal_value=0 -0.00125599 -0.000615353 -0.00174552 0.0130897 -0.00239499 0.00946847 0.00484724 -0.00173 -0.0035128 0.00290281 -0.00200458 0.00918252 0.00216957 -0.0166947 0.00444809 0.00188616 0.0258995 -0.00108689 -0.0194582 -0.00916818 -0.00340538 0.0159731 0.00630904 0.0183051 0.0217777 0.0320773 -0.00239203 -0.00922467 -0.00100225
internal_weight=0 9265 8950 8048 889 7696 902 704 7334 5296 2038 1144 894 506 415 484 458 198 429 315 189 1111 808 317 297 276 173 4881 825 4056
internal_count=10154 9265 8950 8048 889 7696 902 704 7334 5296 2038 1144 894 506 415 484 458 198 429 315 189 1111 808 317 297 276 173 4881 825 4056
shrinkage=0.1


Tree=14
num_leaves=31
num_cat=0
split_feature=0 10 2 3 1 15 14 0 3 4 0 11 14 6 7 8 2 8 13 13 6 15 15 15 9 14 12 12 2 12
split_gain=13.5219 9.11954 8.90054 6.61371 6.47801 9.65344 6.26433 6.9374 5.69993 7.29544 6.22728 5.58815 6.45706 5.52208 5.38843 5.0261 4.85823 5.3298 4.84556 6.89936 4.79393 4.82681 5.04442 4.72661 6.38928 7.44444 5.97275 6.45216 5.47892 5.18404
threshold=40.500000000000007 1.5000000000000002 37.500000000000007 47.500000000000007 13.500000000000002 24.500000000000004 34.500000000000007 14.500000000000002 5.5000000000000009 3.5000000000000004 31.500000000000004 1.5000000000000002 34.500000000000007 3.5000000000000004 10.500000000000002 3.5000000000000004 27.500000000000004 3.5000000000000004 11.500000000000002 18.500000000000004 1.5000000000000002 31.500000000000004 6.5000000000000009 1.5000000000000002 15.500000000000002 11.500000000000002 1.5000000000000002 1.0000000180025095e-35 4.5000000000000009 1.0000000180025095e-35
decision_type=2 2 2 2 2 2 2 2 2 2 2 2 2 2 2 2 2 2 2 2 2 2 2 2 2 2 2 2 2 2
left_child=1 6 4 16 8 14 20 -8 10 23 13 -11 18 -3 -6 -16 -2 -18 -13 -20 -1 22 -22 24 26 -26 27 -10 -25 -30
right_child=3 2 -4 -5 5 -7 7 -9 9 11 -12 12 -14 -15 15 -17 17 -19 19 -21 21 -23 -24 28 25 -27 -28 -29 29 -31
leaf_value=-0.012454304940130083 0.021519221040090544 -0.0024307014025895801 -0.012918370638985233 -0.041144971225572674 0.0031872662535884924 -0.013681217126357252 -0.025268823405106861 0.032952110415739977 -0.0066610355377197273 0.043038973212242128 0.016588132242831562 -0.011187825184957735 0.033628320848119668 0.011848940624565376 -0.013501180484890938 0.024045599842793308 -0.021421246429284415 0.010445703911041588 0.035999384341817917 -0.007678743414580822 0.011836942672012803 0.03073292907378445 -0.0014481242695998718 0.042916167378425601 0.077695852777232302 0.0077599236700269915 -0.014709143930201908 0.069542287886142737 0.01960887307837858 -0.01042065728035399
leaf_weight=163 387 2416 747 23 399 195 24 139 25 37 222 232 58 305 40 328 60 419 66 80 499 73 669 20 23 45 139 20 59 2242
leaf_count=163 387 2416 747 23 399 195 24 139 25 37 222 232 58 305 40 328 60 419 66 80 499 73 669 20 23 45 139 20 59 2242
internal_value=0 -0.00113039 -0.00254589 0.0117807 -0.0014312 0.00618585 0.00582335 0.0243797 -0.00265471 -0.00568711 0.000483832 0.00572721 0.00256084 -0.00083008 0.0112368 0.0199644 0.0131864 0.00645402 -0.00220613 0.0120662 0.00366901 0.00578674 0.0042276 -0.00778543 0.00522202 0.0314147 -0.00445789 0.0272071 -0.0091977 -0.00965067
internal_weight=0 9265 7698 889 6951 962 1567 163 5989 3046 2943 473 436 2721 767 368 866 479 378 146 1404 1241 1168 2573 252 68 184 45 2321 2301
internal_count=10154 9265 7698 889 6951 962 1567 163 5989 3046 2943 473 436 2721 767 368 866 479 378 146 1404 1241 1168 2573 252 68 184 45 2321 2301
shrinkage=0.1


Tree=15
num_leaves=31
num_cat=0
split_feature=0 2 15 2 5 2 13 4 13 5 1 1 13 0 3 15 7 1 6 11 8 14 8 1 14 12 6 1 14 13
split_gain=11.7414 8.54315 7.13189 8.62464 7.09908 6.72274 5.8331 5.34841 5.40941 6.56898 6.54143 5.29268 4.92624 4.72242 5.40433 5.49951 7.88299 4.60801 4.54267 4.96665 4.45456 4.88355 4.43843 4.39446 5.77954 8.50234 6.02554 4.35428 4.24152 6.08947
threshold=27.500000000000004 44.500000000000007 5.5000000000000009 17.500000000000004 2.5000000000000004 28.500000000000004 3.5000000000000004 3.5000000000000004 35.500000000000007 4.5000000000000009 1.0000000180025095e-35 1.0000000180025095e-35 31.500000000000004 43.500000000000007 9.5000000000000018 46.500000000000007 22.500000000000004 5.5000000000000009 3.5000000000000004 3.5000000000000004 9.5000000000000018 4.5000000000000009 21.500000000000004 21.500000000000004 6.5000000000000009 2.5000000000000004 2.5000000000000004 3.5000000000000004 15.500000000000002 8.5000000000000018
decision_type=2 2 2 2 2 2 2 2 2 2 2 2 2 2 2 2 2 2 2 2 2 2 2 2 2 2 2 2 2 2
left_child=5 2 -2 4 6 7 -4 8 9 12 -11 -6 -1 14 15 16 18 22 -5 -20 21 -9 -7 24 -8 26 -26 -15 -22 -30
right_child=1 -3 3 13 11 17 23 20 -10 10 -12 -13 -14 27 -16 -17 -18 -19 19 -21 28 -23 -24 -25 25 -27 -28 -29 29 -31
leaf_value=-0.0022904970979567077 0.013210009347023884 -0.014942239745045608 0.033060186107953388 -0.0028812941864773795 -0.0012936168246799045 -0.015761058432598639 0.024920777928444646 0.044198821981747946 -0.027392404908087198 -0.0096421160735189922 0.047615461810579844 0.033987537770066412 0.039792369412524363 -0.012921323627233507 -0.0074248938271465051 -0.033486356507790714 0.027935136604400081 -0.002626183849025238 0.028606152090315636 -0.012490573307362999 -0.010350276887068275 0.010836284805057396 0.013949730881938228 0.027995322981188377 -0.023682183468783344 -0.046838502608128448 0.046820035373622726 0.01819985997781419 0.046454710379624981 -0.0039791687361655703
leaf_weight=4248 932 212 48 558 54 730 31 54 82 32 53 200 28 56 869 38 131 718 104 41 171 234 54 31 27 67 22 228 39 62
leaf_count=4248 932 212 48 558 54 730 31 54 82 32 53 200 28 56 869 38 131 718 104 41 171 234 54 31 27 67 22 228 39 62
internal_value=0 0.00454023 0.00574194 0.0029634 0.0150154 -0.00254685 0.0021227 -0.000785408 -0.0019462 -0.00146773 0.0260597 0.0264868 -0.00201493 0.00010663 -0.0018438 0.0037181 0.00541327 -0.00841404 0.00121645 0.0169857 0.00842421 0.0170918 -0.0137147 -0.00621999 -0.0134355 -0.0236858 0.00797187 0.0120633 -0.000753206 0.0154953
internal_weight=0 3649 3437 2505 480 6505 226 5003 4443 4361 85 254 4276 2025 1741 872 834 1502 703 145 560 288 784 178 147 116 49 284 272 101
internal_count=10154 3649 3437 2505 480 6505 226 5003 4443 4361 85 254 4276 2025 1741 872 834 1502 703 145 560 288 784 178 147 116 49 284 272 101
shrinkage=0.1


Tree=16
num_leaves=31
num_cat=0
split_feature=0 2 15 1 5 8 14 2 12 13 1 2 2 8 13 3 0 7 9 0 1 3 13 9 12 15 2 1 1 13
split_gain=9.70797 8.6396 6.5043 7.68302 7.4951 6.48353 11.0993 6.00864 5.54915 5.50339 5.32597 5.68092 5.01179 6.34531 5.12919 6.05347 5.08337 4.65685 4.70348 4.65016 4.97155 6.79044 5.02896 6.3273 5.28996 5.16717 4.4816 4.47374 4.37496 5.04122
threshold=24.500000000000004 39.500000000000007 1.5000000000000002 10.500000000000002 2.5000000000000004 13.500000000000002 15.500000000000002 16.500000000000004 2.5000000000000004 6.5000000000000009 1.0000000180025095e-35 25.500000000000004 32.500000000000007 31.500000000000004 9.5000000000000018 10.500000000000002 44.500000000000007 11.500000000000002 15.500000000000002 47.500000000000007 6.5000000000000009 25.500000000000004 12.500000000000002 9.5000000000000018 2.5000000000000004 16.500000000000004 19.500000000000004 24.500000000000004 5.5000000000000009 14.500000000000002
decision_type=2 2 2 2 2 2 2 2 2 2 2 2 2 2 2 2 2 2 2 2 2 2 2 2 2 2 2 2 2 2
left_child=7 2 -2 4 9 10 -7 8 -1 -4 11 17 13 -5 15 -14 -16 26 -19 20 -3 22 23 24 -22 -25 -6 -24 -10 -30
right_child=1 19 3 12 5 6 -8 -9 28 -11 -12 -13 14 -15 16 -17 -18 18 -20 -21 21 -23 27 25 -26 -27 -28 -29 29 -31
leaf_value=0.010825684554272965 0.018138640505926951 -0.021179512338346793 0.0030602650144399505 0.015470712497534062 -0.034986567326954432 -0.023276337214999582 0.015424780792091043 -0.0044131449457532551 -0.011430801668409575 -0.011139402789869409 0.014857190340623126 -0.015593782222519318 0.034914187353048756 -0.037735838892505223 -0.019762226918213804 -0.0086274738683075197 0.029139021158218384 0.0096921820238412143 0.052972731656498385 0.025624994933605195 0.016841883026063442 -0.023302629590034485 -0.021819160478871044 0.013647268956357783 -0.046857733753594484 0.060548999614831879 0.015989677695667042 0.023312016626199087 0.017931707385632632 -0.018566832863367522
leaf_weight=557 350 229 462 880 35 176 128 4491 295 667 666 144 67 23 142 61 25 83 36 40 32 110 82 55 22 41 34 30 139 52
leaf_count=557 350 229 462 880 35 176 128 4491 295 667 666 144 67 23 142 61 25 83 36 40 32 110 82 55 22 41 34 30 139 52
internal_value=0 0.00338411 0.00511978 0.00386417 0.00063413 0.00580469 -0.00698113 -0.00282519 0.00401232 -0.00532873 0.00969937 -0.000647337 0.0104186 0.0141155 -0.00089758 0.0141639 -0.0124417 0.010801 0.0227855 -0.00739006 -0.0095874 -0.0024514 0.00630293 0.0182745 -0.00910981 0.0336782 -0.00986784 -0.00973045 -0.00379641 0.00799493
internal_weight=0 4620 3979 3629 2431 1302 304 5534 1043 1129 998 332 1198 903 295 128 167 188 119 641 601 372 262 150 54 96 69 112 486 191
internal_count=10154 4620 3979 3629 2431 1302 304 5534 1043 1129 998 332 1198 903 295 128 167 188 119 641 601 372 262 150 54 96 69 112 486 191
shrinkage=0.1


Tree=17
num_leaves=31
num_cat=0
split_feature=0 6 12 5 3 13 14 9 12 15 11 13 0 6 15 2 2 0 13 12 8 3 3 15 2 0 1 8 14 13
split_gain=8.36952 7.55157 8.00607 5.71619 5.4371 7.44291 8.12085 6.31085 12.0149 10.2407 6.23423 5.35853 5.39889 5.00318 4.8039 4.49278 3.98454 3.98054 4.99854 3.97739 3.91873 3.8355 4.77356 4.36129 4.04082 6.25785 4.99333 6.85185 4.10481 4.05189
threshold=40.500000000000007 1.0000000180025095e-35 1.5000000000000002 1.5000000000000002 7.5000000000000009 8.5000000000000018 10.500000000000002 10.500000000000002 2.5000000000000004 31.500000000000004 1.5000000000000002 6.5000000000000009 29.500000000000004 2.5000000000000004 7.5000000000000009 44.500000000000007 4.5000000000000009 18.500000000000004 1.0000000180025095e-35 4.5000000000000009 6.5000000000000009 3.5000000000000004 7.5000000000000009 6.5000000000000009 31.500000000000004 24.500000000000004 5.5000000000000009 8.5000000000000018 12.500000000000002 5.5000000000000009
decision_type=2 2 2 2 2 2 2 2 2 2 2 2 2 2 2 2 2 2 2 2 2 2 2 2 2 2 2 2 2 2
left_child=1 19 15 -2 5 6 7 8 -4 11 13 12 14 -7 -9 21 -6 18 -8 -1 -13 -3 -23 24 26 -26 27 -24 -29 -28
right_child=3 2 4 -5 16 10 17 9 -10 -11 -12 20 -14 -15 -16 -17 -18 -19 -20 -21 -22 22 23 -25 25 -27 29 28 -30 -31
leaf_value=-0.0091853255859944 -0.016057574528234978 0.020906304864911365 0.0031243672691674599 0.011807237388473927 0.032127669453620909 -0.0077042460441589357 0.042967328098085192 0.012970410988611333 -0.018891935556223899 0.074596433132886886 -0.0045891847913966995 -0.00041389380182538715 0.02986595829327901 0.040329416906624511 -0.020840461687608201 -0.026765537261962891 -0.0044780013351626768 0.017344113106910999 -0.0025680054956012301 -0.035556988395177402 0.045686418590722262 -0.0073647158125699583 0.045810915902256971 -0.0025908681826713759 -0.04669414356350899 0.023800303655512195 0.016870273120941654 0.01845494031906128 -0.042886263877153399 0.06207832799377766
leaf_weight=476 81 256 996 808 30 35 27 68 330 25 1929 28 48 57 110 33 3378 585 225 65 54 177 32 117 20 34 31 20 24 55
leaf_count=476 81 256 996 808 30 35 27 68 330 25 1929 28 48 57 110 33 3378 585 225 65 54 177 32 117 20 34 31 20 24 55
internal_value=0 -0.000889324 -0.000178378 0.00926837 -0.00114027 0.00113488 0.00478752 0.000735999 -0.0023548 0.0130435 -0.00337625 0.00804734 0.000102226 0.0220557 -0.00792395 0.00936227 -0.00415577 0.0128179 0.00231078 -0.0123538 0.0299448 0.0109187 0.0059053 0.0129587 0.0213814 -0.00230875 0.0292782 0.0106023 -0.0150039 0.0457824
internal_weight=0 9265 8724 889 7925 4517 2496 1659 1326 333 2021 308 226 92 178 799 3408 837 252 541 82 766 510 333 216 54 162 76 44 86
internal_count=10154 9265 8724 889 7925 4517 2496 1659 1326 333 2021 308 226 92 178 799 3408 837 252 541 82 766 510 333 216 54 162 76 44 86
shrinkage=0.1


Tree=18
num_leaves=31
num_cat=0
split_feature=0 2 10 12 8 11 15 6 10 14 8 0 14 5 9 0 4 7 15 4 13 14 1 1 15 1 0 15 0 15
split_gain=7.064 7.67582 7.745 6.36048 6.13523 5.58668 5.29613 5.29377 5.88325 5.29183 6.54786 5.07359 4.80802 5.1702 4.75042 4.6626 4.59086 4.97295 4.44905 7.27156 4.57396 4.56404 4.43649 7.24696 4.70641 4.25367 4.35532 4.19829 4.1892 4.13396
threshold=19.500000000000004 20.500000000000004 1.5000000000000002 1.5000000000000002 3.5000000000000004 1.5000000000000002 106.50000000000001 3.5000000000000004 3.5000000000000004 8.5000000000000018 5.5000000000000009 14.500000000000002 19.500000000000004 1.5000000000000002 12.500000000000002 35.500000000000007 1.5000000000000002 20.500000000000004 7.5000000000000009 1.5000000000000002 3.5000000000000004 21.500000000000004 10.500000000000002 5.5000000000000009 6.5000000000000009 9.5000000000000018 13.500000000000002 77.500000000000014 29.500000000000004 24.500000000000004
decision_type=2 2 2 2 2 2 2 2 2 2 2 2 2 2 2 2 2 2 2 2 2 2 2 2 2 2 2 2 2 2
left_child=5 2 -2 -3 12 9 27 8 -7 10 -1 -11 16 -14 -10 18 -5 22 19 21 -20 28 23 24 -18 26 -12 -6 -4 -17
right_child=1 3 15 4 6 7 -8 -9 14 11 25 -13 13 -15 -16 29 17 -19 20 -21 -22 -23 -24 -25 -26 -27 -28 -29 -30 -31
leaf_value=-0.012787320954459057 0.018761187259371231 0.0090224819603030911 -0.014222722476528539 -0.048212656736373899 -0.0010465038625841667 -0.0055345741642169122 -0.052304513305425654 0.0043737993109971285 -0.030221453158462305 -0.041211592555046084 0.048696875721216205 0.015210311553057502 -0.020380164163057195 0.02648815873723764 -0.0027855860245855233 0.0081722895656503852 -0.020886843403180443 -0.040696405946162716 -0.019323752273487139 0.0086946995285162049 -0.00027046342083878838 -0.056275811791419987 0.023048252249375369 -0.046209822443066817 0.023631329168664648 0.078829435855150232 -0.00079927965998649597 0.032809533702360616 0.035097017586231231 0.033596492274886085
leaf_weight=35 396 572 124 50 3632 1859 20 448 188 30 40 34 43 52 95 268 48 57 158 1033 622 22 39 49 47 20 32 37 20 84
leaf_count=35 396 572 124 50 3632 1859 20 448 188 30 40 34 43 52 95 268 48 57 158 1033 622 22 39 49 47 20 32 37 20 84
internal_value=0 0.00161989 0.00583139 -0.000852081 -0.00223849 -0.00429466 -0.00098483 -0.00551181 -0.00757938 0.0122101 0.0240262 -0.0112375 -0.0142509 0.00527408 -0.0210115 0.00363483 -0.020647 -0.0149041 0.00174861 0.00557288 -0.00412998 -0.0138539 -0.00687047 -0.0149735 0.00113794 0.0380314 0.0266986 -0.000705083 -0.00737276 0.0142394
internal_weight=0 7373 2727 4646 4074 2781 3689 2590 2142 191 127 64 385 95 283 2331 290 240 1979 1199 780 166 183 144 95 92 72 3669 144 352
internal_count=10154 7373 2727 4646 4074 2781 3689 2590 2142 191 127 64 385 95 283 2331 290 240 1979 1199 780 166 183 144 95 92 72 3669 144 352
shrinkage=0.1


Tree=19
num_leaves=31
num_cat=0
split_feature=5 1 15 2 2 5 6 15 10 14 12 0 0 14 2 3 13 1 15 14 14 7 7 4 12 10 0 8 3 9
split_gain=6.47222 6.8557 6.9255 5.97766 5.26917 5.65492 5.72042 7.96012 5.40198 5.19142 5.09228 5.11794 5.23541 4.89791 4.41967 4.39983 5.85568 5.56981 4.70627 4.9636 4.58262 4.34493 5.5056 5.38835 4.89444 4.30783 4.05527 4.7873 5.57897 4.99231
threshold=1.0000000180025095e-35 11.500000000000002 7.5000000000000009 21.500000000000004 8.5000000000000018 2.5000000000000004 4.5000000000000009 12.500000000000002 2.5000000000000004 20.500000000000004 2.5000000000000004 16.500000000000004 14.500000000000002 2.5000000000000004 26.500000000000004 3.5000000000000004 21.500000000000004 2.5000000000000004 3.5000000000000004 5.5000000000000009 19.500000000000004 9.5000000000000018 52.500000000000007 2.5000000000000004 1.5000000000000002 2.5000000000000004 20.500000000000004 10.500000000000002 2.5000000000000004 21.500000000000004
decision_type=2 2 2 2 2 2 2 2 2 2 2 2 2 2 2 2 2 2 2 2 2 2 2 2 2 2 2 2 2 2
left_child=-1 2 10 -3 -4 6 13 -8 -9 21 15 12 -12 -6 -11 18 17 -17 20 25 -2 23 24 -7 -23 -20 27 -5 -29 -30
right_child=1 3 4 26 5 9 7 8 -10 14 11 -13 -14 -15 -16 16 -18 -19 19 -21 -22 22 -24 -25 -26 -27 -28 28 29 -31
leaf_value=-0.028882072401511208 0.014010669996044528 0.012191275764857569 0.015528909873774671 0.0048714416087978947 0.0018653676196029693 -0.015403133857472721 -0.019577770854564424 0.056309544046719874 -0.00039552322455814904 0.020826913068691891 -0.0074209309683905718 -0.00026219827403505165 -0.037630341966430864 -0.012989353792610948 -0.0027693159563440674 -0.0059857267757348603 0.022305378850017276 0.0046012990547289771 0.025742417435313383 -0.0051877824490180642 0.047354624816711918 -0.035399710759520531 -0.04400755499417966 0.0095133219535152129 0.0046071381285159438 -0.0090870282479694909 0.0040034267771634239 0.012153199166059496 -0.039359321515515168 0.015112000852823257
leaf_weight=77 335 775 127 137 264 442 47 42 28 180 225 996 77 1394 142 866 126 1166 129 281 47 32 26 108 689 49 1181 40 106 20
leaf_count=77 335 775 127 137 264 442 47 42 28 180 225 996 77 1394 142 866 126 1166 129 281 47 32 26 108 689 49 1181 40 106 20
internal_value=0 0.000220693 -0.00118138 0.00507302 -0.00446935 -0.00521766 -0.00911602 0.0122545 0.0336275 -0.000943678 0.00151281 -0.00371987 -0.0151233 -0.0106241 0.0104211 0.00377757 0.00138645 8.93087e-05 0.00991318 0.00308876 0.0181132 -0.00376516 0.00120125 -0.0105104 0.00283152 0.0161545 0.0013556 -0.00896479 -0.0203839 -0.0307131
internal_weight=0 10077 7818 2259 3521 3394 1775 117 70 1619 4297 1298 302 1658 322 2999 2158 2032 841 459 382 1297 747 550 721 178 1484 303 166 126
internal_count=10154 10077 7818 2259 3521 3394 1775 117 70 1619 4297 1298 302 1658 322 2999 2158 2032 841 459 382 1297 747 550 721 178 1484 303 166 126
shrinkage=0.1


Tree=20
num_leaves=31
num_cat=0
split_feature=0 13 2 1 2 0 8 8 2 7 14 1 8 2 14 11 15 9 8 10 3 7 12 14 7 7 8 15 5 9
split_gain=6.02195 5.66828 7.17085 6.42359 7.38991 5.75426 5.56883 8.7305 7.50412 5.45228 9.8231 6.6407 8.40568 7.30778 5.59129 6.58811 5.21312 6.2749 5.0111 5.35953 4.93026 5.39698 4.79205 4.78649 6.28648 5.02518 4.74869 4.56705 4.4425 4.89866
threshold=43.500000000000007 8.5000000000000018 44.500000000000007 5.5000000000000009 15.500000000000002 25.500000000000004 14.500000000000002 12.500000000000002 36.500000000000007 11.500000000000002 8.5000000000000018 11.500000000000002 19.500000000000004 18.500000000000004 20.500000000000004 1.5000000000000002 1.5000000000000002 12.500000000000002 43.500000000000007 2.5000000000000004 11.500000000000002 15.500000000000002 2.5000000000000004 12.500000000000002 7.5000000000000009 10.500000000000002 3.5000000000000004 4.5000000000000009 1.5000000000000002 17.500000000000004
decision_type=2 2 2 2 2 2 2 2 2 2 2 2 2 2 2 2 2 2 2 2 2 2 2 2 2 2 2 2 2 2
left_child=1 3 9 6 -5 -6 7 -1 23 10 16 -12 13 -13 15 -11 17 -3 19 -8 21 -17 -21 24 -9 -25 -23 -28 29 -7
right_child=-2 2 -4 4 5 28 18 8 -10 14 11 12 -14 -15 -16 20 -18 -19 -20 22 -22 26 -24 25 -26 -27 27 -29 -30 -31
leaf_value=-0.0014960814899776453 0.010387777679358629 0.0061980520611378681 -0.023938435454916512 0.019596846522511664 -0.0017199065649606154 -0.042276660601298019 -0.025325506703798163 0.043342592599599258 -0.040156859755516056 0.019767292751930655 -0.016760143961215244 0.032350777183906942 -0.043958721209216761 -0.0041324199073844489 0.0098609193218098662 0.0086083366741938182 -0.0011296868106773451 0.061227006018161778 0.03458887413144112 -0.018578150359595695 -0.012996027904727529 -0.034486873908476399 0.030715421351947284 0.015180165013846229 -0.0016181355342268944 0.066625662737114497 0.014392008009282026 -0.0089205146840449136 0.012038427245366823 0.013082661551813927
leaf_weight=2592 529 67 161 333 986 33 215 46 20 128 852 79 37 180 554 413 942 30 20 41 418 55 38 34 96 43 110 356 715 31
leaf_count=2592 529 67 161 333 986 33 215 46 20 128 852 79 37 180 554 413 942 30 20 41 418 55 38 34 96 43 110 356 715 31
internal_value=0 -0.000570923 -0.0032254 0.00164764 0.00593319 0.00335529 -0.00121121 0.000190204 0.0184783 -0.00243535 -0.00590138 -0.0122772 0.000626362 0.00699566 0.0012914 -0.00191638 0.00114333 0.0232173 -0.0138463 -0.0171412 -0.00396927 7.05382e-05 0.00513268 0.0238331 0.0129466 0.0439095 -0.00669743 -0.00341756 0.00977909 -0.015462
internal_weight=0 9625 4382 5243 2098 1765 3145 2831 239 4221 2187 1148 296 259 2034 1480 1039 97 314 294 1352 934 79 219 142 77 521 466 779 64
internal_count=10154 9625 4382 5243 2098 1765 3145 2831 239 4221 2187 1148 296 259 2034 1480 1039 97 314 294 1352 934 79 219 142 77 521 466 779 64
shrinkage=0.1


Tree=21
num_leaves=31
num_cat=0
split_feature=5 12 9 2 14 8 3 0 5 12 7 6 6 14 2 7 15 10 13 3 1 14 0 9 7 0 13 13 8 0
split_gain=5.1379 5.23749 4.7926 5.2603 5.46077 7.6165 6.16146 5.87681 5.45725 5.91431 4.85085 4.49694 4.47099 5.31886 4.44258 4.42164 5.44334 4.32369 3.98479 6.37272 3.91963 3.9261 5.1471 4.50092 6.72088 3.92854 3.81384 5.80347 5.70395 8.79608
threshold=1.0000000180025095e-35 1.5000000000000002 4.5000000000000009 22.500000000000004 4.5000000000000009 11.500000000000002 4.5000000000000009 37.500000000000007 4.5000000000000009 4.5000000000000009 7.5000000000000009 3.5000000000000004 3.5000000000000004 16.500000000000004 4.5000000000000009 12.500000000000002 5.5000000000000009 2.5000000000000004 44.500000000000007 27.500000000000004 14.500000000000002 33.500000000000007 17.500000000000004 17.500000000000004 9.5000000000000018 23.500000000000004 15.500000000000002 13.500000000000002 13.500000000000002 31.500000000000004
decision_type=2 2 2 2 2 2 2 2 2 2 2 2 2 2 2 2 2 2 2 2 2 2 2 2 2 2 2 2 2 2
left_child=-1 -2 -3 4 5 6 15 8 9 14 -7 -9 13 17 -6 16 -4 -5 19 26 -16 22 -22 24 -24 -26 27 28 29 -14
right_child=1 2 3 12 7 10 -8 11 -10 -11 -12 -13 18 -15 20 -17 -18 -19 -20 -21 21 -23 23 -25 25 -27 -28 -29 -30 -31
leaf_value=-0.025733243374081401 0.0068180111861240109 -0.0057426463274740016 0.067884524663289397 -0.0027044042443476785 0.035257910151739381 0.014555554686391609 0.01219073156947675 0.024295783364459089 0.029060977789071893 -0.019432590200908876 -0.028346299181381863 -0.0030482778156345541 -0.0076057244991434032 0.0036967003533056571 -0.00080291460556696458 0.069960415694448691 0.0057720293832379723 -0.011469971649790788 0.029666346465719157 -0.027481154707761912 -0.015891086889637841 -0.022533636843716658 -0.0065206528198523605 0.057069441965884642 0.071979135274887085 0.019449802807399205 -0.0070989981934588449 0.049511971368509183 0.027130698095317242 0.02704788025240509
leaf_weight=77 1068 1503 21 1432 37 47 230 190 65 152 60 88 290 715 2405 36 43 927 58 65 36 27 61 36 24 35 186 34 108 98
leaf_count=77 1068 1503 21 1432 37 47 230 190 65 152 60 88 290 715 2405 36 43 927 58 65 36 27 61 36 24 35 186 34 108 98
internal_value=0 0.000196632 -0.00058832 0.000443781 0.00320644 0.0136832 0.0212007 0.00175576 0.000414607 -0.000247325 -0.00950156 0.0156401 -0.00209295 -0.00385889 0.000848564 0.0419235 0.0261527 -0.00614895 0.00437725 0.00249919 0.000363371 0.0131712 0.0181922 0.0260576 0.016754 0.0408177 0.00522087 0.00954444 0.00680473 0.00114699
internal_weight=0 10077 9009 7506 3593 437 330 3156 2878 2813 107 278 3913 3074 2661 100 64 2359 839 781 2624 219 192 156 120 59 716 530 496 388
internal_count=10154 10077 9009 7506 3593 437 330 3156 2878 2813 107 278 3913 3074 2661 100 64 2359 839 781 2624 219 192 156 120 59 716 530 496 388
shrinkage=0.1


Tree=22
num_leaves=31
num_cat=0
split_feature=6 12 0 3 5 14 0 12 7 9 3 0 7 13 13 13 2 15 15 4 2 15 13 9 15 14 1 0 4 8
split_gain=4.92248 5.23074 4.44265 3.99013 4.85943 5.06834 6.64719 3.74054 4.66151 5.97816 4.66337 4.00087 4.23752 3.66119 3.65369 3.62231 3.37399 3.24002 3.16056 3.11083 9.41947 4.25976 4.61224 4.4752 5.58714 10.423 4.72816 4.30417 6.7296 5.46841
threshold=1.0000000180025095e-35 1.5000000000000002 43.500000000000007 21.500000000000004 2.5000000000000004 8.5000000000000018 38.500000000000007 4.5000000000000009 12.500000000000002 5.5000000000000009 3.5000000000000004 38.500000000000007 14.500000000000002 9.5000000000000018 82.500000000000014 54.500000000000007 45.500000000000007 8.5000000000000018 12.500000000000002 3.5000000000000004 36.500000000000007 70.500000000000014 14.500000000000002 18.500000000000004 10.500000000000002 42.500000000000007 10.500000000000002 32.500000000000007 2.5000000000000004 13.500000000000002
decision_type=2 2 2 2 2 2 2 2 2 2 2 2 2 2 2 2 2 2 2 2 2 2 2 2 2 2 2 2 2 2
left_child=7 16 3 14 17 13 -7 8 10 11 -1 12 -10 -6 15 19 -2 -5 -12 21 -21 22 23 27 -25 26 -26 -3 29 -29
right_child=1 2 -4 4 5 6 -8 -9 9 -11 18 -13 -14 -15 -16 -17 -18 -19 -20 20 -22 -23 -24 24 25 -27 -28 28 -30 -31
leaf_value=-0.041394085437059407 0.0088179507519177396 -0.0019602144162888867 0.010188793763518333 -0.032695675333556926 -0.0032087418166073887 -0.014968528559333401 0.026166543539832623 -0.029430210551148969 0.024358728184149817 0.028660907575653663 -0.0013619244945320217 0.029024915716477803 -0.020171515382826327 0.049456525752038669 0.038868999853730206 -0.024480536115951228 -0.023737647181207484 -0.010558618154931577 -0.026882573117071124 0.0093812380718962841 -0.016133556437903439 0.036769756078720094 -0.0071486866646709533 -0.000307093778086594 0.013825946024485997 -0.043787000417709353 0.041260346983160293 0.0051600815049398724 0.026166081579623524 -0.032063010632991794
leaf_weight=52 901 4249 392 92 22 171 51 76 26 72 176 28 120 33 24 61 33 235 67 859 174 30 1026 377 175 25 98 321 143 45
leaf_count=52 901 4249 392 92 22 171 51 76 26 72 176 28 120 33 24 61 33 235 67 859 174 30 1026 377 175 25 98 321 143 45
internal_value=0 0.000560029 -0.000211628 -0.000708153 -0.00853134 0.00121425 -0.00551858 -0.00865639 -0.00573807 0.00442694 -0.0142147 -0.0056009 -0.0122415 0.0283904 -8.6988e-05 -0.000210283 0.0076677 -0.0167868 -0.00839848 -1.34619e-05 0.00508349 -0.000824858 -0.000999473 0.000161781 0.00778164 0.0180147 0.0236742 -0.00091922 0.00777073 0.000583472
internal_weight=0 9537 8603 8211 604 277 222 617 541 246 295 174 146 55 7607 7583 934 327 243 7522 1033 6489 6459 5433 675 298 273 4758 509 366
internal_count=10154 9537 8603 8211 604 277 222 617 541 246 295 174 146 55 7607 7583 934 327 243 7522 1033 6489 6459 5433 675 298 273 4758 509 366
shrinkage=0.1


Tree=23
num_leaves=31
num_cat=0
split_feature=5 0 11 1 13 3 15 12 13 14 9 15 0 9 9 2 15 7 0 9 2 1 15 15 7 15 13 1 14 13
split_gain=4.68862 4.92598 4.80106 4.60605 5.34532 4.40853 5.69649 12.1148 5.8627 5.91542 5.49974 5.13387 4.38551 4.31923 5.64805 4.25854 5.43813 8.25028 4.25794 4.18104 4.16323 4.58754 4.15439 4.1522 3.69694 6.14481 3.61525 3.51342 3.84758 4.97632
threshold=1.5000000000000002 40.500000000000007 1.5000000000000002 18.500000000000004 7.5000000000000009 3.5000000000000004 3.5000000000000004 3.5000000000000004 1.5000000000000002 52.500000000000007 11.500000000000002 26.500000000000004 19.500000000000004 38.500000000000007 29.500000000000004 36.500000000000007 10.500000000000002 8.5000000000000018 12.500000000000002 6.5000000000000009 9.5000000000000018 15.500000000000002 9.5000000000000018 2.5000000000000004 22.500000000000004 21.500000000000004 1.0000000180025095e-35 17.500000000000004 30.500000000000004 7.5000000000000009
decision_type=2 2 2 2 2 2 2 2 2 2 2 2 2 2 2 2 2 2 2 2 2 2 2 2 2 2 2 2 2 2
left_child=20 2 3 -2 -5 6 7 10 11 15 18 -8 19 14 26 -10 -17 -18 -4 -7 22 -22 -1 -12 25 -16 -14 -28 -29 -30
right_child=1 -3 5 4 -6 12 8 -9 9 -11 23 -13 13 -15 24 16 17 -19 -20 -21 21 -23 -24 -25 -26 -27 27 28 29 -31
leaf_value=0.044782763123512273 0.016092019156851 0.0081452469276909797 -0.017529115080833435 0.024931172430515292 -0.040585669875144961 -0.01552116947666723 0.01048772474527359 -0.029392128990542506 -0.00045924494123836571 0.046013925167230463 0.025717515382968206 0.057861057562487467 -0.012075453269772413 -0.014696107752621174 0.0240153161831844 -0.040512903105644954 -0.043204758167266849 0.022648774775174949 0.015914433745734664 -0.0035408116601131582 -0.013616679953662931 0.0019561064731088477 -0.0037036671194919319 0.071189970629555843 0.049478288943117316 -0.034553256112596263 -0.00043815172492741829 0.018518298923969268 -0.050831386148929597 0.0078639797293222884
leaf_weight=30 303 808 43 20 33 392 125 62 1476 26 71 28 246 200 81 63 30 52 332 1134 592 278 43 28 33 23 3330 200 20 52
leaf_count=30 303 808 43 20 33 392 125 62 1476 26 71 28 246 200 81 63 30 52 332 1134 592 278 43 28 33 23 3330 200 20 52
internal_value=0 0.000687553 -2.95499e-05 0.0113348 -0.0158623 -0.000532308 0.00312742 0.0121768 0.000432707 -0.00130674 0.0176141 0.0191574 -0.00202927 -0.000355931 0.000363777 -0.00206574 -0.0184188 -0.00144398 0.0120796 -0.00661833 -0.00671586 -0.00864055 0.0162223 0.0385784 0.0203161 0.0110627 -0.000346582 0.000454446 0.0113822 -0.00844029
internal_weight=0 9211 8403 356 53 8047 2336 536 1800 1647 474 153 5711 4185 3985 1621 145 82 375 1526 943 870 73 99 137 104 3848 3602 272 72
internal_count=10154 9211 8403 356 53 8047 2336 536 1800 1647 474 153 5711 4185 3985 1621 145 82 375 1526 943 870 73 99 137 104 3848 3602 272 72
shrinkage=0.1


Tree=24
num_leaves=31
num_cat=0
split_feature=2 0 3 14 10 11 12 2 7 9 10 7 7 13 2 12 11 1 9 14 0 9 13 5 6 0 13 0 1 11
split_gain=4.28865 4.46953 3.7667 7.00022 4.36701 5.17972 4.20784 3.97373 3.97096 3.69012 3.61237 3.64014 4.36226 3.30872 3.23257 3.73299 3.79276 4.85847 3.97258 3.64739 4.30507 3.57496 3.99259 4.11395 3.49227 3.95743 3.70754 3.45074 3.07342 3.01076
threshold=44.500000000000007 24.500000000000004 11.500000000000002 18.500000000000004 5.5000000000000009 1.5000000000000002 5.5000000000000009 15.500000000000002 41.500000000000007 13.500000000000002 4.5000000000000009 26.500000000000004 22.500000000000004 25.500000000000004 16.500000000000004 2.5000000000000004 2.5000000000000004 8.5000000000000018 7.5000000000000009 6.5000000000000009 12.500000000000002 14.500000000000002 5.5000000000000009 2.5000000000000004 3.5000000000000004 22.500000000000004 3.5000000000000004 17.500000000000004 18.500000000000004 2.5000000000000004
decision_type=2 2 2 2 2 2 2 2 2 2 2 2 2 2 2 2 2 2 2 2 2 2 2 2 2 2 2 2 2 2
left_child=1 14 6 4 5 7 8 -4 28 -9 11 12 -2 -10 15 19 17 -17 -19 20 -1 -18 -23 -24 25 -21 -26 -22 29 -3
right_child=10 2 3 -5 -6 -7 -8 9 13 -11 -12 -13 -14 -15 -16 16 21 18 -20 24 27 22 23 -25 26 -27 -28 -29 -30 -31
leaf_value=0.060404808759689337 -0.0053649813433488212 0.0079247367270208618 0.053418012098832568 0.0069701164405186243 -0.050397087701342325 -0.0078895276895275829 -0.028029716328570722 0.031570580782312334 0.033153254301710559 -0.01151355528831482 -0.042246198303559246 -0.02535349843372782 0.04386384963989258 -0.0057945399448789403 -0.0027295781873276502 -0.0017056392089834491 -0.021728282881109683 -0.0020081092913945514 0.053629264687046867 0.003501662401944999 -0.010136337343015169 0.042017922089213421 -0.031398538105628072 0.022038932800292968 -0.0084710421562194833 -0.03204401459012713 0.038246720523204443 0.026248292355652316 0.014364873989678895 0.00051586330365791595
leaf_weight=25 180 906 22 657 22 864 38 33 88 50 34 83 20 29 4405 206 146 21 33 298 38 21 34 25 25 35 53 83 290 1390
leaf_count=25 180 906 22 657 22 864 38 33 88 50 34 83 20 29 4405 206 146 21 33 298 38 21 34 25 25 35 53 83 290 1390
internal_value=0 0.000368927 0.00274377 -0.00103433 -0.00634101 -0.00534077 0.00501532 0.0156319 0.00547988 0.00561628 -0.0114484 -0.00774827 -0.000442098 0.0234995 -0.00154429 0.00346166 -0.002943 0.00529321 0.0319925 0.00904992 0.022627 -0.0124183 0.00457249 -0.00875554 0.0042269 -0.00023437 0.0232731 0.0148217 0.00466461 0.0034394
internal_weight=0 9837 4389 1648 991 969 2741 105 2703 83 317 283 200 117 5448 1043 486 260 54 557 146 226 80 59 411 333 78 121 2586 2296
internal_count=10154 9837 4389 1648 991 969 2741 105 2703 83 317 283 200 117 5448 1043 486 260 54 557 146 226 80 59 411 333 78 121 2586 2296
shrinkage=0.1


Tree=25
num_leaves=31
num_cat=0
split_feature=15 4 5 0 11 6 3 14 2 13 0 15 13 15 13 3 1 13 3 1 5 2 14 15 2 14 15 1 2 14
split_gain=4.12682 3.79237 4.07452 5.14599 4.47012 3.6195 4.28823 3.52335 4.89035 4.51896 4.47969 4.43245 3.84995 3.84614 3.40696 9.22324 3.38553 3.5156 3.88286 4.35365 5.22498 5.09502 4.89244 3.93324 3.92459 8.07908 7.05099 4.3021 4.29312 3.89762
threshold=113.00000000000001 1.0000000180025095e-35 1.5000000000000002 40.500000000000007 1.5000000000000002 2.5000000000000004 18.500000000000004 4.5000000000000009 17.500000000000004 5.5000000000000009 13.500000000000002 8.5000000000000018 11.500000000000002 4.5000000000000009 2.5000000000000004 1.5000000000000002 41.500000000000007 8.5000000000000018 10.500000000000002 5.5000000000000009 3.5000000000000004 15.500000000000002 32.500000000000007 6.5000000000000009 27.500000000000004 14.500000000000002 6.5000000000000009 11.500000000000002 23.500000000000004 13.500000000000002
decision_type=2 2 2 2 2 2 2 2 2 2 2 2 2 2 2 2 2 2 2 2 2 2 2 2 2 2 2 2 2 2
left_child=1 14 5 4 7 -3 -7 10 11 -10 -4 13 -12 -9 15 -1 17 18 19 20 22 23 -6 -21 25 28 27 -27 -23 -26
right_child=-2 2 3 -5 16 6 -8 8 9 -11 12 -13 -14 -15 -16 -17 -18 -19 -20 21 -22 24 -24 -25 29 26 -28 -29 -30 -31
leaf_value=0.063440171272858323 -0.041417919347683595 -0.012574611209873852 0.069028722643852236 0.0090559857054835265 0.0017234850552055863 0.0056764073907465181 -0.017320262345502963 0.013156921863555909 0.017127187482335351 -0.022771523147821427 0.00096543981083508203 0.0010223549790680409 0.042597321669260668 0.073117817225663559 -0.012590764459067337 -0.012611162777130419 0.037439018674194816 -0.0026441024671974653 -0.0032383249103262717 0.048135651677262553 -0.013387812603087652 0.00028190125118602406 0.034067568617562459 0.014178432075722705 0.020231903735196816 0.06574059841109485 0.0029622893320040756 0.01008168827919733 -0.021479164266586304 -0.0043775131071315098
leaf_weight=23 24 427 20 756 1820 345 106 20 44 80 58 48 36 23 384 52 24 3299 1176 51 231 330 48 103 265 41 89 21 125 85
leaf_count=23 24 427 20 756 1820 345 106 20 44 80 58 48 36 23 384 52 24 3299 1176 51 231 330 48 103 265 41 89 21 125 85
internal_value=0 9.81273e-05 0.000519651 0.00116826 0.000426299 -0.00597602 0.000271425 0.0118415 0.00430603 -0.00861392 0.0260533 0.0219112 0.0169096 0.045229 -0.00878325 0.0107112 -6.09377e-05 -0.000178064 0.00167723 0.00347863 0.000800096 0.00854371 0.0025546 0.025424 0.0058245 0.000955207 0.0209982 0.0468884 -0.00569641 0.0142553
internal_weight=0 10130 9671 8793 8037 878 451 329 215 124 114 91 94 43 459 75 7708 7684 4385 3209 2099 1110 1868 154 956 606 151 62 455 350
internal_count=10154 10130 9671 8793 8037 878 451 329 215 124 114 91 94 43 459 75 7708 7684 4385 3209 2099 1110 1868 154 956 606 151 62 455 350
shrinkage=0.1


Tree=26
num_leaves=31
num_cat=0
split_feature=6 2 12 8 2 5 4 0 7 7 7 9 15 7 2 1 5 5 4 11 3 0 4 8 8 14 14 14 13 15
split_gain=3.74292 3.92982 4.21117 3.74314 5.95102 5.48306 4.0082 4.00734 3.90852 5.79042 3.75404 3.58005 4.74004 3.42538 3.32122 5.42307 5.34804 5.1598 5.06647 5.76521 5.01392 4.79974 4.65847 4.29916 4.4246 5.60648 4.50244 6.31045 3.54917 5.01418
threshold=1.0000000180025095e-35 45.500000000000007 1.5000000000000002 19.500000000000004 38.500000000000007 2.5000000000000004 3.5000000000000004 43.500000000000007 7.5000000000000009 16.500000000000004 11.500000000000002 11.500000000000002 4.5000000000000009 24.500000000000004 28.500000000000004 27.500000000000004 2.5000000000000004 4.5000000000000009 2.5000000000000004 2.5000000000000004 27.500000000000004 22.500000000000004 3.5000000000000004 17.500000000000004 9.5000000000000018 4.5000000000000009 15.500000000000002 11.500000000000002 12.500000000000002 34.500000000000007
decision_type=2 2 2 2 2 2 2 2 2 2 2 2 2 2 2 2 2 2 2 2 2 2 2 2 2 2 2 2 2 2
left_child=-1 2 -2 7 5 8 -6 14 -5 -10 -7 12 -12 -3 17 16 20 22 -18 21 -16 -20 28 24 25 -24 27 -26 29 -4
right_child=1 13 3 4 6 10 -8 -9 9 -11 11 -13 -14 -15 15 -17 18 -19 19 -21 -22 -23 23 -25 26 -27 -28 -29 -30 -31
leaf_value=-0.007548313622922913 0.0072895100689622325 -0.0040647683812559945 0.00070580276270512568 -0.015616599049257197 0.037815540674186889 -0.031361894099504357 -0.014117359272811726 0.011211918019129734 0.045923309601270237 -0.019207861309959776 -0.032317685044330101 -0.025713872909545899 0.021744429143992338 -0.031320263985274495 -0.0073290601661078108 0.021867464713343398 -0.0054179096308726712 0.024135418023381913 -0.0004243643107739362 0.0011882141725543668 -0.033696785015173446 0.039950716981057371 0.040719790504528924 0.054349782615900046 -0.0033969719109572766 0.0087035069647042659 0.013521092268181781 -0.053085032850503922 -0.0056082145781522069 0.02616163805315766
leaf_weight=617 901 139 3772 46 42 149 23 341 39 21 23 67 55 69 956 82 515 98 44 272 78 89 65 20 127 345 102 32 946 79
leaf_count=617 901 139 3772 46 42 149 23 341 39 21 23 67 55 69 956 82 515 98 44 272 78 89 65 20 127 345 102 32 946 79
internal_value=0 0.000488341 0.000791447 9.67681e-05 -0.00862426 -0.0131846 0.0194393 0.000606033 0.00631397 0.0231274 -0.0202147 -0.00875995 0.00580304 -0.0131063 0.000131537 -0.00332607 -0.00438333 0.00139178 0.00116295 0.0095312 -0.00931811 0.0265935 0.00098564 0.00866209 0.00730031 0.0137793 -0.00287734 -0.0133971 -0.00012014 0.00122801
internal_weight=0 9537 9329 8428 465 400 65 7963 106 60 294 145 78 208 7622 2036 1954 5586 920 405 1034 133 5488 691 671 410 261 159 4797 3851
internal_count=10154 9537 9329 8428 465 400 65 7963 106 60 294 145 78 208 7622 2036 1954 5586 920 405 1034 133 5488 691 671 410 261 159 4797 3851
shrinkage=0.1


Tree=27
num_leaves=31
num_cat=0
split_feature=5 9 12 0 7 1 7 3 2 13 1 3 11 15 14 2 14 3 7 2 6 8 2 9 0 0 2 1 14 10
split_gain=3.62069 3.07607 4.00182 5.43746 5.34476 4.82348 4.66559 4.46175 4.06911 4.0505 5.00851 4.18453 7.78597 3.80473 3.78635 3.75975 3.74681 6.37591 5.93035 4.29576 4.19021 3.62242 4.28043 3.60556 3.50001 7.05305 4.11658 4.23059 3.9586 3.72229
threshold=1.0000000180025095e-35 4.5000000000000009 2.5000000000000004 22.500000000000004 24.500000000000004 19.500000000000004 37.500000000000007 6.5000000000000009 27.500000000000004 7.5000000000000009 4.5000000000000009 2.5000000000000004 3.5000000000000004 14.500000000000002 16.500000000000004 43.500000000000007 19.500000000000004 11.500000000000002 42.500000000000007 4.5000000000000009 3.5000000000000004 21.500000000000004 33.500000000000007 2.5000000000000004 36.500000000000007 30.500000000000004 38.500000000000007 2.5000000000000004 4.5000000000000009 2.5000000000000004
decision_type=2 2 2 2 2 2 2 2 2 2 2 2 2 2 2 2 2 2 2 2 2 2 2 2 2 2 2 2 2 2
left_child=-1 2 5 6 7 9 -4 -5 14 13 11 12 23 -2 -9 16 17 20 19 -18 21 -3 -23 -11 25 26 27 -22 -26 -27
right_child=1 15 3 4 -6 -7 -8 8 -10 10 -12 -13 -14 -15 -16 -17 18 -19 -20 -21 24 22 -24 -25 28 29 -28 -29 -30 -31
leaf_value=-0.021602168098672644 0.0063177429686181799 0.0013115245041456396 -0.022463080660738176 -0.0067486660821097239 -0.023769562075167529 0.027588485059190971 0.019522695243358614 0.05138142527417934 -0.000343102737078591 0.0052344856162865961 -0.020883149528189711 -0.012565148716911357 -0.028731276438786438 -0.024638195231903432 0.0043925307415149826 -0.0093340688939493079 0.04202805491430419 -0.0050332797456156611 0.020685436382098535 0.0024677529567625465 -0.0036072105644865239 -0.030148349259350751 0.017711968421936036 0.054037345909490823 0.021835892597834271 0.046545822487065673 -0.029593582252661389 0.015019388080330334 -0.021489404120915375 0.012390961647033691
leaf_weight=77 518 3834 303 147 81 61 29 47 63 24 190 94 26 43 27 341 28 1664 226 1394 188 74 25 41 30 76 30 347 71 55
leaf_count=77 518 3834 303 147 81 61 29 47 63 24 190 94 26 43 27 341 28 1664 226 1394 188 74 25 41 30 76 30 347 71 55
internal_value=0 0.000165066 -0.00372158 -0.00953463 -0.0011109 0.000342296 -0.0187956 0.00535161 0.0183351 -0.00143336 -0.0094794 0.00223255 0.0175181 0.00394501 0.0342368 0.000950463 0.00138655 0.000290727 0.00563819 0.00324672 0.0021637 0.000823851 -0.0180624 0.0360178 0.00877551 0.0112999 0.00645268 0.00847397 -0.0086205 0.032206
internal_weight=0 10077 1694 697 365 997 332 284 137 936 375 185 91 561 74 8383 8042 6394 1648 1422 4730 3933 99 65 797 696 565 535 101 131
internal_count=10154 10077 1694 697 365 997 332 284 137 936 375 185 91 561 74 8383 8042 6394 1648 1422 4730 3933 99 65 797 696 565 535 101 131
shrinkage=0.1


Tree=28
num_leaves=31
num_cat=0
split_feature=15 8 7 1 3 14 2 0 7 3 0 10 13 6 9 2 4 6 3 2 12 0 4 15 15 15 3 8 0 14
split_gain=3.20686 2.8637 3.10261 5.42892 4.3558 6.78969 4.87753 3.92491 3.55524 3.49357 4.72372 4.34962 8.36013 5.68758 4.29668 4.16723 4.12587 4.99739 4.33687 4.14417 4.20073 4.11844 5.36188 4.14701 4.44935 6.64871 4.03039 5.02945 3.90345 3.86872
threshold=113.00000000000001 1.5000000000000002 11.500000000000002 2.5000000000000004 4.5000000000000009 14.500000000000002 24.500000000000004 15.500000000000002 54.500000000000007 27.500000000000004 45.500000000000007 2.5000000000000004 25.500000000000004 4.5000000000000009 28.500000000000004 10.500000000000002 3.5000000000000004 1.0000000180025095e-35 2.5000000000000004 17.500000000000004 1.5000000000000002 24.500000000000004 1.5000000000000002 4.5000000000000009 19.500000000000004 33.500000000000007 13.500000000000002 9.5000000000000018 33.500000000000007 9.5000000000000018
decision_type=2 2 2 2 2 2 2 2 2 2 2 2 2 2 2 2 2 2 2 2 2 2 2 2 2 2 2 2 2 2
left_child=1 -1 3 -3 -4 8 7 -7 -6 10 11 12 13 16 -15 -13 17 -5 -18 20 -19 22 29 -23 -25 28 27 -20 -26 -21
right_child=-2 2 4 9 5 6 -8 -9 -10 -11 -12 15 -14 14 -16 -17 18 19 26 21 -22 23 -24 24 25 -27 -28 -29 -30 -31
leaf_value=-0.01618644510195634 -0.036510717247923215 -0.0057875512309030208 0.0071370725811306648 -0.018380138252751303 -0.0031046744684024865 -0.0083565601333975802 -0.0001871475338310316 0.015445340256165261 -0.026793484773599743 -0.019004375341979938 0.024714101886465438 0.018476194888353347 -0.055709425732493406 0.047760822772979744 0.0054123287615568741 -0.0057073146810038486 -0.01741745540728936 0.042411823098252463 0.061463052779436117 -0.029540755612808361 0.0085595326961120429 0.024175075111819096 0.00030094132154852483 -0.0012350028169316215 0.062531700730323797 -0.02354836641322999 -0.010530356520956213 0.014418892530684776 0.0097923180331354557 -0.00017816887514011281
leaf_weight=107 24 1807 1301 118 1581 80 667 517 66 87 84 76 24 50 46 1141 26 41 44 114 346 122 1092 370 36 21 22 47 23 74
leaf_count=107 24 1807 1301 118 1581 80 667 517 66 87 84 76 24 50 46 1141 26 41 44 114 346 122 1092 370 36 21 22 47 23 74
internal_value=0 8.65012e-05 0.000260222 -0.00123768 0.00232677 0.000176925 0.00568979 0.0122558 -0.00405395 0.000815672 0.00125589 0.000741808 0.00303945 0.00358342 0.0274688 -0.00419709 0.00266475 0.00167742 0.0194068 0.0027345 0.012146 0.000767848 -0.00238453 0.00782213 0.00338866 0.0247731 0.0278796 0.0371655 0.0419723 -0.0179831
internal_weight=0 10130 10023 5811 4212 2911 1264 597 1647 4004 3917 3833 2616 2592 96 1217 2496 2357 139 2239 387 1852 1280 572 450 80 113 91 59 188
internal_count=10154 10130 10023 5811 4212 2911 1264 597 1647 4004 3917 3833 2616 2592 96 1217 2496 2357 139 2239 387 1852 1280 572 450 80 113 91 59 188
shrinkage=0.1


Tree=29
num_leaves=31
num_cat=0
split_feature=3 7 15 9 0 2 13 15 15 0 1 8 7 15 10 8 2 13 8 11 14 1 0 2 2 5 1 0 15 2
split_gain=2.80075 3.12539 2.71437 2.56145 4.34952 4.7931 4.29825 3.57627 6.21173 4.18516 6.91454 4.87619 4.1926 4.05271 5.27693 4.90272 3.82678 3.78173 3.77811 3.63159 4.45861 3.58601 4.76584 3.57903 3.72331 4.24856 3.52033 3.47582 7.38884 3.56667
threshold=48.500000000000007 64.500000000000014 106.50000000000001 6.5000000000000009 8.5000000000000018 4.5000000000000009 15.500000000000002 13.500000000000002 11.500000000000002 19.500000000000004 13.500000000000002 7.5000000000000009 6.5000000000000009 5.5000000000000009 1.5000000000000002 5.5000000000000009 36.500000000000007 17.500000000000004 13.500000000000002 2.5000000000000004 1.5000000000000002 11.500000000000002 27.500000000000004 29.500000000000004 23.500000000000004 2.5000000000000004 14.500000000000002 20.500000000000004 8.5000000000000018 31.500000000000004
decision_type=2 2 2 2 2 2 2 2 2 2 2 2 2 2 2 2 2 2 2 2 2 2 2 2 2 2 2 2 2 2
left_child=2 -2 3 7 -5 6 -6 8 9 12 13 -12 18 14 -11 -16 19 -13 -1 20 -15 -10 -23 24 -17 -26 -14 28 -21 -29
right_child=1 -3 -4 4 5 -7 -8 -9 21 10 11 17 26 16 15 23 -18 -19 -20 27 -22 22 -24 -25 25 -27 -28 29 -30 -31
leaf_value=-0.012546283128310224 -0.041968535947980307 0.0066906857219609346 -0.032146634963842541 -0.012122376269429042 0.043910310250155786 0.0013892267192121526 -0.010163501472700211 -0.008698384320294416 0.008552524921043898 0.023658795140940568 -0.0057218739172307459 0.048810032537350292 -0.0014482155862444136 0.048436913937330246 0.016669933245732235 -0.0078467413085572257 -0.037587512074372713 0.0042853655638518161 -0.044368243932724004 0.052972895177927887 -0.00068321311424789121 0.077933817058801647 0.015321607358994023 -0.028720691440434293 -0.009845983516424895 0.038275857581648719 -0.042393441159616824 -0.025848608749148291 -0.023325940767923992 0.013408921162287394
leaf_weight=147 33 22 26 237 49 6941 21 675 129 116 41 65 461 20 130 235 39 27 50 22 243 20 31 58 32 43 22 162 30 27
leaf_count=147 33 22 26 237 49 6941 21 675 129 116 41 65 461 20 130 235 39 27 50 22 243 20 31 58 32 43 22 162 30 27
internal_value=0 -0.0225048 0.000122563 0.000205855 0.00120141 0.0016518 0.0276882 -0.00234839 -0.000354792 -0.00197956 0.00136688 0.0229606 -0.00832794 -0.00111537 0.00445035 -2.39008e-05 -0.00740885 0.035743 -0.0206229 -0.00507359 0.00305216 0.0174273 0.0398754 -0.00592118 -0.00165546 0.0177439 -0.00331322 -0.0139411 0.00895434 -0.0202404
internal_weight=0 55 10099 10073 7248 7011 70 2825 2150 1970 1290 133 680 1157 614 498 543 92 197 504 263 180 51 368 310 75 483 241 52 189
internal_count=10154 55 10099 10073 7248 7011 70 2825 2150 1970 1290 133 680 1157 614 498 543 92 197 504 263 180 51 368 310 75 483 241 52 189
shrinkage=0.1


Tree=30
num_leaves=31
num_cat=0
split_feature=5 4 0 5 11 8 15 3 15 2 3 3 3 3 9 8 2 0 15 3 15 2 2 13 13 4 2 15 4 13
split_gain=2.67588 3.16569 3.4506 5.92044 4.2512 5.15583 4.1904 6.36246 5.65025 4.91305 3.4232 3.41444 5.00684 4.07444 4.06706 3.59463 3.74218 3.37942 6.29911 3.54813 4.23083 5.00581 5.70015 4.37997 6.655 4.35284 3.3771 4.11679 5.64373 5.03008
threshold=1.5000000000000002 1.0000000180025095e-35 34.500000000000007 2.5000000000000004 1.5000000000000002 17.500000000000004 22.500000000000004 16.500000000000004 13.500000000000002 24.500000000000004 38.500000000000007 16.500000000000004 7.5000000000000009 21.500000000000004 5.5000000000000009 11.500000000000002 14.500000000000002 43.500000000000007 6.5000000000000009 23.500000000000004 4.5000000000000009 29.500000000000004 19.500000000000004 7.5000000000000009 4.5000000000000009 2.5000000000000004 21.500000000000004 6.5000000000000009 1.5000000000000002 38.500000000000007
decision_type=2 2 2 2 2 2 2 2 2 2 2 2 2 2 2 2 2 2 2 2 2 2 2 2 2 2 2 2 2 2
left_child=-1 -2 4 6 5 11 8 9 17 -8 -9 12 14 -13 -3 16 -14 19 -19 20 21 22 -4 24 -22 -25 -5 28 -28 -29
right_child=1 2 3 26 -6 -7 7 10 -10 -11 -12 13 15 -15 -16 -17 -18 18 -20 -21 23 -23 -24 25 -26 -27 27 29 -30 -31
leaf_value=-0.0050735563960238456 -0.0081363265245857821 -0.0096578215007428782 -0.00085782773535827105 0.019307731828935769 -0.00051683368837837282 -0.032520341252287227 0.0039254802392750254 -0.017936359683672586 -0.027499902654777877 0.051062066542605561 0.026163245931915616 0.059593800367677918 0.01546220084031423 0.012232510974773994 0.035447685130230798 0.028595028817653658 -0.03531377340884919 -0.0058074613412221277 0.058494959592819223 -0.043834960978964103 -0.019684997200965882 -0.020196553213255749 0.060821421011801692 -0.054099479483233563 0.045972674168073213 -0.0086834132671356201 0.048755928031776266 -0.0022750412752525137 0.0094168296655301343 0.031200279057025909
leaf_weight=943 404 27 29 276 6908 24 41 75 110 48 23 34 21 39 77 20 47 39 25 23 38 28 31 36 26 51 46 439 176 50
leaf_count=943 404 27 29 276 6908 24 41 75 110 48 23 34 21 39 77 20 47 39 25 23 38 28 31 36 26 51 46 439 176 50
internal_value=0 0.000519419 0.00091648 0.00510148 -1.97232e-05 0.0118628 -0.00253122 0.00999172 -0.0079023 0.0293475 -0.00758645 0.0158824 0.00888318 0.0342912 0.0237376 -0.00867205 -0.019633 -0.00128961 0.0193107 -0.00632174 -0.00271168 0.0147169 0.0310098 -0.0128687 0.00698843 -0.0274763 0.00991929 0.00627483 0.0175682 0.00114779
internal_weight=0 9211 8807 1610 7197 289 623 187 436 89 98 265 192 73 104 88 68 326 64 262 239 88 60 151 64 87 987 711 222 489
internal_count=10154 9211 8807 1610 7197 289 623 187 436 89 98 265 192 73 104 88 68 326 64 262 239 88 60 151 64 87 987 711 222 489
shrinkage=0.1


Tree=31
num_leaves=31
num_cat=0
split_feature=10 13 15 9 14 7 2 8 8 14 9 0 6 0 2 3 2 1 15 3 2 11 13 2 0 4 5 9 14 7
split_gain=2.47004 3.8056 3.78342 4.98441 7.75722 6.28116 4.91515 4.75481 3.54776 3.53858 5.34328 3.41673 3.21832 3.12891 3.07354 2.93402 2.83257 3.53962 6.20152 3.8082 5.06862 3.72744 5.48919 4.27687 4.35282 3.54034 3.10494 4.49588 3.62472 3.21405
threshold=1.5000000000000002 22.500000000000004 1.5000000000000002 9.5000000000000018 8.5000000000000018 27.500000000000004 39.500000000000007 16.500000000000004 10.500000000000002 35.500000000000007 34.500000000000007 46.500000000000007 3.5000000000000004 17.500000000000004 29.500000000000004 4.5000000000000009 23.500000000000004 2.5000000000000004 21.500000000000004 4.5000000000000009 18.500000000000004 2.5000000000000004 5.5000000000000009 15.500000000000002 15.500000000000002 3.5000000000000004 1.5000000000000002 35.500000000000007 22.500000000000004 2.5000000000000004
decision_type=2 2 2 2 2 2 2 2 2 2 2 2 2 2 2 2 2 2 2 2 2 2 2 2 2 2 2 2 2 2
left_child=1 9 3 5 15 7 8 13 -6 -1 12 16 -11 -2 -15 -5 17 18 19 20 21 22 -4 24 -24 -22 27 -18 -29 -28
right_child=2 -3 11 4 6 -7 -8 -9 -10 10 -12 -13 -14 14 -16 -17 26 -19 -20 -21 25 -23 23 -25 -26 -27 29 28 -30 -31
leaf_value=0.0025442403569040707 -0.022622347871462504 -0.029631508448544671 0.040392368435859687 0.0094091979356912478 0.00073322587741349277 0.05060711022127759 -0.042108221799135211 0.032814394682645798 0.02536320914824804 0.035119833769621675 -0.012139651179313661 0.012226754907104705 -0.0029247853904962543 0.0021483470875073257 -0.028068013527454472 0.048529394481280082 -0.017475971287955493 0.0021847209580406839 0.02132450511509722 -0.010767517811815504 0.016271789349042453 -0.021625769639215552 -0.027465220391750336 -0.038146416470408444 0.032762247920036312 -0.026046061651273208 -0.015196628618947008 -0.014357531728113399 0.029803237119098991 -0.0019104157675404775
leaf_weight=1477 99 34 30 26 167 22 20 32 90 108 46 180 28 246 39 73 313 2677 88 710 195 119 20 32 30 22 194 34 41 2962
leaf_count=1477 99 34 30 26 167 22 20 32 90 108 46 180 28 246 39 73 313 2677 88 710 195 119 20 32 30 22 194 34 41 2962
internal_value=0 0.00348671 -0.000697671 0.00578367 0.0142294 -0.00146656 0.0056425 -0.00422046 0.00935851 0.00416544 0.0173221 -0.00138759 0.0272871 -0.0073067 -0.00198652 0.0382554 -0.00171578 0.000135428 -0.00426743 -0.00621224 0.00100707 -0.00930224 0.00379151 -0.00959905 0.00867126 0.0119815 -0.00376495 -0.0122067 0.00978369 -0.00272712
internal_weight=0 1693 8461 814 376 438 277 416 257 1659 182 7647 136 384 285 99 7467 3923 1246 1158 448 231 112 82 50 217 3544 388 75 3156
internal_count=10154 1693 8461 814 376 438 277 416 257 1659 182 7647 136 384 285 99 7467 3923 1246 1158 448 231 112 82 50 217 3544 388 75 3156
shrinkage=0.1


Tree=32
num_leaves=31
num_cat=0
split_feature=3 15 7 1 2 2 14 4 13 14 3 8 8 12 2 9 3 14 2 15 10 14 7 15 11 7 6 2 7 0
split_gain=2.28795 2.5278 2.24879 3.98581 3.18009 3.3568 3.70553 3.42109 8.12933 5.45343 4.20328 4.10964 5.66846 6.46638 3.59947 3.34731 3.15584 5.18216 3.9931 3.88073 3.52237 4.93888 4.89199 3.61771 3.37646 5.01976 4.62309 4.28147 3.27786 4.80562
threshold=48.500000000000007 36.500000000000007 11.500000000000002 2.5000000000000004 28.500000000000004 14.500000000000002 8.5000000000000018 1.5000000000000002 14.500000000000002 13.500000000000002 4.5000000000000009 5.5000000000000009 12.500000000000002 2.5000000000000004 21.500000000000004 4.5000000000000009 4.5000000000000009 14.500000000000002 24.500000000000004 1.5000000000000002 2.5000000000000004 17.500000000000004 37.500000000000007 7.5000000000000009 2.5000000000000004 55.500000000000007 3.5000000000000004 23.500000000000004 24.500000000000004 22.500000000000004
decision_type=2 2 2 2 2 2 2 2 2 2 2 2 2 2 2 2 2 2 2 2 2 2 2 2 2 2 2 2 2 2
left_child=2 -2 3 4 5 6 15 8 9 11 -11 -7 13 -13 -14 -1 28 24 20 -20 21 23 -23 -19 -18 26 -26 -28 -4 -30
right_child=1 -3 16 -5 -6 7 -8 -9 -10 10 -12 12 14 -15 -16 -17 17 18 19 -21 -22 22 -24 -25 25 -27 27 -29 29 -31
leaf_value=-0.02256176287219638 -0.037844821449482084 0.0059158959468318664 0.0087636634303503731 0.00059585531399686384 -0.01223941763177157 -0.0050420271999695732 -0.02045317374997669 -0.003842552005781891 -0.022696451375733562 0.025983879502330512 -0.022073299552385624 0.067848666111628222 -0.02342380854216489 0.011602247530414214 0.029829812546571095 0.027939074039459229 0.00085339844855199384 0.04607783414815602 0.024454611226132045 -0.002829975054645148 0.01754585679265715 -0.013666930738485085 0.023679825100633836 -0.0023314198622336755 -0.010889813103874199 -0.047653633620469801 -0.013056966180310532 0.018303337990314014 -0.019123734328253518 0.0062793630676773876
leaf_weight=21 33 22 996 4027 459 34 180 805 67 28 52 60 22 31 30 35 830 38 57 610 336 159 45 26 607 31 68 121 116 208
leaf_count=21 33 22 996 4027 459 34 180 805 67 28 52 60 22 31 30 35 830 38 57 610 336 159 45 26 607 31 68 121 116 208
internal_value=0 -0.0203405 0.000110776 -0.00116071 -0.00503884 -0.00261755 -0.013464 -0.000350264 0.00832656 0.0164143 -0.00525329 0.0262075 0.0336375 0.0486878 0.00729943 0.00900126 0.00186207 3.20009e-05 0.00483551 -0.000498309 0.0107257 0.00217497 -0.00542868 0.0264116 -0.00365252 -0.00817479 -0.00663729 0.00702027 0.00592149 -0.00281557
internal_weight=0 55 10099 5851 1824 1365 236 1129 324 257 80 177 143 91 52 56 4248 2928 1271 667 604 268 204 64 1657 827 796 189 1320 324
internal_count=10154 55 10099 5851 1824 1365 236 1129 324 257 80 177 143 91 52 56 4248 2928 1271 667 604 268 204 64 1657 827 796 189 1320 324
shrinkage=0.1


Tree=33
num_leaves=31
num_cat=0
split_feature=5 6 8 8 12 12 8 9 0 3 0 9 2 11 0 3 9 9 0 0 7 10 8 8 2 5 1 5 2 4
split_gain=2.25366 2.12854 3.05078 3.15879 3.90679 2.39921 2.71448 3.92805 3.97853 3.43498 2.6061 2.91945 4.72261 5.53266 3.42669 2.68097 2.4644 2.46446 3.71899 2.67718 2.32879 2.18954 3.2851 2.82258 4.31199 5.1329 4.15573 3.63375 6.07515 4.09948
threshold=1.0000000180025095e-35 1.0000000180025095e-35 3.5000000000000004 5.5000000000000009 4.5000000000000009 1.5000000000000002 10.500000000000002 4.5000000000000009 44.500000000000007 2.5000000000000004 16.500000000000004 13.500000000000002 26.500000000000004 2.5000000000000004 34.500000000000007 7.5000000000000009 50.500000000000007 3.5000000000000004 22.500000000000004 14.500000000000002 42.500000000000007 1.0000000180025095e-35 21.500000000000004 19.500000000000004 38.500000000000007 2.5000000000000004 1.5000000000000002 4.5000000000000009 38.500000000000007 2.5000000000000004
decision_type=2 2 2 2 2 2 2 2 2 2 2 2 2 2 2 2 2 2 2 2 2 2 2 2 2 2 2 2 2 2
left_child=-1 2 -2 -4 20 6 16 9 10 -8 -9 14 13 -13 -12 -14 17 18 -3 -19 -5 22 -7 27 25 -25 -26 -23 29 -29
right_child=1 5 3 4 -6 21 7 8 -10 -11 11 12 15 -15 -16 -17 -18 19 -20 -21 -22 23 -24 24 26 -27 -28 28 -30 -31
leaf_value=-0.01704297788779844 0.017817937129852818 0.021326892077922821 -0.025861783852664438 -0.003182693678095485 -0.029428707808256151 0.0050288011710122454 0.053434747327928959 0.010616619692694756 0.035289951251900716 0.0024295828034800872 -0.028784608637165823 0.056659427781899779 0.0047708644316746644 -0.0068561595398932695 0.015086049692971365 -0.037370066492197415 -0.013782226070761681 -0.01506432037929009 -0.037060356512665753 0.01637297960818539 0.028286742985248567 -0.00023167186684657575 0.042638678967952731 0.0063797375330558199 0.05265910021960736 -0.019767069794513564 -0.00020272341267815955 0.011338503203893964 -0.026353549361228946 0.047707641643026599
leaf_weight=77 51 20 82 396 56 327 23 62 23 31 117 24 26 32 21 36 40 29 24 411 25 7573 25 104 20 270 58 95 30 46
leaf_count=77 51 20 82 396 56 327 23 62 23 31 117 24 26 32 21 36 40 29 24 411 25 7573 25 104 20 270 58 95 30 46
internal_value=0 0.000130228 -0.00559531 -0.0077314 -0.00461465 0.000499149 0.0053543 -0.000905386 -0.00487373 0.024154 -0.00777866 -0.0122338 -0.000685176 0.0203648 -0.0221086 -0.0196981 0.010073 0.0120445 -0.0105207 0.014301 -0.00131396 -2.28305e-05 0.00769996 -0.000354507 -0.00803582 -0.0124963 0.0133516 9.38342e-05 0.0145094 0.0232036
internal_weight=0 10077 610 559 477 9467 919 395 341 54 318 256 118 56 138 62 524 484 44 440 421 8548 352 8196 452 374 78 7744 171 141
internal_count=10154 10077 610 559 477 9467 919 395 341 54 318 256 118 56 138 62 524 484 44 440 421 8548 352 8196 452 374 78 7744 171 141
shrinkage=0.1


end of trees

feature_importances:
Column_2=128
Column_0=114
Column_15=91
Column_1=82
Column_3=77
Column_7=67
Column_14=63
Column_13=62
Column_12=60
Column_8=57
Column_9=56
Column_5=38
Column_6=35
Column_10=33
Column_11=31
Column_4=26

parameters:
[boosting: gbdt]
[objective: regression]
[metric: l2]
[tree_learner: serial]
[device_type: cpu]
[data: ]
[valid: ]
[num_iterations: 10000]
[learning_rate: 0.1]
[num_leaves: 31]
[num_threads: 0]
[deterministic: 0]
[force_col_wise: 0]
[force_row_wise: 0]
[histogram_pool_size: -1]
[max_depth: -1]
[min_data_in_leaf: 20]
[min_sum_hessian_in_leaf: 0.001]
[bagging_fraction: 1]
[pos_bagging_fraction: 1]
[neg_bagging_fraction: 1]
[bagging_freq: 0]
[bagging_seed: 3]
[feature_fraction: 1]
[feature_fraction_bynode: 1]
[feature_fraction_seed: 2]
[extra_trees: 0]
[extra_seed: 6]
[early_stopping_round: 10]
[first_metric_only: 0]
[max_delta_step: 0]
[lambda_l1: 0]
[lambda_l2: 0]
[min_gain_to_split: 0]
[drop_rate: 0.1]
[max_drop: 50]
[skip_drop: 0.5]
[xgboost_dart_mode: 0]
[uniform_drop: 0]
[drop_seed: 4]
[top_rate: 0.2]
[other_rate: 0.1]
[min_data_per_group: 100]
[max_cat_threshold: 32]
[cat_l2: 10]
[cat_smooth: 10]
[max_cat_to_onehot: 4]
[top_k: 20]
[monotone_constraints: ]
[monotone_constraints_method: basic]
[monotone_penalty: 0]
[feature_contri: ]
[forcedsplits_filename: ]
[refit_decay_rate: 0.9]
[cegb_tradeoff: 1]
[cegb_penalty_split: 0]
[cegb_penalty_feature_lazy: ]
[cegb_penalty_feature_coupled: ]
[path_smooth: 0]
[interaction_constraints: ]
[verbosity: 1]
[saved_feature_importance_type: 0]
[max_bin: 255]
[max_bin_by_feature: ]
[min_data_in_bin: 3]
[bin_construct_sample_cnt: 200000]
[data_random_seed: 1]
[is_enable_sparse: 1]
[enable_bundle: 1]
[use_missing: 1]
[zero_as_missing: 0]
[feature_pre_filter: 1]
[pre_partition: 0]
[two_round: 0]
[header: 0]
[label_column: ]
[weight_column: ]
[group_column: ]
[ignore_column: ]
[categorical_feature: ]
[forcedbins_filename: ]
[objective_seed: 5]
[num_class: 1]
[is_unbalance: 0]
[scale_pos_weight: 1]
[sigmoid: 1]
[boost_from_average: 1]
[reg_sqrt: 0]
[alpha: 0.9]
[fair_c: 1]
[poisson_max_delta_step: 0.7]
[tweedie_variance_power: 1.5]
[lambdarank_truncation_level: 30]
[lambdarank_norm: 1]
[label_gain: ]
[eval_at: ]
[multi_error_top_k: 1]
[auc_mu_weights: ]
[num_machines: 1]
[local_listen_port: 12400]
[time_out: 120]
[machine_list_filename: ]
[machines: ]
[gpu_platform_id: -1]
[gpu_device_id: -1]
[gpu_use_dp: 0]
[num_gpu: 1]

end of parameters

pandas_categorical:null
