tree
version=v3
num_class=1
num_tree_per_iteration=1
label_index=0
max_feature_idx=15
objective=regression
feature_names=Column_0 Column_1 Column_2 Column_3 Column_4 Column_5 Column_6 Column_7 Column_8 Column_9 Column_10 Column_11 Column_12 Column_13 Column_14 Column_15
feature_infos=[1:49] [0:74] [1:49] [0:92] [0:8] [0:9] [0:9] [0:244] [0:337] [0:290] [0:7] [0:7] [0:7] [0:205] [0:222] [0:316]
tree_sizes=2720 2750 2775 2744 2763 2755 2777 2761 2762 2773 2763 2777 2769 2768 2786 2758 2774 2758 2781 2775 2786 2767 2765 2772 2757 2753 2771 2766 2743

Tree=0
num_leaves=31
num_cat=0
split_feature=0 2 2 0 6 2 5 2 13 1 2 1 15 0 0 0 12 14 1 10 0 1 1 14 9 3 1 1 13 6
split_gain=90.3792 35.3366 27.1266 21.953 14.6537 14.6017 11.4206 11.3183 10.4612 10.204 9.78811 10.9191 9.61489 9.24685 8.59312 8.24683 7.69939 7.61896 7.226 6.05507 5.94588 5.72323 5.71705 5.672 5.3955 8.27719 5.24008 4.97958 4.73492 6.73132
threshold=31.500000000000004 39.500000000000007 19.500000000000004 22.500000000000004 2.5000000000000004 22.500000000000004 2.5000000000000004 33.500000000000007 12.500000000000002 15.500000000000002 29.500000000000004 7.5000000000000009 14.500000000000002 44.500000000000007 35.500000000000007 43.500000000000007 2.5000000000000004 21.500000000000004 14.500000000000002 1.0000000180025095e-35 24.500000000000004 2.5000000000000004 6.5000000000000009 11.500000000000002 23.500000000000004 7.5000000000000009 12.500000000000002 35.500000000000007 6.5000000000000009 2.5000000000000004
decision_type=2 2 2 2 2 2 2 2 2 2 2 2 2 2 2 2 2 2 2 2 2 2 2 2 2 2 2 2 2 2
left_child=2 5 3 18 6 14 21 8 19 -10 11 20 17 -3 16 27 -2 26 -1 -6 -8 -4 -17 -12 25 28 -9 -7 -5 -30
right_child=1 13 4 24 7 15 10 12 9 -11 23 -13 -14 -15 -16 22 -18 -19 -20 -21 -22 -23 -24 -25 -26 -27 -28 -29 29 -31
leaf_value=-0.27297448781164779 -0.20185141049395755 -0.27872570736193175 -0.30717448803814545 -0.24061122229119192 -0.20877448738646798 -0.24613812400658494 -0.28099671008699911 -0.29627448796595757 -0.29415910333656337 -0.24061122229119192 -0.27651642331897608 -0.22377448748580905 -0.30428919392330334 -0.22377448748580905 -0.19171566380251603 -0.24597448775204314 -0.26553124451910992 -0.22513812385847642 -0.23368014792877015 -0.25398138424786226 -0.23877448758515013 -0.28845569597286747 -0.18759801665798648 -0.30993727875411708 -0.18734591581598076 -0.26515379815606432 -0.25277448767786848 -0.19591734458609145 -0.15660057399745553 -0.22752448751064433
leaf_weight=400 39 205 225 49 33 330 162 72 130 49 124 60 136 36 153 25 37 33 53 290 42 596 51 86 28 58 45 21 23 32
leaf_count=400 39 205 225 49 33 330 162 72 130 49 124 60 136 36 153 25 37 33 53 290 42 596 51 86 28 58 45 21 23 32
internal_value=-0.265305 -0.237771 -0.274365 -0.256411 -0.279907 -0.225741 -0.28645 -0.269155 -0.260109 -0.279501 -0.274091 -0.261274 -0.285033 -0.270517 -0.205368 -0.236667 -0.232853 -0.267574 -0.268377 -0.249363 -0.272304 -0.293586 -0.206801 -0.290203 -0.22788 -0.234886 -0.279544 -0.243133 -0.218005 -0.197865
internal_weight=0 897 2726 643 2083 656 1295 788 502 179 474 264 286 241 229 427 76 150 453 323 204 821 76 210 190 162 117 351 104 55
internal_count=3623 897 2726 643 2083 656 1295 788 502 179 474 264 286 241 229 427 76 150 453 323 204 821 76 210 190 162 117 351 104 55
shrinkage=1


Tree=1
num_leaves=31
num_cat=0
split_feature=0 2 0 2 0 3 2 0 12 6 1 14 2 14 3 4 0 13 15 5 13 3 9 14 9 1 15 15 15 10
split_gain=73.2072 29.1205 22.4881 37.1763 16.6326 10.5368 10.5173 9.46774 11.2012 9.41518 11.2513 10.6711 8.63742 8.60663 7.59963 16.5114 6.63251 6.42513 6.72437 6.94616 6.37507 6.25506 5.7349 7.01551 5.14123 4.5604 6.37748 4.50856 6.78204 4.47807
threshold=31.500000000000004 25.500000000000004 20.500000000000004 24.500000000000004 46.500000000000007 6.5000000000000009 43.500000000000007 35.500000000000007 2.5000000000000004 3.5000000000000004 2.5000000000000004 15.500000000000002 7.5000000000000009 24.500000000000004 12.500000000000002 2.5000000000000004 9.5000000000000018 1.5000000000000002 3.5000000000000004 1.5000000000000002 12.500000000000002 10.500000000000002 21.500000000000004 13.500000000000002 10.500000000000002 12.500000000000002 6.5000000000000009 4.5000000000000009 40.500000000000007 1.0000000180025095e-35
decision_type=2 2 2 2 2 2 2 2 2 2 2 2 2 2 2 2 2 2 2 2 2 2 2 2 2 2 2 2 2 2
left_child=2 7 12 9 6 -5 22 8 24 10 11 -4 -1 20 15 29 -17 -12 -19 -20 -11 -9 -3 -24 -2 -7 -27 -8 -29 -14
right_child=1 4 3 5 -6 25 27 21 -10 13 17 -13 14 -15 -16 16 -18 18 19 -21 -22 -23 23 -25 -26 26 -28 28 -30 -31
leaf_value=0.034764824130318388 0.027766451085435934 0.0053194865763905542 -0.0284417526288466 0.0018712183785816981 0.0660809297974293 -0.033608182439846652 0.023003853922304904 0.079529301344223757 -0.010349324662634668 0.080709103103411395 -0.019377071942601885 0.038238759474320844 0.015278779408510993 -0.01123419463634491 -0.031565377580253316 -0.023115465883165598 0.012780447853835364 0.070514104978458308 -0.030259335608709428 0.030197302415966989 0.025276912748813631 0.043892262940821443 0.051087821179475537 0.0094392433762550357 0.089648016691207894 0.033993092408547032 -0.020595746419646524 -0.041851350206595202 0.011666975301854753 -0.021690474526580846
leaf_weight=33 29 249 88 252 52 224 23 106 47 59 28 33 34 20 289 64 263 37 21 200 32 92 78 84 25 26 121 78 34 902
leaf_count=33 29 249 88 252 52 224 23 106 47 59 28 33 34 20 289 64 263 37 21 200 32 92 78 84 25 26 121 78 34 902
internal_value=0 0.0247805 -0.0081541 0.00255087 0.0120399 -0.0139084 0.00689315 0.0502615 0.0253466 0.0223465 0.0153059 -0.0102562 -0.0158603 0.0481623 -0.0169368 -0.0135894 0.00575495 0.0261206 0.0310583 0.0244526 0.0612165 0.0629707 0.0148474 0.0294923 0.0564153 -0.0246267 -0.0109406 -0.0173233 -0.0256047 -0.0203476
internal_weight=0 897 2726 1141 598 623 546 299 101 518 407 121 1585 111 1552 1263 327 286 258 221 91 198 411 162 54 371 147 135 112 936
internal_count=3623 897 2726 1141 598 623 546 299 101 518 407 121 1585 111 1552 1263 327 286 258 221 91 198 411 162 54 371 147 135 112 936
shrinkage=0.1


Tree=2
num_leaves=31
num_cat=0
split_feature=0 2 2 0 6 2 13 5 1 2 2 1 0 9 1 0 0 15 0 15 3 13 12 10 15 13 0 11 7 1
split_gain=59.2978 24.1398 19.0467 14.7623 11.2381 9.70313 9.16911 8.51642 8.37698 7.43827 7.349 8.2703 6.61221 6.23986 6.20746 5.87996 5.6202 5.58133 5.56311 4.95576 4.92186 4.90642 4.83934 4.62112 4.52123 6.36913 4.48988 4.38914 4.73569 4.09565
threshold=31.500000000000004 39.500000000000007 19.500000000000004 23.500000000000004 2.5000000000000004 22.500000000000004 12.500000000000002 2.5000000000000004 3.5000000000000004 33.500000000000007 29.500000000000004 7.5000000000000009 44.500000000000007 19.500000000000004 1.0000000180025095e-35 45.500000000000007 12.500000000000002 1.0000000180025095e-35 35.500000000000007 2.5000000000000004 13.500000000000002 14.500000000000002 2.5000000000000004 1.0000000180025095e-35 10.500000000000002 16.500000000000004 24.500000000000004 2.5000000000000004 24.500000000000004 2.5000000000000004
decision_type=2 2 2 2 2 2 2 2 2 2 2 2 2 2 2 2 2 2 2 2 2 2 2 2 2 2 2 2 2 2
left_child=2 5 3 13 7 18 9 21 -8 23 11 26 -3 17 -7 -16 -11 -1 22 -12 -18 29 -2 -6 25 -10 -9 28 -21 -4
right_child=1 12 4 -5 6 14 8 10 24 16 19 -13 -14 -15 15 -17 20 -19 -20 27 -22 -23 -24 -25 -26 -27 -28 -29 -30 -31
leaf_value=0.043242536349730062 0.051316826160137476 -0.011704247753794601 -0.033659885768537172 0.033601192330441829 0.050286575158437097 -0.0032120265372811933 -0.039788882556010263 -0.013087134633535219 -0.031365421311608681 -0.05814769604931707 0.021764994412660599 0.036701668997605644 0.034763716657956439 0.02714301943778992 0.0237099547693932 0.061354981580128282 0.010847582737604777 -0.0085269211041621683 0.059838033954497265 0.0089204799670439504 -0.033722374407020778 -0.044751065758743672 0.00083130147006060633 0.010793701328080276 -0.018759688862368593 0.02282726140909417 0.023603083973839173 -0.039287577921693982 -0.044781579822301867 -0.016526792465410358
leaf_weight=22 39 205 189 164 33 73 98 162 29 23 24 60 36 67 306 48 75 390 153 52 37 99 37 290 117 86 42 110 24 533
leaf_count=22 39 205 189 164 33 73 98 162 29 23 24 60 36 67 306 48 75 390 153 52 37 99 37 290 117 86 42 110 24 533
internal_value=0 0.0223024 -0.00733869 0.00770609 -0.0119829 0.0322456 -0.00256672 -0.0177125 -0.0152747 0.00658968 -0.00703977 0.00406558 -0.00476298 -0.00115988 0.0233391 0.0288144 -0.0131226 -0.00576253 0.048853 -0.0210008 -0.00387642 -0.0238744 0.0267383 0.0148286 -0.00491955 0.00916128 -0.00553327 -0.026519 -0.00803807 -0.0210118
internal_weight=0 897 2726 643 2083 656 788 1295 330 458 474 264 241 479 427 354 135 412 229 210 112 821 76 323 232 115 204 186 76 722
internal_count=3623 897 2726 643 2083 656 788 1295 330 458 474 264 241 479 427 354 135 412 229 210 112 821 76 323 232 115 204 186 76 722
shrinkage=0.1


Tree=3
num_leaves=31
num_cat=0
split_feature=0 2 0 0 1 0 2 3 9 4 3 15 7 7 12 9 13 3 3 0 2 15 9 8 12 7 8 2 1 9
split_gain=48.5809 37.3184 16.5488 13.6686 10.7179 9.27627 8.21636 7.91494 7.32808 6.5977 13.046 6.43872 7.38487 5.65677 5.60819 5.54436 5.24069 5.16224 5.13522 5.11619 5.00079 4.60612 4.56383 8.08139 5.24993 4.5936 4.81295 5.00235 4.30377 6.24394
threshold=20.500000000000004 24.500000000000004 46.500000000000007 35.500000000000007 4.5000000000000009 31.500000000000004 39.500000000000007 6.5000000000000009 15.500000000000002 2.5000000000000004 12.500000000000002 14.500000000000002 12.500000000000002 41.500000000000007 2.5000000000000004 2.5000000000000004 4.5000000000000009 10.500000000000002 10.500000000000002 28.500000000000004 20.500000000000004 1.5000000000000002 23.500000000000004 54.500000000000007 2.5000000000000004 7.5000000000000009 6.5000000000000009 30.500000000000004 1.0000000180025095e-35 13.500000000000002
decision_type=2 2 2 2 2 2 2 2 2 2 2 2 2 2 2 2 2 2 2 2 2 2 2 2 2 2 2 2 2 2
left_child=9 3 5 4 14 7 22 -3 17 -1 13 -10 -13 15 19 -11 -8 -6 -5 20 -2 -17 23 25 -24 -7 27 -27 29 -23
right_child=1 2 -4 18 8 6 16 -9 11 10 -12 12 -14 -15 -16 21 -18 -19 -20 -21 -22 28 24 -25 -26 26 -28 -29 -30 -31
leaf_value=-0.017504016138462291 0.023708485066890717 0.0021821771585752094 0.054549929155753213 0.065548578287976292 0.029605905535893564 -0.0099940445806298937 0.021254037796182835 -0.020783576208626166 0.069878726190244642 -0.036754219911315222 -0.027588392029970123 -0.019643166119402106 0.063262578703108294 -0.030804124389375961 -0.013761891259087456 0.057272521903117504 -0.016245171891318428 -0.001569179761899661 0.032081914456879218 0.051138591946977563 -0.024476549114499774 -0.024571366906166077 0.011949702583510302 -0.048204609557338386 0.055489476798277981 -0.029141804150172642 0.038224691487430185 0.030116117617179607 0.020460229062221266 0.034098658194908725
leaf_weight=1086 56 252 52 104 195 56 47 371 71 22 156 22 21 35 108 24 180 73 82 33 35 60 58 23 53 28 89 29 176 26
leaf_count=1086 56 252 52 104 195 56 47 371 71 22 156 22 21 35 108 24 180 73 82 33 35 60 58 23 53 28 89 29 176 26
internal_value=0 0.010212 -0.000665869 0.0270455 0.0198512 -0.0030868 0.00621644 -0.0114941 0.0301475 -0.0131306 -0.00361263 0.0513838 0.0208457 0.0072918 0.00289778 0.0116209 -0.00848102 0.0211142 0.0507945 0.0174078 0.00517578 0.015342 0.016146 0.0079601 0.032739 0.0143551 0.0236945 0.00100696 0.0115011 -0.00683392
internal_weight=0 2038 1238 800 614 1186 563 623 382 1585 499 114 43 343 232 308 227 268 186 124 91 286 336 225 111 202 146 57 262 86
internal_count=3623 2038 1238 800 614 1186 563 623 382 1585 499 114 43 343 232 308 227 268 186 124 91 286 336 225 111 202 146 57 262 86
shrinkage=0.1


Tree=4
num_leaves=31
num_cat=0
split_feature=0 2 0 0 1 14 4 9 2 15 7 12 5 12 14 3 4 0 2 5 6 10 3 5 0 15 2 7 3 9
split_gain=39.3505 30.2279 13.9023 11.0715 8.68146 6.65195 6.49728 6.36712 6.12596 5.88277 12.0811 5.08565 6.66766 5.05427 6.34468 5.72052 10.8457 6.0207 4.89408 6.17765 4.81694 7.58729 4.61615 4.61314 4.52411 5.58645 5.75062 5.40424 5.20004 4.38903
threshold=20.500000000000004 24.500000000000004 40.500000000000007 35.500000000000007 4.5000000000000009 62.500000000000007 3.5000000000000004 11.500000000000002 7.5000000000000009 14.500000000000002 15.500000000000002 2.5000000000000004 3.5000000000000004 1.5000000000000002 4.5000000000000009 12.500000000000002 2.5000000000000004 6.5000000000000009 9.5000000000000018 3.5000000000000004 3.5000000000000004 1.5000000000000002 12.500000000000002 1.5000000000000002 31.500000000000004 9.5000000000000018 31.500000000000004 20.500000000000004 6.5000000000000009 5.5000000000000009
decision_type=2 2 2 2 2 2 2 2 2 2 2 2 2 2 2 2 2 2 2 2 2 2 2 2 2 2 2 2 2 2
left_child=8 3 20 4 18 6 11 22 -1 -9 -11 12 -4 14 -10 16 -15 -18 -2 -20 24 -22 -6 -23 28 -26 27 -27 -3 -19
right_child=1 2 5 -5 7 -7 -8 9 13 10 -12 -13 -14 15 -16 -17 17 29 19 -21 21 23 -24 -25 25 26 -28 -29 -30 -31
leaf_value=0.030816948775089149 0.044401311159133913 -0.0024027933626610616 -0.014738755390561862 0.045715011740403794 0.022602493046172734 -0.027652609866598378 -0.00095738391665851376 0.05529069082303481 0.051065465005544521 -0.024014355558337589 0.067131249033487758 0.059857386782549427 0.050101345436913629 -0.016831332073452769 -0.0053853629617130055 -0.027736349678956548 -0.035514060221612458 -0.01550933443582975 -0.010232344650944998 0.035856779984065466 0.042713459456960368 -0.043805177833722987 -0.0154622631195264 0.0040354707124043102 0.017792866610247513 -0.008010923303663731 -0.020974065341493667 0.057275138582502098 -0.023384556194483225 0.016987966051424185
leaf_weight=33 25 197 29 186 174 23 51 110 26 33 26 69 35 890 85 260 32 52 172 35 48 23 39 163 116 32 136 21 295 207
leaf_count=33 25 197 29 186 174 23 51 110 26 33 26 69 35 890 85 260 32 52 172 35 48 23 39 163 116 32 136 21 295 207
internal_value=0 0.0091908 -0.000599282 0.024341 0.0178661 0.0230505 0.0293883 0.0271328 -0.0118176 0.0416267 0.0161515 0.0410247 0.0207207 -0.0127241 0.00783735 -0.014308 -0.0113517 0.00540747 0.002608 -0.0024395 -0.00534758 0.00726713 0.0156329 -0.00188031 -0.00905128 0.000517797 -0.0100849 0.0178571 -0.0149833 0.0104634
internal_weight=0 2038 1238 800 614 207 184 382 1585 169 59 133 64 1552 111 1441 1181 291 232 207 1031 234 213 186 797 305 189 53 492 259
internal_count=3623 2038 1238 800 614 207 184 382 1585 169 59 133 64 1552 111 1441 1181 291 232 207 1031 234 213 186 797 305 189 53 492 259
shrinkage=0.1


Tree=5
num_leaves=31
num_cat=0
split_feature=0 2 5 2 4 0 12 0 1 3 15 0 8 9 15 12 13 13 2 13 8 5 8 8 13 5 12 5 2 14
split_gain=32.2176 16.8037 10.2636 13.1634 12.8211 9.47079 8.64508 9.75322 7.32352 8.78588 7.98371 6.69 8.03604 6.62436 5.79326 5.70199 7.69 5.46851 5.42351 5.43492 5.74822 5.56824 5.42873 6.52719 5.78011 5.39225 5.22201 5.15654 5.07592 5.03205
threshold=28.500000000000004 25.500000000000004 2.5000000000000004 28.500000000000004 2.5000000000000004 46.500000000000007 2.5000000000000004 36.500000000000007 5.5000000000000009 10.500000000000002 32.500000000000007 20.500000000000004 7.5000000000000009 6.5000000000000009 5.5000000000000009 2.5000000000000004 19.500000000000004 5.5000000000000009 36.500000000000007 2.5000000000000004 94.500000000000014 1.5000000000000002 11.500000000000002 48.500000000000007 6.5000000000000009 1.5000000000000002 1.5000000000000002 4.5000000000000009 22.500000000000004 9.5000000000000018
decision_type=2 2 2 2 2 2 2 2 2 2 2 2 2 2 2 2 2 2 2 2 2 2 2 2 2 2 2 2 2 2
left_child=2 6 8 4 27 13 -2 28 26 10 25 12 -6 -3 -13 16 -5 -17 19 -15 21 -21 -20 24 -24 -10 -1 -4 -8 -18
right_child=1 5 3 15 11 -7 7 -9 9 -11 -12 14 -14 18 -16 17 29 -19 22 20 -22 -23 23 -25 -26 -27 -28 -29 -30 -31
leaf_value=0.016557541158464219 0.045682615182147585 -0.017997452011682038 -0.0043203756761956147 -0.012514415506489022 0.065394112738696011 0.046309816378813526 0.0072515167841097202 0.040312539987014923 -0.02062343392573612 -0.020529724504008438 0.064597931245098938 0.07759368633612608 -0.0024156483481912053 -0.022039978578686715 0.030390123297006657 0.004592434113675898 0.06989625800739635 -0.031507829909270771 -0.019301542614476155 -0.023663519620895385 -0.025827546352925508 0.031639440115449467 0.072968938817148624 -0.0087254229482713642 0.011789698740269276 0.010886935754255816 -0.018319639078034976 0.03235759042030157 -0.045035978655020403 0.0059865145811012817
leaf_weight=45 195 133 353 121 22 52 82 89 71 165 23 39 85 32 78 55 22 177 118 20 23 203 23 91 47 231 933 43 24 28
leaf_count=45 195 133 353 121 22 52 82 89 71 165 23 39 85 32 78 55 22 177 118 20 23 203 23 91 47 231 933 43 24 28
internal_value=0 0.0139887 -0.00635695 0.00133236 0.0104778 0.00515563 0.0307941 0.0159055 -0.0117154 -0.0017368 0.00780422 0.0295979 0.0115265 0.00205416 0.0461246 -0.0127375 0.00111752 -0.0229496 0.00684206 0.0167274 0.0217703 0.0266795 -0.00300786 0.00893409 0.0318914 0.00347887 -0.0167149 -0.000337667 -0.00458716 0.0341068
internal_weight=0 1132 2491 1023 620 742 390 195 1468 490 325 224 107 690 117 403 171 232 557 278 246 223 279 161 70 302 978 396 106 50
internal_count=3623 1132 2491 1023 620 742 390 195 1468 490 325 224 107 690 117 403 171 232 557 278 246 223 279 161 70 302 978 396 106 50
shrinkage=0.1


Tree=6
num_leaves=31
num_cat=0
split_feature=0 2 0 9 9 4 0 3 5 3 11 8 10 1 2 6 2 14 15 4 5 10 5 4 3 15 13 14 0 2
split_gain=26.2511 21.7099 11.3658 7.76909 6.68951 5.93867 5.76798 5.55525 4.78464 4.71716 7.78007 7.73624 6.16786 5.57584 4.77406 4.75062 4.68034 4.55555 4.3168 5.23173 4.29898 4.85662 5.00466 4.59271 4.97195 4.46783 4.65587 4.19103 4.52462 3.96536
threshold=20.500000000000004 21.500000000000004 39.500000000000007 2.5000000000000004 11.500000000000002 1.0000000180025095e-35 34.500000000000007 9.5000000000000018 3.5000000000000004 10.500000000000002 1.5000000000000002 94.500000000000014 1.5000000000000002 11.500000000000002 25.500000000000004 3.5000000000000004 7.5000000000000009 5.5000000000000009 3.5000000000000004 2.5000000000000004 1.5000000000000002 1.0000000180025095e-35 2.5000000000000004 2.5000000000000004 12.500000000000002 1.5000000000000002 2.5000000000000004 77.500000000000014 47.500000000000007 43.500000000000007
decision_type=2 2 2 2 2 2 2 2 2 2 2 2 2 2 2 2 2 2 2 2 2 2 2 2 2 2 2 2 2 2
left_child=16 4 3 -3 6 -5 -2 17 -9 11 -11 12 15 -12 -15 -7 -1 -6 19 -14 -18 22 -22 -23 25 -25 -27 28 29 -4
right_child=1 2 27 5 7 9 -8 8 -10 10 13 -13 18 14 -16 -17 20 -19 -20 -21 21 23 -24 24 -26 26 -28 -29 -30 -31
leaf_value=0.027613793900518709 0.0065625314538677541 -0.035127917221850817 0.024825079890234133 -0.035261951843086552 0.085633296436733675 0.016945314052559082 0.041227539423853161 0.0088217152016503483 0.051028050260769356 0.040927603360145323 -0.022066354027035041 -0.040254862343563756 0.0012610132044011896 0.04614464640617371 -0.0042397567464245688 0.062223540060222154 -0.025020854599649013 0.040099736113669515 -0.00087857829797173049 0.05228074354094428 0.0610076105594635 -0.013254819086178597 -0.0055295825004577637 0.04933147948721181 -0.018885818359875444 0.04400225043296814 -0.001614994202421305 -0.022743305292996494 0.057916592806577682 -0.0071070851087570198
leaf_weight=33 240 72 175 49 27 84 60 98 37 31 218 34 44 21 180 32 179 118 377 37 20 965 26 23 101 25 213 22 32 50
leaf_count=33 240 72 175 49 27 84 60 98 37 31 218 34 44 21 180 32 179 118 377 37 20 965 26 23 101 25 213 22 32 50
internal_value=0 0.00750676 0.000997038 -0.00329799 0.0238709 -0.00122775 0.0134955 0.0349873 0.0203894 0.000348501 -0.00741295 0.006093 0.00883834 -0.0109895 0.00102429 0.0294359 -0.00965222 0.0485784 0.0036215 0.0245663 -0.0104446 -0.00854428 0.0233996 -0.00965161 -4.63567e-05 0.00724401 0.00317673 0.019147 0.0227329 0.017729
internal_weight=0 2038 1458 1179 580 1107 300 280 135 1058 450 608 574 419 201 116 1585 145 458 81 1552 1373 46 1327 362 261 238 279 257 225
internal_count=3623 2038 1458 1179 580 1107 300 280 135 1058 450 608 574 419 201 116 1585 145 458 81 1552 1373 46 1327 362 261 238 279 257 225
shrinkage=0.1


Tree=7
num_leaves=31
num_cat=0
split_feature=0 2 6 1 9 3 2 0 15 2 2 5 9 13 2 5 0 12 14 0 12 3 8 15 14 3 13 15 6 9
split_gain=22.3046 11.9817 8.08942 6.8746 6.41068 5.8108 6.81468 5.65801 6.71894 6.64989 5.62519 4.99857 4.98552 4.92054 5.51056 5.01599 6.81152 5.14452 4.73709 5.12809 4.21723 4.28364 5.87612 6.01548 4.7756 4.05851 4.46906 5.09165 4.29931 4.67476
threshold=28.500000000000004 39.500000000000007 3.5000000000000004 12.500000000000002 66.500000000000014 6.5000000000000009 33.500000000000007 39.500000000000007 37.500000000000007 19.500000000000004 39.500000000000007 2.5000000000000004 2.5000000000000004 3.5000000000000004 30.500000000000004 2.5000000000000004 20.500000000000004 2.5000000000000004 73.500000000000014 44.500000000000007 1.0000000180025095e-35 10.500000000000002 28.500000000000004 25.500000000000004 17.500000000000004 6.5000000000000009 4.5000000000000009 3.5000000000000004 1.5000000000000002 5.5000000000000009
decision_type=2 2 2 2 2 2 2 2 2 2 2 2 2 2 2 2 2 2 2 2 2 2 2 2 2 2 2 2 2 2
left_child=2 7 3 10 13 6 -5 8 12 -9 11 -1 -2 14 -4 -15 -17 -18 19 -3 -14 22 23 24 -22 26 -13 -28 29 -27
right_child=1 18 4 5 -6 -7 -8 9 -10 -11 -12 25 20 15 -16 16 17 -19 -20 -21 21 -23 -24 -25 -26 28 27 -29 -30 -31
leaf_value=-0.013401694685163074 -0.027563875555992129 -0.0073017279816488942 0.045717315200497127 0.033762755990028384 -0.027975932524559346 -0.0056316053895859065 -0.017312403150967191 0.060327881313206856 -0.018506066669665634 0.02140732178201226 -0.035481459664744003 0.026033984273672109 0.048928007846925317 -0.006048144510814122 -0.011860248988324947 -0.0047365458773784954 0.063194233321008236 0.0084324203688522868 -0.049471405796382741 0.035379368811845779 0.016182336106634977 0.0035522903677055748 -0.012331073731184007 0.080187540394919266 0.051048743549515219 -0.015722740992255832 0.021569816999032466 -0.01005301563276185 -0.01770286369206283 0.048034678593925809
leaf_weight=1034 25 234 68 103 47 209 35 57 63 191 86 80 41 175 22 61 42 29 23 32 171 183 40 21 51 23 71 180 203 23
leaf_count=1034 25 234 68 103 47 209 35 57 63 191 86 80 41 175 22 61 42 29 23 32 171 183 40 21 51 23 71 180 203 23
internal_value=0 0.0116393 -0.00528931 -0.00794334 0.00694668 0.00488364 0.0208089 0.0176631 0.0123739 0.0303528 -0.0105615 -0.00923372 0.0160308 0.0110811 0.0316428 0.00505324 0.019771 0.0408267 -0.00593186 -0.00216716 0.0181804 0.0154752 0.023185 0.0290313 0.0241922 -0.00180323 0.00545206 -0.00110791 -0.0114478 0.016156
internal_weight=0 1132 2491 2047 444 347 138 843 595 248 1700 1614 532 397 90 307 132 71 289 266 507 466 283 243 222 580 331 251 249 46
internal_count=3623 1132 2491 2047 444 347 138 843 595 248 1700 1614 532 397 90 307 132 71 289 266 507 466 283 243 222 580 331 251 249 46
shrinkage=0.1


Tree=8
num_leaves=31
num_cat=0
split_feature=0 2 2 13 15 0 6 13 2 1 2 12 0 8 8 9 13 7 14 0 12 14 14 11 9 15 14 15 0 14
split_gain=18.0667 9.70515 6.72033 5.14797 5.60567 4.76479 5.59946 7.13581 5.15493 4.68521 4.64786 5.12611 6.23498 4.7596 7.11581 6.50234 6.13497 5.78061 7.28017 5.65525 4.5653 4.49118 5.06963 7.22082 4.21605 4.36789 4.07822 3.84437 4.65101 3.83705
threshold=28.500000000000004 39.500000000000007 18.500000000000004 22.500000000000004 14.500000000000002 6.5000000000000009 2.5000000000000004 12.500000000000002 31.500000000000004 3.5000000000000004 19.500000000000004 1.5000000000000002 39.500000000000007 7.5000000000000009 45.500000000000007 25.500000000000004 31.500000000000004 8.5000000000000018 6.5000000000000009 37.500000000000007 1.5000000000000002 3.5000000000000004 6.5000000000000009 3.5000000000000004 21.500000000000004 1.5000000000000002 9.5000000000000018 14.500000000000002 17.500000000000004 73.500000000000014
decision_type=2 2 2 2 2 2 2 2 2 2 2 2 2 2 2 2 2 2 2 2 2 2 2 2 2 2 2 2 2 2
left_child=2 10 3 24 -5 -4 20 8 -8 -9 11 -2 -13 17 16 -16 21 18 -12 -18 26 -15 -23 -24 25 -1 -7 28 -10 -3
right_child=1 29 5 4 -6 6 7 9 27 -11 13 12 -14 14 15 -17 19 -19 -20 -21 -22 22 23 -25 -26 -27 -28 -29 -30 -31
leaf_value=0.030633123259286622 0.06325773961014218 -0.0019504435192373463 -0.033683741181644043 0.055526542969239069 -0.0044182393413323626 0.032901075821031224 0.017209164220005718 -0.031462815368459345 0.036234377821286516 -0.0029844415348929329 0.0252304407954216 0.0094238031158844632 0.051756148618094779 -0.0042858088324809899 -0.030200963795185089 0.01984507726436412 -0.032157937076783952 0.010064139230209485 -0.047280924783812628 0.036046901345252992 -0.012224920321141046 0.070793120955166072 0.018003085914046268 0.062450802647599994 0.026047715691269419 -0.0053936391187611454 -0.012838123866489956 -0.026776314580014778 -0.012330853452487869 -0.044524265113084216
leaf_weight=37 36 266 67 39 26 44 268 84 33 185 20 120 49 29 50 54 31 171 45 20 1135 38 129 51 61 372 35 56 49 23
leaf_count=37 36 266 67 39 26 44 268 84 33 185 20 120 49 29 50 54 31 171 45 20 1135 38 129 51 61 372 35 56 49 23
internal_value=0 0.0104754 -0.00476038 0.00517115 0.0315486 -0.00747683 -0.00654731 0.000754232 0.00912341 -0.0118773 0.0158968 0.028996 0.0216977 0.0116878 0.0183056 -0.00421552 0.0261654 0.000414979 -0.0249697 -0.00541094 -0.0106071 0.0326852 0.0376033 0.0305966 0.0015232 -0.00213449 0.0126369 -0.00657935 0.00721369 -0.00533867
internal_weight=0 1132 2491 535 65 1956 1889 675 406 269 843 205 169 638 402 104 298 236 65 51 1214 247 218 180 470 409 79 138 82 289
internal_count=3623 1132 2491 535 65 1956 1889 675 406 269 843 205 169 638 402 104 298 236 65 51 1214 247 218 180 470 409 79 138 82 289
shrinkage=0.1


Tree=9
num_leaves=31
num_cat=0
split_feature=0 2 0 9 12 14 4 9 9 0 4 3 14 9 7 15 1 9 7 2 13 7 8 5 1 13 13 9 14 14
split_gain=15.5712 14.078 7.48242 5.71867 4.9761 5.2259 4.72008 4.55951 3.76694 3.58039 3.7314 6.42815 3.66391 3.56614 3.53868 3.48195 3.44214 3.42295 3.76737 3.33912 4.54768 6.23782 6.17572 5.98319 5.51863 6.10001 7.32409 4.59029 4.53414 5.1148
threshold=20.500000000000004 21.500000000000004 39.500000000000007 2.5000000000000004 1.0000000180025095e-35 5.5000000000000009 1.0000000180025095e-35 7.5000000000000009 11.500000000000002 3.5000000000000004 2.5000000000000004 12.500000000000002 32.500000000000007 7.5000000000000009 15.500000000000002 6.5000000000000009 4.5000000000000009 2.5000000000000004 49.500000000000007 43.500000000000007 40.500000000000007 56.500000000000007 94.500000000000014 2.5000000000000004 1.0000000180025095e-35 5.5000000000000009 10.500000000000002 45.500000000000007 40.500000000000007 22.500000000000004
decision_type=2 2 2 2 2 2 2 2 2 2 2 2 2 2 2 2 2 2 2 2 2 2 2 2 2 2 2 2 2 2
left_child=9 4 3 14 -2 7 -5 -6 13 -1 -11 17 -13 15 -3 -7 -17 -12 -19 20 21 22 23 24 -8 -26 -27 28 29 -25
right_child=1 2 -4 6 5 8 19 -9 -10 10 11 12 -14 -15 -16 16 -18 18 -20 -21 -22 -23 -24 27 25 26 -28 -29 -30 -31
leaf_value=-0.0422480583190918 0.054965319070551133 -0.055040129832923418 0.015265830035411543 -0.031511390756587591 0.006525713517330587 0.033733096277272265 -0.028519988717970915 0.054141879081726074 0.021609387511055764 -0.010065612768549715 -0.02978647283532403 -0.02449038326740265 0.014074276820305856 -0.010682129012603387 -0.01042505219578743 -0.024487050622701647 0.018220779040585396 0.014169536687277415 -0.02789841799632363 -0.012880592120856774 -0.023042612336575986 0.052830587442104643 -0.044878629308480487 0.0086544069612097593 -0.019825019968880548 0.034365071719739494 -0.0050431621235770153 0.049830258277154739 -0.036528720706701281 0.049922773693547112
leaf_weight=29 36 32 279 49 30 54 77 61 219 1074 22 120 31 102 40 32 46 286 23 164 64 26 26 334 90 82 111 31 20 33
leaf_count=29 36 32 279 49 30 54 77 61 219 1074 22 120 31 102 40 32 46 286 23 164 64 26 26 334 90 82 111 31 20 33
internal_value=0 0.00578149 0.000539417 -0.00294546 0.018959 0.0165762 -0.0011693 0.0384442 0.0121833 -0.00743387 -0.00678502 0.000524851 -0.0165731 0.00336145 -0.030254 0.0142133 0.000699618 0.00832484 0.0110383 0.000235962 0.00264213 0.00462264 0.00306368 0.00466586 -0.00478374 0.00167453 0.0117002 0.0128043 0.00983837 0.0123652
internal_weight=0 2038 1458 1179 580 544 1107 91 453 1585 1556 482 151 234 72 132 78 331 309 1058 894 830 804 778 360 283 193 418 387 367
internal_count=3623 2038 1458 1179 580 544 1107 91 453 1585 1556 482 151 234 72 132 78 331 309 1058 894 830 804 778 360 283 193 418 387 367
shrinkage=0.1


Tree=10
num_leaves=31
num_cat=0
split_feature=0 12 5 2 4 8 3 1 2 3 1 2 0 0 0 10 2 2 0 12 3 2 14 7 10 14 5 12 13 0
split_gain=13.1264 7.72388 7.06751 8.49466 8.7634 8.96081 6.09297 6.63194 5.44693 4.98876 5.95845 6.64609 4.97006 4.88089 5.19438 5.93488 4.78211 4.67013 4.46069 4.41232 5.22174 5.17872 5.48798 4.85992 5.32482 4.29491 5.31764 4.75336 4.7356 4.13149
threshold=40.500000000000007 1.0000000180025095e-35 2.5000000000000004 28.500000000000004 2.5000000000000004 8.5000000000000018 10.500000000000002 6.5000000000000009 35.500000000000007 12.500000000000002 16.500000000000004 27.500000000000004 34.500000000000007 20.500000000000004 32.500000000000007 3.5000000000000004 21.500000000000004 40.500000000000007 47.500000000000007 2.5000000000000004 17.500000000000004 33.500000000000007 13.500000000000002 13.500000000000002 2.5000000000000004 9.5000000000000018 4.5000000000000009 3.5000000000000004 2.5000000000000004 13.500000000000002
decision_type=2 2 2 2 2 2 2 2 2 2 2 2 2 2 2 2 2 2 2 2 2 2 2 2 2 2 2 2 2 2
left_child=1 17 6 4 25 -6 7 12 -9 18 11 -11 -3 -7 15 16 -15 -1 -2 20 21 22 -5 24 -23 27 -27 28 -4 -30
right_child=9 2 3 19 5 13 -8 8 -10 10 -12 -13 -14 14 -16 -17 -18 -19 -20 -21 -22 23 -24 -25 -26 26 -28 -29 29 -31
leaf_value=0.028104724936069005 0.025317696857041327 -0.0095389314128884253 -0.041280101957144565 0.0078233786053576709 0.05162079854856564 -0.0073521581664681441 -0.017470724709022979 0.013791013198594252 -0.018461307091638447 0.025956174640944508 0.033499576510861516 -0.030619162214653835 0.031839263637860618 0.076874139904975894 -0.009364723618556229 -0.0050111689737864906 0.027183150317933825 -0.019210162162780764 0.07463068990480333 -0.012618212967593382 -0.020067183454247083 -0.013432039252736352 -0.051703852557000662 0.048485548297564192 0.042980185592616044 0.0049560706392278745 0.051298762219292783 -0.040524271206978046 -0.03670195842331106 0.0097025901476542158
leaf_weight=126 145 896 27 59 79 80 434 288 64 33 50 56 30 34 36 28 45 25 21 403 68 44 21 51 27 214 28 39 22 150
leaf_count=126 145 896 27 59 79 80 434 288 64 33 50 56 30 34 36 28 45 25 21 403 68 44 21 51 27 214 28 39 22 150
internal_value=0 -0.00182495 -0.00287847 0.00224577 0.00933413 0.0226801 -0.00723348 -0.00375698 0.00792695 0.019853 0.00587669 -0.00964179 -0.00819839 0.0124276 0.0234931 0.0345481 0.0485691 0.0202711 0.0315561 -0.00599063 0.00390166 0.0119704 -0.00780252 0.0249362 0.0080205 0.000937293 0.010318 -0.00860111 -0.00234481 0.00376712
internal_weight=0 3318 3167 1455 782 302 1712 1278 352 305 139 89 926 223 143 107 79 151 166 673 270 202 80 122 71 480 242 238 199 172
internal_count=3623 3318 3167 1455 782 302 1712 1278 352 305 139 89 926 223 143 107 79 151 166 673 270 202 80 122 71 480 242 238 199 172
shrinkage=0.1


Tree=11
num_leaves=31
num_cat=0
split_feature=0 6 9 13 2 11 3 1 0 1 2 10 5 12 0 5 7 15 1 13 8 3 8 3 13 12 8 1 13 15
split_gain=11.2834 6.86938 6.15913 5.96352 7.08909 5.65081 5.80457 5.21289 5.45726 4.83593 5.33908 4.6269 4.51495 5.03101 4.36794 4.02753 4.72344 4.49827 4.50853 6.06309 3.80446 3.76725 6.92804 4.26108 3.7955 3.69199 3.68273 3.58515 3.55932 3.50951
threshold=30.500000000000004 3.5000000000000004 66.500000000000014 3.5000000000000004 31.500000000000004 1.5000000000000002 11.500000000000002 16.500000000000004 36.500000000000007 12.500000000000002 39.500000000000007 1.5000000000000002 2.5000000000000004 2.5000000000000004 40.500000000000007 1.5000000000000002 9.5000000000000018 1.0000000180025095e-35 2.5000000000000004 1.0000000180025095e-35 8.5000000000000018 6.5000000000000009 16.500000000000004 3.5000000000000004 20.500000000000004 2.5000000000000004 20.500000000000004 21.500000000000004 10.500000000000002 5.5000000000000009
decision_type=2 2 2 2 2 2 2 2 2 2 2 2 2 2 2 2 2 2 2 2 2 2 2 2 2 2 2 2 2 2
left_child=1 9 3 4 -3 20 11 -8 -9 10 15 -7 25 -14 -13 -1 -17 -18 19 -19 -2 22 23 -11 -24 -5 -20 -16 -10 -21
right_child=5 2 -4 12 -6 6 7 8 28 21 -12 14 13 -15 27 16 17 18 26 29 -22 -23 24 -25 -26 -27 -28 -29 -30 -31
leaf_value=-0.024660208564380122 0.0052661095504407535 0.046454579166219208 -0.025559511605431053 -0.016741654898809352 -0.017730055072090842 0.030166367904254889 -0.010808839389309287 -0.013087830543518067 0.058503487926942335 0.013644301598189308 -0.030697005835114696 0.001518435233020525 0.037494769001352617 0.00095331087169877021 0.035814538414095654 -0.0095913326051581382 0.040891964946474346 0.045235054641962057 0.016226910216820673 0.00097172820851916357 0.052015243246391112 -0.0038219471301498085 -0.035934851150358875 0.05420835442013211 0.019126319175674804 0.012386830193655832 -0.015259720385074615 -0.0068646795474565959 0.015002327340264474 -0.021078117782547631
leaf_weight=116 27 79 51 115 22 132 250 50 27 61 98 266 69 83 81 978 28 20 193 126 49 232 31 45 21 70 46 26 62 169
leaf_count=116 27 79 51 115 22 132 250 50 27 61 98 266 69 83 81 978 28 20 193 126 49 232 31 45 21 70 46 26 62 169
internal_value=0 -0.00337446 0.00732999 0.0111596 0.0324738 0.00922931 0.00700391 -0.00217703 0.0133478 -0.00579334 -0.00800984 0.014076 0.00477167 0.0175412 0.00838177 -0.00668326 -0.00534652 0.00178653 -0.000189922 -0.00804782 0.035407 0.00428887 0.0161984 0.0308649 -0.0136986 -0.00572007 0.0101667 0.0254439 0.0281993 -0.0116602
internal_weight=0 2653 489 438 101 970 894 389 139 2164 1774 505 337 152 373 1676 1560 582 554 315 76 390 158 106 52 185 239 107 89 295
internal_count=3623 2653 489 438 101 970 894 389 139 2164 1774 505 337 152 373 1676 1560 582 554 315 76 390 158 106 52 185 239 107 89 295
shrinkage=0.1


Tree=12
num_leaves=31
num_cat=0
split_feature=0 6 13 2 11 9 1 2 0 5 13 5 7 1 8 4 3 8 7 1 1 15 2 9 3 15 13 3 7 14
split_gain=9.13958 5.5642 5.61852 5.42798 4.87424 4.49683 3.9171 4.40125 3.81099 4.05876 3.80296 3.63265 4.95569 3.61083 3.51216 4.03895 3.71127 4.63268 4.87624 3.45511 3.22993 3.08329 3.06983 3.92726 3.12668 3.03608 3.97012 2.95383 2.90727 2.87434
threshold=30.500000000000004 3.5000000000000004 30.500000000000004 39.500000000000007 1.5000000000000002 66.500000000000014 12.500000000000002 42.500000000000007 20.500000000000004 2.5000000000000004 7.5000000000000009 1.5000000000000002 17.500000000000004 35.500000000000007 42.500000000000007 1.5000000000000002 10.500000000000002 12.500000000000002 13.500000000000002 13.500000000000002 1.5000000000000002 1.0000000180025095e-35 19.500000000000004 9.5000000000000018 8.5000000000000018 5.5000000000000009 2.5000000000000004 1.0000000180025095e-35 8.5000000000000018 39.500000000000007
decision_type=2 2 2 2 2 2 2 2 2 2 2 2 2 2 2 2 2 2 2 2 2 2 2 2 2 2 2 2 2 2
left_child=1 6 4 13 -3 8 7 11 -6 10 -10 27 21 14 16 -16 22 20 -19 -8 -18 -13 23 -2 -24 -14 -27 -1 -22 -21
right_child=3 2 -4 -5 5 -7 19 -9 9 -11 -12 12 25 -15 15 -17 17 18 -20 29 28 -23 24 -25 -26 26 -28 -29 -30 -31
leaf_value=0.012257539033889771 0.011795765335838765 0.042839805123417882 -0.019848811756009641 -0.004219731688499451 0.00067071076382927721 -0.031254741230181286 0.033836353676659721 -0.033166541986995278 0.028013772683011164 0.036320426649060746 -0.017058369975823624 0.011351844878757702 0.029233460991006151 0.040866924354503321 -0.046769615858793259 0.0038070642153422043 -0.027410356294025075 0.050450763949438149 -0.0045468272907393317 0.0041560533889539687 -0.019108007962887103 -0.008305289662076434 0.010436338874555771 0.053281133445826447 0.044948878089586891 0.04106766093860973 -0.0050844565033912664 -0.029772309579101264 0.013368704502886915 -0.023997078363488362
leaf_weight=20 39 43 69 255 187 28 35 63 36 87 39 85 57 43 20 75 44 38 28 314 39 1303 210 55 30 22 122 102 94 41
leaf_count=20 39 43 69 255 187 28 35 63 36 87 39 85 57 43 20 75 44 38 28 314 39 1303 210 55 30 22 122 102 94 41
internal_value=0 -0.00303701 0.00659699 0.00830638 0.0109417 0.00730341 -0.00521401 -0.00720886 0.0103969 0.0216241 0.00457626 -0.00625308 -0.00497633 0.0127737 0.0109761 -0.00684066 0.0139095 0.00450703 0.0271185 0.00385998 -0.00392435 -0.0071015 0.0207503 0.0360691 0.0147504 0.00969897 0.00196656 -0.0228822 0.00384546 0.000904565
internal_weight=0 2653 489 970 420 377 2164 1774 349 162 75 1711 1589 715 672 95 577 243 66 390 177 1388 334 94 240 201 144 122 133 355
internal_count=3623 2653 489 970 420 377 2164 1774 349 162 75 1711 1589 715 672 95 577 243 66 390 177 1388 334 94 240 201 144 122 133 355
shrinkage=0.1


Tree=13
num_leaves=31
num_cat=0
split_feature=0 12 5 2 4 8 3 10 8 14 7 15 8 5 15 6 0 2 0 15 15 12 13 14 5 12 13 7 8 7
split_gain=7.55013 5.44806 4.57782 6.31763 6.63767 7.09313 4.43807 4.74331 4.14362 4.67803 4.09645 4.09404 3.65701 4.91589 3.51759 4.99459 4.06762 3.43644 3.4134 4.85781 6.25267 4.03667 3.29538 3.25659 4.55968 3.79295 3.74316 3.2156 5.82676 4.36709
threshold=40.500000000000007 1.0000000180025095e-35 2.5000000000000004 28.500000000000004 2.5000000000000004 8.5000000000000018 10.500000000000002 1.5000000000000002 3.5000000000000004 62.500000000000007 35.500000000000007 41.500000000000007 49.500000000000007 3.5000000000000004 1.5000000000000002 2.5000000000000004 26.500000000000004 15.500000000000002 20.500000000000004 5.5000000000000009 18.500000000000004 2.5000000000000004 22.500000000000004 9.5000000000000018 4.5000000000000009 3.5000000000000004 2.5000000000000004 24.500000000000004 94.500000000000014 19.500000000000004
decision_type=2 2 2 2 2 2 2 2 2 2 2 2 2 2 2 2 2 2 2 2 2 2 2 2 2 2 2 2 2 2
left_child=1 17 6 4 23 -6 7 14 -2 11 -8 12 13 -10 -3 16 -16 -1 -7 -20 21 -21 -13 25 -25 26 -4 28 29 -5
right_child=8 2 3 27 5 18 10 -9 9 -11 -12 22 -14 -15 15 -17 -18 -19 19 20 -22 -23 -24 24 -26 -27 -28 -29 -30 -31
leaf_value=0.051875986903905873 -0.021603948516505107 0.051375889480113984 -0.036672675057693768 -0.0014530382666807511 0.045331854156300998 -0.0060796141251921662 -0.018477191271320467 -0.0053683865081319941 0.0093885266118579457 -0.022496786475181579 0.0092867608512601559 0.028141745292779172 -0.01074961379170418 0.045663443754116698 -0.025953523921115058 0.022589470224177583 0.024793665246530015 0.010615428015003056 0.052716174195794496 0.012665268116527136 0.039094086723445463 -0.03700216243664424 0.079583868011832246 0.003863675503286524 0.046776665002107622 -0.036161820857952803 0.0033770728423151864 -0.015371115213242649 -0.041685238573700191 0.02806468888603408
leaf_weight=24 28 20 27 369 79 80 372 1086 99 25 62 33 40 60 56 94 22 127 34 36 43 30 20 214 28 39 172 214 32 58
leaf_count=24 28 20 27 369 79 80 372 1086 99 25 62 33 40 60 56 94 22 127 34 36 43 30 20 214 28 39 172 214 32 58
internal_value=0 -0.00138406 -0.00226886 0.0018552 0.00796814 0.0195832 -0.00577384 -0.00280679 0.0150568 0.0187625 -0.0145109 0.0228557 0.0162778 0.0230772 0.0116822 0.00706671 -0.0116402 0.0171734 0.0104615 0.0197152 0.00942138 -0.00991084 0.0475539 0.000660326 0.00882881 -0.00764545 -0.00205681 -0.00524779 -0.000527989 0.0025564
internal_weight=0 3318 3167 1455 782 302 1712 1278 305 277 434 252 199 159 192 172 78 151 223 143 109 66 53 480 242 238 199 673 459 427
internal_count=3623 3318 3167 1455 782 302 1712 1278 305 277 434 252 199 159 192 172 78 151 223 143 109 66 53 480 242 238 199 673 459 427
shrinkage=0.1


Tree=14
num_leaves=31
num_cat=0
split_feature=0 2 7 0 2 10 11 1 5 14 12 6 9 15 9 13 8 0 3 1 6 9 9 9 7 13 4 13 2 1
split_gain=6.50721 8.21395 4.43673 3.78662 3.51402 3.40453 3.13893 5.64013 3.12172 3.04125 3.25158 3.14136 3.10584 3.00696 2.92703 3.60411 4.54761 4.80365 4.31257 4.36392 5.74087 3.70037 3.69273 3.43593 3.6711 3.30299 2.85087 2.79391 3.52222 3.44412
threshold=20.500000000000004 21.500000000000004 1.0000000180025095e-35 47.500000000000007 48.500000000000007 5.5000000000000009 1.5000000000000002 5.5000000000000009 5.5000000000000009 5.5000000000000009 1.0000000180025095e-35 1.5000000000000002 7.5000000000000009 18.500000000000004 2.5000000000000004 12.500000000000002 12.500000000000002 28.500000000000004 9.5000000000000018 1.0000000180025095e-35 3.5000000000000004 6.5000000000000009 24.500000000000004 6.5000000000000009 31.500000000000004 7.5000000000000009 3.5000000000000004 3.5000000000000004 38.500000000000007 1.5000000000000002
decision_type=2 2 2 2 2 2 2 2 2 2 2 2 2 2 2 2 2 2 2 2 2 2 2 2 2 2 2 2 2 2
left_child=27 9 -3 4 5 6 7 -4 14 12 -11 -12 -2 -9 25 16 18 -18 19 21 -21 -16 26 -19 -25 -8 -20 28 29 -1
right_child=1 2 3 -5 -6 -7 8 13 -10 10 11 -13 -14 -15 15 -17 17 23 22 20 -22 -23 -24 24 -26 -27 -28 -29 -30 -31
leaf_value=-0.0078457807589854527 0.0040169013363699759 -0.045898898016838802 -0.019542317464947702 0.031976415257196168 -0.035504357623202462 0.029796037470039567 -0.04849161276450524 0.064801539232333505 -0.021496155639489492 0.041910420117839693 0.033822866529226302 0.0057025817657814053 0.042483842372894293 0.014202427086622818 0.016759605705738069 -0.0060491002686731106 -0.00030758390107105691 -0.009527682512998582 -0.027819591788750778 0.007756934929639101 0.05542691846688589 -0.032462946573893231 0.019596540516820447 0.04432207121643969 0.00045446269214153293 -0.0038998610947443093 0.004751249154408773 -0.0069585456375581807 -0.035273896835067056 0.014136729906408156
leaf_weight=112 31 21 24 37 28 38 26 24 75 31 44 409 65 23 24 455 97 20 106 160 30 42 29 93 24 46 36 1255 22 196
leaf_count=112 31 21 24 37 28 38 26 24 75 31 44 409 65 23 24 455 97 20 106 160 30 42 29 93 24 46 36 1255 22 196
internal_value=0 0.00373745 -0.000266688 0.000400171 -0.000434344 0.000281371 -0.000559377 0.0198997 -0.00170949 0.013803 0.0105781 0.00843391 0.0300622 0.0400403 -0.000460332 0.00080045 0.00551534 0.01672 -0.00062489 0.00758869 0.0152838 -0.0145638 -0.0129212 0.028776 0.0353236 -0.0200024 -0.0195622 -0.00480563 0.00338196 0.00614309
internal_weight=0 2038 1458 1437 1400 1372 1334 71 1263 580 484 453 96 47 1188 1116 661 234 427 256 190 66 171 137 117 72 142 1585 330 308
internal_count=3623 2038 1458 1437 1400 1372 1334 71 1263 580 484 453 96 47 1188 1116 661 234 427 256 190 66 171 137 117 72 142 1585 330 308
shrinkage=0.1


Tree=15
num_leaves=31
num_cat=0
split_feature=0 5 6 14 10 2 4 9 15 11 15 9 13 1 13 6 8 8 9 2 12 1 3 8 4 2 15 4 9 3
split_gain=5.64014 5.33184 5.7535 4.6119 5.74401 4.43954 3.56602 4.45252 5.15672 4.82737 4.8481 4.39514 5.24182 4.44229 4.2028 3.62034 3.2252 5.22569 4.54732 3.55409 3.21645 3.20174 3.90676 3.71589 3.94334 4.67304 3.20491 3.11076 3.09446 3.09009
threshold=35.500000000000007 1.5000000000000002 3.5000000000000004 47.500000000000007 1.0000000180025095e-35 25.500000000000004 2.5000000000000004 2.5000000000000004 5.5000000000000009 2.5000000000000004 10.500000000000002 19.500000000000004 10.500000000000002 5.5000000000000009 4.5000000000000009 2.5000000000000004 16.500000000000004 12.500000000000002 11.500000000000002 18.500000000000004 3.5000000000000004 16.500000000000004 11.500000000000002 40.500000000000007 2.5000000000000004 33.500000000000007 38.500000000000007 3.5000000000000004 19.500000000000004 6.5000000000000009
decision_type=2 2 2 2 2 2 2 2 2 2 2 2 2 2 2 2 2 2 2 2 2 2 2 2 2 2 2 2 2 2
left_child=1 -1 6 4 -4 -2 29 -8 14 10 15 12 13 -12 -9 -10 17 19 -18 -6 -14 22 23 24 25 -7 -23 -28 -24 -3
right_child=5 2 3 -5 16 21 7 8 9 -11 11 -13 20 -15 -16 -17 18 -19 -20 -21 -22 26 28 -25 -26 -27 27 -29 -30 -31
leaf_value=-0.014279606217652367 0.021094002386536262 -0.0022710611553157112 0.058861981749534609 -0.023567711007900727 0.028586302340651557 -0.02492407321929932 -0.022706452414156902 -0.0097389000512304764 -0.020113655691966416 -0.008485821037009211 -0.023809771375222642 -0.007620384805911296 0.075675703440943085 0.034202019012335577 0.025736538837292447 0.026143668656763826 -0.039134942271091322 0.048625377033438 0.0059060011623483719 0.0016991344382685999 0.024238428473472597 0.0042846481347906182 -0.037950183229243505 -0.028612334157029792 0.041358515539684809 0.02639087239901225 0.055026074945926665 0.0048440391109103248 -0.0038080732353398062 -0.012207645144265609
leaf_weight=306 198 953 25 39 72 35 63 42 64 303 22 37 31 33 163 23 27 42 132 155 20 116 47 24 37 36 30 21 61 466
leaf_count=306 198 953 25 39 72 35 63 42 64 303 22 37 31 33 163 23 27 42 132 155 20 116 47 24 37 36 30 21 61 466
internal_value=0 -0.00176656 -0.000354692 0.00942927 0.0122701 0.00881237 -0.00252303 0.00281143 0.00498979 -0.000194297 0.0107289 0.0220532 0.032411 0.0109973 0.0184684 -0.00788471 0.00954858 0.0162225 -0.00174246 0.0102272 0.0555042 0.00283753 -0.00456105 0.00697953 0.0148888 0.00109477 0.0134702 0.0343629 -0.0186662 -0.00553424
internal_weight=0 3018 2712 492 453 605 2220 801 738 533 230 143 106 55 205 87 428 269 159 227 51 407 240 132 108 71 167 51 108 1419
internal_count=3623 3018 2712 492 453 605 2220 801 738 533 230 143 106 55 205 87 428 269 159 227 51 407 240 132 108 71 167 51 108 1419
shrinkage=0.1


Tree=16
num_leaves=31
num_cat=0
split_feature=5 2 4 8 9 1 8 10 3 12 6 13 7 11 4 1 14 8 15 15 14 1 12 13 13 2 3 7 4 10
split_gain=5.08259 5.65041 5.91583 6.02325 3.65299 4.88395 4.18668 4.62652 3.60703 5.11958 3.84929 4.65021 3.68694 3.42918 4.92787 4.97002 5.41783 3.34028 3.2544 3.14057 3.01255 3.63438 3.41834 3.00262 2.97076 6.2508 2.94007 3.99448 4.39554 3.61821
threshold=2.5000000000000004 28.500000000000004 2.5000000000000004 8.5000000000000018 62.500000000000007 12.500000000000002 11.500000000000002 3.5000000000000004 10.500000000000002 1.0000000180025095e-35 3.5000000000000004 10.500000000000002 9.5000000000000018 1.5000000000000002 4.5000000000000009 3.5000000000000004 16.500000000000004 16.500000000000004 14.500000000000002 5.5000000000000009 9.5000000000000018 14.500000000000002 3.5000000000000004 35.500000000000007 7.5000000000000009 16.500000000000004 27.500000000000004 14.500000000000002 4.5000000000000009 2.5000000000000004
decision_type=2 2 2 2 2 2 2 2 2 2 2 2 2 2 2 2 2 2 2 2 2 2 2 2 2 2 2 2 2 2
left_child=4 2 20 -4 5 8 26 17 9 -1 23 -12 -13 -5 15 16 -15 -8 -3 -17 22 24 -2 -11 25 -22 27 -7 29 -29
right_child=1 18 3 13 -6 6 7 -9 -10 10 11 12 -14 14 -16 19 -18 -19 -20 -21 21 -23 -24 -25 -26 -27 -28 28 -30 -31
leaf_value=0.042860918616255128 -0.00018192953257649034 0.0039744137581688406 0.040648994249166903 0.050214491004035591 -0.033528773710131646 -0.0064824708840913242 0.061509443862097606 -0.0080221825412341539 -0.014631950562553748 -0.0070030023176700642 0.022995506704432293 0.018101672977209091 -0.038114277592727119 0.014543644756805607 -0.025489826943423301 0.051494515292784752 -0.043810449082117814 0.015616255793078194 -0.0083527454292600598 0.016400431308384037 -0.014821894778761752 0.040537057816982275 -0.032349505791297327 0.031231757005055746 -0.0054125775817811979 0.031874072135880942 -0.034776473471096588 0.0040554777435634444 -0.0074035156714288815 0.053831876069307331
leaf_weight=24 216 446 97 21 40 144 35 28 336 936 103 20 28 41 37 34 26 29 412 102 43 34 39 21 123 86 21 23 38 40
leaf_count=24 216 446 97 21 40 144 35 28 336 936 103 20 28 41 37 34 26 29 412 102 43 34 39 21 123 86 21 23 38 40
internal_value=0 0.00385992 0.00940003 0.0193721 -0.00363445 -0.00297959 0.00749306 0.0258813 -0.00553355 -0.00283296 -0.00382272 0.0110157 -0.014691 0.0114646 0.00807397 0.0141915 -0.00810123 0.0407141 -0.00194492 0.025174 0.00280114 0.00984735 -0.00510168 -0.006164 0.00570667 0.0163087 0.00113322 0.00421119 0.0194576 0.0356595
internal_weight=0 1757 899 358 1866 1826 358 92 1468 1132 1108 151 48 261 240 203 67 64 858 136 541 286 255 957 252 129 266 245 101 63
internal_count=3623 1757 899 358 1866 1826 358 92 1468 1132 1108 151 48 261 240 203 67 64 858 136 541 286 255 957 252 129 266 245 101 63
shrinkage=0.1


Tree=17
num_leaves=31
num_cat=0
split_feature=0 2 9 0 0 11 7 14 8 7 3 8 14 15 0 8 15 3 12 2 1 3 13 1 2 3 7 14 13 1
split_gain=4.53532 3.54585 4.03405 4.00887 3.34213 3.24901 3.38292 3.21097 3.16075 3.04559 3.39761 2.97363 3.59736 3.12616 2.7085 3.5307 3.23611 3.10908 2.66612 3.74427 2.74911 3.61383 2.61215 2.49261 6.31558 4.94516 7.33859 5.96273 4.40544 4.3853
threshold=40.500000000000007 7.5000000000000009 1.5000000000000002 6.5000000000000009 7.5000000000000009 1.5000000000000002 40.500000000000007 12.500000000000002 8.5000000000000018 14.500000000000002 11.500000000000002 3.5000000000000004 62.500000000000007 41.500000000000007 47.500000000000007 75.500000000000014 5.5000000000000009 16.500000000000004 1.0000000180025095e-35 39.500000000000007 6.5000000000000009 9.5000000000000018 22.500000000000004 5.5000000000000009 31.500000000000004 6.5000000000000009 33.500000000000007 1.5000000000000002 17.500000000000004 18.500000000000004
decision_type=2 2 2 2 2 2 2 2 2 2 2 2 2 2 2 2 2 2 2 2 2 2 2 2 2 2 2 2 2 2
left_child=1 8 -3 -4 -5 6 7 9 -1 10 -6 -2 13 14 15 16 -13 -18 19 20 -7 -22 -15 -20 25 27 -27 -25 -29 -30
right_child=11 2 3 4 5 18 -8 -9 -10 -11 -12 12 -14 22 -16 -17 17 -19 23 -21 21 -23 -24 24 -26 26 -28 28 29 -31
leaf_value=0.044373748637735848 -0.019386981640543258 -0.025649454576127668 -0.022857852352828514 0.038381237739866431 0.042186354100704197 0.043504183987776446 0.045075563627939963 -0.019780607883994647 0.0014553227134653042 -0.0035449674052576868 0.000845100437149857 0.036237354742156135 -0.021372168898582459 0.022697480519612633 0.044922668000926147 -0.030046648070925761 0.014699747972190381 -0.023049377898375193 -0.0048724048190368656 -0.020008084284407753 -0.0091215969585790868 0.039116900682449343 0.068497403040528301 0.06147892861454575 -0.0071800329851303179 -0.0055134237469995732 0.045546460151672366 0.0062035611372883038 0.017624545969614169 0.074740552157163617
leaf_weight=32 28 68 82 22 50 36 26 37 37 62 33 45 25 33 23 21 80 30 1572 28 41 25 20 27 506 306 31 236 41 20
leaf_count=32 28 68 82 22 50 36 26 37 37 62 33 45 25 33 23 21 80 30 1572 28 41 25 20 27 506 306 31 236 41 20
internal_value=0 -0.00107271 -0.00154911 -0.00103392 -0.000456453 -0.000734135 0.0113341 0.00651393 0.0213595 0.0132236 0.0257495 0.0116697 0.014809 0.0183984 0.0126504 0.00843295 0.0136463 0.00440453 -0.00160907 0.0123835 0.0212754 0.00915056 0.0399805 -0.0022732 0.00122804 0.00766448 -0.00081652 0.0164858 0.0123955 0.0363511
internal_weight=0 3318 3249 3181 3099 3077 208 182 69 145 83 305 277 252 199 176 155 110 2869 130 102 66 53 2739 1167 661 337 324 297 61
internal_count=3623 3318 3249 3181 3099 3077 208 182 69 145 83 305 277 252 199 176 155 110 2869 130 102 66 53 2739 1167 661 337 324 297 61
shrinkage=0.1


Tree=18
num_leaves=31
num_cat=0
split_feature=5 11 0 1 15 10 10 7 1 3 6 0 2 1 9 12 8 0 2 7 9 9 13 8 9 0 0 0 8 0
split_gain=4.07907 5.28035 3.805 4.5104 4.35533 3.9504 3.97134 3.13212 5.67619 5.36281 4.11676 3.84479 3.5904 3.35004 3.19346 2.93774 3.09956 3.94825 3.53485 3.3825 3.49168 3.36748 3.06007 5.01602 2.87089 3.10167 3.04789 2.80686 3.66447 2.79564
threshold=1.5000000000000002 1.5000000000000002 43.500000000000007 7.5000000000000009 37.500000000000007 1.0000000180025095e-35 5.5000000000000009 9.5000000000000018 12.500000000000002 9.5000000000000018 3.5000000000000004 32.500000000000007 28.500000000000004 27.500000000000004 22.500000000000004 1.0000000180025095e-35 20.500000000000004 18.500000000000004 40.500000000000007 49.500000000000007 51.500000000000007 21.500000000000004 5.5000000000000009 57.500000000000007 3.5000000000000004 15.500000000000002 22.500000000000004 30.500000000000004 16.500000000000004 11.500000000000002
decision_type=2 2 2 2 2 2 2 2 2 2 2 2 2 2 2 2 2 2 2 2 2 2 2 2 2 2 2 2 2 2
left_child=29 24 4 -4 5 -3 7 8 9 10 -7 -11 -13 -10 -12 -9 18 -18 19 20 -17 -20 -19 -24 -2 -26 -27 28 -28 -1
right_child=1 2 3 -5 -6 6 -8 15 13 11 14 12 -14 -15 -16 16 17 22 21 -21 -22 -23 23 -25 25 26 27 -29 -30 -31
leaf_value=-0.028461129437474642 -0.018996767699718475 0.018827212796554912 -0.0091812863945961009 0.028297441030286027 -0.014798190013742916 -0.0052458321239168305 0.038453572530012865 0.022447169861859746 0.017092851411413264 -0.025945475159524962 0.030773190742936631 -0.023745317402340118 0.032873749608794849 -0.026287001073360447 -0.013972424918955024 0.0043830351653388428 -0.031968199158156359 -0.027835642486005219 -0.029610309817574246 0.047146801948547368 0.04572028446765173 0.012040149966875711 0.01768377518370038 -0.016728408466762223 -0.0043749372033696421 0.053892095386981968 0.024642670154571535 0.034570658886641785 -0.030997625887393954 -0.0058721870818036672
leaf_weight=68 20 111 48 97 204 862 26 72 162 197 58 21 24 20 22 758 54 37 55 20 21 30 105 71 38 34 29 57 20 282
leaf_count=68 20 111 48 97 204 862 26 72 162 197 58 21 24 20 22 758 54 37 55 20 21 30 105 71 38 34 29 57 20 282
internal_value=0 0.00109725 7.80335e-05 0.0158907 -0.000704504 0.000350196 -0.000434106 -0.000824635 -0.00411573 -0.00664307 -0.00323191 -0.0199212 0.00645152 0.0123258 0.0184681 0.00285128 0.00162547 -0.00781694 0.00447742 0.00653993 0.00549739 -0.0149101 -0.00169408 0.00380159 0.0169261 0.0209623 0.0278396 0.0194831 0.00193235 -0.0102609
internal_weight=0 3273 3075 145 2930 2726 2615 2589 1366 1184 942 242 45 182 80 1223 1151 267 884 799 779 85 213 176 198 178 140 106 49 350
internal_count=3623 3273 3075 145 2930 2726 2615 2589 1366 1184 942 242 45 182 80 1223 1151 267 884 799 779 85 213 176 198 178 140 106 49 350
shrinkage=0.1


Tree=19
num_leaves=31
num_cat=0
split_feature=5 5 2 4 8 12 13 12 9 1 2 3 13 14 15 14 8 8 10 3 2 2 11 3 9 8 4 11 1 9
split_gain=3.62865 4.187 3.82253 4.44743 4.37445 3.20755 4.34713 4.16685 2.90815 3.27794 3.38118 3.06489 2.89964 5.24395 4.63964 3.94117 5.71473 6.73289 4.38713 6.86688 3.68495 3.97507 2.77332 3.07402 2.73952 2.76266 2.65949 3.72153 3.22449 2.89219
threshold=2.5000000000000004 6.5000000000000009 28.500000000000004 2.5000000000000004 8.5000000000000018 3.5000000000000004 24.500000000000004 1.5000000000000002 62.500000000000007 16.500000000000004 7.5000000000000009 10.500000000000002 11.500000000000002 21.500000000000004 5.5000000000000009 8.5000000000000018 13.500000000000002 16.500000000000004 1.5000000000000002 1.0000000180025095e-35 21.500000000000004 29.500000000000004 2.5000000000000004 7.5000000000000009 3.5000000000000004 2.5000000000000004 3.5000000000000004 1.5000000000000002 3.5000000000000004 7.5000000000000009
decision_type=2 2 2 2 2 2 2 2 2 2 2 2 2 2 2 2 2 2 2 2 2 2 2 2 2 2 2 2 2 2
left_child=8 2 3 -2 -5 7 -7 -6 9 10 -1 12 13 15 20 16 18 -18 19 -12 -14 -22 23 -9 -11 -26 27 -4 -28 -30
right_child=1 -3 26 4 5 6 -8 22 -10 24 11 -13 14 -15 -16 -17 17 -19 -20 -21 21 -23 -24 -25 25 -27 28 -29 29 -31
leaf_value=0.03313099779188633 0.0026790796422493063 -0.037370712220668796 0.03780604826992956 0.035205918335423025 0.033762489218969606 0.046905613210466178 -0.0073345784436572685 -0.0087342699222704955 -0.029743979126214983 -0.026896489709615709 -0.013191428883322354 -0.012519031664784162 0.036418600036547732 0.033872382986274638 -0.025055839582568126 -0.012522849290939556 0.076341301880099563 -0.0028201992313067123 -0.0028245593240070676 0.050719542987644674 -0.028839833171744097 0.021904046718890853 -0.015205260332335125 0.034805840157693432 0.043776903549830125 0.0077908563427627094 -0.03293390274047852 0.0010302237169228523 -0.025646531946805058 0.0018060224793725096
leaf_weight=24 538 25 29 97 37 45 22 34 40 20 29 379 26 44 126 239 22 21 576 40 38 26 88 31 24 192 47 538 49 177
leaf_count=24 538 25 29 97 37 45 22 34 40 20 29 379 26 44 126 239 22 21 576 40 38 26 88 31 24 192 47 538 49 177
internal_value=0 0.00326143 0.00384792 0.00840681 0.0171117 0.0102823 0.0290954 0.00364824 -0.00307092 -0.00248662 -0.00411895 -0.00468983 -0.00219003 0.000141084 -0.0126693 -0.00145997 0.00238309 0.037681 2.98978e-05 0.0238584 0.00467195 -0.00822513 -0.00363429 0.012031 0.00851085 0.0117893 -0.000993181 0.00291117 -0.00910223 -0.00414608
internal_weight=0 1757 1732 892 354 257 67 190 1866 1826 1590 1566 1187 971 216 927 688 43 645 69 90 64 153 65 236 216 840 567 273 226
internal_count=3623 1757 1732 892 354 257 67 190 1866 1826 1590 1566 1187 971 216 927 688 43 645 69 90 64 153 65 236 216 840 567 273 226
shrinkage=0.1


Tree=20
num_leaves=31
num_cat=0
split_feature=2 0 15 15 12 13 0 7 4 9 13 13 11 14 12 1 5 6 14 10 1 15 13 7 2 2 8 15 1 7
split_gain=3.15525 3.94775 3.3794 4.72203 3.75292 3.6671 3.57096 3.76428 3.74282 3.17017 4.41917 3.59623 2.43909 4.15891 3.02608 2.87581 2.22675 2.69649 3.13492 2.6526 2.31069 3.34055 3.88233 6.9354 3.64812 3.85114 4.15003 3.84078 3.04765 2.28785
threshold=47.500000000000007 31.500000000000004 6.5000000000000009 1.5000000000000002 1.0000000180025095e-35 10.500000000000002 45.500000000000007 30.500000000000004 3.5000000000000004 6.5000000000000009 9.5000000000000018 6.5000000000000009 2.5000000000000004 58.500000000000007 2.5000000000000004 15.500000000000002 1.5000000000000002 3.5000000000000004 47.500000000000007 1.0000000180025095e-35 2.5000000000000004 3.5000000000000004 9.5000000000000018 7.5000000000000009 12.500000000000002 17.500000000000004 10.500000000000002 12.500000000000002 3.5000000000000004 11.500000000000002
decision_type=2 2 2 2 2 2 2 2 2 2 2 2 2 2 2 2 2 2 2 2 2 2 2 2 2 2 2 2 2 2
left_child=1 16 3 4 -3 -5 7 9 -8 10 -4 -11 14 15 -9 -14 -1 20 19 -19 29 22 23 -22 -23 26 -26 -28 -27 -18
right_child=-2 2 6 5 -6 -7 8 12 -10 11 -12 -13 13 -15 -16 -17 17 18 -20 -21 21 24 -24 -25 25 28 27 -29 -30 -31
leaf_value=-0.010083661931930422 -0.020297571539878847 0.024213599640390146 -0.048854624580692604 0.036645653054994697 -0.026480920016765597 0.0093412369489669807 0.03630749100988561 0.057812958664220315 -0.011732341154761938 0.013703014329075815 0.00071338423660823286 -0.0090716954034108389 -0.032580289964018197 0.041993416916756406 0.0080177208551993739 0.010002817511558534 -0.011974660929371703 0.044807900488376622 -0.022767452263470853 0.0074050180430281654 0.028372790732166989 -0.026431947999766899 0.029702433641952804 -0.026322857214480029 0.036175439127704559 0.026824454239436558 -0.033096546841704329 0.024694525126529778 -0.0032139514651974782 -0.00023246918764178602
leaf_weight=269 75 23 37 102 40 95 55 23 23 104 35 208 29 21 26 35 376 20 33 365 44 56 79 49 57 35 23 23 966 297
leaf_count=269 75 23 37 102 40 95 55 23 23 104 35 208 29 21 26 35 376 20 33 365 44 56 79 49 57 35 23 23 966 297
internal_value=0 0.000429064 0.00634446 0.0158575 -0.0079734 0.0234785 0.00219447 -0.000809191 0.0221419 -0.00584493 -0.0247591 -0.00148013 0.0136216 0.00337802 0.031391 -0.00929265 -0.00145191 -0.000493617 0.00681259 0.00934802 -0.00201681 0.00039626 0.0134016 -0.000445346 -0.00153212 -0.000269083 0.0181432 -0.00420101 -0.00216366 -0.00679274
internal_weight=0 3548 856 260 63 197 596 518 78 384 72 312 134 85 49 64 2692 2423 418 385 2005 1332 172 93 1160 1104 103 46 1001 673
internal_count=3623 3548 856 260 63 197 596 518 78 384 72 312 134 85 49 64 2692 2423 418 385 2005 1332 172 93 1160 1104 103 46 1001 673
shrinkage=0.1


Tree=21
num_leaves=31
num_cat=0
split_feature=5 5 0 11 8 2 6 0 0 13 14 13 6 14 8 9 1 7 3 13 1 4 2 8 14 0 3 9 7 8
split_gain=2.78875 3.19869 3.37659 3.98938 3.39392 3.49886 3.09875 2.75916 3.10241 3.36622 7.47565 2.72783 2.64333 2.62987 3.4346 2.33558 2.8238 3.42027 3.08366 2.7738 3.38962 3.45539 2.71952 3.72102 2.69708 5.44021 3.84355 4.46503 2.63522 2.61841
threshold=6.5000000000000009 2.5000000000000004 15.500000000000002 1.5000000000000002 140.50000000000003 28.500000000000004 1.5000000000000002 17.500000000000004 22.500000000000004 2.5000000000000004 9.5000000000000018 6.5000000000000009 1.5000000000000002 9.5000000000000018 43.500000000000007 62.500000000000007 2.5000000000000004 19.500000000000004 28.500000000000004 17.500000000000004 16.500000000000004 4.5000000000000009 20.500000000000004 6.5000000000000009 3.5000000000000004 14.500000000000002 5.5000000000000009 6.5000000000000009 7.5000000000000009 4.5000000000000009
decision_type=2 2 2 2 2 2 2 2 2 2 2 2 2 2 2 2 2 2 2 2 2 2 2 2 2 2 2 2 2 2
left_child=1 15 -3 12 5 13 11 -8 -9 10 -10 -7 -4 -5 -15 16 22 24 19 -19 -21 -22 23 29 25 -18 27 -27 -25 -1
right_child=-2 2 3 4 -6 6 7 8 9 -11 -12 -13 -14 14 -16 -17 17 18 -20 20 21 -23 -24 28 -26 26 -28 -29 -30 -31
leaf_value=0.0011242440613833341 -0.033283677577972418 -0.0075775491531755099 0.056921284794807438 0.0008505124401287982 0.041002669868369895 0.0074753872824437689 0.032905233937960403 -0.017995564516852882 0.028793650297891528 0.0060790229893795608 -0.045210864643255876 -0.026513882914939557 0.016275504436343909 0.016491662595473546 -0.015924436930153104 -0.026544864531606441 0.05631340633739125 0.026718490454581901 -0.021632754678527516 -0.021670149179065928 0.047016012798184938 -0.009817431569099427 -0.014751695877395547 -0.026443199366331101 -0.0039394910643313933 -0.01837090742588043 -0.017125800330387918 0.032455621127571381 0.00038116552094195753 0.034998467258917983
leaf_weight=55 25 244 20 283 24 33 26 85 21 403 39 83 80 355 36 40 22 109 24 34 23 20 291 60 917 25 57 56 94 39
leaf_count=55 25 244 20 283 24 33 26 85 21 403 39 83 80 355 36 40 22 109 24 34 23 20 291 60 917 25 57 56 94 39
internal_value=0 0.000231265 0.0033261 0.00511406 0.00372425 0.00306832 -0.00193734 0.00107527 -0.000434916 0.00278896 -0.0193093 -0.0168445 0.0244047 0.00819281 0.0135071 -0.00264132 -0.0021177 0.000427208 0.0121017 0.0164546 0.00192512 0.0205819 -0.00819431 -0.000499955 -0.00184916 0.010131 0.00276863 0.0167684 -0.0100699 0.0151784
internal_weight=0 3598 1732 1488 1388 1364 690 574 548 463 60 116 100 674 391 1866 1826 1287 210 186 77 43 539 248 1077 160 138 81 154 94
internal_count=3623 3598 1732 1488 1388 1364 690 574 548 463 60 116 100 674 391 1866 1826 1287 210 186 77 43 539 248 1077 160 138 81 154 94
shrinkage=0.1


Tree=22
num_leaves=31
num_cat=0
split_feature=2 0 0 5 2 11 7 3 0 3 11 4 2 2 10 2 14 11 9 0 1 15 13 7 14 10 8 7 12 4
split_gain=2.52242 2.77463 2.84321 2.33294 3.34357 3.28314 3.4272 3.62204 2.70215 2.87508 4.73661 2.52238 2.42584 2.62998 2.37843 3.41653 4.76621 4.00117 3.07572 2.36987 3.94251 2.51749 3.33654 2.66316 3.77505 2.57461 2.27551 2.23855 2.20744 2.02955
threshold=7.5000000000000009 6.5000000000000009 7.5000000000000009 1.5000000000000002 12.500000000000002 1.5000000000000002 7.5000000000000009 16.500000000000004 11.500000000000002 11.500000000000002 3.5000000000000004 3.5000000000000004 16.500000000000004 28.500000000000004 1.0000000180025095e-35 32.500000000000007 10.500000000000002 2.5000000000000004 9.5000000000000018 43.500000000000007 7.5000000000000009 37.500000000000007 5.5000000000000009 27.500000000000004 26.500000000000004 5.5000000000000009 8.5000000000000018 1.0000000180025095e-35 1.5000000000000002 2.5000000000000004
decision_type=2 2 2 2 2 2 2 2 2 2 2 2 2 2 2 2 2 2 2 2 2 2 2 2 2 2 2 2 2 2
left_child=26 -2 -3 4 -4 6 -5 12 -6 10 29 -9 -8 -14 15 17 -17 -7 -19 21 -21 25 -23 -24 -25 27 -1 -16 -22 -10
right_child=1 2 3 5 8 14 7 11 9 -11 -12 -13 13 -15 19 16 -18 18 -20 20 28 22 23 24 -26 -27 -28 -29 -30 -31
leaf_value=0.037293220267576331 -0.018230639775009716 0.035892170938578521 -0.042742514037168944 0.038375134696794114 -0.033176563151421083 0.056655608503906822 0.018010342231503242 0.049647159695625304 0.0030841478705406194 -0.012936027784173083 -0.025251687597483398 0.0059459063091448381 -0.038149123807107249 0.0045409807452449101 -0.026426265695515802 0.028166082217579796 -0.034389039360243699 -0.019455527446486737 0.027528024700127152 -0.012898815387771243 -0.003211718120358207 0.021081375454862914 -0.034766355925990693 -0.023275170314545728 0.022424278088978358 0.03266875031201736 0.0021059661731123928 -0.00059014115318886337 0.033296511244418014 0.031604878710848945
leaf_weight=34 85 22 26 43 31 27 27 25 45 123 32 28 31 27 34 21 29 22 38 42 22 24 62 51 28 23 40 2458 67 56
leaf_count=34 85 22 26 43 31 27 27 25 45 123 32 28 31 27 34 21 29 22 38 42 22 24 62 51 28 23 40 2458 67 56
internal_value=0 -0.000381011 5.69851e-05 -0.00017206 -0.00840353 0.00065135 0.0137241 0.00604295 -0.00529268 -0.00191612 0.00827523 0.0265597 -0.00674985 -0.0182761 -0.000151284 0.012715 -0.00811589 0.0246867 0.0103007 -0.000778348 0.0123546 -0.0014203 -0.0133862 -0.019253 -0.0070779 -0.00063526 0.0182731 -0.00094264 0.024272 0.0188976
internal_weight=0 3549 3464 3442 313 3129 181 138 287 256 133 53 85 58 2948 137 50 87 60 2811 131 2680 165 141 79 2515 74 2492 89 101
internal_count=3623 3549 3464 3442 313 3129 181 138 287 256 133 53 85 58 2948 137 50 87 60 2811 131 2680 165 141 79 2515 74 2492 89 101
shrinkage=0.1


Tree=23
num_leaves=31
num_cat=0
split_feature=2 0 15 14 5 6 9 15 15 13 9 8 15 5 13 14 14 1 9 0 8 12 4 11 7 3 2 7 15 1
split_gain=2.41485 2.7111 2.23253 2.34993 2.13812 2.46609 3.71225 3.50695 4.55757 2.94107 3.17675 5.16947 3.44181 8.85666 2.81467 2.57237 2.39945 3.48494 6.01323 4.51393 3.98303 3.26452 2.87118 2.38698 2.31034 4.74085 3.76572 5.36565 4.85431 3.52732
threshold=47.500000000000007 35.500000000000007 84.500000000000014 79.500000000000014 1.5000000000000002 2.5000000000000004 5.5000000000000009 8.5000000000000018 18.500000000000004 1.0000000180025095e-35 12.500000000000002 5.5000000000000009 5.5000000000000009 3.5000000000000004 54.500000000000007 8.5000000000000018 7.5000000000000009 13.500000000000002 18.500000000000004 27.500000000000004 10.500000000000002 2.5000000000000004 1.5000000000000002 2.5000000000000004 9.5000000000000018 5.5000000000000009 34.500000000000007 6.5000000000000009 1.5000000000000002 7.5000000000000009
decision_type=2 2 2 2 2 2 2 2 2 2 2 2 2 2 2 2 2 2 2 2 2 2 2 2 2 2 2 2 2 2
left_child=1 4 3 -3 -1 24 7 15 -9 -8 11 -11 13 -13 16 -7 22 18 20 -19 -18 -20 -12 -23 25 26 27 28 -6 -30
right_child=-2 2 -4 -5 5 6 9 8 -10 10 14 12 -14 -15 -16 -17 17 19 21 -21 -22 23 -24 -25 -26 -27 -28 -29 29 -31
leaf_value=-0.0089366929592932156 -0.017757086038589481 0.0065705696226290942 0.035288408398628235 -0.02834795743227005 0.046534177966606922 0.020308466752370202 0.022819372314599254 -0.020474838307409579 0.038284862583333801 0.018985951217738065 -0.029601467649141951 -0.02054480574232467 -0.023353980196889043 0.057569569633120592 -0.02152868612454488 0.063335526113708823 0.0020623822013537091 0.0091621607955959111 0.011420480729039036 0.048751785730322204 0.050804970531087172 0.0059417566750198606 0.0028119963857362856 -0.026813631229204677 0.0022451745271682743 -0.015481665435264698 -0.041319140114567499 -0.0050064497408659567 -0.0044779580517819049 0.028554730938405409
leaf_weight=294 75 530 26 20 39 33 62 33 22 55 33 47 157 21 39 24 30 72 67 48 38 32 159 73 650 318 22 460 95 49
leaf_count=294 75 530 26 20 39 33 62 33 22 55 33 47 157 21 39 24 30 72 67 48 38 32 159 73 650 318 22 460 95 49
internal_value=0 0.000375361 0.00665441 0.00530081 -0.000841575 4.71351e-05 0.00384059 0.0210431 0.00302904 0.00177555 0.000277592 -0.0084964 -0.0152143 0.00357875 0.00443448 0.0384251 0.00626883 0.0110837 0.00412656 0.024998 0.0293009 -0.00582609 -0.00275907 -0.016831 -0.0023804 -0.00543901 -0.00063666 0.000755275 0.0152383 0.00676233
internal_weight=0 3548 576 550 2972 2678 1045 112 55 933 871 280 225 68 591 57 552 360 240 120 68 172 192 105 1633 983 665 643 183 144
internal_count=3623 3548 576 550 2972 2678 1045 112 55 933 871 280 225 68 591 57 552 360 240 120 68 172 192 105 1633 983 665 643 183 144
shrinkage=0.1


Tree=24
num_leaves=31
num_cat=0
split_feature=5 5 0 2 4 15 8 6 4 1 14 15 3 5 0 9 8 9 8 14 11 11 10 12 15 5 14 1 9 7
split_gain=2.24929 2.08478 2.62594 2.57626 3.45629 3.42004 4.21188 3.2819 2.58164 2.66598 4.04897 2.44204 2.50334 4.86069 2.66365 2.42567 3.04983 2.80625 2.29945 2.18996 2.11379 2.92688 2.03658 2.34652 2.87072 2.84161 4.11683 1.91744 3.06071 3.13941
threshold=6.5000000000000009 2.5000000000000004 6.5000000000000009 28.500000000000004 2.5000000000000004 5.5000000000000009 29.500000000000004 1.5000000000000002 4.5000000000000009 2.5000000000000004 10.500000000000002 14.500000000000002 1.5000000000000002 3.5000000000000004 31.500000000000004 20.500000000000004 12.500000000000002 38.500000000000007 49.500000000000007 20.500000000000004 2.5000000000000004 3.5000000000000004 4.5000000000000009 3.5000000000000004 17.500000000000004 4.5000000000000009 9.5000000000000018 1.5000000000000002 48.500000000000007 19.500000000000004
decision_type=2 2 2 2 2 2 2 2 2 2 2 2 2 2 2 2 2 2 2 2 2 2 2 2 2 2 2 2 2 2
left_child=1 27 -3 4 22 6 19 -7 9 10 -9 12 13 -5 -15 -14 -17 -18 -19 -6 -11 -22 23 25 -25 -4 -27 -1 29 -29
right_child=-2 2 3 11 5 7 -8 8 -10 20 -12 -13 15 14 -16 16 17 18 -20 -21 21 -23 -24 24 -26 26 -28 28 -30 -31
leaf_value=-0.0072756237262475935 -0.029891582369804381 -0.025232619272940088 0.00076373486302733109 -0.0086989922869590026 0.049258019078162407 0.038278232082243895 -0.010882194269271124 0.014677301883697511 -0.023735719521840414 0.03156974455714226 -0.044885032943316867 -0.0064188063822009358 -0.0053489292905266796 0.06751655597578396 0.017092635482549669 -0.011061235353714083 0.040008432553573087 0.031301810294389727 -0.01277357802308839 0.015135926228982431 -0.013954293192961278 0.025586893740627503 0.028739355228565355 -0.029238733763878162 0.0084703449046973026 -0.0064511653035879135 0.054418739914894099 -0.0013641163795721214 -0.024919303824814658 0.011989680486066003
leaf_weight=519 25 33 373 31 62 31 21 25 30 50 21 396 224 22 20 41 44 20 29 27 39 36 27 52 33 20 25 1089 48 210
leaf_count=519 25 33 373 31 62 31 21 25 30 50 21 396 224 22 20 41 44 20 29 27 39 36 27 52 33 20 25 1089 48 210
internal_value=0 0.000207696 0.00270621 0.00324887 0.00704109 0.0148785 0.0294013 0.00799267 0.00332176 0.00806868 -0.0125142 -0.000749693 0.00445905 0.0213363 0.0435052 0.00101761 0.0116602 0.0216771 0.00521638 0.0389064 0.0156432 0.00502548 0.00198375 0.000547566 -0.0145987 0.00362756 0.0273654 -0.0021114 -0.000121616 0.000794696
internal_weight=0 3598 1732 1699 872 342 110 232 201 171 46 827 431 73 42 358 134 93 49 89 125 75 530 503 85 418 45 1866 1347 1299
internal_count=3623 3598 1732 1699 872 342 110 232 201 171 46 827 431 73 42 358 134 93 49 89 125 75 530 503 85 418 45 1866 1347 1299
shrinkage=0.1


Tree=25
num_leaves=31
num_cat=0
split_feature=2 7 14 9 15 5 11 7 3 4 2 2 15 13 15 0 11 9 8 12 7 2 4 3 3 13 15 1 0 14
split_gain=1.89314 2.01575 2.10245 1.97762 1.95656 1.84967 2.18627 3.43081 2.3465 2.36523 2.16618 2.71506 2.0921 2.39528 1.95116 2.01799 3.50867 2.32715 1.78516 1.51548 3.04246 2.73905 2.02756 4.92137 2.92904 2.88122 3.92545 2.81447 4.02146 3.77567
threshold=7.5000000000000009 1.0000000180025095e-35 14.500000000000002 14.500000000000002 7.5000000000000009 1.5000000000000002 1.5000000000000002 7.5000000000000009 16.500000000000004 3.5000000000000004 16.500000000000004 28.500000000000004 29.500000000000004 18.500000000000004 11.500000000000002 18.500000000000004 3.5000000000000004 16.500000000000004 7.5000000000000009 1.0000000180025095e-35 8.5000000000000018 42.500000000000007 4.5000000000000009 7.5000000000000009 11.500000000000002 25.500000000000004 19.500000000000004 5.5000000000000009 39.500000000000007 1.5000000000000002
decision_type=2 2 2 2 2 2 2 2 2 2 2 2 2 2 2 2 2 2 2 2 2 2 2 2 2 2 2 2 2 2
left_child=3 2 -2 4 -1 12 7 -7 10 -10 -9 -12 14 -14 15 18 17 -17 -3 20 -8 -22 27 -24 -25 26 -26 28 -21 -29
right_child=1 5 -4 -5 -6 6 19 8 9 -11 11 -13 13 -15 -16 16 -18 -19 -20 22 21 -23 23 24 25 -27 -28 29 -30 -31
leaf_value=0.023783115829740253 -0.031740107592195275 -0.006430660577920768 0.007969297543168068 0.035083942547921208 -0.018890504606745462 0.038561539231119935 -0.01415932846920831 0.017414236068725587 0.04337727272510529 0.0017299123605092369 -0.036266539059579377 0.0059790137512930512 -0.012791951692530088 0.026205674900362894 -0.022312985356781903 0.0026807265104474252 -0.028687894060498195 0.042175317704677584 -0.038343945580224199 -0.0035702861704250085 0.029912142498152595 -0.01204994983971119 -0.030556945462484622 0.029249968727429711 -0.011885149188731847 -0.029342942961624693 0.042848200574517249 0.026683481846536912 0.019727747830060816 0.0026811945357211372
leaf_weight=21 40 65 20 31 22 37 35 28 25 30 32 29 28 36 97 37 21 25 24 1477 70 20 74 30 38 35 20 70 78 1028
leaf_count=21 40 65 20 31 22 37 35 28 25 30 32 29 28 36 97 37 21 25 24 1477 70 20 74 30 38 35 20 70 78 1028
internal_value=0 -0.000330081 -0.0185036 0.0158305 0.0019501 -1.75518e-05 0.00073036 0.0114009 0.00442215 0.0206605 -0.0056128 -0.0161826 -0.00710587 0.00914421 -0.0109721 -0.0045763 0.00664005 0.018606 -0.0150365 8.11591e-05 0.0108582 0.0205872 -0.000391518 -0.0101796 0.00207987 -0.00668467 0.00698842 0.000335305 -0.00240164 0.0042114
internal_weight=0 3549 60 74 43 3489 3156 181 144 55 89 61 333 64 269 172 83 62 89 2975 125 90 2850 197 123 93 58 2653 1555 1098
internal_count=3623 3549 60 74 43 3489 3156 181 144 55 89 61 333 64 269 172 83 62 89 2975 125 90 2850 197 123 93 58 2653 1555 1098
shrinkage=0.1


Tree=26
num_leaves=31
num_cat=0
split_feature=5 8 14 14 7 12 8 2 13 9 3 15 3 4 13 13 11 8 14 7 1 14 4 9 9 9 15 15 9 1
split_gain=1.89343 1.69812 1.98337 3.46354 2.65222 4.3589 3.45699 3.16292 3.12113 3.00223 2.99893 2.68916 2.41815 5.29401 4.24339 8.44379 5.87957 4.88207 4.27414 4.26335 4.46993 4.07103 3.26722 3.00662 3.13849 3.3999 3.06523 2.94449 2.99519 3.16311
threshold=6.5000000000000009 140.50000000000003 47.500000000000007 21.500000000000004 19.500000000000004 1.5000000000000002 17.500000000000004 17.500000000000004 15.500000000000002 14.500000000000002 17.500000000000004 8.5000000000000018 6.5000000000000009 4.5000000000000009 17.500000000000004 12.500000000000002 2.5000000000000004 22.500000000000004 9.5000000000000018 11.500000000000002 9.5000000000000018 7.5000000000000009 3.5000000000000004 21.500000000000004 18.500000000000004 17.500000000000004 10.500000000000002 9.5000000000000018 41.500000000000007 7.5000000000000009
decision_type=2 2 2 2 2 2 2 2 2 2 2 2 2 2 2 2 2 2 2 2 2 2 2 2 2 2 2 2 2 2
left_child=1 2 3 12 6 -6 7 -5 9 -7 11 -8 13 14 15 19 22 -18 -17 20 -1 -22 -16 24 25 -14 -26 28 29 -25
right_child=-2 -3 -4 4 5 8 10 -9 -10 -11 -12 -13 23 -15 16 18 17 -19 -20 -21 21 -23 -24 27 26 -27 -28 -29 -30 -31
leaf_value=-0.0021894846445144112 -0.027425303250551227 0.02277066120595643 -0.009987249986204521 0.011292952403539058 0.057079969048500059 0.008029255149315814 0.026468913868451734 -0.016592850430675276 -0.0051683536460322725 0.045766653402431592 0.051227193361236933 -0.011713023696626936 -0.0062592417694801511 -0.023569990388858014 0.043688952574482215 -0.03433856041507518 0.013435299249727334 -0.036286568641662596 0.0020890477360511312 0.014271895109197578 0.036305486723299953 -0.00089110524526664196 0.003261290049111402 0.0083815790414810184 -0.044302156461136687 0.025982105118386885 -0.0045369757546318903 -0.0043334891446103153 -0.0037908171930096366 0.045144487917423252
leaf_weight=804 25 33 189 66 25 49 39 106 62 37 21 35 860 78 77 94 67 28 49 296 62 56 27 50 42 34 36 177 55 44
leaf_count=804 25 33 189 66 25 49 39 106 62 37 21 35 860 78 77 94 67 28 49 296 62 56 27 50 42 34 36 177 55 44
internal_value=0 0.000190559 -1.84571e-05 0.00053963 0.00881354 0.0184587 0.00256403 -0.00589248 0.0119349 0.0242651 0.0178748 0.00840989 -0.000700329 0.00185439 0.00312561 0.00113131 0.0167651 -0.00121957 -0.0218564 0.00383019 0.000477975 0.0186529 0.0331933 -0.00392424 -0.0067115 -0.00503306 -0.025949 0.00438624 0.0147446 0.0255897
internal_weight=0 3598 3565 3376 440 173 267 172 148 86 95 74 2936 1638 1560 1361 199 95 143 1218 922 118 104 1298 972 894 78 326 149 94
internal_count=3623 3598 3565 3376 440 173 267 172 148 86 95 74 2936 1638 1560 1361 199 95 143 1218 922 118 104 1298 972 894 78 326 149 94
shrinkage=0.1


Tree=27
num_leaves=31
num_cat=0
split_feature=2 9 11 13 4 10 3 7 3 0 3 7 1 0 3 9 11 10 7 15 13 13 13 15 3 5 1 3 9 7
split_gain=1.74818 1.73509 2.63953 2.6984 2.38139 3.19202 3.11176 5.64393 3.11355 3.5991 3.18912 3.53765 3.45471 3.44044 3.05353 3.77745 3.10662 2.91637 2.71924 3.53709 3.0875 2.55747 4.02388 5.4601 4.93592 4.19648 3.13438 2.99823 2.81076 2.84002
threshold=47.500000000000007 2.5000000000000004 2.5000000000000004 18.500000000000004 2.5000000000000004 3.5000000000000004 24.500000000000004 52.500000000000007 1.0000000180025095e-35 29.500000000000004 10.500000000000002 68.500000000000014 2.5000000000000004 18.500000000000004 12.500000000000002 8.5000000000000018 2.5000000000000004 5.5000000000000009 9.5000000000000018 3.5000000000000004 15.500000000000002 6.5000000000000009 5.5000000000000009 10.500000000000002 4.5000000000000009 4.5000000000000009 4.5000000000000009 1.0000000180025095e-35 5.5000000000000009 6.5000000000000009
decision_type=2 2 2 2 2 2 2 2 2 2 2 2 2 2 2 2 2 2 2 2 2 2 2 2 2 2 2 2 2 2
left_child=1 2 -1 -4 17 6 8 -8 9 -6 13 12 -12 -10 16 -16 -14 21 -15 -20 -21 22 24 -24 26 28 -3 -28 29 -26
right_child=-2 4 3 -5 5 -7 7 -9 10 -11 11 -13 14 18 15 -17 -18 -19 19 20 -22 -23 23 -25 25 -27 27 -29 -30 -31
leaf_value=0.0016349968834305712 -0.015108458906412126 0.02792512295259671 -0.032011590038354583 0.0092205584758803961 -0.011466424615311444 -0.0032048462879183145 -0.026801867783069613 0.031199828308561574 0.032553648632184594 0.018208898755453402 -0.020451624249502767 0.04450462840497494 0.01261158131417774 -0.002228335048193517 -0.014570130448083621 0.021838178646360194 -0.03956115543842316 0.036588131487369537 0.046002448310977537 0.0046793056637283387 0.037169453462487775 -0.0051214796542216525 0.037460388769121736 -0.0094755267640814576 -0.011572297482654967 0.035672259211540228 -0.014542265327609317 0.026958795830055522 -0.008722425622566525 0.029115665171827589
leaf_weight=106 75 88 65 21 133 427 62 23 113 59 59 20 21 92 37 124 25 20 38 127 38 1054 68 39 29 25 49 27 517 42
leaf_count=106 75 88 65 21 133 427 62 23 113 59 59 20 21 92 37 124 25 20 38 127 38 1054 68 39 29 25 49 27 517 42
internal_value=0 0.000319373 -0.0089261 -0.0219433 0.000848315 0.00400083 0.00716955 -0.0111073 0.00892297 -0.00234745 0.012041 0.00394441 0.000894766 0.0177166 0.006979 0.0134711 -0.0157432 -0.00140256 0.0120332 0.0184966 0.0121619 -0.00179462 0.00217202 0.0203529 -0.000331659 -0.0044542 0.0150776 0.000201533 -0.00616026 0.0124966
internal_weight=0 3548 192 86 3356 1398 971 85 886 192 694 286 266 408 207 161 46 1958 295 203 165 1938 884 107 777 613 164 76 588 71
internal_count=3623 3548 192 86 3356 1398 971 85 886 192 694 286 266 408 207 161 46 1958 295 203 165 1938 884 107 777 613 164 76 588 71
shrinkage=0.1


Tree=28
num_leaves=31
num_cat=0
split_feature=0 2 1 1 15 8 6 5 9 0 1 4 3 0 15 15 15 8 8 5 0 8 7 9 1 9 14 8 13 14
split_gain=1.66062 1.56072 2.23329 2.59633 3.08831 2.70498 2.90551 2.16169 2.09251 1.64908 1.93602 3.07287 2.73058 2.33353 2.28037 3.27872 3.36012 3.41622 3.48815 3.58787 2.96034 2.95197 3.79984 3.34479 2.74796 2.72827 3.88065 2.67317 3.14623 2.11168
threshold=3.5000000000000004 43.500000000000007 7.5000000000000009 37.500000000000007 4.5000000000000009 13.500000000000002 2.5000000000000004 4.5000000000000009 30.500000000000004 31.500000000000004 35.500000000000007 4.5000000000000009 6.5000000000000009 36.500000000000007 1.5000000000000002 6.5000000000000009 7.5000000000000009 3.5000000000000004 7.5000000000000009 2.5000000000000004 35.500000000000007 42.500000000000007 21.500000000000004 21.500000000000004 5.5000000000000009 28.500000000000004 3.5000000000000004 12.500000000000002 13.500000000000002 15.500000000000002
decision_type=2 2 2 2 2 2 2 2 2 2 2 2 2 2 2 2 2 2 2 2 2 2 2 2 2 2 2 2 2 2
left_child=-1 9 -3 4 -4 -6 7 -7 -8 -2 11 14 -13 -14 29 25 -17 -18 19 20 -19 23 -23 27 -21 26 -16 28 -20 -11
right_child=1 2 3 -5 5 6 8 -9 -10 10 -12 12 13 -15 15 16 17 18 21 24 -22 22 -24 -25 -26 -27 -28 -29 -30 -31
leaf_value=-0.023833693518977742 -0.00040502800798310749 -0.021554654846458059 0.036164597670237227 -0.029485866632954827 -0.020322268119674514 0.012297837622463705 0.043527786433696751 -0.02827450476329902 0.0047680372496445977 -0.035246658384799956 0.024136404541074016 -0.046410073907602406 0.023018212616443635 -0.021079464753468835 -0.013040627132762562 -0.032761685848236084 0.041605526457230257 -0.056751647591590883 -0.020992458860079447 0.036420467793941501 -0.011296822954165309 -0.03190954153026853 0.013759116044169978 0.035273681530507944 -0.012883595893016228 -0.0069914562627673149 0.032800190992977311 0.022122898950415144 0.025415153446651642 0.0054577985635170575
leaf_weight=29 2545 76 24 29 55 24 26 29 30 25 49 21 20 30 22 25 24 23 48 20 38 35 38 59 26 32 115 59 21 26
leaf_count=29 2545 76 24 29 55 24 26 29 30 25 49 21 20 30 22 25 24 23 48 20 38 35 38 59 26 32 115 59 21 26
internal_value=0 0.000192314 -0.00680228 -0.00163555 0.00266051 -0.00224252 0.00688028 -0.00990212 0.0227636 0.000813161 0.00491407 0.00358183 -0.0161497 -0.00344039 0.00578457 0.00755257 0.00278089 0.00505343 0.00266311 -0.0125339 -0.0284355 0.00891727 -0.00813682 0.0155748 0.00855295 0.0192982 0.0254389 0.00649478 -0.0068684 -0.0144954
internal_weight=0 3594 293 217 188 164 109 53 56 3301 756 707 71 50 636 585 416 391 367 107 61 260 73 187 46 169 137 128 69 51
internal_count=3623 3594 293 217 188 164 109 53 56 3301 756 707 71 50 636 585 416 391 367 107 61 260 73 187 46 169 137 128 69 51
shrinkage=0.1


end of trees

feature_importances:
Column_0=99
Column_2=91
Column_9=68
Column_1=67
Column_15=67
Column_13=64
Column_3=61
Column_8=58
Column_14=56
Column_7=48
Column_5=46
Column_12=38
Column_4=35
Column_11=25
Column_6=24
Column_10=23

parameters:
[boosting: gbdt]
[objective: regression]
[metric: l2]
[tree_learner: serial]
[device_type: cpu]
[data: ]
[valid: ]
[num_iterations: 10000]
[learning_rate: 0.1]
[num_leaves: 31]
[num_threads: 0]
[deterministic: 0]
[force_col_wise: 0]
[force_row_wise: 0]
[histogram_pool_size: -1]
[max_depth: -1]
[min_data_in_leaf: 20]
[min_sum_hessian_in_leaf: 0.001]
[bagging_fraction: 1]
[pos_bagging_fraction: 1]
[neg_bagging_fraction: 1]
[bagging_freq: 0]
[bagging_seed: 3]
[feature_fraction: 1]
[feature_fraction_bynode: 1]
[feature_fraction_seed: 2]
[extra_trees: 0]
[extra_seed: 6]
[early_stopping_round: 10]
[first_metric_only: 0]
[max_delta_step: 0]
[lambda_l1: 0]
[lambda_l2: 0]
[min_gain_to_split: 0]
[drop_rate: 0.1]
[max_drop: 50]
[skip_drop: 0.5]
[xgboost_dart_mode: 0]
[uniform_drop: 0]
[drop_seed: 4]
[top_rate: 0.2]
[other_rate: 0.1]
[min_data_per_group: 100]
[max_cat_threshold: 32]
[cat_l2: 10]
[cat_smooth: 10]
[max_cat_to_onehot: 4]
[top_k: 20]
[monotone_constraints: ]
[monotone_constraints_method: basic]
[monotone_penalty: 0]
[feature_contri: ]
[forcedsplits_filename: ]
[refit_decay_rate: 0.9]
[cegb_tradeoff: 1]
[cegb_penalty_split: 0]
[cegb_penalty_feature_lazy: ]
[cegb_penalty_feature_coupled: ]
[path_smooth: 0]
[interaction_constraints: ]
[verbosity: 1]
[saved_feature_importance_type: 0]
[max_bin: 255]
[max_bin_by_feature: ]
[min_data_in_bin: 3]
[bin_construct_sample_cnt: 200000]
[data_random_seed: 1]
[is_enable_sparse: 1]
[enable_bundle: 1]
[use_missing: 1]
[zero_as_missing: 0]
[feature_pre_filter: 1]
[pre_partition: 0]
[two_round: 0]
[header: 0]
[label_column: ]
[weight_column: ]
[group_column: ]
[ignore_column: ]
[categorical_feature: ]
[forcedbins_filename: ]
[objective_seed: 5]
[num_class: 1]
[is_unbalance: 0]
[scale_pos_weight: 1]
[sigmoid: 1]
[boost_from_average: 1]
[reg_sqrt: 0]
[alpha: 0.9]
[fair_c: 1]
[poisson_max_delta_step: 0.7]
[tweedie_variance_power: 1.5]
[lambdarank_truncation_level: 30]
[lambdarank_norm: 1]
[label_gain: ]
[eval_at: ]
[multi_error_top_k: 1]
[auc_mu_weights: ]
[num_machines: 1]
[local_listen_port: 12400]
[time_out: 120]
[machine_list_filename: ]
[machines: ]
[gpu_platform_id: -1]
[gpu_device_id: -1]
[gpu_use_dp: 0]
[num_gpu: 1]

end of parameters

pandas_categorical:null
