tree
version=v3
num_class=1
num_tree_per_iteration=1
label_index=0
max_feature_idx=15
objective=regression
feature_names=Column_0 Column_1 Column_2 Column_3 Column_4 Column_5 Column_6 Column_7 Column_8 Column_9 Column_10 Column_11 Column_12 Column_13 Column_14 Column_15
feature_infos=[1:49] [0:96] [1:49] [0:62] [0:8] [0:9] [0:8] [0:229] [0:245] [0:219] [0:8] [0:8] [0:8] [0:302] [0:216] [0:288]
tree_sizes=2844 2837 2816 2829 2835 2839 2840 2834 2844 2842 2850 2831 2830 2843 2848 2844 2832 2825 2840 2836 2849 2816 2834 2812 2837 2824 2809 2828

Tree=0
num_leaves=31
num_cat=0
split_feature=0 2 2 0 1 2 1 0 2 3 8 1 3 13 4 2 0 6 2 2 0 5 14 10 7 8 2 15 3 12
split_gain=410.392 171.273 113.948 104.471 38.8846 34.8472 28.7644 27.3166 20.4836 18.3246 17.0008 16.9272 15.8703 15.8536 15.6843 15.5092 15.8252 14.9393 13.7819 13.6456 12.6722 14.8372 12.6301 12.5608 12.2598 12.0421 11.9544 11.9031 11.4159 9.95657
threshold=36.500000000000007 33.500000000000007 33.500000000000007 24.500000000000004 7.5000000000000009 24.500000000000004 1.0000000180025095e-35 26.500000000000004 43.500000000000007 6.5000000000000009 2.5000000000000004 6.5000000000000009 5.5000000000000009 3.5000000000000004 1.0000000180025095e-35 41.500000000000007 46.500000000000007 1.5000000000000002 22.500000000000004 12.500000000000002 43.500000000000007 1.5000000000000002 30.500000000000004 2.5000000000000004 9.5000000000000018 44.500000000000007 21.500000000000004 12.500000000000002 4.5000000000000009 3.5000000000000004
decision_type=2 2 2 2 2 2 2 2 2 2 2 2 2 2 2 2 2 2 2 2 2 2 2 2 2 2 2 2 2 2
left_child=1 3 6 5 26 11 -2 8 22 17 -6 12 13 -1 -7 16 27 -9 -12 -8 21 -21 -3 -16 -23 -11 -5 -4 -20 -14
right_child=2 7 15 4 10 14 19 9 -10 25 18 -13 29 -15 23 -17 -18 -19 28 20 -22 24 -24 -25 -26 -27 -28 -29 -30 -31
leaf_value=-0.045267964694901956 -0.067816470389177236 -0.096868396585252106 -0.03853508853062719 -0.055094693815620703 -0.10187529303825177 -0.12480386384345796 0.0080624473009343334 -0.12475901336227274 -0.13121051950211127 -0.090782420732952618 -0.029661009208253368 -0.062013723843979809 -0.08514802075410044 -0.076694379192395731 -0.079494670793765557 -0.075648489609313474 -0.0072778929468245296 -0.061693475913362411 -0.031496916504127011 -0.077875293674034646 -0.0052741823915904568 -0.037607253480617005 -0.1262687349905689 -0.1022030839981308 -0.011291224621669663 -0.12380632694003638 -0.077407761210593784 -0.072442861375444173 -0.059453748489357042 -0.11714801990638993
leaf_weight=191 102 725 194 433 45 140 257 43 352 463 700 968 495 1006 578 388 77 297 222 50 539 291 183 421 452 145 539 222 427 121
leaf_count=191 102 725 194 433 45 140 257 43 352 463 700 968 495 1006 578 388 77 297 222 50 539 291 183 421 452 145 539 222 427 121
internal_value=-0.0665281 -0.0771251 -0.0315316 -0.0687092 -0.0521154 -0.0787248 -0.0163389 -0.101085 -0.110732 -0.0882614 -0.0414104 -0.0726908 -0.0783916 -0.0716798 -0.0934574 -0.0606925 -0.0489219 -0.0696694 -0.0393935 -0.0130345 -0.017105 -0.0251464 -0.102794 -0.0890645 -0.021598 -0.0986582 -0.0674679 -0.0566301 -0.0498907 -0.0914337
internal_weight=0 8494 2572 6286 2366 3920 1691 2208 1260 948 1394 2781 1813 1197 1139 881 493 340 1349 1589 1332 793 908 999 743 608 972 416 649 616
internal_count=11066 8494 2572 6286 2366 3920 1691 2208 1260 948 1394 2781 1813 1197 1139 881 493 340 1349 1589 1332 793 908 999 743 608 972 416 649 616
shrinkage=1


Tree=1
num_leaves=31
num_cat=0
split_feature=0 2 2 2 2 1 1 3 0 0 13 0 8 0 0 1 7 10 0 1 5 2 9 4 0 13 8 10 10 2
split_gain=337.049 143.431 111.329 40.4011 36.5351 35.9187 29.7078 29.608 25.9228 21.9449 19.2128 17.7873 17.0499 16.4951 15.248 13.3909 11.6536 11.2368 11.0893 11.052 9.47807 9.3574 10.6276 9.26492 8.95317 8.89559 8.82956 9.11412 8.7861 8.60715
threshold=31.500000000000004 28.500000000000004 24.500000000000004 41.500000000000007 40.500000000000007 3.5000000000000004 6.5000000000000009 1.5000000000000002 46.500000000000007 26.500000000000004 7.5000000000000009 41.500000000000007 4.5000000000000009 41.500000000000007 19.500000000000004 10.500000000000002 1.0000000180025095e-35 1.5000000000000002 24.500000000000004 1.5000000000000002 1.5000000000000002 19.500000000000004 2.5000000000000004 1.0000000180025095e-35 25.500000000000004 1.0000000180025095e-35 49.500000000000007 1.0000000180025095e-35 2.5000000000000004 16.500000000000004
decision_type=2 2 2 2 2 2 2 2 2 2 2 2 2 2 2 2 2 2 2 2 2 2 2 2 2 2 2 2 2 2
left_child=2 5 6 7 8 29 14 9 15 25 19 23 -8 26 -1 -3 -12 -17 -14 -9 -19 22 -16 -7 -18 -4 27 -6 -21 -2
right_child=1 4 3 -5 13 11 12 10 -10 -11 16 -13 18 -15 21 17 24 20 -20 28 -22 -23 -24 -25 -26 -27 -28 -29 -30 -31
leaf_value=-0.019282485122329621 0.033872183203568745 -0.0071973195449374196 0.037563037020819534 -0.047600457466637797 0.045541529996054514 -0.00046154898509644625 -0.019602003504086092 -0.03296146208428901 0.057250201317571831 0.036396841101703194 -0.060143518937777168 0.059258463410674103 0.0073340976103560612 0.006758751710597026 -0.037311961422575278 0.044445124145381709 -0.035709570131696865 -0.042745391976448804 0.02693442345927459 0.0013099886149894901 0.013963845197148748 -0.0085914237485375522 0.012429131522685112 0.040937893156588447 -0.016340665818153029 -0.014943989815492607 -0.051388890345891315 -0.022401403667348805 -0.025842868137572497 -0.0041692962790740298
leaf_weight=815 87 348 35 699 21 57 173 219 124 126 146 691 874 233 47 121 836 31 431 410 598 860 499 1047 334 413 105 330 168 188
leaf_count=815 87 348 35 699 21 57 173 219 124 126 146 691 874 233 47 121 836 31 431 410 598 860 499 1047 334 413 105 330 168 188
internal_value=0 0.0232823 -0.0130821 -0.026184 0.00352713 0.04152 -0.00108888 -0.0206126 0.0139096 -0.000472403 -0.0260838 0.0466759 0.00989688 -0.014887 -0.00839954 0.009015 -0.0335045 0.0165375 0.0138075 -0.0138307 0.011169 -0.00209115 0.00814739 0.0388004 -0.0301803 -0.0108419 -0.0259472 -0.0183364 -0.00658219 0.00786564
internal_weight=0 3981 7085 3386 1911 2070 3699 2687 1222 574 2113 1795 1478 689 2221 1098 1316 750 1305 797 629 1406 546 1104 1170 448 456 351 578 275
internal_count=11066 3981 7085 3386 1911 2070 3699 2687 1222 574 2113 1795 1478 689 2221 1098 1316 750 1305 797 629 1406 546 1104 1170 448 456 351 578 275
shrinkage=0.1


Tree=2
num_leaves=31
num_cat=0
split_feature=0 2 2 0 1 4 3 1 2 2 0 8 5 9 0 2 0 2 4 15 1 2 8 2 11 9 2 3 10 2
split_gain=275.501 115.813 76.6149 69.0742 26.1712 22.8632 20.7143 20.232 19.0728 13.8039 13.7268 12.8162 10.7983 10.5039 10.2458 9.53342 16.2531 9.39837 10.6162 10.2299 9.26816 9.90009 8.90307 8.6212 8.60229 9.3838 8.33705 8.23891 8.20733 8.1599
threshold=36.500000000000007 33.500000000000007 33.500000000000007 24.500000000000004 7.5000000000000009 1.0000000180025095e-35 1.5000000000000002 4.5000000000000009 19.500000000000004 14.500000000000002 26.500000000000004 2.5000000000000004 5.5000000000000009 53.500000000000007 15.500000000000002 40.500000000000007 21.500000000000004 41.500000000000007 1.0000000180025095e-35 15.500000000000002 28.500000000000004 28.500000000000004 30.500000000000004 13.500000000000002 1.5000000000000002 5.5000000000000009 42.500000000000007 11.500000000000002 2.5000000000000004 19.500000000000004
decision_type=2 2 2 2 2 2 2 2 2 2 2 2 2 2 2 2 2 2 2 2 2 2 2 2 2 2 2 2 2 2
left_child=1 3 7 5 24 9 15 -2 14 27 26 -6 17 -11 -7 16 -3 18 -4 -20 29 -22 -12 -9 -5 -26 -8 -1 -10 -13
right_child=2 6 12 4 11 8 10 23 28 13 22 20 -14 -15 -16 -17 -18 -19 19 -21 21 -23 -24 -25 25 -27 -28 -29 -30 -31
leaf_value=0.023494342820984976 0.011763431041420086 -0.02894144163212993 -0.030755894683128185 0.034277311746890728 -0.031985571119520405 -0.011008872358595373 -0.033736480220683152 0.060639505982527014 -0.008523932557411646 -0.052555003988591933 -0.015338649603587981 0.029361488969060729 -0.042955942948659259 0.0068806159145691813 0.0092085332552224036 -0.027281489116804943 0.025259637352604194 -0.0047721088096786797 0.034823923474025041 0.0036910699900760445 0.04907974309369343 -0.00052474389970302577 -0.037830216142366521 0.041444048671585382 -0.025113595473620062 0.0013782870870644368 -0.052485977919043407 -0.042173278126223339 -0.021004228198862808 0.011532349393958781
leaf_weight=56 206 88 43 65 45 363 667 291 1607 237 524 412 45 34 810 147 149 363 244 186 206 50 265 1194 163 744 368 29 784 681
leaf_count=56 206 88 43 65 45 363 667 291 1607 237 524 412 45 34 810 147 149 363 244 186 206 50 265 1194 163 744 368 29 784 681
internal_value=0 -0.00868252 0.0286739 -0.00176205 0.0117309 -0.009906 -0.0283845 0.0411316 -0.00749231 -0.03407 -0.0328287 0.0205131 0.00476252 -0.0450981 0.002952 -0.00727484 0.00513434 0.0073311 0.0166196 0.0213572 0.0222644 0.0393914 -0.0228929 0.0452056 -0.000864244 -0.00338266 -0.040403 0.0010901 -0.0126162 0.0182529
internal_weight=0 8494 2572 6286 2366 3920 2208 1691 3564 356 1824 1394 881 271 1173 384 237 836 473 430 1349 256 789 1485 972 907 1035 85 2391 1093
internal_count=11066 8494 2572 6286 2366 3920 2208 1691 3564 356 1824 1394 881 271 1173 384 237 836 473 430 1349 256 789 1485 972 907 1035 85 2391 1093
shrinkage=0.1


Tree=3
num_leaves=31
num_cat=0
split_feature=0 2 2 0 0 1 4 3 2 2 2 0 2 4 4 2 3 1 2 7 8 13 7 2 8 14 3 10 2 10
split_gain=224.76 103.973 70.9631 33.1369 29.5185 28.069 18.9921 18.8119 16.6656 12.6561 11.5442 11.5008 11.2086 10.7463 9.97483 9.6587 9.47103 9.40173 9.90044 12.4599 9.47355 8.87269 9.59347 8.82507 8.49417 9.22165 8.45615 8.14428 7.83141 7.59491
threshold=29.500000000000004 28.500000000000004 36.500000000000007 19.500000000000004 39.500000000000007 7.5000000000000009 1.0000000180025095e-35 10.500000000000002 19.500000000000004 19.500000000000004 41.500000000000007 41.500000000000007 17.500000000000004 3.5000000000000004 1.0000000180025095e-35 43.500000000000007 1.5000000000000002 6.5000000000000009 40.500000000000007 40.500000000000007 13.500000000000002 3.5000000000000004 3.5000000000000004 10.500000000000002 4.5000000000000009 19.500000000000004 2.5000000000000004 1.5000000000000002 34.500000000000007 1.0000000180025095e-35
decision_type=2 2 2 2 2 2 2 2 2 2 2 2 2 2 2 2 2 2 2 2 2 2 2 2 2 2 2 2 2 2
left_child=2 5 3 6 7 12 23 17 13 -8 14 24 -2 -5 -6 16 -4 -3 19 20 -19 28 -23 -1 25 -7 -24 -16 -10 -11
right_child=1 4 15 8 10 11 9 -9 21 29 -12 -13 -14 -15 27 -17 -18 18 -20 -21 -22 22 26 -25 -26 -27 -28 -29 -30 -31
leaf_value=0.014339164018630982 0.031028459572366308 -0.014349329493184022 -0.004042220094820837 0.0059385166036700224 -0.021995327207777235 -0.0065886992674607505 -0.0019751254050132858 -0.020901031837681869 0.004086616406073937 0.020518272726432141 -0.0011382137441468987 0.048572210220143408 0.0021590924418386933 0.035630162544809017 0.056046291967717612 -0.045908155570177522 -0.032699144609122467 0.032928350249672458 -0.010320949471659131 0.077602391413279959 -0.0041263400235300443 -0.025689270205958917 0.0089223005471785379 -0.048168160951035655 0.03507446389534135 0.049910059515386823 -0.0091938842933676525 0.02188699493276031 0.062786179035902029 -0.020921140362732502
leaf_weight=25 210 207 143 826 45 104 649 622 429 46 287 637 374 143 82 437 596 137 144 35 139 274 326 234 1005 40 1229 469 24 1148
leaf_count=25 210 207 143 826 45 104 649 622 429 46 287 637 374 143 82 437 596 137 144 35 139 274 326 234 1005 40 1229 469 24 1148
internal_value=0 0.0170963 -0.0118802 -0.00699374 0.00126492 0.0315717 -0.0167785 -0.00841376 -0.000667216 -0.0132151 0.015339 0.0377948 0.0125402 0.0103203 0.0232735 -0.034123 -0.0271539 0.003319 0.0113571 0.0213946 0.0142667 -0.0053328 -0.00843602 -0.0421346 0.0318199 0.0091054 -0.00539589 0.0269706 0.00719653 -0.0193246
internal_weight=0 4537 6529 5353 2167 2370 2102 1284 3251 1843 883 1786 584 969 596 1176 739 662 455 311 276 2282 1829 259 1149 144 1555 551 453 1194
internal_count=11066 4537 6529 5353 2167 2370 2102 1284 3251 1843 883 1786 584 969 596 1176 739 662 455 311 276 2282 1829 259 1149 144 1555 551 453 1194
shrinkage=0.1


Tree=4
num_leaves=31
num_cat=0
split_feature=0 2 2 0 3 13 2 1 3 1 1 4 4 5 13 0 10 8 11 2 5 8 9 7 0 5 8 12 9 9
split_gain=183.815 77.6173 52.4078 45.5826 18.7461 18.2571 15.2381 14.9478 14.0347 11.2658 11.0357 10.6892 10.6481 8.63623 8.24984 8.23996 8.89179 8.13426 7.84342 7.83096 8.54811 7.79666 7.7604 7.435 7.42457 7.97024 14.9064 6.92421 7.21601 7.23268
threshold=36.500000000000007 33.500000000000007 33.500000000000007 24.500000000000004 13.500000000000002 19.500000000000004 19.500000000000004 1.0000000180025095e-35 1.5000000000000002 7.5000000000000009 1.0000000180025095e-35 1.0000000180025095e-35 1.5000000000000002 5.5000000000000009 11.500000000000002 15.500000000000002 1.0000000180025095e-35 7.5000000000000009 1.5000000000000002 12.500000000000002 1.5000000000000002 2.5000000000000004 7.5000000000000009 6.5000000000000009 41.500000000000007 3.5000000000000004 46.500000000000007 1.5000000000000002 5.5000000000000009 33.500000000000007
decision_type=2 2 2 2 2 2 2 2 2 2 2 2 2 2 2 2 2 2 2 2 2 2 2 2 2 2 2 2 2 2
left_child=1 3 7 4 6 9 15 -2 -3 27 -6 -8 -10 24 22 17 -17 -1 -7 -9 -21 -11 -14 -22 25 -4 -27 -5 -29 -30
right_child=2 8 13 5 10 18 11 19 12 21 -12 -13 14 -15 -16 16 -18 -19 -20 20 23 -23 -24 -25 -26 26 -28 28 29 -31
leaf_value=-0.037870578588666146 -0.0033841077859203018 -0.0058452666659529013 -0.0159309638471439 0.021430035766802337 -0.046476048086628773 0.057939422164972013 -0.037048804672965167 0.052088955111424751 -0.03866102792874531 -0.03515310883522034 -0.015943944340389499 -0.0082044729337853901 -0.031578001054850494 -0.039029580619600088 -0.029280392618227208 0.053679245710372928 0.0074010274123714262 -0.00059145648564611162 0.02100034339027386 -0.0015150415546753828 0.021736131381022969 0.013588307468295572 -0.0060002141089236004 0.039356120119576489 0.014775931245825264 0.037291591878676297 -0.02567452925150512 -0.02957622403940879 0.00048095247104069667 -0.03851287708832668
leaf_weight=74 102 384 232 95 165 65 137 257 540 34 419 2065 165 45 697 44 736 280 497 68 321 944 422 943 445 98 61 121 558 52
leaf_count=74 102 384 232 95 165 65 137 257 540 34 419 2065 165 45 697 44 736 280 497 68 321 944 422 943 445 98 61 121 558 52
internal_value=0 -0.00709209 0.0234215 -0.00142662 -0.00804234 0.00953433 -0.00514895 0.0337249 -0.0232212 0.00463137 -0.0245703 -0.00999906 -0.0268793 0.00364518 -0.0219244 0.00426897 0.0100116 -0.00838427 0.0252727 0.036107 0.0330233 0.0118938 -0.0131899 0.0348814 0.00594227 -0.00411139 0.0131348 -0.00396752 -0.00726815 -0.00284311
internal_weight=0 8494 2572 6286 3920 2366 3336 1691 2208 1804 584 2202 1824 881 1284 1134 780 354 562 1589 1332 978 587 1264 836 391 159 826 731 610
internal_count=11066 8494 2572 6286 3920 2366 3336 1691 2208 1804 584 2202 1824 881 1284 1134 780 354 562 1589 1332 978 587 1264 836 391 159 826 731 610
shrinkage=0.1


Tree=5
num_leaves=31
num_cat=0
split_feature=0 2 2 1 2 2 0 12 3 13 6 7 14 5 1 3 0 5 1 11 12 1 0 10 15 12 11 13 14 7
split_gain=152.522 70.1706 50.7173 20.1818 19.6324 19.1425 17.7319 15.2474 14.8509 14.2408 11.3752 11.4451 10.8264 9.62542 9.58216 10.6696 9.57088 9.47503 11.7588 9.38912 10.1346 9.27446 9.08727 9.02079 8.77292 8.68658 8.33643 8.05475 8.01838 8.37427
threshold=29.500000000000004 28.500000000000004 24.500000000000004 15.500000000000002 43.500000000000007 40.500000000000007 46.500000000000007 1.5000000000000002 1.5000000000000002 7.5000000000000009 1.5000000000000002 9.5000000000000018 17.500000000000004 2.5000000000000004 17.500000000000004 8.5000000000000018 24.500000000000004 1.5000000000000002 6.5000000000000009 1.5000000000000002 2.5000000000000004 1.5000000000000002 41.500000000000007 2.5000000000000004 1.5000000000000002 1.0000000180025095e-35 1.5000000000000002 19.500000000000004 25.500000000000004 15.500000000000002
decision_type=2 2 2 2 2 2 2 2 2 2 2 2 2 2 2 2 2 2 2 2 2 2 2 2 2 2 2 2 2 2
left_child=2 3 7 12 8 6 14 13 16 21 11 -9 19 -1 -3 23 28 26 -19 -2 -21 -10 27 -16 -14 -11 -12 -7 29 -4
right_child=1 5 4 -5 -6 22 -8 10 9 25 17 -13 24 -15 15 -17 -18 18 -20 20 -22 -23 -24 -25 -26 -27 -28 -29 -30 -31
leaf_value=0.0023363421027560601 0.041682875384059216 -0.0039033565317937572 -0.014361358705967192 0.034318730874455597 -0.038773464911044053 -0.0084006154955160329 0.044240079579814795 -0.049481163890856619 -0.02634341937945028 0.0057330176979303359 0.014987934071843219 0.00098716463798131709 0.060041394084692001 0.032323684637444193 0.052213264325660771 0.002719279687312213 0.020242282509803772 -0.005639252076691947 0.0084411418999887078 0.014880791967507544 -0.011969870498509913 -0.0022227549062432033 0.0051675024206546249 0.013454417056507535 0.021693553908289167 -0.028284617856867311 -0.036325003646260547 -0.033000583374606714 -0.04963874451138757 0.019029569403033391
leaf_weight=233 72 645 252 1304 437 328 124 106 223 80 41 78 72 198 103 366 150 1774 891 328 246 559 233 144 348 1217 139 224 44 107
leaf_count=233 72 645 252 1304 437 328 124 106 223 80 41 78 72 198 103 366 150 1774 891 328 246 559 233 144 348 1217 139 224 44 107
internal_value=0 0.0140835 -0.0097866 0.0259753 -0.0191448 0.00107765 0.00816119 -0.00148589 -0.0158858 -0.0197599 -0.00398998 -0.028087 0.0157691 0.0161124 0.00460492 0.0135574 -0.00132127 -0.00243151 -0.000931698 0.00764316 0.00337337 -0.00910115 -0.011393 0.029617 0.0282675 -0.0261864 -0.0246371 -0.0183832 -0.0093474 -0.00440919
internal_weight=0 4537 6529 2370 3069 2167 1382 3460 2632 2079 3029 184 1066 431 1258 613 553 2845 2665 646 574 782 785 247 420 1297 180 552 403 359
internal_count=11066 4537 6529 2370 3069 2167 1382 3460 2632 2079 3029 184 1066 431 1258 613 553 2845 2665 646 574 782 785 247 420 1297 180 552 403 359
shrinkage=0.1


Tree=6
num_leaves=31
num_cat=0
split_feature=0 2 2 0 4 3 1 12 13 1 1 8 12 5 8 3 9 8 10 11 0 5 13 13 13 15 2 0 2 15
split_gain=124.886 53.1184 35.84 32.4629 18.7281 15.0505 14.4342 17.0895 12.7695 11.1916 10.5047 8.55119 8.16114 7.81417 8.21914 7.5307 7.4014 7.22603 7.19993 13.5089 7.05868 6.95627 6.83511 6.72286 6.70249 6.50967 6.64147 6.46688 6.41342 9.70046
threshold=36.500000000000007 29.500000000000004 33.500000000000007 26.500000000000004 1.5000000000000002 2.5000000000000004 9.5000000000000018 2.5000000000000004 17.500000000000004 1.0000000180025095e-35 28.500000000000004 20.500000000000004 1.0000000180025095e-35 2.5000000000000004 15.500000000000002 4.5000000000000009 3.5000000000000004 3.5000000000000004 1.5000000000000002 3.5000000000000004 7.5000000000000009 5.5000000000000009 3.5000000000000004 8.5000000000000018 15.500000000000002 4.5000000000000009 25.500000000000004 43.500000000000007 19.500000000000004 9.5000000000000018
decision_type=2 2 2 2 2 2 2 2 2 2 2 2 2 2 2 2 2 2 2 2 2 2 2 2 2 2 2 2 2 2
left_child=1 3 9 6 12 -6 7 16 10 -2 -5 13 -3 23 -15 -9 -1 -8 19 -19 -13 -4 -18 -7 -14 26 -20 -11 -24 -30
right_child=2 4 21 8 5 11 17 15 -10 27 -12 20 24 14 -16 -17 22 18 25 -21 -22 -23 28 -25 -26 -27 -28 -29 29 -31
leaf_value=-0.020451294543506863 -0.0042836080542674251 0.019283243137247424 0.0050128545084050262 0.0038311627989316686 0.0048313989078919272 -0.0042015471546859532 -0.031477276446684348 -0.0079188776505106258 0.026647516877270069 0.024689324554348493 0.040592160466171451 -0.063482589274644854 -0.023200982534571701 0.0062395417877504225 -0.022907050687444305 -0.02718243675029024 0.012036349677449041 0.042057165930843139 0.02790011883689425 -0.013352297743161521 -0.021301761211296701 -0.0353486086262597 0.006923882816288922 -0.02906885838618985 -0.041319430538121316 -0.0019871211647987364 -0.018237455533101007 0.037716880553528342 -0.0051400747302053074 -0.038398986750719503
leaf_weight=222 102 34 836 1042 451 182 53 317 441 955 84 42 494 387 129 564 323 132 156 66 716 45 370 270 348 700 39 634 834 98
leaf_count=222 102 34 836 1042 451 182 53 317 441 955 84 42 494 387 129 564 323 132 156 66 716 45 370 270 348 700 39 634 834 98
internal_value=0 -0.00584577 0.0193056 7.78953e-05 -0.0164028 -0.0114345 -0.00483468 -0.00879095 0.012223 0.0278261 0.00657355 -0.0156848 -0.0287498 -0.00945618 -0.00104711 -0.0202511 -0.0033246 0.00458305 0.00633163 0.0235873 -0.023639 0.00295126 -0.000984828 -0.0190559 -0.0306894 0.00251416 0.0186726 0.0298872 -0.00421512 -0.00863726
internal_weight=0 8494 2572 5441 3053 2177 3874 2728 1567 1691 1126 1726 876 968 516 881 1847 1146 1093 198 758 881 1625 452 842 895 195 1589 1302 932
internal_count=11066 8494 2572 5441 3053 2177 3874 2728 1567 1691 1126 1726 876 968 516 881 1847 1146 1093 198 758 881 1625 452 842 895 195 1589 1302 932
shrinkage=0.1


Tree=7
num_leaves=31
num_cat=0
split_feature=0 2 2 2 2 0 1 3 1 3 0 1 12 10 8 4 7 0 10 7 2 5 4 15 0 7 7 15 13 1
split_gain=103.143 44.9254 38.0965 14.1907 13.3984 13.5399 13.1798 13.0889 12.9245 11.678 12.1137 11.4019 10.1834 9.54027 8.10567 7.9071 7.4095 7.19264 6.95667 6.89835 6.89092 6.83874 6.63034 6.56718 6.47897 6.39304 6.26761 6.52866 6.8646 6.17076
threshold=31.500000000000004 27.500000000000004 24.500000000000004 40.500000000000007 41.500000000000007 19.500000000000004 14.500000000000002 1.5000000000000002 3.5000000000000004 9.5000000000000018 21.500000000000004 8.5000000000000018 1.0000000180025095e-35 1.5000000000000002 4.5000000000000009 1.0000000180025095e-35 3.5000000000000004 41.500000000000007 1.5000000000000002 3.5000000000000004 12.500000000000002 1.5000000000000002 1.5000000000000002 1.0000000180025095e-35 40.500000000000007 13.500000000000002 16.500000000000004 13.500000000000002 20.500000000000004 17.500000000000004
decision_type=2 2 2 2 2 2 2 2 2 2 2 2 2 2 2 2 2 2 2 2 2 2 2 2 2 2 2 2 2 2
left_child=2 8 6 11 5 12 9 -7 25 10 23 -3 -4 -13 20 -14 -12 22 -17 -15 -8 -11 -10 -1 -5 -2 27 -16 -29 -9
right_child=1 3 4 24 -6 7 14 29 17 21 16 13 15 19 26 18 -18 -19 -20 -21 -22 -23 -24 -25 -26 -27 -28 28 -30 -31
leaf_value=0.017236927103611729 -0.0069690897637927855 -0.0073986593776747892 0.017615608802208537 -0.017212889968034099 -0.027234445678573822 0.01092480765183417 0.02876085589329402 -0.014593569965944762 0.0053179827528168459 -0.052573788554772086 -0.0094622195175249283 0.035950596493446028 -0.042310647331596764 -0.020075288166602454 0.018030468903060228 0.0018765349137155635 0.015728898086995652 0.035180918933969178 -0.023211890169695614 0.012282091007356714 -0.034071626234799625 -0.012490622359409669 0.025681011623531477 -0.0067229163791976757 0.0025194778985400219 0.027642674585183463 0.02862278894392838 -0.017350420044429268 0.032961454110987047 0.0015521619001768793
leaf_weight=124 185 339 65 408 699 355 24 991 198 46 146 163 178 72 265 133 583 653 654 776 64 570 831 1477 281 75 232 134 34 311
leaf_count=124 185 339 65 408 699 355 24 991 198 46 146 163 178 72 265 133 583 653 654 776 64 570 831 1477 281 75 232 134 34 311
internal_value=0 0.0128795 -0.00723689 0.00251221 -0.0149012 -0.0116928 -0.000221136 -0.00609608 0.0237646 -0.00323895 -1.67596e-06 0.00847206 -0.0206964 0.0137937 0.0115856 -0.023277 0.0106838 0.0269721 -0.018972 0.00953477 -0.0169355 -0.0154838 0.0217628 -0.00486719 -0.00916529 0.00301507 0.0153598 0.0082536 -0.00716826 -0.0107369
internal_weight=0 3981 7085 2039 3386 2687 3699 1657 1942 2946 2330 1350 1030 1011 753 965 729 1682 787 848 88 616 1029 1601 689 260 665 433 168 1302
internal_count=11066 3981 7085 2039 3386 2687 3699 1657 1942 2946 2330 1350 1030 1011 753 965 729 1682 787 848 88 616 1029 1601 689 260 665 433 168 1302
shrinkage=0.1


Tree=8
num_leaves=31
num_cat=0
split_feature=0 2 2 2 13 0 0 1 1 3 12 4 7 15 2 4 0 5 6 6 0 14 9 14 12 8 14 2 7 0
split_gain=84.7118 40.4415 28.8122 14.1256 12.6394 11.5707 11.4033 10.3688 8.49887 11.2499 10.1383 8.39227 8.19281 8.1241 7.73674 7.69313 7.44977 7.40008 6.99477 6.84926 7.46011 6.80517 6.65278 6.36947 6.66167 6.12861 7.84065 7.42138 7.26328 6.10544
threshold=28.500000000000004 27.500000000000004 24.500000000000004 40.500000000000007 7.5000000000000009 41.500000000000007 46.500000000000007 1.0000000180025095e-35 8.5000000000000018 8.5000000000000018 1.0000000180025095e-35 1.5000000000000002 7.5000000000000009 10.500000000000002 23.500000000000004 1.5000000000000002 23.500000000000004 4.5000000000000009 1.5000000000000002 1.5000000000000002 9.5000000000000018 17.500000000000004 6.5000000000000009 9.5000000000000018 1.5000000000000002 9.5000000000000018 20.500000000000004 12.500000000000002 4.5000000000000009 41.500000000000007
decision_type=2 2 2 2 2 2 2 2 2 2 2 2 2 2 2 2 2 2 2 2 2 2 2 2 2 2 2 2 2 2
left_child=2 5 7 6 16 11 8 14 10 18 -3 22 13 -9 17 -6 -4 23 -10 -17 -21 -18 -2 -1 -25 26 27 -13 -27 -5
right_child=1 3 4 29 15 -7 -8 12 9 -11 -12 25 -14 -15 -16 19 21 -19 -20 20 -22 -23 -24 24 -26 28 -28 -29 -30 -31
leaf_value=-0.0014848536583238667 -0.022534017646035485 0.060021043391454788 -0.011679638801179778 -0.014946217440725763 -0.030076075192374083 0.029957025231609882 0.034228726581290912 0.00040060820881389244 -0.018206041891660012 -0.0003122655330115142 -0.011180889957166568 0.042437243461608889 0.0073829055240316041 -0.019131929913292763 -0.046888123026915959 -0.033502732217311863 -0.0010261633845626331 0.035239622560707305 0.024642812092674944 -0.038648947547463813 -0.010277226276298953 0.034954338954455814 0.0088365199963880495 0.032136658741080244 -0.023451404247519583 -0.0069990317990530782 0.031341279974350565 -0.0021781146571219685 0.027494393820498883 0.0041227111233150494
leaf_weight=379 86 21 751 601 536 710 135 932 42 589 419 42 1297 276 56 188 244 37 410 102 1014 67 316 23 344 67 130 332 687 233
leaf_count=379 86 21 751 601 536 710 135 932 42 589 419 42 1297 276 56 188 244 37 410 102 1014 67 316 23 344 67 130 332 687 233
internal_value=0 0.00995988 -0.00768598 0.000950782 -0.0149767 0.0192731 0.00640563 -0.00135891 0.00386943 0.0087944 -0.00778262 0.0147034 0.00186371 -0.00406212 -0.0109807 -0.0199905 -0.00628988 -0.00841256 0.0206613 -0.0158449 -0.0128703 0.00672526 0.00212541 -0.0105776 -0.0199677 0.0187228 0.0101857 0.00283217 0.0244293 -0.00961881
internal_weight=0 4820 6246 2450 2902 2370 1616 3344 1481 1041 440 1660 2505 1208 839 1840 1062 783 452 1304 1116 311 402 746 367 1258 504 374 754 834
internal_count=11066 4820 6246 2450 2902 2370 1616 3344 1481 1041 440 1660 2505 1208 839 1840 1062 783 452 1304 1116 311 402 746 367 1258 504 374 754 834
shrinkage=0.1


Tree=9
num_leaves=31
num_cat=0
split_feature=0 2 0 2 12 7 3 1 12 3 14 8 5 15 1 9 8 13 11 9 13 7 8 4 10 1 14 9 6 6
split_gain=69.2424 32.2201 25.8402 20.1097 12.1994 14.489 11.8633 11.3008 8.47588 9.80426 7.67644 10.5629 9.12476 7.66231 7.26917 6.88973 6.71498 9.26433 9.52355 6.472 6.2958 6.12073 6.01799 6.64468 5.97994 11.7088 5.97864 5.93105 5.83746 5.78479
threshold=36.500000000000007 36.500000000000007 19.500000000000004 33.500000000000007 1.5000000000000002 3.5000000000000004 4.5000000000000009 22.500000000000004 1.0000000180025095e-35 4.5000000000000009 59.500000000000007 24.500000000000004 2.5000000000000004 2.5000000000000004 1.0000000180025095e-35 2.5000000000000004 4.5000000000000009 11.500000000000002 2.5000000000000004 8.5000000000000018 15.500000000000002 42.500000000000007 49.500000000000007 1.0000000180025095e-35 2.5000000000000004 23.500000000000004 42.500000000000007 1.5000000000000002 1.5000000000000002 2.5000000000000004
decision_type=2 2 2 2 2 2 2 2 2 2 2 2 2 2 2 2 2 2 2 2 2 2 2 2 2 2 2 2 2 2
left_child=1 2 8 14 27 28 21 29 19 13 11 12 -8 15 -2 -10 -9 -18 -19 -1 -14 -7 23 -5 25 -15 -16 -4 -6 -3
right_child=3 7 4 22 5 6 10 16 9 -11 -12 -13 20 24 26 -17 17 18 -20 -21 -22 -23 -24 -25 -26 -27 -28 -29 -30 -31
leaf_value=-0.015260328287663667 -0.0051205985832448106 -0.028888304549809937 -0.02545812147004264 -0.025159686330765013 -0.038528639658704983 0.010363388455993168 -0.0049651119379895987 -0.057420032081149874 -0.033444389204184216 -0.017865341151071981 0.043242626312451488 -0.019810274124577427 0.0046620196617580129 -0.0053145828697344528 0.019618698627096618 0.024638496154416219 0.024163757328294282 0.022922012253719218 -0.020290989691720291 0.031813608482480049 0.026493464264927841 0.045230224559891896 -0.016047628312710897 0.0088157672440630393 -0.021048832760523942 0.066774630794922504 0.03585641530961016 0.016732494009159486 -0.0093059697688506748 -0.015310117083487751
leaf_weight=46 102 572 35 63 77 1006 1083 21 24 1187 39 276 679 368 1315 137 117 68 204 80 164 53 151 667 236 24 274 694 609 695
leaf_count=46 102 572 35 63 77 1006 1083 21 24 1187 39 276 679 368 1315 137 117 68 204 80 164 53 151 667 236 24 274 694 609 695
internal_value=0 -0.00435281 -0.00129806 0.0143751 0.00281275 0.000637426 0.00338631 -0.0167704 -0.010519 -0.0121225 -0.000735364 -0.00151427 0.00110759 -0.00348275 0.0207575 0.0159802 -0.00233982 0.000633662 -0.00948774 0.0146279 0.00890918 0.0121084 0.0021247 0.00588364 -0.00847245 -0.000900958 0.0224187 0.0147069 -0.0125861 -0.0214401
internal_weight=0 8494 6817 2572 4715 3986 3300 1677 2102 1976 2241 2202 1926 789 1691 161 410 389 272 126 843 1059 881 730 628 392 1589 729 686 1267
internal_count=11066 8494 6817 2572 4715 3986 3300 1677 2102 1976 2241 2202 1926 789 1691 161 410 389 272 126 843 1059 881 730 628 392 1589 729 686 1267
shrinkage=0.1


Tree=10
num_leaves=31
num_cat=0
split_feature=0 2 2 3 0 13 1 12 3 11 8 7 14 12 9 15 6 9 11 15 12 9 1 13 4 13 5 0 15 14
split_gain=57.5869 28.3859 21.0339 10.1052 10.2213 9.77459 9.08628 9.03924 12.8187 8.03813 7.81084 7.75723 11.2433 7.3401 7.00166 6.79613 6.72942 6.76935 7.2207 6.68809 6.59042 6.09048 5.81352 6.57428 5.78018 5.72844 5.66493 5.59204 6.59923 6.4759
threshold=28.500000000000004 27.500000000000004 24.500000000000004 10.500000000000002 38.500000000000007 7.5000000000000009 22.500000000000004 2.5000000000000004 4.5000000000000009 1.5000000000000002 25.500000000000004 7.5000000000000009 32.500000000000007 1.5000000000000002 5.5000000000000009 1.0000000180025095e-35 1.5000000000000002 8.5000000000000018 2.5000000000000004 4.5000000000000009 1.0000000180025095e-35 6.5000000000000009 8.5000000000000018 64.500000000000014 1.5000000000000002 3.5000000000000004 3.5000000000000004 23.500000000000004 28.500000000000004 18.500000000000004
decision_type=2 2 2 2 2 2 2 2 2 2 2 2 2 2 2 2 2 2 2 2 2 2 2 2 2 2 2 2 2 2
left_child=2 6 7 14 -5 21 13 9 10 -1 -9 -10 -13 19 -3 -11 17 18 -17 -2 -6 -4 -16 -24 -7 -18 -27 28 -23 -29
right_child=1 3 5 4 20 24 -8 8 11 15 -12 12 -14 -15 22 16 25 -19 -20 -21 -22 27 23 -25 -26 26 -28 29 -30 -31
leaf_value=0.030253725060645272 0.03538733412962005 -0.0087094296750269435 -0.017897375910370439 -0.01444594281874771 0.030493029579520228 -0.0257177195497858 0.024607344163052831 -0.0019592039945118787 -0.027799162605851437 0.021241535126052289 0.0297206894159317 -0.012013022116450377 0.049957652576267719 0.0076601794674613713 -0.00040833709479038105 -0.0082134503510690512 0.012911571140716725 0.018354542595999581 -0.057751718802111489 0.0086575922851790926 -0.00040299189942223689 -0.0014333395459571808 0.01857178194530874 -0.021405422958460721 -0.013382175989860407 -0.0038026665352651336 0.014472829384095779 0.0041300324195209038 -0.032148546380240749 0.045653004595573921
leaf_weight=102 213 228 270 643 80 536 810 351 327 161 100 344 32 1180 319 62 357 35 56 167 504 476 632 44 1304 1220 197 187 82 47
leaf_count=102 213 228 270 643 80 536 810 351 327 161 100 344 32 1180 319 62 357 35 56 167 504 476 632 44 1304 1220 197 187 82 47
internal_value=0 0.00821191 -0.00633708 0.000664127 -0.00574768 -0.0125664 0.0160145 -0.000931101 -0.00809339 0.002843 0.00506516 -0.0165351 -0.00673892 0.0115528 0.00709691 0.00150397 -0.000145094 -0.0202675 -0.0317231 0.0236403 0.00382934 -0.00492725 0.0107189 0.0159697 -0.0169756 0.00159037 -0.0012619 -0.00050561 -0.00594704 0.0124701
internal_weight=0 4820 6246 2450 1227 2902 2370 3344 1154 2190 451 703 376 1560 1223 2088 1927 153 118 380 584 1062 995 676 1840 1774 1417 792 558 234
internal_count=11066 4820 6246 2450 1227 2902 2370 3344 1154 2190 451 703 376 1560 1223 2088 1927 153 118 380 584 1062 995 676 1840 1774 1417 792 558 234
shrinkage=0.1


Tree=11
num_leaves=31
num_cat=0
split_feature=0 2 4 2 2 0 0 3 8 12 10 7 12 7 9 1 14 7 9 10 11 1 1 13 7 9 13 2 3 1
split_gain=47.5175 25.2885 15.548 13.3381 12.1224 11.6429 9.89907 8.50922 9.78315 8.14268 7.89128 7.6978 7.31151 7.64537 6.54128 8.08663 6.72146 6.43525 6.13597 6.11926 6.06111 5.98894 5.85125 6.62334 6.49241 5.7537 5.64893 5.64404 7.47414 11.7049
threshold=37.500000000000007 19.500000000000004 1.0000000180025095e-35 41.500000000000007 41.500000000000007 16.500000000000004 20.500000000000004 9.5000000000000018 7.5000000000000009 1.0000000180025095e-35 2.5000000000000004 6.5000000000000009 1.5000000000000002 3.5000000000000004 4.5000000000000009 7.5000000000000009 5.5000000000000009 7.5000000000000009 2.5000000000000004 1.0000000180025095e-35 1.5000000000000002 19.500000000000004 21.500000000000004 11.500000000000002 34.500000000000007 12.500000000000002 2.5000000000000004 36.500000000000007 20.500000000000004 30.500000000000004
decision_type=2 2 2 2 2 2 2 2 2 2 2 2 2 2 2 2 2 2 2 2 2 2 2 2 2 2 2 2 2 2
left_child=1 5 21 9 6 7 19 8 -1 -2 -10 -11 13 -8 15 16 -7 -16 -18 -4 -15 25 24 -24 -6 -3 -17 28 -14 -30
right_child=3 2 4 -5 22 14 12 -9 10 11 -12 -13 27 20 17 26 18 -19 -20 -21 -22 -23 23 -25 -26 -27 -28 -29 29 -31
leaf_value=-0.031250601319166335 0.03159939665811342 -0.031904906920104663 0.022772779483948985 -0.005370420627402713 -0.016913757836761106 0.012283329559223993 0.052714487910270696 -0.029740130810337214 0.022583406164260682 0.0021222714261361756 -0.011725633538195066 0.017287207827519933 0.0025946403776350726 0.051579875151316325 0.0044104863648061401 0.056992753982543942 -0.060632353453409109 0.01822508689051924 -0.014423819492151449 -0.0091202657770863543 0.0050791793426529308 0.024529853463172914 0.019995602625834791 -0.014510970118832081 -0.04486178199832256 -0.013980956542782667 0.0057210936265833234 -0.013139550111911917 -0.030791281074877608 0.031300467409585656
leaf_weight=78 281 318 62 349 414 56 42 131 167 457 112 1251 1804 30 567 25 42 832 91 2027 427 29 79 188 104 410 153 351 151 38
leaf_count=78 281 318 62 349 414 56 42 131 167 457 112 1251 1804 30 567 25 42 832 91 2027 427 29 79 188 104 410 153 351 151 38
internal_value=0 -0.00339154 -0.00656764 0.012661 -0.00478438 0.00573095 -0.00294728 -0.00794128 5.77338e-05 0.0158248 0.0088106 0.0132296 0.000893035 0.0118842 0.00950901 -0.00237361 -0.0167792 0.0126262 -0.029016 -0.0081737 0.00813174 -0.0200351 -0.0163265 -0.00430116 -0.0225249 -0.0218104 0.0129222 -0.00144681 0.000612476 -0.0183072
internal_weight=0 8728 6474 2338 5717 2254 4932 488 357 1989 279 1708 2843 499 1766 367 189 1399 133 2089 457 757 785 267 518 728 178 2344 1993 189
internal_count=11066 8728 6474 2338 5717 2254 4932 488 357 1989 279 1708 2843 499 1766 367 189 1399 133 2089 457 757 785 267 518 728 178 2344 1993 189
shrinkage=0.1


Tree=12
num_leaves=31
num_cat=0
split_feature=0 2 2 0 1 1 8 15 1 1 2 13 3 1 10 15 9 2 3 13 3 10 9 0 3 5 7 13 8 8
split_gain=39.305 18.6218 16.8424 10.8241 8.39157 7.76712 8.40314 6.83024 7.43294 6.76293 6.75647 7.20053 6.58719 6.58353 6.45664 6.43499 6.07849 6.13096 6.62835 6.7086 6.77999 5.83196 7.37713 6.42479 5.81365 5.7454 7.35404 6.88836 6.67421 5.63425
threshold=29.500000000000004 27.500000000000004 36.500000000000007 19.500000000000004 3.5000000000000004 17.500000000000004 50.500000000000007 4.5000000000000009 1.0000000180025095e-35 31.500000000000004 11.500000000000002 1.0000000180025095e-35 7.5000000000000009 22.500000000000004 1.5000000000000002 25.500000000000004 13.500000000000002 14.500000000000002 8.5000000000000018 5.5000000000000009 1.0000000180025095e-35 2.5000000000000004 25.500000000000004 42.500000000000007 3.5000000000000004 1.5000000000000002 16.500000000000004 4.5000000000000009 21.500000000000004 98.500000000000014
decision_type=2 2 2 2 2 2 2 2 2 2 2 2 2 2 2 2 2 2 2 2 2 2 2 2 2 2 2 2 2 2
left_child=2 4 3 7 16 12 -7 10 -9 29 -1 -12 -3 -4 24 -15 17 -2 19 -19 -21 -14 -23 -24 -10 -5 -27 28 -28 -8
right_child=1 5 13 25 -6 6 9 8 14 -11 11 -13 21 15 -16 -17 -18 18 -20 20 -22 22 23 -25 -26 26 27 -29 -30 -31
leaf_value=0.033577996058897545 0.043424069351620145 0.0037598842858893484 -0.019533358310248442 -0.016703908222948198 0.016275740018651143 0.010493946703603117 -0.036872574537992475 -0.024108017632967535 0.028026832657298825 0.0069852269919855256 0.047586352736861626 -0.0051839966918364681 -0.00099935751381537911 -0.013433140073273633 -0.011407072792919179 0.020962363100329111 -0.015660697497476481 -0.047726508894482177 0.030464183330535889 -0.031599407911300663 0.038394087553024293 -0.030722337375339283 -0.011748175231777893 0.045980378737052283 -0.0079364845829625295 -7.6075899110012929e-05 0.051402980166596259 0.0069419783409885184 -0.003549284511996854 0.021269927471876143
leaf_weight=55 45 471 942 173 1888 972 100 381 87 112 27 611 278 148 848 86 152 37 50 25 31 234 98 24 93 2598 77 372 31 20
leaf_count=55 45 471 942 173 1888 972 100 381 87 112 27 611 278 148 848 86 152 37 50 25 31 234 98 24 93 2598 77 372 31 20
internal_value=0 0.00714937 -0.00496809 -0.00258751 0.0136714 0.000856158 0.00641246 -0.00817979 -0.0121775 -0.0106876 -5.16604e-05 -0.00295077 -0.00519795 -0.0158042 -0.00775579 -0.000792058 -0.000790538 0.0112321 0.00110182 -0.0146844 0.00714699 -0.0118527 -0.0203281 -0.000391738 0.00944579 0.0010283 0.00202494 0.0133967 0.0356296 -0.0271822
internal_weight=0 4537 6529 5353 2228 2309 1204 2102 1409 232 693 638 1105 1176 1028 234 340 188 143 93 56 634 356 122 180 3251 3078 480 108 120
internal_count=11066 4537 6529 5353 2228 2309 1204 2102 1409 232 693 638 1105 1176 1028 234 340 188 143 93 56 634 356 122 180 3251 3078 480 108 120
shrinkage=0.1


Tree=13
num_leaves=31
num_cat=0
split_feature=0 2 12 4 3 8 5 2 0 1 11 3 10 15 14 0 7 1 5 8 13 9 1 5 8 14 8 14 9 9
split_gain=33.2794 19.6288 13.1171 12.1867 10.4003 12.1943 10.1674 8.63969 8.47957 8.46301 7.23629 6.70134 6.39997 7.55737 6.88586 6.16759 6.50345 6.1417 7.68529 7.43107 6.77294 6.05945 6.99854 6.79034 7.30674 6.30222 6.00003 5.944 5.92449 5.77627
threshold=38.500000000000007 19.500000000000004 1.0000000180025095e-35 1.0000000180025095e-35 4.5000000000000009 20.500000000000004 1.5000000000000002 41.500000000000007 16.500000000000004 23.500000000000004 1.5000000000000002 18.500000000000004 1.5000000000000002 26.500000000000004 5.5000000000000009 45.500000000000007 6.5000000000000009 1.5000000000000002 2.5000000000000004 18.500000000000004 20.500000000000004 4.5000000000000009 7.5000000000000009 3.5000000000000004 81.500000000000014 8.5000000000000018 7.5000000000000009 6.5000000000000009 5.5000000000000009 13.500000000000002
decision_type=2 2 2 2 2 2 2 2 2 2 2 2 2 2 2 2 2 2 2 2 2 2 2 2 2 2 2 2 2 2
left_child=1 8 10 -4 6 17 -5 15 11 12 -3 26 -8 -14 -15 16 -2 -6 19 -19 -20 22 25 29 -25 -10 -1 -24 -18 -23
right_child=7 2 3 4 5 -7 9 -9 21 -11 -12 -13 13 14 -16 -17 28 18 20 -21 -22 23 27 24 -26 -27 -28 -29 -30 -31
leaf_value=-0.026485777166154651 -0.0029616006291829627 0.061255012397412906 -0.01844341263429564 -0.032455230667823701 -0.013148342908180061 -0.016553419506912692 0.014216741672951541 -0.0037404225394129758 0.0012208991580539279 0.022592452224798318 0.0078661164185580088 -0.051392952761342453 -0.00034963154618456149 0.016149120168252425 -0.049110098696145854 0.023179047558972689 -0.0050101532335699046 -0.0081608137769612257 0.0015782797578004885 0.035128579125171755 0.025180085640529107 0.013347360644524782 0.04877437037580154 0.026271452441354981 -0.033098354935646057 -0.035133093206778813 0.0023266831763109007 0.0024939474877932214 0.017463130887378664 -0.0016777296027381382
leaf_weight=90 286 27 761 82 595 1117 278 320 99 205 425 31 952 22 61 527 137 1208 753 41 145 634 34 359 22 92 367 151 816 429
leaf_count=90 286 27 761 82 595 1117 278 320 99 205 425 31 952 22 61 527 137 1208 753 41 145 634 34 359 22 92 367 151 816 429
internal_value=0 -0.00264309 -0.00539287 -0.00658814 -0.00493548 -0.00774601 0.00184318 0.0113782 0.00530602 0.00369593 0.0110553 -0.00639961 0.000745598 -0.00287274 -0.0318125 0.0141177 0.0102635 -0.00415817 -0.00166671 -0.00673978 0.00538926 0.00844467 -0.00286293 0.011389 0.0228433 -0.0162899 -0.00334754 0.0109995 0.0142324 0.00728361
internal_weight=0 8980 6672 6220 5459 3859 1600 2086 2308 1518 452 488 1313 1035 83 1766 1239 2742 2147 1249 898 1820 376 1444 381 191 457 185 953 1063
internal_count=11066 8980 6672 6220 5459 3859 1600 2086 2308 1518 452 488 1313 1035 83 1766 1239 2742 2147 1249 898 1820 376 1444 381 191 457 185 953 1063
shrinkage=0.1


Tree=14
num_leaves=31
num_cat=0
split_feature=0 2 6 12 11 8 12 13 1 5 2 10 14 1 3 3 5 9 3 8 2 14 8 9 1 2 8 4 14 15
split_gain=27.5457 14.81 14.5427 11.0707 10.276 8.48176 8.53917 8.13085 7.21896 7.14053 9.56013 7.08439 7.06562 6.56932 7.92739 6.55637 6.20648 6.08551 7.86409 6.06969 5.84247 5.50236 5.89621 5.22624 5.75499 5.19475 8.19087 5.58215 5.53465 5.10741
threshold=26.500000000000004 29.500000000000004 1.5000000000000002 2.5000000000000004 1.5000000000000002 45.500000000000007 1.0000000180025095e-35 3.5000000000000004 3.5000000000000004 2.5000000000000004 9.5000000000000018 1.0000000180025095e-35 67.500000000000014 8.5000000000000018 1.0000000180025095e-35 4.5000000000000009 1.5000000000000002 14.500000000000002 6.5000000000000009 3.5000000000000004 19.500000000000004 1.5000000000000002 38.500000000000007 99.500000000000014 31.500000000000004 26.500000000000004 25.500000000000004 2.5000000000000004 18.500000000000004 1.5000000000000002
decision_type=2 2 2 2 2 2 2 2 2 2 2 2 2 2 2 2 2 2 2 2 2 2 2 2 2 2 2 2 2 2
left_child=2 8 -1 4 -4 6 -3 -6 17 10 -10 -8 23 21 -15 25 -16 -2 -19 -17 29 -13 -23 24 -7 26 27 -5 -29 -9
right_child=1 5 3 15 7 12 11 20 9 -11 -12 13 -14 14 16 19 -18 18 -20 -21 -22 22 -24 -25 -26 -27 -28 28 -30 -31
leaf_value=-0.018535838399962156 0.0077865954306484617 0.020848035345429103 0.030859685323455118 -0.010871642004875911 0.010458500780890473 -0.022400224134058937 0.028524750834558067 0.031235571418489729 0.037712831273674967 0.01609323354791228 0.0014186431113106515 -0.044396613240242008 0.020946471006781969 0.025653618280634741 -0.034038465011578339 -0.042536629104253015 0.0014131990507260253 0.0094076781062518849 -0.030081408209497892 -0.011404682302961544 -0.0057915511149130268 -0.010277135726856172 0.042751156877387654 -0.067412290424108498 0.0053574140749725642 -0.011300873278740808 0.032704894261045774 0.0063856897118327385 0.064485004246234892 0.0023477851227690799
leaf_weight=686 330 217 110 210 565 279 82 70 80 1587 782 45 54 132 52 66 981 85 124 1225 1737 447 22 20 102 287 91 91 20 487
leaf_count=686 330 217 110 210 565 279 82 70 80 1587 782 45 54 132 52 66 981 85 124 1225 1737 447 22 20 102 287 91 91 20 487
internal_value=0 0.00509124 -0.00488922 -0.00300142 0.000866809 -0.000701137 0.00213068 -0.000287167 0.00980773 0.0121137 0.00478701 -0.000175779 -0.0130117 -0.00157747 0.00257736 -0.00877267 -0.000371396 -0.000669509 -0.0140213 -0.0129962 -0.00293377 -0.0109946 -0.00778967 -0.0175847 -0.014969 -0.000972035 0.00622305 -0.00128426 0.016854 0.00597821
internal_weight=0 5421 5645 4959 2969 2433 1978 2859 2988 2449 862 1761 455 1679 1165 1990 1033 539 209 1291 2294 514 469 401 381 699 412 321 111 557
internal_count=11066 5421 5645 4959 2969 2433 1978 2859 2988 2449 862 1761 455 1679 1165 1990 1033 539 209 1291 2294 514 469 401 381 699 412 321 111 557
shrinkage=0.1


Tree=15
num_leaves=31
num_cat=0
split_feature=0 2 12 1 11 15 9 5 15 1 13 7 3 3 13 8 3 5 1 1 13 9 5 8 10 2 1 14 2 7
split_gain=23.5044 14.87 11.8325 11.0134 10.2184 9.43608 8.03081 7.54958 6.80991 7.85779 6.27872 7.22343 6.22256 6.07319 5.98823 5.89048 8.78599 7.37456 6.1274 6.69895 5.91745 5.85913 6.63242 7.3982 5.81786 5.78482 5.75332 5.63989 5.38513 5.72409
threshold=38.500000000000007 36.500000000000007 1.5000000000000002 1.5000000000000002 1.5000000000000002 4.5000000000000009 4.5000000000000009 1.5000000000000002 15.500000000000002 19.500000000000004 4.5000000000000009 7.5000000000000009 22.500000000000004 8.5000000000000018 47.500000000000007 24.500000000000004 4.5000000000000009 2.5000000000000004 14.500000000000002 19.500000000000004 27.500000000000004 7.5000000000000009 2.5000000000000004 50.500000000000007 4.5000000000000009 7.5000000000000009 14.500000000000002 23.500000000000004 34.500000000000007 20.500000000000004
decision_type=2 2 2 2 2 2 2 2 2 2 2 2 2 2 2 2 2 2 2 2 2 2 2 2 2 2 2 2 2 2
left_child=1 2 5 25 -3 6 -1 26 -2 13 11 -9 -13 -10 -7 17 -17 18 -12 -20 -21 -6 -23 -24 -22 -4 -5 -18 -11 -30
right_child=8 4 3 7 21 14 -8 10 9 28 15 12 -14 -15 -16 16 27 -19 19 20 24 22 23 -25 -26 -27 -28 -29 29 -31
leaf_value=-0.0062277427659584925 0.014409447839116619 0.032481826786641722 0.022368141172225017 -0.032598829770510172 -0.021145995036393656 -0.0024734548120586963 0.02469093977245641 -0.00073759868227202317 0.00611410608291626 0.017123863499476717 -0.0071159205755384845 0.019442593619617182 -0.025399635596708822 -0.023032408203193529 0.035891316627914255 0.0074119803727482241 -0.02451772297992081 0.0075140512775348015 0.026485428446903825 -0.013858137893326142 0.060227283239364632 -0.020076685512767117 0.001883743919128746 -0.017937637372615219 -0.011169879493259248 -0.010057171145477568 -0.0035866714798646164 0.0002903405946629648 -0.019039116211987419 0.013081005083776154
leaf_weight=104 1213 54 57 113 476 540 437 435 125 359 1010 497 33 167 44 221 305 1190 128 136 25 340 663 263 21 1584 173 131 109 113
leaf_count=104 1213 54 57 113 476 540 437 435 125 359 1010 497 33 167 44 221 305 1190 128 136 25 340 663 263 21 1584 173 131 109 113
internal_value=0 -0.00222125 -0.000186615 -0.00193538 -0.0103598 0.00923183 0.0187472 0.000662998 0.00956226 0.00282727 0.00175055 0.00881236 0.0166505 -0.0105553 0.000417042 -0.000401212 -0.00883078 0.00180525 -0.00334132 0.00895659 -0.00337139 -0.0116879 -0.00813171 -0.00374587 0.0276329 -0.00893088 -0.0150495 -0.0170639 0.00955311 -0.00268969
internal_weight=0 8980 7184 6059 1796 1125 541 4418 2086 873 4132 965 530 292 584 3167 657 2510 1320 310 182 1742 1266 926 46 1641 286 436 581 222
internal_count=11066 8980 7184 6059 1796 1125 541 4418 2086 873 4132 965 530 292 584 3167 657 2510 1320 310 182 1742 1266 926 46 1641 286 436 581 222
shrinkage=0.1


Tree=16
num_leaves=31
num_cat=0
split_feature=0 6 11 14 7 8 8 12 5 10 9 0 7 13 14 1 3 1 11 6 15 8 0 2 10 3 9 5 14 15
split_gain=19.3598 11.1842 10.3653 9.52228 8.90081 8.88011 11.8017 8.83026 7.93763 7.52882 8.25334 7.3554 6.86035 7.08105 6.51203 6.21585 8.05915 6.15174 7.95585 6.05205 5.82666 6.539 5.66223 5.54694 6.85678 6.31448 5.23719 5.04689 4.86204 4.83153
threshold=26.500000000000004 1.5000000000000002 1.5000000000000002 20.500000000000004 71.500000000000014 51.500000000000007 9.5000000000000018 1.5000000000000002 1.5000000000000002 1.5000000000000002 11.500000000000002 45.500000000000007 2.5000000000000004 29.500000000000004 44.500000000000007 17.500000000000004 9.5000000000000018 27.500000000000004 3.5000000000000004 2.5000000000000004 5.5000000000000009 25.500000000000004 45.500000000000007 23.500000000000004 1.5000000000000002 9.5000000000000018 13.500000000000002 2.5000000000000004 6.5000000000000009 59.500000000000007
decision_type=2 2 2 2 2 2 2 2 2 2 2 2 2 2 2 2 2 2 2 2 2 2 2 2 2 2 2 2 2 2
left_child=1 -1 28 5 7 6 9 14 -9 10 -4 -7 29 -14 26 16 20 23 -19 -15 21 -8 -11 -10 25 -25 -3 -12 -2 -5
right_child=2 4 3 12 -6 11 15 8 17 22 27 -13 13 19 -16 -17 -18 18 -20 -21 -22 -23 -24 24 -26 -27 -28 -29 -30 -31
leaf_value=-0.016066406154597816 0.03023766494382208 0.0045571481634397058 0.031605639644697606 -0.012453723318722784 -0.034524577575571397 -0.023895179072152016 0.034825788254921254 -0.019357988063026878 0.00034616491143573693 -0.011765461616822617 -0.031623412334189124 0.028750818868478141 0.015545395269555963 -0.017376538264480504 -0.024541221683224045 0.013439174242531663 -0.0087359938447333901 0.03488961470754523 -0.01541140485317149 0.0083313995380465394 0.0032317203928798029 -0.021018651962280276 0.013719455152750016 0.015539496538301582 -0.010312588611087621 -0.014099505293035062 0.025891650507324622 0.015616611071995327 0.0068029152636496434 0.039143502563238147
leaf_weight=686 214 256 102 196 85 230 130 289 2223 949 49 30 1118 132 48 766 438 95 47 299 434 25 96 219 1381 107 209 42 151 20
leaf_count=686 214 256 102 196 85 230 130 289 2223 949 49 30 1118 132 48 766 438 95 47 299 434 25 96 219 1381 107 209 42 151 20
internal_value=0 -0.00409886 0.00426823 0.00309335 -0.00244334 -8.48074e-05 0.00143658 -0.00188386 -0.00334371 -0.00607288 0.0120732 -0.0178206 0.00901931 0.0113474 0.0105263 0.00662158 0.0015366 -0.00220714 0.0182407 0.000457971 0.00917564 0.0258186 -0.00942426 -0.00294597 -0.00723326 0.00581136 0.0141462 -0.00982032 0.0205427 -0.0076762
internal_weight=0 5645 5421 5056 4959 3291 3031 4874 4361 1238 193 260 1765 1549 513 1793 1027 4072 142 431 589 155 1045 3930 1707 326 465 91 365 216
internal_count=11066 5645 5421 5056 4959 3291 3031 4874 4361 1238 193 260 1765 1549 513 1793 1027 4072 142 431 589 155 1045 3930 1707 326 465 91 365 216
shrinkage=0.1


Tree=17
num_leaves=31
num_cat=0
split_feature=12 0 2 1 5 3 6 6 2 12 15 2 10 11 1 11 8 3 13 15 10 2 12 15 8 3 7 15 9 8
split_gain=17.0647 13.6866 12.8081 10.5267 8.97355 7.63626 7.23177 6.94467 6.75838 5.91781 5.56031 5.34969 5.31526 6.76136 5.87488 5.565 10.8533 5.07171 5.51673 4.94924 5.3823 8.40627 4.89214 7.08353 5.89198 6.67396 6.13699 7.43801 5.72307 4.84744
threshold=1.0000000180025095e-35 19.500000000000004 32.500000000000007 27.500000000000004 1.5000000000000002 7.5000000000000009 1.5000000000000002 1.5000000000000002 13.500000000000002 1.5000000000000002 12.500000000000002 42.500000000000007 2.5000000000000004 1.5000000000000002 4.5000000000000009 2.5000000000000004 16.500000000000004 11.500000000000002 7.5000000000000009 3.5000000000000004 1.5000000000000002 37.500000000000007 2.5000000000000004 4.5000000000000009 4.5000000000000009 12.500000000000002 4.5000000000000009 59.500000000000007 3.5000000000000004 31.500000000000004
decision_type=2 2 2 2 2 2 2 2 2 2 2 2 2 2 2 2 2 2 2 2 2 2 2 2 2 2 2 2 2 2
left_child=11 6 3 4 8 7 -2 -4 10 -9 -3 19 14 -14 -8 16 -16 18 -17 -1 -21 -22 23 28 25 -24 27 29 -6 -26
right_child=1 2 5 -5 22 -7 12 9 -10 -11 -12 -13 13 -15 15 17 -18 -19 -20 20 21 -23 24 -25 26 -27 -28 -29 -30 -31
leaf_value=0.021983438381040943 -0.021827852271852039 0.035097426005772182 -0.020792365333308346 0.015041815272088727 -0.006791647736515318 -0.0096522857125449224 -0.008191751073445044 0.030117143262391805 -0.030764672139012225 0.0024135024762083298 -0.025953720166132999 -0.0097252437601918762 0.022884552291146033 -0.0136085055671957 0.0031356652129080989 0.016316649444175487 0.050120844402247004 -0.02626193895720054 -0.010089605007516711 0.034517615654251793 -0.0065374320157096117 0.04738971527778741 -0.0064421721840206593 0.0023975310759631117 -0.017342210180905402 -0.046887801235372367 0.0049086782258382974 0.042933185742451599 0.01780749508761801 0.0099937450885772706
leaf_weight=495 315 35 115 699 112 1474 620 87 141 678 26 92 54 849 155 165 72 69 152 55 233 33 158 1979 343 55 1091 26 608 80
leaf_count=495 315 35 115 699 112 1474 620 87 141 678 26 92 54 849 155 165 72 69 152 55 233 33 158 1979 343 55 1091 26 608 80
internal_value=0 -0.00117407 0.000895945 0.00359931 0.00188072 -0.00525151 -0.00768308 0.0021198 -0.0187337 0.00556411 0.00907563 0.0131346 -0.00559712 -0.0114262 -0.00132815 0.00561384 0.0180385 -0.00169287 0.00365498 0.0157119 0.00604083 0.000152778 0.00281605 0.00548759 -0.00129717 -0.0168859 0.00085893 -0.00898133 0.013981 -0.0121723
internal_weight=0 10158 7707 5353 4654 2354 2451 880 202 765 61 908 2136 903 1233 613 227 386 317 816 321 266 4452 2699 1753 213 1540 449 720 423
internal_count=11066 10158 7707 5353 4654 2354 2451 880 202 765 61 908 2136 903 1233 613 227 386 317 816 321 266 4452 2699 1753 213 1540 449 720 423
shrinkage=0.1


Tree=18
num_leaves=31
num_cat=0
split_feature=0 3 12 7 9 2 1 15 15 8 2 15 15 9 2 11 13 9 0 7 14 8 0 14 5 0 11 3 7 14
split_gain=14.8507 10.6512 8.8127 7.82389 7.30268 6.23598 6.22699 5.83186 5.54678 5.51756 5.25144 5.09607 6.39348 5.98477 5.22621 5.08889 4.65782 4.63214 4.52052 4.42496 5.05244 4.35644 4.61202 4.35434 4.34389 5.78619 5.02967 4.96438 5.39989 4.42723
threshold=38.500000000000007 20.500000000000004 1.0000000180025095e-35 3.5000000000000004 3.5000000000000004 19.500000000000004 26.500000000000004 56.500000000000007 13.500000000000002 47.500000000000007 12.500000000000002 15.500000000000002 35.500000000000007 2.5000000000000004 33.500000000000007 2.5000000000000004 1.5000000000000002 2.5000000000000004 27.500000000000004 62.500000000000007 22.500000000000004 4.5000000000000009 42.500000000000007 18.500000000000004 2.5000000000000004 20.500000000000004 4.5000000000000009 1.0000000180025095e-35 7.5000000000000009 2.5000000000000004
decision_type=2 2 2 2 2 2 2 2 2 2 2 2 2 2 2 2 2 2 2 2 2 2 2 2 2 2 2 2 2 2
left_child=1 2 9 16 15 -6 7 24 -8 17 23 19 14 -14 -13 -5 -4 -1 -17 20 21 22 -2 -3 -7 -26 27 28 -27 -30
right_child=11 10 3 4 5 6 8 -9 -10 -11 -12 12 13 -15 -16 18 -18 -19 -20 -21 -22 -23 -24 -25 25 26 -28 -29 29 -31
leaf_value=-0.030216332702409657 -0.033609806518165433 0.036646998599171636 0.0069361897536686498 0.00048191424252258411 0.0071424348459219605 -0.0051228695127812467 -0.0099622690159341578 -0.029171424291350626 0.018195657095272249 -0.014026393741369249 -0.013370275961827383 0.0027999838474411635 -0.035958259801069897 0.015783753378625295 -0.017676420589772666 -0.02419140139485107 -0.010544291990864298 0.017830394476057422 -0.0010890832579717403 -0.019337943873622202 0.020814387679594683 0.010954750334430073 0.0074402136668082208 -0.010623109575949218 -0.0057752630817964213 -0.0038869659759496393 -0.014211962576461049 0.0048321833298717049 0.071684597432613378 0.02463553939945996
leaf_weight=21 49 40 175 288 1381 1636 92 77 292 72 953 318 24 326 205 272 1182 451 123 44 482 576 62 38 644 57 113 929 24 120
leaf_count=21 49 40 175 288 1381 1636 92 77 292 72 953 318 24 326 205 272 1182 451 123 44 482 576 62 38 644 57 113 929 24 120
internal_value=0 -0.00176562 -0.000525296 -0.00142777 0.000111918 0.00135174 -0.000655521 -0.00194672 0.0114495 0.0117593 -0.0113285 0.00760079 0.00177461 0.0122357 -0.00522614 -0.00962698 -0.00828999 0.0156927 -0.0169975 0.0117939 0.0129657 0.00745902 -0.010681 0.013618 -0.00135169 0.00191787 0.00590369 0.00791525 0.0221649 0.032477
internal_weight=0 8980 7949 7405 6048 5365 3984 3600 384 544 1031 2086 873 350 523 683 1357 472 395 1213 1169 687 111 78 3523 1887 1243 1130 201 144
internal_count=11066 8980 7949 7405 6048 5365 3984 3600 384 544 1031 2086 873 350 523 683 1357 472 395 1213 1169 687 111 78 3523 1887 1243 1130 201 144
shrinkage=0.1


Tree=19
num_leaves=31
num_cat=0
split_feature=0 2 4 11 5 12 1 9 15 8 15 2 8 1 1 3 13 1 2 14 6 10 8 14 1 9 14 5 2 1
split_gain=12.1705 10.6701 9.59967 8.44428 11.5002 7.08438 6.70766 6.23024 6.09035 5.68057 6.50605 5.59237 5.39721 5.46023 5.30054 6.41302 6.37017 5.35947 4.92655 4.86377 4.73929 8.84588 9.39187 8.2331 8.02926 6.39786 5.96829 5.44836 5.36781 5.1516
threshold=41.500000000000007 41.500000000000007 1.0000000180025095e-35 1.5000000000000002 1.5000000000000002 1.5000000000000002 19.500000000000004 83.500000000000014 3.5000000000000004 11.500000000000002 16.500000000000004 37.500000000000007 30.500000000000004 43.500000000000007 27.500000000000004 20.500000000000004 7.5000000000000009 21.500000000000004 32.500000000000007 11.500000000000002 2.5000000000000004 2.5000000000000004 54.500000000000007 18.500000000000004 4.5000000000000009 38.500000000000007 3.5000000000000004 3.5000000000000004 36.500000000000007 1.5000000000000002
decision_type=2 2 2 2 2 2 2 2 2 2 2 2 2 2 2 2 2 2 2 2 2 2 2 2 2 2 2 2 2 2
left_child=1 2 6 11 9 8 -1 -2 -6 -5 -11 -4 13 -3 15 20 19 -17 -18 -16 28 22 24 25 26 -23 -22 -25 29 -7
right_child=7 12 3 4 5 14 -8 -9 -10 10 -12 -13 -14 -15 16 17 18 -19 -20 -21 21 23 -24 27 -26 -27 -28 -29 -30 -31
leaf_value=-0.01188462287997805 0.0098695727018707838 -0.0060618181113306791 0.011522594991852257 -0.021650026396139346 0.017413404859029331 -0.0093599749418129593 0.028162274103273044 -0.029234567994163154 0.0023757230603333678 -0.013876049308215871 0.044812776247660321 0.058456961534641409 -0.018309877223465554 0.044686788862401794 0.0017996865074809004 -0.0078451049420260651 0.011613604795859486 -0.038535592980580791 -0.012548564663229062 0.044249079159543486 -0.02893554002046585 -0.0077873966996631922 -0.034542208149078046 -0.00086747363761619292 0.017845174753736256 -0.050705800306152654 0.0051171456581979823 0.030688748508691788 -0.019734978836707093 0.00077088090796323893
leaf_weight=846 1362 584 425 335 455 665 44 42 660 51 30 27 493 22 41 258 244 73 129 79 60 567 47 135 678 37 362 92 176 2047
leaf_count=846 1362 584 425 335 455 665 44 42 660 51 30 27 493 22 41 258 244 73 129 79 60 567 47 135 678 37 362 92 176 2047
internal_value=0 -0.00126418 -7.36592e-05 0.00106666 0.00023668 0.00122338 -0.00990478 0.00869979 0.00851218 -0.015904 0.00786055 0.0143262 -0.0105403 -0.00421946 -0.000204913 -0.00114496 0.0097047 -0.0146137 0.00325725 0.0297455 -0.000228779 0.00354222 0.00923437 -0.00431446 0.0111048 -0.0104165 0.000275532 0.0119218 -0.00281155 -0.00171327
internal_weight=0 9662 8563 7673 7221 6805 890 1404 1115 416 81 452 1099 606 5690 5197 493 331 373 120 4866 1978 1147 831 1100 604 422 227 2888 2712
internal_count=11066 9662 8563 7673 7221 6805 890 1404 1115 416 81 452 1099 606 5690 5197 493 331 373 120 4866 1978 1147 831 1100 604 422 227 2888 2712
shrinkage=0.1


Tree=20
num_leaves=31
num_cat=0
split_feature=0 2 11 10 9 8 8 14 14 10 11 0 14 7 13 7 8 0 8 0 12 2 2 7 8 11 5 7 7 9
split_gain=10.3674 7.70894 7.18946 6.98015 6.32778 5.41053 9.52325 6.68758 5.82089 5.71664 5.45896 5.33259 6.0942 5.12759 7.22489 5.07214 5.82309 4.79128 5.83423 4.79107 4.73112 6.18957 5.40863 4.72821 5.82301 5.97362 4.69727 4.6504 4.43848 4.3768
threshold=26.500000000000004 43.500000000000007 1.5000000000000002 1.5000000000000002 3.5000000000000004 43.500000000000007 9.5000000000000018 20.500000000000004 59.500000000000007 3.5000000000000004 2.5000000000000004 42.500000000000007 15.500000000000002 7.5000000000000009 9.5000000000000018 9.5000000000000018 6.5000000000000009 12.500000000000002 13.500000000000002 6.5000000000000009 1.0000000180025095e-35 27.500000000000004 37.500000000000007 4.5000000000000009 86.500000000000014 2.5000000000000004 1.5000000000000002 13.500000000000002 48.500000000000007 6.5000000000000009
decision_type=2 2 2 2 2 2 2 2 2 2 2 2 2 2 2 2 2 2 2 2 2 2 2 2 2 2 2 2 2 2
left_child=1 4 -2 -4 -1 6 7 10 9 -7 11 12 -5 17 26 -9 -17 18 -6 -16 22 -22 -8 -11 25 -25 27 -15 -28 -12
right_child=2 -3 3 5 13 8 20 15 -10 23 29 -13 -14 14 19 16 -18 -19 -20 -21 21 -23 -24 24 -26 -27 28 -29 -30 -31
leaf_value=-0.011762167323036355 0.016677366764578101 -0.017329447703774682 0.010178313348295982 0.00069695832207798962 -0.032179234991781415 -0.021747788951865268 0.011002923592835844 -0.0092257503391236298 0.018583806845503797 -0.037623345851898193 -0.030187260931816659 0.029306480992924086 -0.038995462791486218 -0.037845584411512728 -0.032803453476923816 0.027711130281289423 -0.0031685378655646615 -0.002413137425895235 -0.0045298426949157916 -0.0020297423045268922 0.010544053116500115 -0.00085480933585375279 0.047158948508175938 0.038052654580066084 -0.033394179940223694 -0.00072885874573511025 0.010135030136809749 0.0063269749283790594 -0.024585837674768352 -0.010016789562145217
leaf_weight=595 365 352 891 320 128 280 167 129 71 31 138 55 44 44 53 150 103 1898 189 1113 904 1007 55 57 35 131 1183 52 38 488
leaf_count=595 365 352 891 320 128 280 167 129 71 31 138 55 44 44 53 150 103 1898 189 1113 904 1007 55 57 35 131 1183 52 38 488
internal_value=0 -0.00299948 0.00312342 0.00214495 -0.0020465 0.000426403 0.00191222 -0.00441119 -0.00831658 -0.0118932 -0.00855019 0.000284207 -0.00410103 -0.000816013 0.00230431 0.00691149 0.0151396 -0.00431387 -0.0156943 -0.00342855 0.00614264 0.00453743 0.0199605 -0.00102992 0.00405706 0.0110294 0.00737986 -0.0139188 0.00905445 -0.0144633
internal_weight=0 5645 5421 5056 5293 4165 3560 1427 605 534 1045 419 364 4698 2483 382 253 2215 317 1166 2133 1911 222 254 223 188 1317 96 1221 626
internal_count=11066 5645 5421 5056 5293 4165 3560 1427 605 534 1045 419 364 4698 2483 382 253 2215 317 1166 2133 1911 222 254 223 188 1317 96 1221 626
shrinkage=0.1


Tree=21
num_leaves=31
num_cat=0
split_feature=12 5 2 1 8 1 2 4 13 11 7 10 0 13 6 9 15 3 3 9 15 9 7 13 8 2 7 4 14 1
split_gain=9.18943 8.59804 8.47525 6.63587 7.13967 6.40906 6.34402 6.15171 5.92953 5.67503 5.56519 5.37143 6.17186 7.44879 6.1281 5.10378 4.97961 4.92569 4.92054 4.91738 5.43715 4.83819 5.5548 5.29331 4.80244 5.81835 4.74469 4.6653 4.5633 4.30723
threshold=1.0000000180025095e-35 1.5000000000000002 19.500000000000004 27.500000000000004 20.500000000000004 7.5000000000000009 13.500000000000002 3.5000000000000004 8.5000000000000018 2.5000000000000004 41.500000000000007 2.5000000000000004 23.500000000000004 18.500000000000004 2.5000000000000004 4.5000000000000009 14.500000000000002 2.5000000000000004 16.500000000000004 5.5000000000000009 8.5000000000000018 5.5000000000000009 71.500000000000014 19.500000000000004 38.500000000000007 31.500000000000004 18.500000000000004 3.5000000000000004 2.5000000000000004 13.500000000000002
decision_type=2 2 2 2 2 2 2 2 2 2 2 2 2 2 2 2 2 2 2 2 2 2 2 2 2 2 2 2 2 2
left_child=21 6 15 4 5 10 7 9 -5 -2 -4 14 13 -13 -7 -3 18 24 27 20 -19 23 -23 -1 25 -6 28 29 -18 -16
right_child=1 2 3 8 17 11 -8 -9 -10 -11 -12 12 -14 -15 16 -17 26 19 -20 -21 -22 22 -24 -25 -26 -27 -28 -29 -30 -31
leaf_value=-0.016963084899218737 0.016119547409039956 -0.0043713751071525597 -0.00346959554644163 0.020385984179660747 0.029414611697196964 0.0018135563099294677 -0.0172925835213508 0.046564674954260553 0.0015514252050277443 -0.033941071919905835 -0.040622781180753943 -0.026084270590510453 0.0033515662527103039 0.012003622617986468 0.012926149227709141 0.0072738164675610773 0.039849600621632175 -0.0025658344341949984 -0.012502767464944296 -0.00802522264568231 -0.032896034477485556 0.014347106182189644 -0.032677605633552258 0.032320973608228901 -0.011115544979557669 -0.0028903216774028447 0.040164939626570674 0.07013972114239421 -0.010744052493976336 0.042949909348597472
leaf_weight=113 54 467 2420 221 100 532 498 31 686 39 41 179 638 72 106 1939 21 88 28 1265 180 742 26 27 163 126 31 28 118 87
leaf_count=113 54 467 2420 221 100 532 498 31 686 39 41 179 638 72 106 1939 21 88 28 1265 180 742 26 27 163 126 31 28 118 87
internal_value=0 -0.000861564 -0.000118532 -0.00185033 -0.00301501 -0.000750724 -0.0122531 0.00798596 0.00614066 -0.00487362 -0.00408856 0.00371364 -0.00187461 -0.0151587 0.00893756 0.00501351 0.0179828 -0.00808197 0.0269906 -0.0106321 -0.0229369 0.00963852 0.0127551 -0.0074583 0.00196773 0.0114039 0.00478916 0.0319942 -0.00310041 0.0264602
internal_weight=0 10158 9536 7130 6223 4301 622 124 907 93 2461 1840 889 251 951 2406 419 1922 249 1533 268 908 768 140 389 226 170 221 139 193
internal_count=11066 10158 9536 7130 6223 4301 622 124 907 93 2461 1840 889 251 951 2406 419 1922 249 1533 268 908 768 140 389 226 170 221 139 193
shrinkage=0.1


Tree=22
num_leaves=31
num_cat=0
split_feature=0 5 2 9 8 1 10 7 0 13 15 14 12 2 4 14 5 9 7 14 8 15 3 9 0 1 3 7 13 5
split_gain=8.23706 7.59347 6.5565 6.26121 5.73848 7.64464 5.45446 6.57149 6.26916 8.57576 6.18953 5.44536 5.38403 5.38402 5.887 5.42945 5.27109 5.16121 5.11026 4.95888 4.63439 4.92763 4.44754 6.21873 4.66714 4.32244 6.78031 4.25585 5.35488 5.9506
threshold=45.500000000000007 1.5000000000000002 19.500000000000004 77.500000000000014 20.500000000000004 7.5000000000000009 2.5000000000000004 17.500000000000004 23.500000000000004 19.500000000000004 16.500000000000004 13.500000000000002 3.5000000000000004 13.500000000000002 3.5000000000000004 45.500000000000007 2.5000000000000004 4.5000000000000009 41.500000000000007 4.5000000000000009 11.500000000000002 4.5000000000000009 3.5000000000000004 5.5000000000000009 6.5000000000000009 7.5000000000000009 2.5000000000000004 13.500000000000002 1.5000000000000002 2.5000000000000004
decision_type=2 2 2 2 2 2 2 2 2 2 2 2 2 2 2 2 2 2 2 2 2 2 2 2 2 2 2 2 2 2
left_child=1 13 17 -2 5 18 7 10 9 11 -7 -8 -12 14 -1 -15 20 25 27 -9 21 -10 -6 -24 -25 26 -3 -4 -29 -30
right_child=3 2 4 -5 22 6 8 19 16 -11 12 -13 -14 15 -16 -17 -18 -19 -20 -21 -22 -23 23 24 -26 -27 -28 28 29 -31
leaf_value=-0.0049936510184231927 0.013393285540543382 0.00089847052442854731 -0.0046159338713793298 -0.036754731031564562 0.0018812660018817304 0.010689456341923148 -0.013840568849914954 -0.0047502568080311737 0.016618528573409373 0.014287267306021282 -0.020769895977444122 -0.050559963150457903 0.01340557975428445 -0.012206075771085375 0.043054524502333477 -0.048086513352134957 0.010802165319327053 0.0068022127442694466 -0.038189478654686998 0.033736398071050645 0.012434690044476436 -0.01976724027059017 -0.020395836549755943 -0.036874673830138309 -0.0042022491704735553 0.0051779710511279005 -0.032300398720277325 0.041402009129524235 -0.013921816895405451 0.010890220931800856
leaf_weight=102 587 138 2003 26 649 690 152 42 46 84 135 55 70 507 34 46 509 1967 41 165 104 195 321 45 1538 227 111 39 144 294
leaf_count=102 587 138 2003 26 649 690 152 42 46 84 135 55 70 507 34 46 509 1967 41 165 104 195 321 45 1538 227 111 39 144 294
internal_value=0 -0.000660694 5.52769e-05 0.0112663 -0.00144164 0.000607019 0.00484828 0.00987039 1.47741e-05 -0.0126613 0.00615663 -0.0235969 -0.00910022 -0.0108069 0.00701839 -0.0151907 0.00433413 0.00454114 -0.00317327 0.0259275 -0.00520856 -0.0128222 -0.00526774 -0.00770456 -0.00513103 -0.00480243 -0.013901 -0.00259438 0.00589447 0.00273284
internal_weight=0 10453 9764 613 7321 4768 2247 1102 1145 291 895 207 205 689 136 553 854 2443 2521 207 345 241 2553 1904 1583 476 249 2480 477 438
internal_count=11066 10453 9764 613 7321 4768 2247 1102 1145 291 895 207 205 689 136 553 854 2443 2521 207 345 241 2553 1904 1583 476 249 2480 477 438
shrinkage=0.1


Tree=23
num_leaves=31
num_cat=0
split_feature=7 10 2 0 3 4 12 5 2 13 6 7 0 7 2 7 9 9 1 14 14 4 5 0 14 11 13 9 5 7
split_gain=7.43761 6.81332 6.35691 8.16237 8.25195 5.59476 5.39999 5.3261 5.76799 4.88696 4.62047 4.37622 6.4803 4.90269 4.18302 4.07963 4.01986 5.75858 5.14983 5.77131 5.67866 5.41968 5.22294 3.76929 6.06976 3.72671 3.72249 6.61112 3.86559 5.34772
threshold=3.5000000000000004 1.0000000180025095e-35 41.500000000000007 24.500000000000004 5.5000000000000009 2.5000000000000004 1.5000000000000002 2.5000000000000004 8.5000000000000018 1.5000000000000002 2.5000000000000004 5.5000000000000009 39.500000000000007 9.5000000000000018 42.500000000000007 15.500000000000002 12.500000000000002 21.500000000000004 7.5000000000000009 1.5000000000000002 5.5000000000000009 1.5000000000000002 1.5000000000000002 44.500000000000007 21.500000000000004 2.5000000000000004 4.5000000000000009 9.5000000000000018 3.5000000000000004 14.500000000000002
decision_type=2 2 2 2 2 2 2 2 2 2 2 2 2 2 2 2 2 2 2 2 2 2 2 2 2 2 2 2 2 2
left_child=6 5 3 4 -3 -2 14 8 -5 25 15 12 -10 23 -1 -7 18 -18 19 -6 -21 -22 -20 24 -13 -8 27 -24 -28 -30
right_child=1 2 -4 7 16 10 9 -9 11 -11 -12 13 -14 -15 -16 -17 17 -19 22 20 21 -23 26 -25 -26 -27 28 -29 29 -31
leaf_value=0.012321408254243596 0.025739073649567751 0.0024985454313020978 -0.0069130927668743999 0.028379303171779169 0.014768163442611696 -0.050123086113196158 0.024652129014333089 0.0071346783829579156 0.02225738784945603 -0.0097605753909740262 0.013933549220101878 -0.012918629773119665 -0.026379700355670034 -0.00033680705004783063 -0.026256787683814765 5.497800749401714e-05 0.0075376727869915774 -0.010762839904337219 0.029664512114091351 -0.044748766127839151 0.015136919033770659 -0.020276854753168556 0.022394300944664901 0.024419242820956491 -0.058123856256989875 -0.0041001244983841891 -0.021688271272048521 -0.033631536790302827 0.02560046011209488 -0.023121880903476624
leaf_weight=231 201 1965 995 66 50 26 75 2769 141 1458 114 235 34 849 32 43 359 330 44 83 49 366 85 22 34 113 178 28 50 41
leaf_count=231 201 1965 995 66 50 26 75 2769 141 1458 114 235 34 849 32 43 359 330 44 83 49 366 85 22 34 113 178 28 50 41
internal_value=0 0.00118372 0.000613035 0.00157581 -0.00188888 0.0142217 -0.005678 0.0046047 -0.000468066 -0.00780396 0.00157152 -0.00191592 0.0128079 -0.00417615 0.00762748 -0.0188527 -0.00707305 -0.00122745 -0.0112082 -0.0176193 -0.020871 -0.0160955 -0.00296107 -0.0153775 -0.0186323 0.00737019 -0.00671899 0.00851179 -0.013117 0.00364864
internal_weight=0 9157 8773 7778 3628 384 1909 4150 1381 1646 183 1315 175 1140 263 69 1663 689 974 548 498 415 426 291 269 188 382 113 269 91
internal_count=11066 9157 8773 7778 3628 384 1909 4150 1381 1646 183 1315 175 1140 263 69 1663 689 974 548 498 415 426 291 269 188 382 113 269 91
shrinkage=0.1


Tree=24
num_leaves=31
num_cat=0
split_feature=12 7 13 2 5 1 3 12 0 13 3 1 1 0 5 10 14 3 1 9 9 14 9 2 9 0 14 3 7 0
split_gain=6.57905 6.39972 5.06467 5.59328 6.37979 5.02893 6.33086 6.87175 6.57221 5.84638 5.46197 6.09732 4.67004 5.589 6.59431 4.64745 6.16511 7.11296 5.71288 4.88879 4.54068 4.53157 5.86538 4.94694 4.96538 4.4571 5.45836 7.92102 6.23363 4.69083
threshold=1.0000000180025095e-35 7.5000000000000009 2.5000000000000004 44.500000000000007 2.5000000000000004 14.500000000000002 5.5000000000000009 2.5000000000000004 20.500000000000004 7.5000000000000009 1.0000000180025095e-35 5.5000000000000009 27.500000000000004 10.500000000000002 1.5000000000000002 1.5000000000000002 16.500000000000004 11.500000000000002 14.500000000000002 3.5000000000000004 10.500000000000002 8.5000000000000018 10.500000000000002 7.5000000000000009 11.500000000000002 8.5000000000000018 16.500000000000004 10.500000000000002 3.5000000000000004 33.500000000000007
decision_type=2 2 2 2 2 2 2 2 2 2 2 2 2 2 2 2 2 2 2 2 2 2 2 2 2 2 2 2 2 2
left_child=-1 21 12 4 5 6 7 8 10 -10 20 -12 13 -3 -15 16 17 -6 -18 -17 -4 -2 -23 -24 -25 -26 28 -28 29 -27
right_child=1 2 3 -5 15 -7 -8 -9 9 -11 11 -13 -14 14 -16 19 18 -19 -20 -21 -22 22 23 24 25 26 27 -29 -30 -31
leaf_value=0.0081554394970250032 -0.00027607093789638616 0.049089963682766621 -0.011119184591998794 -0.010765397881385551 0.035806189586476585 0.0024427275018925644 -0.016649973860718391 -0.017797922161294194 -0.033772794748174732 0.0058522976934909827 0.044992860463949354 -0.010765205740928652 0.030901121754537932 -0.040765920089137174 0.0066445467132101119 -0.01035665499424576 -0.024591219184860107 -0.0035017807967960835 0.01427248882264206 0.0039104269153424206 0.042661421447992329 -0.013051461966455706 0.032104313522577289 0.017369097572507212 -0.031200416688807311 -0.016066413874744525 0.012774645208300631 -0.0097560654991488919 -0.0014798544117532639 -0.050276524680001405
leaf_weight=908 1950 29 73 421 164 796 471 164 58 104 91 25 88 31 547 266 62 64 97 2474 20 907 40 103 64 141 324 301 227 56
leaf_count=908 1950 29 73 421 164 796 471 164 58 104 91 25 88 31 547 266 62 64 97 2474 20 907 40 103 64 141 324 301 227 56
internal_value=0 -0.000728996 0.00134142 0.000298159 0.00124313 -0.00349613 -0.00819526 -0.000751952 0.00678319 -0.00833446 0.0185012 0.032976 0.00937228 0.00625112 0.00410177 0.00397423 0.0142322 0.0247724 -0.000881913 0.00252537 0.000446537 -0.00377195 -0.00692357 -0.00249841 -0.00363666 -0.00558059 -0.00401751 0.00192385 -0.0127754 -0.0257911
internal_weight=0 10158 6045 5350 4929 1802 1006 535 371 162 209 116 695 607 578 3127 387 228 159 2740 93 4113 2163 1256 1216 1113 1049 625 424 197
internal_count=11066 10158 6045 5350 4929 1802 1006 535 371 162 209 116 695 607 578 3127 387 228 159 2740 93 4113 2163 1256 1216 1113 1049 625 424 197
shrinkage=0.1


Tree=25
num_leaves=31
num_cat=0
split_feature=11 5 2 9 1 1 13 12 15 9 13 9 3 14 11 9 14 13 1 0 14 8 9 14 15 3 0 3 8 6
split_gain=6.45195 8.1227 5.01162 6.25993 7.90732 5.81413 5.30504 5.22106 6.29489 6.72034 6.86138 7.12485 5.18493 5.04966 5.55271 5.0387 5.68083 8.27044 6.60367 5.10893 5.08463 4.94097 5.10885 4.75706 4.55519 4.54536 4.48138 4.58444 8.59727 4.45841
threshold=1.5000000000000002 1.5000000000000002 33.500000000000007 7.5000000000000009 38.500000000000007 20.500000000000004 2.5000000000000004 2.5000000000000004 4.5000000000000009 2.5000000000000004 24.500000000000004 34.500000000000007 4.5000000000000009 33.500000000000007 4.5000000000000009 40.500000000000007 26.500000000000004 8.5000000000000018 5.5000000000000009 39.500000000000007 8.5000000000000018 37.500000000000007 40.500000000000007 56.500000000000007 36.500000000000007 7.5000000000000009 18.500000000000004 4.5000000000000009 14.500000000000002 1.5000000000000002
decision_type=2 2 2 2 2 2 2 2 2 2 2 2 2 2 2 2 2 2 2 2 2 2 2 2 2 2 2 2 2 2
left_child=-1 -2 5 4 -4 7 -7 8 9 -3 13 12 -12 26 -15 16 25 18 -18 -20 -17 22 -10 -9 -25 -5 27 -11 -29 -28
right_child=1 2 3 15 -6 6 -8 23 21 10 11 -13 -14 14 -16 20 17 -19 19 -21 -22 -23 -24 24 -26 -27 29 28 -30 -31
leaf_value=0.0097216701502933489 -0.011925174097469704 -0.014194163924357931 -0.0090595553764889619 0.0062845406139303067 -0.055935226655320115 0.024502634421084662 0.0050908813324277245 -0.0050178543691780245 -0.0003194679117820595 0.015859558378104811 -0.0025348023289725897 0.032524884434846732 -0.052223988196679533 0.058375235540526253 0.0078086702487407582 -0.027692165945330239 -0.0024924044255857118 0.0040647531392074858 0.075034586588541674 0.014290988296270372 -0.0039091621784819773 -0.020275550616569209 0.032665134966373445 0.0012846678983969768 0.046542100565774104 -0.0060483731199430938 0.042298065658126563 -0.026818231300071434 0.022999256673981162 0.012815311850338688
leaf_weight=643 597 122 679 499 38 159 1229 1947 2161 108 42 26 42 49 39 117 27 253 45 20 388 122 48 61 35 745 56 108 51 610
leaf_count=643 597 122 679 499 38 159 1229 1947 2161 108 42 26 42 49 39 117 27 253 45 20 388 122 48 61 35 745 56 108 51 610
internal_value=0 -0.000599735 8.83671e-05 -0.0034793 -0.0115439 0.00151798 0.00731456 8.81441e-05 0.00238795 0.00810413 0.0105094 -0.0132202 -0.0273794 0.013066 0.0359651 -0.000717921 0.00204746 0.0134013 0.039077 0.0563442 -0.00941928 -0.000684711 0.000397264 -0.00394637 0.0177848 -0.00110133 0.0109062 -3.96052e-05 -0.010839 0.0152943
internal_weight=0 10423 9826 2811 717 7015 1388 5627 3584 1253 1131 110 84 1021 88 2094 1589 345 92 65 505 2331 2209 2043 96 1244 933 267 159 666
internal_count=11066 10423 9826 2811 717 7015 1388 5627 3584 1253 1131 110 84 1021 88 2094 1589 345 92 65 505 2331 2209 2043 96 1244 933 267 159 666
shrinkage=0.1


Tree=26
num_leaves=31
num_cat=0
split_feature=11 14 15 3 1 9 2 2 14 8 2 9 0 7 13 1 15 3 6 7 1 2 4 9 5 14 14 1 12 9
split_gain=5.84916 8.7093 7.14293 5.70932 6.92224 6.9557 6.29156 9.25212 5.54896 7.61568 6.18789 5.1112 5.94938 4.58397 6.48932 6.15683 4.53418 4.42478 4.37335 4.31395 4.81832 4.26646 4.22035 5.55349 4.21817 4.03413 5.68854 3.99115 5.7688 3.95327
threshold=2.5000000000000004 18.500000000000004 10.500000000000002 4.5000000000000009 18.500000000000004 47.500000000000007 44.500000000000007 41.500000000000007 8.5000000000000018 16.500000000000004 26.500000000000004 6.5000000000000009 10.500000000000002 9.5000000000000018 30.500000000000004 9.5000000000000018 68.500000000000014 15.500000000000002 1.5000000000000002 11.500000000000002 3.5000000000000004 23.500000000000004 1.5000000000000002 10.500000000000002 1.5000000000000002 7.5000000000000009 15.500000000000002 20.500000000000004 1.5000000000000002 4.5000000000000009
decision_type=2 2 2 2 2 2 2 2 2 2 2 2 2 2 2 2 2 2 2 2 2 2 2 2 2 2 2 2 2 2
left_child=3 2 18 8 -5 6 7 22 -1 19 -11 13 -13 15 -15 -3 -14 24 -2 20 -10 -17 23 -6 -4 -24 -27 28 -26 -23
right_child=1 11 17 4 5 -7 -8 -9 9 10 -12 12 16 14 -16 21 -18 -19 -20 -21 -22 29 25 -25 27 26 -28 -29 -30 -31
leaf_value=0.014147674554812554 -0.013115256087433908 -0.0022273324917410019 -0.027200032361261142 -0.0022769581258983472 -0.040500124061808869 -0.018657991720969418 -0.022952417253206174 0.062442508339881901 0.004220271932008939 0.034204202275915245 -0.007783855795860291 -0.014904937127398122 0.0051486085601979686 0.0096968803148082261 -0.02354180177178564 -0.065020648241043089 0.028876729167643046 -0.017293237840559281 0.0010094980180452942 0.0081084309012762132 -0.026492841118896333 0.0013861410094029977 0.0041844423318451104 0.015856031907929315 0.01628752819607767 0.033051278642428815 0.0058469442579582448 0.0038505001907639547 -0.010290500623907982 -0.054115815176850268
leaf_weight=738 248 107 91 2214 34 83 48 38 78 97 55 144 1951 229 79 35 84 481 1888 112 148 33 220 36 89 186 131 377 991 21
leaf_count=738 248 107 91 2214 34 83 48 38 78 97 55 144 1951 229 79 35 84 481 1888 112 148 33 220 36 89 186 131 377 991 21
internal_value=0 -0.00180436 -0.00466664 0.00292941 0.000571632 0.00869892 0.0119754 0.0145747 0.00867025 0.000420573 0.0190112 0.00263895 0.00473808 -0.00643642 0.00117137 -0.0183915 0.00612805 -0.00891568 -0.000630455 -0.00793969 -0.0158927 -0.0378249 0.0115781 -0.011517 -0.00631257 0.0145886 0.0218091 -0.005008 -0.00810027 -0.020198
internal_weight=0 6848 4165 4218 2990 776 693 645 1228 490 152 2683 2179 504 308 196 2035 2029 2136 338 226 89 607 70 1548 537 317 1457 1080 54
internal_count=11066 6848 4165 4218 2990 776 693 645 1228 490 152 2683 2179 504 308 196 2035 2029 2136 338 226 89 607 70 1548 537 317 1457 1080 54
shrinkage=0.1


Tree=27
num_leaves=31
num_cat=0
split_feature=0 9 11 13 5 1 3 1 9 7 2 2 14 8 2 9 3 13 8 1 2 13 7 9 15 4 12 3 13 15
split_gain=5.41476 5.09296 4.80452 6.513 6.64891 5.50989 4.89389 5.57164 7.52764 5.19213 5.19166 5.5726 4.93922 6.00102 5.40724 4.83543 5.40164 4.80704 5.08685 5.59784 4.94685 4.6894 4.54353 4.27018 4.09373 4.08851 4.02335 4.87319 4.01997 5.21846
threshold=45.500000000000007 77.500000000000014 2.5000000000000004 2.5000000000000004 1.5000000000000002 24.500000000000004 4.5000000000000009 18.500000000000004 40.500000000000007 40.500000000000007 44.500000000000007 41.500000000000007 8.5000000000000018 16.500000000000004 26.500000000000004 6.5000000000000009 35.500000000000007 125.00000000000001 45.500000000000007 4.5000000000000009 12.500000000000002 14.500000000000002 13.500000000000002 11.500000000000002 52.500000000000007 1.0000000180025095e-35 1.5000000000000002 5.5000000000000009 7.5000000000000009 6.5000000000000009
decision_type=2 2 2 2 2 2 2 2 2 2 2 2 2 2 2 2 2 2 2 2 2 2 2 2 2 2 2 2 2 2
left_child=2 -2 6 5 22 -4 12 -8 10 -10 11 -9 -1 -14 -15 24 17 18 19 21 -20 26 -5 25 -6 -23 27 -17 -21 -30
right_child=1 -3 3 4 15 -7 7 8 9 -11 -12 -13 13 14 -16 16 -18 -19 20 28 -22 23 -24 -25 -26 -27 -28 -29 29 -31
leaf_value=0.012808132292676709 0.01105281715194046 -0.034175410293615781 0.0027534498857415242 -0.0277314770762082 -0.00655042845628237 0.026222251877825488 -0.0025737707251326826 0.011698277788566256 -0.032438376070796582 0.025428261011838916 -0.024581349620947969 0.055303157529523299 -0.0078755742075239735 0.030840174600164943 -0.0091031741983485671 0.052894244449479245 -0.023028276805008685 0.047461944676580881 0.02466445229947567 0.010359634047154315 -0.011807801913899602 -0.018509397994388232 -0.0050642403102544855 -0.0035484862464074869 -0.030651873052120211 0.029743652765093179 -0.013443672227330658 -0.011335418842456958 0.0098535446003695168 -0.0024325111939394774
leaf_weight=714 587 26 690 182 1168 117 2171 537 69 20 37 31 328 94 53 21 107 21 40 644 529 22 172 262 75 87 541 27 484 1210
leaf_count=714 587 26 690 182 1168 117 2171 537 69 20 37 31 328 94 53 21 107 21 40 644 529 22 172 262 75 87 541 27 484 1210
internal_value=0 0.00913449 -0.000535678 -0.00224212 -0.00345407 0.00615599 0.00215783 -8.04453e-05 0.00771928 -0.0194346 0.0117138 0.0140781 0.00755116 -0.000350906 0.0164388 -0.00255766 -0.000862881 -0.000252876 -0.000511995 0.000994501 -0.00924385 -0.00543491 -0.016718 0.0033714 -0.00800466 0.0200045 -0.0109818 0.0167651 0.00363447 0.00107779
internal_weight=0 613 10453 6399 5592 807 4054 2865 694 89 605 568 1189 475 147 5238 3995 3888 3867 3298 569 960 354 371 1243 109 589 48 2338 1694
internal_count=11066 613 10453 6399 5592 807 4054 2865 694 89 605 568 1189 475 147 5238 3995 3888 3867 3298 569 960 354 371 1243 109 589 48 2338 1694
shrinkage=0.1


end of trees

feature_importances:
Column_2=111
Column_0=89
Column_1=84
Column_9=62
Column_3=61
Column_8=59
Column_7=52
Column_13=51
Column_14=50
Column_5=42
Column_15=40
Column_12=36
Column_10=31
Column_11=28
Column_4=27
Column_6=17

parameters:
[boosting: gbdt]
[objective: regression]
[metric: l2]
[tree_learner: serial]
[device_type: cpu]
[data: ]
[valid: ]
[num_iterations: 10000]
[learning_rate: 0.1]
[num_leaves: 31]
[num_threads: 0]
[deterministic: 0]
[force_col_wise: 0]
[force_row_wise: 0]
[histogram_pool_size: -1]
[max_depth: -1]
[min_data_in_leaf: 20]
[min_sum_hessian_in_leaf: 0.001]
[bagging_fraction: 1]
[pos_bagging_fraction: 1]
[neg_bagging_fraction: 1]
[bagging_freq: 0]
[bagging_seed: 3]
[feature_fraction: 1]
[feature_fraction_bynode: 1]
[feature_fraction_seed: 2]
[extra_trees: 0]
[extra_seed: 6]
[early_stopping_round: 10]
[first_metric_only: 0]
[max_delta_step: 0]
[lambda_l1: 0]
[lambda_l2: 0]
[min_gain_to_split: 0]
[drop_rate: 0.1]
[max_drop: 50]
[skip_drop: 0.5]
[xgboost_dart_mode: 0]
[uniform_drop: 0]
[drop_seed: 4]
[top_rate: 0.2]
[other_rate: 0.1]
[min_data_per_group: 100]
[max_cat_threshold: 32]
[cat_l2: 10]
[cat_smooth: 10]
[max_cat_to_onehot: 4]
[top_k: 20]
[monotone_constraints: ]
[monotone_constraints_method: basic]
[monotone_penalty: 0]
[feature_contri: ]
[forcedsplits_filename: ]
[refit_decay_rate: 0.9]
[cegb_tradeoff: 1]
[cegb_penalty_split: 0]
[cegb_penalty_feature_lazy: ]
[cegb_penalty_feature_coupled: ]
[path_smooth: 0]
[interaction_constraints: ]
[verbosity: 1]
[saved_feature_importance_type: 0]
[max_bin: 255]
[max_bin_by_feature: ]
[min_data_in_bin: 3]
[bin_construct_sample_cnt: 200000]
[data_random_seed: 1]
[is_enable_sparse: 1]
[enable_bundle: 1]
[use_missing: 1]
[zero_as_missing: 0]
[feature_pre_filter: 1]
[pre_partition: 0]
[two_round: 0]
[header: 0]
[label_column: ]
[weight_column: ]
[group_column: ]
[ignore_column: ]
[categorical_feature: ]
[forcedbins_filename: ]
[objective_seed: 5]
[num_class: 1]
[is_unbalance: 0]
[scale_pos_weight: 1]
[sigmoid: 1]
[boost_from_average: 1]
[reg_sqrt: 0]
[alpha: 0.9]
[fair_c: 1]
[poisson_max_delta_step: 0.7]
[tweedie_variance_power: 1.5]
[lambdarank_truncation_level: 30]
[lambdarank_norm: 1]
[label_gain: ]
[eval_at: ]
[multi_error_top_k: 1]
[auc_mu_weights: ]
[num_machines: 1]
[local_listen_port: 12400]
[time_out: 120]
[machine_list_filename: ]
[machines: ]
[gpu_platform_id: -1]
[gpu_device_id: -1]
[gpu_use_dp: 0]
[num_gpu: 1]

end of parameters

pandas_categorical:null
