tree
version=v3
num_class=1
num_tree_per_iteration=1
label_index=0
max_feature_idx=15
objective=regression
feature_names=Column_0 Column_1 Column_2 Column_3 Column_4 Column_5 Column_6 Column_7 Column_8 Column_9 Column_10 Column_11 Column_12 Column_13 Column_14 Column_15
feature_infos=[1:49] [0:60] [1:49] [0:65] [0:9] [0:8] [0:10] [0:244] [0:255] [0:397] [0:8] [0:9] [0:9] [0:319] [0:336] [0:246]
tree_sizes=2792 2844 2843 2837 2844 2852 2833 2844 2870 2843 2863 2838 2846 2856 2832 2879 2855 2848 2852 2854 2852 2842 2863 2844 2819 2839 2820 2807 2843 2836 2827

Tree=0
num_leaves=31
num_cat=0
split_feature=0 2 2 2 1 3 0 12 0 10 0 0 1 0 2 2 2 5 0 1 3 11 7 3 0 15 2 13 8 0
split_gain=162.274 102.963 77.0679 42.5498 40.6504 34.56 27.1247 19.9301 19.4754 17.276 16.3457 16.1689 16.1114 15.6828 15.1006 13.9601 12.8147 15.9312 11.8581 14.5563 10.6024 10.4907 9.24264 9.18374 9.03162 9.99212 9.81656 8.86801 10.0685 8.77675
threshold=29.500000000000004 23.500000000000004 32.500000000000007 43.500000000000007 5.5000000000000009 4.5000000000000009 13.500000000000002 1.5000000000000002 40.500000000000007 1.0000000180025095e-35 18.500000000000004 42.500000000000007 5.5000000000000009 43.500000000000007 6.5000000000000009 40.500000000000007 22.500000000000004 1.5000000000000002 24.500000000000004 9.5000000000000018 10.500000000000002 1.5000000000000002 3.5000000000000004 12.500000000000002 20.500000000000004 10.500000000000002 16.500000000000004 10.500000000000002 12.500000000000002 26.500000000000004
decision_type=2 2 2 2 2 2 2 2 2 2 2 2 2 2 2 2 2 2 2 2 2 2 2 2 2 2 2 2 2 2
left_child=1 5 4 6 11 12 23 29 20 -8 -9 14 24 16 -2 -10 17 -6 19 -11 22 -20 -4 -3 25 26 -1 -14 -29 -7
right_child=2 3 8 -5 13 7 9 10 15 18 -12 -13 27 -15 -16 -17 -18 -19 21 -21 -22 -23 -24 -25 -26 -27 -28 28 -30 -31
leaf_value=-0.21229237042278484 -0.1573321690147195 -0.25606747689135745 -0.26026472098693065 -0.27493072164996524 -0.2568776241742825 -0.21752338037121424 -0.21514187260254075 -0.25000205230807038 -0.19789704125939769 -0.2548357856300652 -0.23476437832585559 -0.18586199871560616 -0.19868390651139384 -0.15573083452725889 -0.22620947253844825 -0.23280785657301428 -0.20651223923966916 -0.17909481825962484 -0.17773969261568995 -0.23813757100767929 -0.25144519171929697 -0.23872125340485864 -0.22553279638391258 -0.2768317527878128 -0.21598929903039338 -0.26001715907879575 -0.23871972931718544 -0.23956993175196589 -0.20499237793716346 -0.14887762345902678
leaf_weight=217 33 611 93 678 28 271 193 1093 206 1697 1978 128 382 109 898 258 520 442 29 754 555 1036 435 327 394 129 399 156 183 20
leaf_count=217 33 611 93 678 28 271 193 1093 206 1697 1978 128 382 109 898 258 520 442 29 754 555 1036 435 327 394 129 399 156 183 20
internal_value=-0.23542 -0.241744 -0.217416 -0.251528 -0.205205 -0.231767 -0.248114 -0.237818 -0.23445 -0.244272 -0.240188 -0.219186 -0.220829 -0.191732 -0.223768 -0.217309 -0.195696 -0.183729 -0.245871 -0.249699 -0.241795 -0.237061 -0.23165 -0.263306 -0.228234 -0.23471 -0.22941 -0.209131 -0.220904 -0.212805
internal_weight=0 10547 3705 5325 2158 5222 4647 3362 1547 3709 3071 1059 1860 1099 931 464 990 470 3516 2451 1083 1065 528 938 1139 745 616 721 339 291
internal_count=14252 10547 3705 5325 2158 5222 4647 3362 1547 3709 3071 1059 1860 1099 931 464 990 470 3516 2451 1083 1065 528 938 1139 745 616 721 339 291
shrinkage=1


Tree=1
num_leaves=31
num_cat=0
split_feature=0 2 2 3 1 1 0 2 3 10 0 1 2 0 0 2 8 9 2 2 2 2 15 2 2 5 15 8 13 0
split_gain=131.442 86.732 62.425 33.834 32.9268 23.612 23.2621 21.5962 18.4303 17.9977 15.7751 14.7704 14.5658 12.7031 12.5597 12.436 11.9502 11.5439 11.4951 11.3077 11.0899 10.9309 10.4364 9.93767 9.85545 9.76031 9.74192 9.62536 10.7511 9.41074
threshold=29.500000000000004 30.500000000000004 32.500000000000007 5.5000000000000009 5.5000000000000009 5.5000000000000009 19.500000000000004 43.500000000000007 14.500000000000002 1.0000000180025095e-35 40.500000000000007 10.500000000000002 21.500000000000004 43.500000000000007 42.500000000000007 13.500000000000002 13.500000000000002 31.500000000000004 17.500000000000004 40.500000000000007 19.500000000000004 22.500000000000004 1.0000000180025095e-35 27.500000000000004 42.500000000000007 1.5000000000000002 5.5000000000000009 13.500000000000002 1.5000000000000002 13.500000000000002
decision_type=2 2 2 2 2 2 2 2 2 2 2 2 2 2 2 2 2 2 2 2 2 2 2 2 2 2 2 2 2 2
left_child=1 3 4 5 12 20 18 8 9 -3 24 15 14 16 -2 -8 -6 26 25 -12 -1 -18 -11 -19 -4 -5 -17 28 -7 -22
right_child=2 7 10 6 13 27 11 -9 -10 22 19 -13 -14 -15 -16 17 21 23 -20 -21 29 -23 -24 -25 -26 -27 -28 -29 -30 -31
leaf_value=0.0097314041664452178 0.021627546243551302 0.025667844610359831 0.00079879935431512769 -0.040296270046383142 0.02717218355434697 0.05132459307971754 0.022530627250671387 -0.035560024118704785 -0.029606167820588954 0.024618248200752368 0.033770287297304399 0.016640505268332665 0.0041735164808541182 0.071719871844173569 0.071344815040456838 0.0019549949122814074 0.067402765154838562 0.0087758902580507333 -0.02122703842057122 0.0023505554642788201 -0.02645769811102322 0.033241894516920181 -0.014591806406037156 0.088369055305208485 -0.019660028289852804 0.0012474116474512674 -0.01627506795193585 0.026721353627937407 0.0060716571843713752 -0.0014336362805282862
leaf_weight=917 410 131 737 64 615 57 157 678 659 71 206 445 591 109 58 463 182 62 1125 258 168 193 1546 21 346 486 799 608 665 1425
leaf_count=917 410 131 737 64 615 57 157 678 659 71 206 445 591 109 58 463 182 62 1125 258 168 193 1546 21 346 486 799 608 665 1425
internal_value=0 -0.00569192 0.0162031 0.000138843 0.0271933 0.00667854 -0.00679447 -0.0197954 -0.0153548 -0.00998201 0.000872313 0.000638712 0.0146099 0.0393188 0.0277891 -0.00410217 0.0357514 -0.00721097 -0.0154347 0.0162998 0.000970467 0.0498213 -0.0128702 0.0289139 -0.00573745 -0.00358676 -0.00958686 0.0174509 0.00964426 -0.00407271
internal_weight=0 10547 3705 7462 2158 3840 3622 3085 2407 1748 1547 1947 1059 1099 468 1502 990 1345 1675 464 2510 375 1617 83 1083 550 1262 1330 722 1593
internal_count=14252 10547 3705 7462 2158 3840 3622 3085 2407 1748 1547 1947 1059 1099 468 1502 990 1345 1675 464 2510 375 1617 83 1083 550 1262 1330 722 1593
shrinkage=0.1


Tree=2
num_leaves=31
num_cat=0
split_feature=0 2 2 2 1 2 3 0 0 12 5 0 6 10 0 3 1 0 5 15 3 5 1 8 0 12 7 9 15 1
split_gain=106.979 70.6725 49.5875 26.8897 26.7563 24.8036 24.2611 22.7618 18.5119 14.3596 13.4053 15.5334 11.787 11.0931 10.7367 10.0229 9.89838 9.67327 9.88024 9.68355 9.27302 11.2417 9.08951 10.1944 8.97445 8.87666 8.71169 8.5953 8.2422 7.73844
threshold=28.500000000000004 23.500000000000004 21.500000000000004 41.500000000000007 6.5000000000000009 39.500000000000007 4.5000000000000009 41.500000000000007 13.500000000000002 1.5000000000000002 1.5000000000000002 36.500000000000007 1.5000000000000002 1.0000000180025095e-35 18.500000000000004 10.500000000000002 20.500000000000004 17.500000000000004 2.5000000000000004 3.5000000000000004 5.5000000000000009 2.5000000000000004 5.5000000000000009 30.500000000000004 43.500000000000007 2.5000000000000004 3.5000000000000004 9.5000000000000018 8.5000000000000018 5.5000000000000009
decision_type=2 2 2 2 2 2 2 2 2 2 2 2 2 2 2 2 2 2 2 2 2 2 2 2 2 2 2 2 2 2
left_child=1 6 10 4 -4 8 16 15 -3 -8 -2 22 -10 -7 -11 27 17 25 29 -20 -14 -22 23 -12 26 -1 -5 -6 -26 -19
right_child=2 5 3 24 7 13 9 -9 12 14 11 -13 20 -15 -16 -17 -18 18 19 -21 21 -23 -24 -25 28 -27 -28 -29 -30 -31
leaf_value=0.011077495720518296 -0.020862954457600912 -0.023498874991576865 0.0020112857880143701 -0.039634907984536547 0.0099937234293012069 0.011762097771738617 0.019305264760243177 0.053976801679057274 -0.021574337743641286 -0.012161842149436093 0.020329198094320971 0.051083014166387102 0.002617091252594381 -0.029020883232355119 0.00026689963917759716 0.0049547467966032151 0.047298992570344506 -0.00052666857998858222 0.052239369551340745 0.019040087101663033 -0.018861485194804066 -0.0014759667805935208 0.037807584907921445 -0.033592595309019091 0.056795729696750646 -0.012018054244401572 -0.0092218275210436667 0.036325102771007561 -0.00063847930807816363 0.023235328488635576
leaf_weight=398 45 805 1201 121 204 71 283 201 445 1093 284 373 1184 1100 1909 401 77 372 120 328 670 836 301 40 32 286 425 316 114 217
leaf_count=398 45 805 1201 121 204 71 283 201 445 1093 284 373 1184 1100 1909 401 77 372 120 328 670 836 301 40 32 286 425 316 114 217
internal_value=0 -0.00546633 0.0137318 0.00723011 0.0123845 -0.0137698 0.00288289 0.0234881 -0.00997199 -0.00222831 0.0325264 0.0349337 -0.00649858 -0.0265481 -0.00425829 0.0168342 0.0122212 0.0106518 0.0167406 0.0279328 -0.00400463 -0.00921056 0.0252958 0.0136722 -0.0100729 0.00142058 -0.0159617 0.0259951 0.0119498 0.00822775
internal_weight=0 10194 4058 3015 2323 5111 5083 1122 3940 3285 1043 998 3135 1171 3002 921 1798 1721 1037 448 2690 1506 625 324 692 684 546 520 146 589
internal_count=14252 10194 4058 3015 2323 5111 5083 1122 3940 3285 1043 998 3135 1171 3002 921 1798 1721 1037 448 2690 1506 625 324 692 684 546 520 146 589
shrinkage=0.1


Tree=3
num_leaves=31
num_cat=0
split_feature=0 2 2 0 3 12 1 2 1 2 6 10 0 8 5 11 2 3 8 0 2 2 1 15 0 14 13 1 13 2
split_gain=87.8695 53.3365 51.7555 36.8922 26.53 21.4645 16.7619 14.7475 14.5716 15.6366 12.9633 11.2112 11.0946 10.7614 10.6043 10.3727 9.93733 9.90095 9.84564 9.3941 8.63651 8.28612 7.83769 9.65905 7.53597 7.40164 7.20587 8.46583 6.79902 6.71508
threshold=23.500000000000004 41.500000000000007 26.500000000000004 36.500000000000007 6.5000000000000009 1.0000000180025095e-35 5.5000000000000009 22.500000000000004 5.5000000000000009 13.500000000000002 1.0000000180025095e-35 1.0000000180025095e-35 37.500000000000007 9.5000000000000018 1.5000000000000002 2.5000000000000004 43.500000000000007 9.5000000000000018 5.5000000000000009 13.500000000000002 34.500000000000007 7.5000000000000009 5.5000000000000009 16.500000000000004 43.500000000000007 26.500000000000004 5.5000000000000009 11.500000000000002 19.500000000000004 23.500000000000004
decision_type=2 2 2 2 2 2 2 2 2 2 2 2 2 2 2 2 2 2 2 2 2 2 2 2 2 2 2 2 2 2
left_child=2 3 4 5 6 -2 21 18 9 -5 -9 -11 -3 -8 -10 -6 19 26 -7 -4 24 -1 23 -20 25 -13 -12 -28 -17 -16
right_child=1 12 16 8 15 7 13 10 14 11 17 20 -14 -15 29 28 -18 -19 22 -21 -22 -23 -24 -25 -26 -27 27 -29 -30 -31
leaf_value=0.041913003636443097 0.038511239232555512 -0.021473813949022008 -0.023994992734687189 0.065450655232215757 -0.002767103802183442 -0.00062547723379844137 -0.00099166211855672578 -0.026584600633190528 -0.024354592738328157 0.060612053388641 0.020491813178125182 -0.0012787254659700593 0.0014576681003980112 0.022343649169790057 0.053504699359958378 -0.014177945464156395 -0.030573746301233769 -0.0046159047544903692 0.018034278222510958 -0.010764427634677446 -0.01553643082463464 -0.0010143874734640122 0.028114131377501923 -0.011987135650442659 0.039509794361643744 0.037747865035885675 -0.0016184048819472422 0.019661129123969764 -0.03966920673847199 0.032375428869443779
leaf_weight=46 217 598 778 58 991 343 274 155 27 42 380 239 326 709 228 817 480 926 468 1730 129 2000 495 139 91 61 686 257 120 442
leaf_count=46 217 598 778 58 991 343 274 155 27 42 380 239 326 709 228 817 480 926 468 1730 129 2000 495 139 91 61 686 257 120 442
internal_value=0 0.00881286 -0.00699593 0.0126229 -0.000729621 0.0079113 0.00510702 0.00618613 0.0271689 0.0160162 0.00138712 0.0109144 -0.0133833 0.0158392 0.0370896 -0.00989932 -0.0173916 0.00331492 0.0141701 -0.0148686 0.00690038 -4.92555e-05 0.0187752 0.0111595 0.0143028 0.00665668 0.00886589 0.004181 -0.0174426 0.0395657
internal_weight=0 6307 7945 5383 4957 4066 3029 3849 1317 620 2404 562 924 983 697 1928 2988 2249 1445 2508 520 2046 1102 607 391 300 1323 943 937 670
internal_count=14252 6307 7945 5383 4957 4066 3029 3849 1317 620 2404 562 924 983 697 1928 2988 2249 1445 2508 520 2046 1102 607 391 300 1323 943 937 670
shrinkage=0.1


Tree=4
num_leaves=31
num_cat=0
split_feature=0 2 2 3 1 10 13 0 1 5 15 2 1 8 11 3 2 9 0 8 2 0 0 2 12 1 0 8 14 7
split_gain=72.3655 49.4788 36.4069 23.7151 20.0062 18.5969 12.984 12.2933 11.81 9.96859 10.5231 9.93076 9.58394 13.9361 9.40798 9.33962 9.15014 9.03182 8.85 8.73422 8.70847 8.69861 8.68451 8.65994 8.58536 8.56422 8.37382 8.28605 8.06795 7.47347
threshold=29.500000000000004 33.500000000000007 32.500000000000007 5.5000000000000009 5.5000000000000009 1.0000000180025095e-35 4.5000000000000009 19.500000000000004 9.5000000000000018 4.5000000000000009 5.5000000000000009 6.5000000000000009 11.500000000000002 12.500000000000002 1.5000000000000002 17.500000000000004 21.500000000000004 3.5000000000000004 42.500000000000007 3.5000000000000004 19.500000000000004 41.500000000000007 20.500000000000004 45.500000000000007 1.0000000180025095e-35 10.500000000000002 46.500000000000007 13.500000000000002 7.5000000000000009 13.500000000000002
decision_type=2 2 2 2 2 2 2 2 2 2 2 2 2 2 2 2 2 2 2 2 2 2 2 2 2 2 2 2 2 2
left_child=1 3 4 6 11 -3 17 14 23 10 20 -2 16 -14 -5 19 22 -1 -13 -10 -9 -21 -8 29 28 -12 27 -6 -7 -4
right_child=2 5 8 7 26 24 12 9 15 -11 25 18 13 -15 -16 -17 -18 -19 -20 21 -22 -23 -24 -25 -26 -27 -28 -29 -30 -31
leaf_value=-0.0064257349891047328 0.060802443443160305 0.018415916566368488 0.0024385295094961814 0.0122637731400696 0.021193277909896061 0.02799450241857105 -0.00038248043248159788 0.025921118694047136 -0.040660717586676283 0.028857869327625379 -0.012133431373572931 0.0052931226881216785 -0.004734238925969826 0.02917456599248593 -0.014007540822443515 -0.0070921870095785287 -0.0076309188056278843 0.020149674061711281 0.033894955663661651 0.013321794609525312 0.0006688346097887697 0.045957463372636731 0.015581877576480122 -0.02911420252762343 -0.020878834861687089 0.0050274198865655614 0.074209057080854735 0.039408605461847962 -0.021656335790952049 -0.022742478719493687
leaf_weight=155 38 139 564 148 654 72 1193 192 24 107 1025 898 212 283 1726 215 1081 731 123 335 473 108 477 152 2067 406 41 404 60 149
leaf_count=155 38 139 564 148 654 72 1193 192 24 107 1025 898 212 283 1726 215 1081 731 123 335 473 108 477 152 2067 406 41 404 60 149
internal_value=0 -0.00422335 0.0120226 -0.00056806 0.0204156 -0.0170575 0.00477091 -0.00597905 0.00031472 -0.000914493 -0.00243436 0.010607 0.00184226 0.014652 -0.0119328 0.0101547 -0.000462656 0.0155005 0.00873879 0.018095 0.00795972 0.0212781 0.0041774 -0.00744353 -0.0192998 -0.00726459 0.0298672 0.0281488 0.00542594 -0.0028237
internal_weight=0 10547 3705 8209 2158 2338 4132 4077 1547 2203 2096 1059 3246 495 1874 682 2751 886 1021 467 665 443 1670 865 2199 1431 1099 1058 132 713
internal_count=14252 10547 3705 8209 2158 2338 4132 4077 1547 2203 2096 1059 3246 495 1874 682 2751 886 1021 467 665 443 1670 865 2199 1431 1099 1058 132 713
shrinkage=0.1


Tree=5
num_leaves=31
num_cat=0
split_feature=0 2 0 3 2 10 1 5 5 10 0 13 2 12 2 2 6 12 3 7 5 2 11 9 2 8 15 8 1 13
split_gain=60.7553 49.4793 26.2185 20.553 18.7461 16.4455 13.1032 12.2317 11.6955 11.6287 11.9998 10.0467 9.84106 9.89154 9.64378 9.5397 9.30719 9.01484 10.9802 8.76636 8.63988 8.59551 8.13107 8.0263 7.34971 7.41152 9.51835 7.81166 6.92194 8.45811
threshold=36.500000000000007 33.500000000000007 23.500000000000004 16.500000000000004 26.500000000000004 1.0000000180025095e-35 7.5000000000000009 2.5000000000000004 1.5000000000000002 1.0000000180025095e-35 21.500000000000004 12.500000000000002 17.500000000000004 1.0000000180025095e-35 21.500000000000004 16.500000000000004 3.5000000000000004 1.0000000180025095e-35 5.5000000000000009 7.5000000000000009 1.5000000000000002 38.500000000000007 1.5000000000000002 2.5000000000000004 41.500000000000007 9.5000000000000018 3.5000000000000004 10.500000000000002 11.500000000000002 3.5000000000000004
decision_type=2 2 2 2 2 2 2 2 2 2 2 2 2 2 2 2 2 2 2 2 2 2 2 2 2 2 2 2 2 2
left_child=1 2 3 6 8 -6 15 -7 -2 -3 -11 14 13 -4 -8 16 -1 18 -12 -17 -15 -9 -13 -19 25 -25 -27 -28 29 -14
right_child=4 9 12 -5 5 7 11 21 -10 10 17 22 28 20 -16 19 -18 23 -20 -21 -22 -23 -24 24 -26 26 27 -29 -30 -31
leaf_value=0.00043687151082263687 -0.037881301796954613 0.011228226516499866 0.063024770357507351 -0.020360867542735601 0.065989794135093691 -0.01334293908543057 0.020703778942359037 0.02362651541753083 0.034835256651637878 -0.022130377123707454 0.058876746183349975 0.046561749492372788 0.01540222311206162 -0.026752194828457306 0.0025443878689816344 -0.00086448032327864446 0.026647370912619595 -0.037602218128037906 -0.008507912723641646 -0.011274358752728647 0.018565757402677335 0.0029037649444962482 -0.0090377618914925014 -0.016378729373005267 -0.018352866631287795 0.039185163310982964 0.045668279944044175 -0.0047338720468882711 0.014808035625228241 -0.00098333617801692002
leaf_weight=683 23 179 47 590 50 225 593 392 577 1302 42 28 400 45 577 1562 169 106 57 1678 646 409 434 282 520 66 33 451 603 1483
leaf_count=683 23 179 47 590 50 225 593 392 577 1302 42 28 400 45 577 1562 169 106 57 1678 646 409 434 282 520 66 33 451 603 1483
internal_value=0 -0.00238353 0.00115649 -0.00258996 0.017885 0.00998751 -0.00075823 0.00725836 0.0320478 -0.0134976 -0.0150457 0.00681789 0.00849369 0.0186339 0.0117483 -0.00377979 0.0056359 -0.00912136 0.0200795 -0.00625577 0.0156145 0.0130452 -0.00566809 -0.0111041 -0.00902662 -0.00319772 0.00356054 -0.00129736 0.00548345 0.0024974
internal_weight=0 12576 9538 6314 1676 1076 5724 1026 600 3038 2859 1632 3224 738 1170 4092 852 1557 99 3240 691 801 462 1458 1352 832 550 484 2486 1883
internal_count=14252 12576 9538 6314 1676 1076 5724 1026 600 3038 2859 1632 3224 738 1170 4092 852 1557 99 3240 691 801 462 1458 1352 832 550 484 2486 1883
shrinkage=0.1


Tree=6
num_leaves=31
num_cat=0
split_feature=0 2 2 1 5 3 3 2 12 6 10 12 0 6 2 0 10 5 12 1 13 0 6 0 2 9 0 11 3 14
split_gain=50.1407 35.542 28.204 22.1087 17.2485 13.4286 12.4596 10.851 9.75988 11.3335 9.21292 9.35539 9.11532 8.2062 7.74575 7.4075 8.78901 9.22355 7.8332 7.81251 9.46084 7.32021 7.25827 7.25369 7.21715 8.51685 10.2698 7.36247 7.23134 9.06146
threshold=25.500000000000004 23.500000000000004 41.500000000000007 5.5000000000000009 2.5000000000000004 4.5000000000000009 14.500000000000002 22.500000000000004 1.5000000000000002 1.5000000000000002 1.0000000180025095e-35 1.0000000180025095e-35 19.500000000000004 1.0000000180025095e-35 36.500000000000007 17.500000000000004 1.0000000180025095e-35 2.5000000000000004 2.5000000000000004 6.5000000000000009 12.500000000000002 40.500000000000007 1.0000000180025095e-35 29.500000000000004 21.500000000000004 20.500000000000004 34.500000000000007 1.5000000000000002 6.5000000000000009 20.500000000000004
decision_type=2 2 2 2 2 2 2 2 2 2 2 2 2 2 2 2 2 2 2 2 2 2 2 2 2 2 2 2 2 2
left_child=1 5 3 24 22 13 10 -6 -7 -10 -3 12 -12 -1 -13 18 -17 19 -15 -18 -21 -9 -5 -24 25 28 -27 -26 -2 -30
right_child=2 6 -4 4 7 8 -8 21 9 -11 11 14 -14 15 -16 16 17 -19 -20 20 -22 -23 23 -25 27 26 -28 -29 29 -31
leaf_value=-0.033240619500478109 0.016152618472884506 0.012369251743103694 -0.0091122235736903357 -0.031970303732415904 0.037703349877699494 0.016213100496679546 -0.020683248523576052 0.01435969488179052 -0.027633233647793534 -0.0024366218083773329 -0.0066240988525689817 -0.0075761403271502343 0.039300141572952273 0.01139723575941407 -0.01906371232798271 0.064591783119572532 -0.0032083685214158693 0.02659780194376319 -0.010100469809688935 0.039770898742413303 -0.015620102993277617 0.035925251759853463 -0.0035934582699176879 0.015805421219686908 0.04086811400595166 0.007414495944976807 0.057786103781265558 -0.00161161788945355 -0.017977473474441365 0.02377304741077953
leaf_weight=45 317 206 845 46 433 256 1037 783 192 2542 102 2059 75 404 821 36 337 347 292 109 43 197 301 536 42 83 79 1428 187 72
leaf_count=45 317 206 845 46 433 256 1037 783 192 2542 102 2059 75 404 821 36 337 347 292 109 43 197 301 536 42 83 79 1428 187 72
internal_value=0 -0.00459754 0.00765225 0.0107975 0.0176681 0.00150929 -0.0111347 0.0245198 -0.00245783 -0.0042061 -0.00810011 -0.00947947 0.0128353 0.00886311 -0.0108509 0.0100714 0.016212 0.0141287 0.00237808 0.00528046 0.0241011 0.0186948 0.00670378 0.00882924 0.003653 0.0117219 0.0319784 -0.000397911 0.00602474 -0.00637115
internal_weight=0 8903 5349 4504 2296 4603 4300 1413 2990 2734 3263 3057 177 1613 2880 1568 872 836 696 489 152 980 883 837 2208 738 162 1470 576 259
internal_count=14252 8903 5349 4504 2296 4603 4300 1413 2990 2734 3263 3057 177 1613 2880 1568 872 836 696 489 152 980 883 837 2208 738 162 1470 576 259
shrinkage=0.1


Tree=7
num_leaves=31
num_cat=0
split_feature=0 2 1 3 10 2 0 2 2 0 5 0 4 3 9 12 1 15 0 2 6 15 9 13 15 8 8 15 3 2
split_gain=42.5858 34.6147 24.515 15.2971 13.7595 13.3127 12.3142 11.4117 9.76107 9.7521 9.45545 8.37907 8.43527 7.96899 7.88701 7.84647 7.37349 7.51218 7.07611 8.05818 7.11013 6.63699 6.597 6.48409 6.44491 6.14076 6.11007 8.14651 6.05776 7.47295
threshold=36.500000000000007 30.500000000000004 7.5000000000000009 14.500000000000002 1.0000000180025095e-35 38.500000000000007 18.500000000000004 18.500000000000004 43.500000000000007 19.500000000000004 2.5000000000000004 22.500000000000004 4.5000000000000009 10.500000000000002 10.500000000000002 1.5000000000000002 9.5000000000000018 31.500000000000004 2.5000000000000004 16.500000000000004 2.5000000000000004 17.500000000000004 1.5000000000000002 1.5000000000000002 14.500000000000002 43.500000000000007 10.500000000000002 1.0000000180025095e-35 5.5000000000000009 10.500000000000002
decision_type=2 2 2 2 2 2 2 2 2 2 2 2 2 2 2 2 2 2 2 2 2 2 2 2 2 2 2 2 2 2
left_child=1 2 6 8 25 10 18 13 11 28 15 12 26 -8 23 -6 -7 -18 -1 20 -20 -9 -12 -13 -22 -2 -3 -28 -4 -30
right_child=4 3 9 -5 5 16 7 21 -10 -11 22 14 -14 -15 -16 -17 17 -19 19 -21 24 -23 -24 -25 -26 -27 27 -29 29 -31
leaf_value=-0.051792489032487614 0.063334158636862412 -0.024778959266841413 0.0099820106040013536 -0.019269765989126896 0.034820350914290456 -0.013335339498127438 0.014579364278634486 -0.00070082134629482432 -0.017191369596011041 0.013878837020449883 -0.025693244934082034 0.027612224747152893 0.030485933388655004 -0.0058327188414912072 0.01101768550411783 -0.0040103264213577515 0.023568090055928088 -0.013025218598982868 -0.0078649563277327778 -0.011664115963205855 0.022851486599504069 -0.018257297619860224 0.026529657918630274 -0.010113649105160244 -0.017229261994361877 0.001382768452167511 0.048471922370103691 -0.0084361110546792208 0.035901468396186832 -0.0090173023045063017
leaf_weight=37 80 240 454 1182 66 243 836 2572 582 1744 25 51 52 248 618 246 165 85 298 1407 203 235 746 427 50 20 26 774 40 500
leaf_count=37 80 240 454 1182 66 243 836 2572 582 1744 25 51 52 248 618 246 165 85 298 1407 203 235 746 427 50 20 26 774 40 500
internal_value=0 -0.00199554 0.00155597 -0.00974559 0.0149737 0.0126913 -0.0020804 0.00119477 -0.00568149 0.00937324 0.0188923 -0.0026199 -0.00881956 0.00990944 0.00355714 0.00420386 -0.000930824 0.0111264 -0.00846822 -0.00764953 0.00260187 -0.00217064 0.0248363 -0.0060885 0.0149304 0.0509439 -0.0107848 -0.0065866 0.00146805 -0.00568999
internal_weight=0 12576 8624 3952 1676 1576 5886 3891 2770 2738 1083 2188 1092 1084 1096 312 493 250 1995 1958 551 2807 771 478 253 100 1040 800 994 540
internal_count=14252 12576 8624 3952 1676 1576 5886 3891 2770 2738 1083 2188 1092 1084 1096 312 493 250 1995 1958 551 2807 771 478 253 100 1040 800 994 540
shrinkage=0.1


Tree=8
num_leaves=31
num_cat=0
split_feature=12 0 2 2 0 3 2 14 2 1 6 0 0 10 12 5 1 14 9 2 8 10 11 0 11 3 0 1 14 15
split_gain=37.2865 29.6179 23.8675 18.395 14.9441 11.8117 11.4555 11.2375 10.0993 8.86519 8.83686 8.771 8.6906 10.8834 8.14239 8.04931 7.8024 8.28504 7.69594 6.81757 6.71969 7.92804 7.66063 6.71871 6.53404 9.54649 8.72605 6.4969 6.81642 8.3618
threshold=1.0000000180025095e-35 25.500000000000004 24.500000000000004 33.500000000000007 43.500000000000007 10.500000000000002 17.500000000000004 18.500000000000004 12.500000000000002 5.5000000000000009 1.5000000000000002 21.500000000000004 17.500000000000004 1.0000000180025095e-35 2.5000000000000004 3.5000000000000004 2.5000000000000004 2.5000000000000004 27.500000000000004 17.500000000000004 8.5000000000000018 1.0000000180025095e-35 1.5000000000000002 11.500000000000002 2.5000000000000004 10.500000000000002 33.500000000000007 9.5000000000000018 20.500000000000004 8.5000000000000018
decision_type=2 2 2 2 2 2 2 2 2 2 2 2 2 2 2 2 2 2 2 2 2 2 2 2 2 2 2 2 2 2
left_child=6 2 5 4 7 12 -1 8 -3 -10 -4 -8 16 -14 -7 -9 -2 -18 -11 -16 -12 -22 -23 -24 25 -5 -26 -25 29 -29
right_child=1 3 10 24 -6 14 11 15 9 18 20 -13 13 -15 19 -17 17 -19 -20 -21 21 22 23 27 26 -27 -28 28 -30 -31
leaf_value=0.048884506253454529 -0.012160498205250279 0.026725999106699861 -0.021864536866194471 0.025289351350805733 0.035218762487527873 -0.00059281853944297852 0.0015664261111543198 0.009607508344598949 -0.0043042384685753887 0.012214623289589617 -0.017749773712128446 0.026326028354998143 0.048614839275004505 0.0051252980715327905 -0.0058424344350551738 0.030065733499359339 0.033200022142107898 -0.00068882618347803758 -0.015354797701229867 -0.029079956397252821 0.016833625244242804 0.021159067816948623 -0.020091618436602923 -0.010529365089986241 -0.015134612464998651 -0.0053007481611922203 0.00083969847755393514 0.015896679322386899 0.025330448613583464 -0.010401632905885102
leaf_weight=131 613 179 594 178 210 508 242 482 1072 847 641 350 59 2331 232 320 82 600 115 277 140 89 426 1237 635 239 741 172 103 407
leaf_count=131 613 179 594 178 210 508 242 482 1072 847 641 350 59 2331 232 320 82 600 115 277 140 89 426 1237 635 239 741 172 103 407
internal_value=0 -0.00118243 -0.00477512 0.00491111 0.00942561 -8.86399e-06 0.0221259 0.00762907 0.00395382 0.00194977 -0.0106588 0.0162047 0.00262417 0.00619889 -0.0095494 0.0177704 -0.00397319 0.00338579 0.0089189 -0.0184884 -0.00858843 -0.00630699 -0.007638 -0.00873094 -0.00320894 0.0077569 -0.00653217 -0.00620898 0.00162727 -0.00258935
internal_weight=0 13529 8511 5018 3225 4702 723 3015 2213 2034 3809 592 3685 2390 1017 802 1295 682 962 509 3215 2574 2434 2345 1793 417 1376 1919 682 579
internal_count=14252 13529 8511 5018 3225 4702 723 3015 2213 2034 3809 592 3685 2390 1017 802 1295 682 962 509 3215 2574 2434 2345 1793 417 1376 1919 682 579
shrinkage=0.1


Tree=9
num_leaves=31
num_cat=0
split_feature=12 0 6 3 2 10 11 0 0 2 2 5 0 2 1 3 3 6 15 8 1 14 14 11 8 0 15 0 12 5
split_gain=30.2021 24.0438 20.0335 17.071 15.948 12.3159 11.1904 11.7597 9.59997 9.29874 9.13801 8.92263 8.26595 7.92567 8.18155 7.72359 6.81363 7.18939 6.63892 6.1742 7.66039 6.15538 6.40771 6.09268 6.06922 7.14176 6.02034 12.1498 5.94429 10.7338
threshold=1.0000000180025095e-35 27.500000000000004 1.5000000000000002 16.500000000000004 21.500000000000004 1.0000000180025095e-35 1.5000000000000002 12.500000000000002 43.500000000000007 16.500000000000004 44.500000000000007 1.5000000000000002 34.500000000000007 31.500000000000004 24.500000000000004 7.5000000000000009 9.5000000000000018 1.0000000180025095e-35 4.5000000000000009 14.500000000000002 5.5000000000000009 18.500000000000004 8.5000000000000018 3.5000000000000004 5.5000000000000009 31.500000000000004 3.5000000000000004 20.500000000000004 2.5000000000000004 2.5000000000000004
decision_type=2 2 2 2 2 2 2 2 2 2 2 2 2 2 2 2 2 2 2 2 2 2 2 2 2 2 2 2 2 2
left_child=9 2 18 5 11 -4 19 -8 10 -1 16 -3 15 14 -9 26 17 -6 -2 -7 -21 22 -18 -19 25 -13 -11 -28 29 -24
right_child=1 4 3 -5 8 6 7 13 -10 12 -12 24 -14 -15 -16 -17 21 23 -20 20 -22 -23 28 -25 -26 -27 27 -29 -30 -31
leaf_value=0.045335421456644931 -0.00351484176558508 -0.027035213531331814 0.018632280789315701 -0.014690855016013089 -0.024059383240011004 0.0080175242362878259 -0.012392504336052376 0.00088373958366552263 0.01662142154640488 0.035208287698333153 -0.016240698887751655 -0.019176474715886491 0.03675813781542342 -0.0079601480061529378 0.038361866854257506 -0.0067501661536607102 -0.0010144991463764124 0.013244680095962795 -0.021306539421664213 0.015492282435297967 0.076515234344535402 0.0075753872568254874 -0.03974418403773472 -0.0021590918983503053 0.021346864037039698 0.017888140553608538 -0.01907480646582211 0.03887283442512391 -0.031714594087370949 0.013947098655626178
leaf_weight=120 284 47 320 967 72 156 967 4569 372 128 325 89 134 1136 59 193 454 829 802 48 36 323 58 372 836 125 85 63 179 104
leaf_count=120 284 47 320 967 72 156 967 4569 372 128 325 89 134 1136 59 193 454 829 802 48 36 323 58 372 836 125 85 63 179 104
internal_value=0 -0.00106418 -0.00388549 -0.00220634 0.00523504 -0.000550526 -0.0014311 -0.00218766 0.0015557 0.0199133 -0.000507789 0.0155922 0.0148542 -0.000475637 0.00136153 0.00859597 0.00163073 0.00663345 -0.0166538 0.0197871 0.041645 -0.00406557 -0.00879517 0.00847349 0.0175003 0.00247342 0.0193271 0.00559209 -0.0191542 -0.00527571
internal_weight=0 13529 9344 8258 4185 7291 6971 6731 3088 723 2716 1097 603 5764 4628 469 2391 1273 1086 240 84 1118 795 1201 1050 214 276 148 341 162
internal_count=14252 13529 9344 8258 4185 7291 6971 6731 3088 723 2716 1097 603 5764 4628 469 2391 1273 1086 240 84 1118 795 1201 1050 214 276 148 341 162
shrinkage=0.1


Tree=10
num_leaves=31
num_cat=0
split_feature=0 2 12 5 11 3 14 10 12 15 11 6 0 1 5 3 13 0 14 8 0 14 3 9 4 2 1 4 5 11
split_gain=24.8589 21.7336 15.6987 13.9792 17.4518 13.7936 11.3743 10.7056 10.2744 9.84257 8.29193 8.27701 7.83488 9.6379 7.45787 7.52325 7.11023 7.44296 6.87749 6.83406 6.81668 7.684 7.21172 9.84978 8.25844 6.74958 6.15034 5.98288 5.91438 5.89913
threshold=36.500000000000007 41.500000000000007 1.0000000180025095e-35 1.5000000000000002 1.5000000000000002 5.5000000000000009 12.500000000000002 1.0000000180025095e-35 2.5000000000000004 9.5000000000000018 1.0000000180025095e-35 1.5000000000000002 47.500000000000007 9.5000000000000018 2.5000000000000004 13.500000000000002 4.5000000000000009 29.500000000000004 13.500000000000002 15.500000000000002 22.500000000000004 15.500000000000002 27.500000000000004 18.500000000000004 1.5000000000000002 16.500000000000004 22.500000000000004 1.0000000180025095e-35 3.5000000000000004 1.5000000000000002
decision_type=2 2 2 2 2 2 2 2 2 2 2 2 2 2 2 2 2 2 2 2 2 2 2 2 2 2 2 2 2 2
left_child=1 2 25 -4 10 6 8 -2 11 12 -5 -6 13 29 -11 27 -13 -18 -8 -19 26 -22 23 -23 -25 -1 -7 -16 -10 -9
right_child=7 -3 3 4 5 20 18 9 28 14 -12 16 -14 -15 15 -17 17 19 -20 -21 21 22 -24 24 -26 -27 -28 -29 -30 -31
leaf_value=0.039909370185113424 0.043168518312275417 -0.014207815017367974 -0.015077575756744906 0.07480510404476752 -0.01823742541574663 -0.0086593560254037954 0.02950480085882274 0.058208479767753965 -0.00392980939638214 -0.013145873257932107 0.016451522080266536 0.017961238718403435 0.061703095585107809 0.032783441458648831 -0.0093610268243601632 -0.0039786545890628513 0.00092921014392623007 0.012668604747607157 0.0081800959969242654 0.064899335666136301 -0.0045034770101595387 0.0019354823839081371 -0.027410579058859089 0.0060012741471236614 0.043295167198887582 0.011197625342532096 0.018056020241105156 0.022681873240436499 -0.021524958406033377 0.0037319859887863845
leaf_weight=102 100 1220 660 26 155 2714 176 21 952 223 384 386 40 220 71 304 1544 104 1075 33 1547 460 54 106 135 415 89 325 239 372
leaf_count=102 100 1220 660 26 155 2714 176 21 952 223 384 386 40 220 71 304 1544 104 1075 33 1547 460 54 106 135 415 89 325 239 372
internal_value=0 -0.00152465 -0.000162065 -0.000974092 -5.96306e-05 -0.000907902 0.00302336 0.0114403 3.35503e-05 0.00942709 0.020152 0.00405047 0.0188226 0.0160245 0.00277999 0.00785352 0.0057218 0.00291131 0.0111802 0.0252497 -0.00449956 -0.000467309 0.00780283 0.0105154 0.026892 0.0168622 -0.0078111 0.0169368 -0.00746066 0.00664294
internal_weight=0 12576 11356 10839 10179 9769 4664 1676 3413 1576 410 2222 653 613 923 700 2067 1681 1251 137 5105 2302 755 701 241 517 2803 396 1191 393
internal_count=14252 12576 11356 10839 10179 9769 4664 1676 3413 1576 410 2222 653 613 923 700 2067 1681 1251 137 5105 2302 755 701 241 517 2803 396 1191 393
shrinkage=0.1


Tree=11
num_leaves=31
num_cat=0
split_feature=0 12 2 2 3 2 1 6 11 10 1 8 3 14 14 8 1 9 15 8 6 7 14 0 13 13 10 4 15 7
split_gain=20.9973 17.454 14.3841 13.4451 9.43484 8.86614 10.1436 8.5264 7.04834 6.85876 6.74736 7.56526 6.67108 6.82488 6.60535 5.70791 8.37863 7.22087 9.09729 7.09876 8.54546 6.4641 5.82287 5.61948 5.49414 5.4702 5.24059 5.23396 5.14584 6.66907
threshold=22.500000000000004 1.0000000180025095e-35 26.500000000000004 21.500000000000004 6.5000000000000009 44.500000000000007 15.500000000000002 1.0000000180025095e-35 2.5000000000000004 1.0000000180025095e-35 5.5000000000000009 9.5000000000000018 12.500000000000002 18.500000000000004 17.500000000000004 5.5000000000000009 5.5000000000000009 4.5000000000000009 6.5000000000000009 34.500000000000007 2.5000000000000004 3.5000000000000004 1.5000000000000002 46.500000000000007 4.5000000000000009 1.0000000180025095e-35 4.5000000000000009 1.5000000000000002 9.5000000000000018 15.500000000000002
decision_type=2 2 2 2 2 2 2 2 2 2 2 2 2 2 2 2 2 2 2 2 2 2 2 2 2 2 2 2 2 2
left_child=2 -2 4 15 9 6 7 -5 -6 14 28 27 -9 -14 -1 21 17 18 -17 20 24 -3 -18 -8 -19 -16 -24 -12 -11 -30
right_child=1 3 -4 5 8 -7 23 12 -10 10 11 -13 13 -15 25 16 22 19 -20 -21 -22 -23 26 -25 -26 -27 -28 -29 29 -31
leaf_value=0.050475406747753339 0.024062503675306265 -0.030938174764988786 -0.0094845548244831372 -0.01983495359998113 8.6137182349573747e-05 -0.012351678625533456 0.010291945458227038 0.0035241361624333712 -0.012529618161362272 0.0011432962817481802 0.032125995043785348 0.015280449550846821 -0.011457258415695688 0.0071005577569479466 -0.034409567325011541 0.011097818657250728 0.069557590534289684 -0.02199650780359904 -0.04420253932476044 -0.019500684329908188 0.02525549396261817 0.0046076982855409775 0.022327319626743711 0.055217000122728024 0.0093631288640575322 0.036182259377979101 -0.0087405250469843546 -0.012109529910943446 -0.0076370297758667563 -0.05375608255465826
leaf_weight=59 406 59 2729 223 913 532 698 2157 860 1580 31 631 723 273 23 59 24 75 60 73 305 385 571 29 219 21 60 195 243 36
leaf_count=59 406 59 2729 223 913 532 698 2157 860 1580 31 631 723 273 23 59 24 75 60 73 305 385 571 29 219 21 60 195 243 36
internal_value=0 0.00394486 -0.00373471 0.00269309 -0.000317611 -0.000205566 0.00136931 -0.000938027 -0.00603318 0.00327718 0.00231661 0.00965754 0.000398483 -0.00637063 0.0286064 0.00980172 0.0128469 0.00592008 -0.0167847 0.00994072 0.0135287 -0.00011574 0.021212 0.012084 0.00136322 -0.000718014 0.0193732 -0.00604183 -0.00106757 -0.0135879
internal_weight=0 6931 7321 6525 4592 4635 4103 3376 1773 2819 2716 857 3153 996 103 1890 1446 791 119 672 599 444 655 727 294 44 631 226 1859 279
internal_count=14252 6931 7321 6525 4592 4635 4103 3376 1773 2819 2716 857 3153 996 103 1890 1446 791 119 672 599 444 655 727 294 44 631 226 1859 279
shrinkage=0.1


Tree=12
num_leaves=31
num_cat=0
split_feature=12 2 5 0 10 0 2 3 14 11 2 10 6 8 7 2 10 0 1 13 2 2 8 6 4 1 4 11 13 9
split_gain=18.5965 14.9667 14.5916 12.5464 10.5473 10.039 9.25878 8.92966 8.70844 8.64239 8.84074 9.24156 8.57869 9.58037 8.13351 8.07561 7.55532 7.72834 7.47379 6.94875 6.40755 6.37488 7.97541 6.34674 7.25493 6.33534 6.22097 6.21513 8.58712 9.20288
threshold=1.5000000000000002 33.500000000000007 2.5000000000000004 25.500000000000004 1.0000000180025095e-35 42.500000000000007 14.500000000000002 16.500000000000004 18.500000000000004 2.5000000000000004 12.500000000000002 4.5000000000000009 1.5000000000000002 21.500000000000004 12.500000000000002 5.5000000000000009 1.0000000180025095e-35 36.500000000000007 12.500000000000002 33.500000000000007 15.500000000000002 43.500000000000007 14.500000000000002 2.5000000000000004 1.0000000180025095e-35 4.5000000000000009 1.5000000000000002 2.5000000000000004 18.500000000000004 8.5000000000000018
decision_type=2 2 2 2 2 2 2 2 2 2 2 2 2 2 2 2 2 2 2 2 2 2 2 2 2 2 2 2 2 2
left_child=4 2 7 12 -1 6 -6 -2 9 -5 -11 20 -4 15 21 -14 17 -3 26 -7 -12 22 -8 24 -22 -18 -10 28 29 -17
right_child=1 16 3 8 5 19 14 -9 18 10 11 -13 13 -15 -16 27 25 -19 -20 -21 23 -23 -24 -25 -26 -27 -28 -29 -30 -31
leaf_value=0.039706284200789733 -0.0018598343286581063 0.0041426138057337183 -0.015489911089340848 0.01566854878661356 0.02560368057210647 0.05056662091187069 0.0019651510035901361 -0.016831213540651584 0.0032615211988807819 0.043286352782022391 -0.041611616514824534 -0.056455051340162758 0.069565168917179107 -0.0071755231711458228 -0.010207086707113859 0.023435057304122233 -0.013947152782297984 0.063085636955041144 0.042418699139970865 -0.011469082728676173 -0.057902557296412333 -0.013752129248210364 0.021269782854920993 0.011540848019917468 -0.0041360491049699175 -0.0046404559057380149 0.027262883308717862 4.7436558648510824e-05 0.04521691769781247 0.0005008424765850551
leaf_weight=109 4213 154 300 560 201 84 495 440 218 42 37 32 20 738 363 275 1234 26 131 23 28 126 377 293 242 1796 214 929 71 481
leaf_count=109 4213 154 300 560 201 84 495 440 218 42 37 32 20 738 363 275 1234 26 131 23 28 126 377 293 242 1796 214 929 71 481
internal_value=0 -0.00136377 0.000675217 0.00466199 0.00956786 0.00759956 0.00556969 -0.00327557 0.0111895 0.00648744 -0.00114079 -0.00409323 0.000493536 0.00240087 0.00261096 0.00638025 -0.00724824 0.0126566 0.0214958 0.0372318 -0.00130059 0.00727324 0.0103113 0.00134862 -0.00971184 -0.00843071 0.0151511 0.0056606 0.0119661 0.00884331
internal_weight=0 12474 9264 4611 1778 1669 1562 4653 1797 1234 674 632 2814 2514 1361 1776 3210 180 563 107 600 998 872 563 270 3030 432 1756 827 756
internal_count=14252 12474 9264 4611 1778 1669 1562 4653 1797 1234 674 632 2814 2514 1361 1776 3210 180 563 107 600 998 872 563 270 3030 432 1756 827 756
shrinkage=0.1


Tree=13
num_leaves=31
num_cat=0
split_feature=0 3 6 1 2 10 2 2 15 0 0 14 11 8 1 9 9 15 5 15 8 11 14 11 13 14 5 14 2 15
split_gain=16.6813 15.0271 11.4097 10.5883 10.0972 6.98887 8.03717 6.67437 6.61369 6.5802 6.44522 6.4735 8.14085 7.32072 6.04255 5.97462 7.4471 5.90628 5.88276 5.72315 5.61982 7.76195 6.18898 5.58746 6.56497 6.51417 5.45966 5.32685 6.95206 9.06674
threshold=36.500000000000007 16.500000000000004 1.0000000180025095e-35 11.500000000000002 19.500000000000004 1.0000000180025095e-35 10.500000000000002 30.500000000000004 9.5000000000000018 43.500000000000007 17.500000000000004 19.500000000000004 2.5000000000000004 5.5000000000000009 5.5000000000000009 67.500000000000014 39.500000000000007 7.5000000000000009 2.5000000000000004 1.0000000180025095e-35 22.500000000000004 4.5000000000000009 73.500000000000014 1.5000000000000002 19.500000000000004 8.5000000000000018 1.5000000000000002 8.5000000000000018 30.500000000000004 22.500000000000004
decision_type=2 2 2 2 2 2 2 2 2 2 2 2 2 2 2 2 2 2 2 2 2 2 2 2 2 2 2 2 2 2
left_child=1 2 -1 4 10 -2 -7 15 9 -8 -4 12 14 -14 -12 16 26 -16 -10 -9 21 -20 -22 25 -25 -6 -5 28 29 -3
right_child=5 27 3 7 23 6 8 19 18 -11 11 -13 13 -15 17 -17 -18 -19 20 -21 22 -23 -24 24 -26 -27 -28 -29 -30 -31
leaf_value=-0.014210335648696844 0.035007214844226836 0.016215313182157628 -0.0022259739085920436 -0.0079066857369276735 0.02737074602494198 0.044609978533627692 0.0080807864435701853 0.039607405579752397 -0.013473737404643117 0.031326959273183207 0.0083705871730223782 0.023248981321946933 -0.026776512407121207 0.0025723037698343731 0.056814921320530412 -0.041280794569424226 0.049195205378082564 0.014798742238386179 0.018926916965552376 -0.0010637396835503079 -0.0099108697978094185 -0.026250838648614494 0.033202385039705982 -0.0021735339662087884 -0.012399740092870263 -0.026508415809699468 0.013271419453560871 -0.013884984354735031 -0.011388061373181074 -0.030356219589710239
leaf_weight=524 100 255 802 137 113 57 457 36 217 166 473 260 105 446 57 21 53 81 329 889 269 43 38 4901 720 28 1092 1126 407 50
leaf_count=524 100 255 802 137 113 57 457 36 217 166 473 260 105 446 57 21 53 81 329 889 269 43 38 4901 720 28 1092 1126 407 50
internal_value=0 -0.00124894 0.00018119 0.000919506 -0.000781116 0.00937155 0.00774492 0.00701518 0.00636157 0.0142748 0.00494229 0.00898515 0.00579359 -0.00302048 0.0137421 0.0116267 0.0124934 0.0321533 0.000859414 0.000519137 0.00544011 0.0137048 -0.00457438 -0.00299022 -0.00348342 0.0166713 0.0109106 -0.0096041 -0.00283405 0.00858064
internal_weight=0 12576 10738 10214 7986 1676 1576 2228 1519 623 2224 1422 1162 551 611 1303 1282 138 896 925 679 372 307 5762 5621 141 1229 1838 712 305
internal_count=14252 12576 10738 10214 7986 1676 1576 2228 1519 623 2224 1422 1162 551 611 1303 1282 138 896 925 679 372 307 5762 5621 141 1229 1838 712 305
shrinkage=0.1


Tree=14
num_leaves=31
num_cat=0
split_feature=10 0 12 2 5 11 7 0 2 12 1 15 11 14 4 0 15 2 5 8 10 7 14 6 12 1 9 9 4 9
split_gain=15.0392 14.4619 13.5019 9.99055 10.5594 8.61578 8.37233 6.53548 6.51609 5.43416 5.3349 5.30548 6.64414 5.71921 7.46042 5.81204 5.17943 6.37792 6.28994 6.06963 5.84885 6.44402 5.07348 4.98819 6.99314 4.89808 5.362 5.26687 4.88496 5.55386
threshold=1.0000000180025095e-35 19.500000000000004 1.0000000180025095e-35 38.500000000000007 2.5000000000000004 2.5000000000000004 30.500000000000004 42.500000000000007 8.5000000000000018 1.5000000000000002 15.500000000000002 17.500000000000004 1.5000000000000002 28.500000000000004 1.5000000000000002 35.500000000000007 3.5000000000000004 19.500000000000004 1.5000000000000002 12.500000000000002 1.5000000000000002 8.5000000000000018 1.5000000000000002 1.5000000000000002 3.5000000000000004 10.500000000000002 42.500000000000007 13.500000000000002 4.5000000000000009 17.500000000000004
decision_type=2 2 2 2 2 2 2 2 2 2 2 2 2 2 2 2 2 2 2 2 2 2 2 2 2 2 2 2 2 2
left_child=9 5 -3 4 8 6 16 10 -4 -1 11 -6 -13 -14 15 -15 19 18 -18 20 -2 -22 -12 24 -11 26 -5 -27 -10 -30
right_child=1 2 3 25 7 -7 -8 -9 28 23 22 12 13 14 -16 -17 17 -19 -20 -21 21 -23 -24 -25 -26 27 -28 -29 29 -31
leaf_value=0.034989700999555243 0.03614702428642072 0.018396614375011382 0.030352283197064556 -0.0083715856075286862 0.0053836788345518654 -0.0090430798560959084 0.048952561529243696 0.02182600379667499 -0.0017993476733760743 -0.044529270380735397 0.05786371139379648 0.038416736787467293 -0.013257260494184811 -0.024873655821595873 0.045991121923051236 0.029671830137570701 -0.024526315254549829 -0.009511319953278306 0.0097395590719232712 0.020821758071974953 0.0077409372692219692 -0.020970468264487056 0.012355523833231826 0.013831196157426404 0.025158214072386428 -0.010068449568918168 -0.030383322712119298 0.0085865392099793367 -0.045355580073709677 0.016652301698923112
leaf_weight=109 38 454 62 713 2424 2629 34 242 3279 36 26 33 431 56 41 30 62 873 394 202 171 144 424 509 24 281 131 328 52 20
leaf_count=109 38 454 62 713 2424 2629 34 242 3279 36 26 33 431 56 41 30 62 873 394 202 171 144 424 509 24 281 131 328 52 20
internal_value=0 -0.000725998 0.00159059 0.000700595 0.00224273 -0.00532504 -0.000228731 0.00593792 -0.00177078 0.014535 0.00482828 0.00331236 -0.00518318 -0.00776167 0.0108887 -0.00584616 -0.00111629 -0.00450461 0.0050806 0.00699736 -0.000913485 -0.00538428 0.0149849 0.0106166 -0.0166543 -0.00685616 -0.0117881 -2.10993e-05 -0.00236512 -0.0281312
internal_weight=0 13574 9027 8573 7120 4547 1918 3707 3413 678 3465 3015 591 558 127 86 1884 1329 456 555 353 315 450 569 60 1453 844 609 3351 72
internal_count=14252 13574 9027 8573 7120 4547 1918 3707 3413 678 3465 3015 591 558 127 86 1884 1329 456 555 353 315 450 569 60 1453 844 609 3351 72
shrinkage=0.1


Tree=15
num_leaves=31
num_cat=0
split_feature=11 3 10 0 7 12 14 3 11 5 0 13 2 0 2 2 8 14 2 6 7 10 8 2 2 9 6 8 11 15
split_gain=12.6192 13.3985 11.208 9.76079 8.36101 7.64228 7.75893 6.56188 6.33285 8.51653 7.67791 7.13614 6.29241 6.08724 6.58483 6.01869 8.36328 8.23893 8.09978 5.92362 7.85682 7.42367 7.30463 7.31913 5.99752 5.77116 5.32344 5.2655 5.13767 5.10147
threshold=1.0000000180025095e-35 5.5000000000000009 1.0000000180025095e-35 28.500000000000004 1.0000000180025095e-35 1.0000000180025095e-35 12.500000000000002 16.500000000000004 2.5000000000000004 2.5000000000000004 31.500000000000004 10.500000000000002 19.500000000000004 47.500000000000007 41.500000000000007 40.500000000000007 13.500000000000002 15.500000000000002 28.500000000000004 2.5000000000000004 12.500000000000002 1.0000000180025095e-35 7.5000000000000009 17.500000000000004 24.500000000000004 31.500000000000004 1.5000000000000002 33.500000000000007 1.5000000000000002 1.5000000000000002
decision_type=2 2 2 2 2 2 2 2 2 2 2 2 2 2 2 2 2 2 2 2 2 2 2 2 2 2 2 2 2 2
left_child=-1 2 -2 7 -4 26 8 19 9 -7 12 29 -11 14 -5 16 18 -18 -8 20 21 -3 -21 -24 -23 -25 -6 -16 -22 -10
right_child=1 3 4 13 5 6 15 -9 11 10 -12 -13 -14 -15 27 -17 17 -19 -20 22 28 24 23 25 -26 -27 -28 -29 -30 -31
leaf_value=0.056805271980090027 0.019049697459166778 0.035200998994211356 -0.018114134714919693 0.0037384065658278391 -0.0052399450706111066 -0.0009778848292672465 0.0078578784299178396 -0.01143127973558325 -0.026794366033400518 0.024639056174151869 0.03811801619389478 -0.010678890709206062 0.0014450861799596537 0.028925441787010286 -0.00093278118128915441 -0.012933353328507794 0.036848157322542235 0.011504406957290516 -0.020466751640751249 -0.011434064093199406 0.031737564802169799 0.0003911232491607516 0.019497502394048891 -0.0027837741402468742 -0.011296595459311738 0.015221946646592446 0.025967095958044351 -0.021985772699889744 -0.020020038489356032 0.0035793305999439772
leaf_weight=39 423 48 196 2072 72 1337 508 1320 59 166 102 931 396 82 309 121 176 473 126 364 20 1018 263 867 772 224 227 193 467 881
leaf_count=39 423 48 196 2072 72 1337 508 1320 59 166 102 931 396 82 309 121 176 473 126 364 20 1018 263 867 772 224 227 193 467 881
internal_value=0 -0.000155872 0.00333762 -0.0028543 0.00218597 0.00289966 0.00201826 -0.00530953 -0.000290956 0.00361966 0.0128771 -0.00447329 0.00829597 0.00210331 0.00124883 0.00838669 0.0103974 0.0183773 0.00222869 -0.00331084 -0.00660119 -0.0036089 0.00114204 0.00452292 -0.00464961 0.000913092 0.0184524 -0.00902686 -0.0178945 0.0016729
internal_weight=0 14213 6194 8019 5771 5575 5276 5363 3872 2001 664 1871 562 2656 2574 1404 1283 649 634 4043 2325 1838 1718 1354 1790 1091 299 502 487 940
internal_count=14252 14213 6194 8019 5771 5575 5276 5363 3872 2001 664 1871 562 2656 2574 1404 1283 649 634 4043 2325 1838 1718 1354 1790 1091 299 502 487 940
shrinkage=0.1


Tree=16
num_leaves=31
num_cat=0
split_feature=0 12 6 1 2 11 7 14 3 9 2 6 9 10 6 13 7 14 14 15 1 2 8 8 14 7 7 15 9 2
split_gain=11.5641 11.0395 7.77426 8.33646 8.06435 6.00537 6.42636 5.44344 5.73618 5.63862 5.26605 5.76126 5.07036 5.04116 5.70609 4.97459 5.18737 5.97301 6.60721 5.39211 4.84218 4.80662 5.68577 4.78445 4.77661 5.93633 4.6779 5.73859 5.86792 4.92097
threshold=19.500000000000004 1.0000000180025095e-35 1.0000000180025095e-35 7.5000000000000009 30.500000000000004 2.5000000000000004 30.500000000000004 20.500000000000004 4.5000000000000009 7.5000000000000009 38.500000000000007 2.5000000000000004 7.5000000000000009 2.5000000000000004 2.5000000000000004 3.5000000000000004 21.500000000000004 8.5000000000000018 9.5000000000000018 1.0000000180025095e-35 15.500000000000002 17.500000000000004 46.500000000000007 6.5000000000000009 1.0000000180025095e-35 7.5000000000000009 12.500000000000002 11.500000000000002 38.500000000000007 20.500000000000004
decision_type=2 2 2 2 2 2 2 2 2 2 2 2 2 2 2 2 2 2 2 2 2 2 2 2 2 2 2 2 2 2
left_child=5 21 -3 10 -5 6 26 8 9 -6 11 -4 -13 14 -11 -14 17 -17 -19 -20 -10 -2 -23 -21 25 -7 27 29 -29 -1
right_child=1 2 3 4 7 24 -8 -9 20 13 -12 12 15 -15 -16 16 -18 18 19 23 -22 22 -24 -25 -26 -27 -28 28 -30 -31
leaf_value=0.010836708428281727 0.037967771223221702 -0.010497830051900749 -0.0022502351299450523 0.010303056957605092 -0.011668205293275977 -0.010566130599805289 0.042038509829176798 0.011240803898267803 -0.015750330632940356 0.00040680426690313558 -0.0087390907384731157 -0.0069467895965402331 0.018523391424276579 0.00052649531174789777 0.049281122860774192 0.015011136450490162 -0.025036238146978515 -0.031115879631433332 0.035913431771258095 -0.015468315616355722 0.00033101780634177359 0.015359889585075365 -0.030607985114229137 0.0053304039116142789 -0.0078793897235147504 0.034704707413911816 -0.011282577108492894 -0.013053394604280505 0.029913356815065656 -0.0017658063197789127
leaf_weight=660 87 532 2682 1840 93 56 36 336 389 36 675 300 313 88 71 447 57 61 47 141 361 373 29 513 2665 60 339 346 35 584
leaf_count=660 87 532 2682 1840 93 56 36 336 389 36 675 300 313 88 71 447 57 61 47 141 361 373 29 513 2665 60 339 346 35 584
internal_value=0 0.00202385 0.00122724 0.00196544 0.00597447 -0.00400918 0.000170041 0.000177818 -0.00340326 0.00859303 -0.000495415 0.000724599 0.00497074 0.0182561 0.0328374 0.007235 0.00444411 0.005834 0.000450561 0.00319743 -0.00800984 0.016656 0.0120438 0.000846276 -0.00701474 0.0128498 -0.000597405 0.00163169 -0.00910632 0.00492042
internal_weight=0 9471 8982 8450 3214 4781 2000 1374 1038 288 5236 4561 1879 195 107 1579 1266 1209 762 701 750 489 402 654 2781 116 1964 1625 381 1244
internal_count=14252 9471 8982 8450 3214 4781 2000 1374 1038 288 5236 4561 1879 195 107 1579 1266 1209 762 701 750 489 402 654 2781 116 1964 1625 381 1244
shrinkage=0.1


Tree=17
num_leaves=31
num_cat=0
split_feature=5 2 1 2 3 6 8 0 4 5 8 11 0 15 13 7 8 14 6 3 9 13 14 14 8 7 9 12 7 11
split_gain=11.4495 13.0061 9.14652 7.88124 7.8567 7.31599 8.72912 7.518 7.16253 9.38459 7.45104 6.85942 7.0441 6.80817 6.63226 6.43763 6.23751 5.88089 5.42556 5.3413 5.27293 5.12768 7.91217 6.55932 5.59577 5.34031 5.18986 5.07442 5.50079 5.32139
threshold=1.5000000000000002 17.500000000000004 11.500000000000002 39.500000000000007 10.500000000000002 2.5000000000000004 54.500000000000007 17.500000000000004 1.5000000000000002 2.5000000000000004 19.500000000000004 1.5000000000000002 15.500000000000002 54.500000000000007 59.500000000000007 11.500000000000002 24.500000000000004 1.0000000180025095e-35 1.0000000180025095e-35 15.500000000000002 3.5000000000000004 14.500000000000002 22.500000000000004 42.500000000000007 10.500000000000002 18.500000000000004 38.500000000000007 1.0000000180025095e-35 32.500000000000007 1.5000000000000002
decision_type=2 2 2 2 2 2 2 2 2 2 2 2 2 2 2 2 2 2 2 2 2 2 2 2 2 2 2 2 2 2
left_child=16 5 3 11 -4 7 27 -2 9 -6 14 17 13 -13 -10 18 -1 -3 -9 -12 -17 22 -14 26 25 -23 -24 -7 29 -29
right_child=1 2 4 -5 8 6 -8 15 10 -11 19 12 21 -15 -16 20 -18 -19 -20 -21 -22 24 23 -25 -26 -27 -28 28 -30 -31
leaf_value=-0.013128131340602934 -0.0091087475419044505 0.064406699978786966 0.0089818453029732442 -0.010055278420137863 -0.020859694174107383 0.042330952780321243 -0.026175443441779529 -0.019058526431520784 -0.00038032482727683289 0.02153346041838328 -0.00065199800416932893 -0.0098450468476641434 -7.1445398259985108e-05 0.049012206643819813 0.058441406339406969 0.027393375833829243 0.035752808937320003 0.010805522706559911 0.016062287147734104 -0.024774746704464178 -0.01469308397797651 -0.012344568331610947 0.017505332993136512 -0.0041903980527863358 -0.0010399965737833226 -0.057530539269958228 0.057150006451104823 0.035527475596813678 0.05874556520810495 0.0099331945020837507
leaf_weight=788 406 23 1547 1152 68 64 54 48 461 225 141 1133 4225 20 20 36 27 186 526 263 172 397 252 132 774 28 38 89 26 931
leaf_count=788 406 23 1547 1152 68 64 54 48 461 225 141 1133 4225 20 20 36 27 186 526 263 172 397 252 132 774 28 38 89 26 931
internal_value=0 0.000698046 -0.000735043 -0.00237503 0.00429625 0.00745221 0.0130866 0.00193161 -0.00185706 0.0116948 -0.00634372 -0.00114755 -0.00168063 -0.00882411 0.00206549 0.00766356 -0.0115088 0.0167042 0.0131254 -0.0163557 -0.00740889 -0.000271733 0.00123263 0.0142889 -0.00610226 -0.0153215 0.0227002 0.0149967 0.0133242 0.0121664
internal_weight=0 13437 11085 8360 2725 2352 1164 1188 1178 293 885 7208 6999 1153 481 782 815 209 574 404 208 5846 4647 422 1199 425 290 1110 1046 1020
internal_count=14252 13437 11085 8360 2725 2352 1164 1188 1178 293 885 7208 6999 1153 481 782 815 209 574 404 208 5846 4647 422 1199 425 290 1110 1046 1020
shrinkage=0.1


Tree=18
num_leaves=31
num_cat=0
split_feature=11 12 10 3 2 1 0 2 15 14 0 8 7 14 9 7 5 3 13 8 15 8 11 5 13 7 5 3 3 9
split_gain=9.6778 9.83435 9.00572 8.21304 7.49882 6.55953 8.26092 8.38743 8.06365 6.01785 5.92065 5.95992 8.28032 8.93228 5.78196 5.64251 8.03508 5.89854 5.51448 5.63526 5.44812 5.4248 6.64924 5.46135 5.29892 5.29821 4.9126 6.49251 5.64837 5.68952
threshold=1.0000000180025095e-35 2.5000000000000004 1.0000000180025095e-35 2.5000000000000004 7.5000000000000009 5.5000000000000009 38.500000000000007 28.500000000000004 8.5000000000000018 4.5000000000000009 25.500000000000004 29.500000000000004 8.5000000000000018 20.500000000000004 2.5000000000000004 8.5000000000000018 3.5000000000000004 4.5000000000000009 47.500000000000007 9.5000000000000018 1.0000000180025095e-35 9.5000000000000018 1.5000000000000002 1.5000000000000002 39.500000000000007 14.500000000000002 2.5000000000000004 23.500000000000004 7.5000000000000009 10.500000000000002
decision_type=2 2 2 2 2 2 2 2 2 2 2 2 2 2 2 2 2 2 2 2 2 2 2 2 2 2 2 2 2 2
left_child=-1 2 -2 21 -4 8 7 15 9 20 -5 18 -13 -14 -11 16 -7 -18 -12 -20 -6 23 -23 -3 26 -22 28 -28 29 -16
right_child=1 3 4 10 5 6 -8 -9 -10 14 11 12 13 -15 24 -17 17 -19 19 -21 25 22 -24 -25 -26 -27 27 -29 -30 -31
leaf_value=0.049746313079809534 0.019890162884340593 -0.0346933552729232 0.026869454466063404 -0.0077415182658121104 0.033243874042499358 0.0087471257728427201 0.019517973022348614 -0.0033196881594044613 -0.010139902077928604 -0.021142720021832158 0.00072466600273410093 -0.019810587872158399 -0.0098823676251957576 0.036126537214625963 -0.0027384215413214091 0.0011789455944915786 0.064558608929316211 0.020532567355226964 -0.0080886270161028267 0.049017798528075224 0.0088681346990845417 0.051895057703509474 0.0062546463339726941 -0.0013029675768769307 -0.028647494036704302 -0.022426688472429915 0.004537524460338495 0.047922631601492571 -0.014221174866385609 0.019274006187915804
leaf_weight=39 281 56 116 2961 82 804 329 1279 856 142 1624 330 117 66 728 803 45 94 27 48 550 33 976 391 64 60 824 36 351 140
leaf_count=39 281 56 116 2961 82 804 329 1279 856 142 1624 330 117 66 728 803 45 94 27 48 550 33 976 391 64 60 824 36 351 140
internal_value=0 -0.000136502 0.00232276 -0.00295005 0.00164681 0.00123971 0.00446932 0.00283263 -0.0015863 0.00087318 -0.00481746 -0.000903282 -0.0103497 0.00671101 -0.00160106 0.00733939 0.0125852 0.0347856 0.00194898 0.0284595 0.00904317 0.0036846 0.00774735 -0.0054861 -0.000306182 0.00578996 0.000566278 0.00635365 -0.00351669 0.00081197
internal_weight=0 14213 7584 6629 7303 7187 3354 3025 3833 2977 5173 2212 513 183 2285 1746 943 139 1699 75 692 1456 1009 447 2143 610 2079 860 1219 868
internal_count=14252 14213 7584 6629 7303 7187 3354 3025 3833 2977 5173 2212 513 183 2285 1746 943 139 1699 75 692 1456 1009 447 2143 610 2079 860 1219 868
shrinkage=0.1


Tree=19
num_leaves=31
num_cat=0
split_feature=5 2 0 3 5 8 1 7 13 4 10 12 11 14 0 8 8 9 0 0 2 7 8 8 10 15 3 9 1 4
split_gain=8.77581 9.85211 7.59932 7.86694 6.52568 7.72169 10.3059 6.31292 8.72523 5.92107 7.41853 5.90962 6.51153 6.12099 5.57722 5.50342 5.74459 5.39289 8.3093 5.56077 5.34454 5.33527 5.00805 4.75937 5.44649 6.18049 5.09607 4.60059 4.58954 5.65796
threshold=1.5000000000000002 17.500000000000004 43.500000000000007 5.5000000000000009 2.5000000000000004 23.500000000000004 9.5000000000000018 9.5000000000000018 6.5000000000000009 1.0000000180025095e-35 1.0000000180025095e-35 1.0000000180025095e-35 2.5000000000000004 12.500000000000002 9.5000000000000018 54.500000000000007 36.500000000000007 6.5000000000000009 14.500000000000002 35.500000000000007 47.500000000000007 8.5000000000000018 24.500000000000004 5.5000000000000009 1.5000000000000002 2.5000000000000004 13.500000000000002 3.5000000000000004 5.5000000000000009 2.5000000000000004
decision_type=2 2 2 2 2 2 2 2 2 2 2 2 2 2 2 2 2 2 2 2 2 2 2 2 2 2 2 2 2 2
left_child=22 11 3 9 7 6 -6 8 23 -3 -11 21 15 17 -15 16 28 -14 -19 -20 -7 -2 -1 -5 26 -26 -25 -12 29 -13
right_child=1 2 -4 4 5 20 -8 -9 -10 10 27 12 13 14 -16 -17 -18 18 19 -21 -22 -23 -24 24 25 -27 -28 -29 -30 -31
leaf_value=-0.011526788430770643 0.055461447238922129 -0.0095444999525652226 0.012525272899046895 -0.014090530829386669 -0.0018308368016234748 -0.0048997139805830973 0.012582351979433318 -0.014430130242624068 -0.011467055877049765 0.021302032133318344 -0.0072554440145754136 0.011062081591950523 -0.023176465825464742 -0.022235885406694106 0.0091440452271290412 -0.035022822380065918 0.052274098226002291 0.028541821002960207 -0.013975993305565374 0.030956493558422213 -0.027070508771023512 0.011327602139541081 0.03227262110621841 0.041593559304388558 0.033948795763509614 -0.0017900902066337928 -0.00028641786840226917 0.0033372784542949462 0.019952256767360191 -0.011956866809300014
leaf_weight=788 45 408 422 111 1636 1384 712 880 675 212 464 450 159 62 655 25 35 75 247 31 118 70 27 82 56 356 45 3524 358 140
leaf_count=788 45 408 422 111 1636 1384 712 880 675 212 464 450 159 62 655 25 35 75 247 31 118 70 27 82 56 356 45 3524 358 140
internal_value=0 0.00061113 -0.000636151 -0.00115703 -0.00352656 -0.00104211 0.00253977 -0.00786448 -0.0035039 0.00195658 0.00307383 0.00648958 0.00535306 0.000466952 0.00643058 0.0113104 0.0124888 -0.00788445 -0.000996551 -0.00896554 -0.00664149 0.0285974 -0.0100758 0.00476553 0.00864869 0.00306762 0.0267542 0.00210483 0.0110199 0.00559996
internal_weight=0 13437 11085 10663 6055 3850 2348 2205 1325 4608 4200 2352 2237 1229 717 1008 983 512 353 278 1502 115 815 650 539 412 127 3988 948 590
internal_count=14252 13437 11085 10663 6055 3850 2348 2205 1325 4608 4200 2352 2237 1229 717 1008 983 512 353 278 1502 115 815 650 539 412 127 3988 948 590
shrinkage=0.1


Tree=20
num_leaves=31
num_cat=0
split_feature=12 6 11 5 8 1 3 15 2 0 14 3 14 8 13 12 9 5 4 0 2 14 15 8 11 0 8 1 15 0
split_gain=7.8278 7.89368 7.63473 8.79546 10.8978 12.1688 7.72317 6.75037 6.06016 6.10113 7.13029 5.98753 6.10381 6.68943 5.98319 5.92371 5.53783 5.52817 9.73953 5.77057 5.17376 5.11366 4.8534 8.02798 6.52855 8.25799 4.92939 5.8275 6.61323 5.6215
threshold=1.5000000000000002 1.0000000180025095e-35 2.5000000000000004 2.5000000000000004 19.500000000000004 19.500000000000004 4.5000000000000009 3.5000000000000004 3.5000000000000004 15.500000000000002 15.500000000000002 9.5000000000000018 12.500000000000002 13.500000000000002 20.500000000000004 2.5000000000000004 49.500000000000007 3.5000000000000004 2.5000000000000004 25.500000000000004 19.500000000000004 13.500000000000002 17.500000000000004 10.500000000000002 1.5000000000000002 31.500000000000004 18.500000000000004 3.5000000000000004 5.5000000000000009 16.500000000000004
decision_type=2 2 2 2 2 2 2 2 2 2 2 2 2 2 2 2 2 2 2 2 2 2 2 2 2 2 2 2 2 2
left_child=7 -2 3 16 5 6 -5 -1 -4 -10 11 12 15 -14 17 -11 22 -12 20 -20 -19 -13 26 -24 -25 -26 29 -28 -29 -3
right_child=1 2 8 4 -6 -7 -8 -9 9 10 14 21 13 -15 -16 -17 -18 18 19 -21 -22 -23 23 24 25 -27 27 28 -30 -31
leaf_value=0.013573128728977216 -0.011640087437961348 -0.011932095425093875 0.040961734857410198 0.021222104975001307 -0.0027551162234690694 0.053474920374505665 0.0053775988570727382 0.0010530187069913853 -0.0085660611011687381 0.0019810564262898209 0.0024140519242474836 -0.0074487505802291716 -0.00089124312371383475 0.029629054226616561 -0.0049188032799344049 -0.0087756327061750978 0.037815301886035338 0.029230601507790235 0.086158733487129213 0.02974458192334031 0.0029604451876822685 -0.029325841954212728 -0.028980408981442454 0.052403453769891167 -0.018032661140567126 0.049700416760011155 -0.0092625796794891368 0.072961068366255086 0.015338943358780683 0.0010617416800714988
leaf_weight=732 647 408 32 442 727 68 1012 1046 1392 1145 849 1046 162 129 562 926 36 98 25 66 319 119 160 23 99 22 53 28 69 1810
leaf_count=732 647 408 32 442 727 68 1012 1046 1392 1145 849 1046 162 129 562 926 36 98 25 66 319 119 160 23 99 22 53 28 69 1810
internal_value=0 -0.000884799 -0.000296428 0.00269465 0.00731686 0.0121279 0.0101942 0.00620753 -0.00245462 -0.0026578 -0.00114764 -0.00381665 -0.000923014 0.0126384 0.00375782 -0.00282855 -0.0011441 0.00735123 0.0156025 0.045243 0.00913425 -0.00968341 -0.001669 -0.0135638 0.00356566 -0.00571756 -0.00014196 0.0174025 0.0319721 -0.00132847
internal_weight=0 12474 11827 4957 2249 1522 1454 1778 6870 6838 5446 3527 2362 291 1919 2071 2708 1357 508 91 417 1165 2672 304 144 121 2368 150 97 2218
internal_count=14252 12474 11827 4957 2249 1522 1454 1778 6870 6838 5446 3527 2362 291 1919 2071 2708 1357 508 91 417 1165 2672 304 144 121 2368 150 97 2218
shrinkage=0.1


Tree=21
num_leaves=31
num_cat=0
split_feature=11 0 3 4 0 10 0 13 15 6 2 15 13 2 7 2 11 5 3 0 9 8 13 12 1 11 13 13 0 15
split_gain=7.74838 6.89145 7.29133 6.18636 6.50929 6.30583 5.40646 5.75046 4.7467 4.39318 5.09348 4.38898 5.29707 6.63044 4.33693 6.19071 4.53812 7.35775 8.19601 6.27688 5.02028 5.01759 4.94197 4.78952 5.63507 5.24829 4.54933 5.94669 4.48822 4.48649
threshold=1.0000000180025095e-35 36.500000000000007 16.500000000000004 1.0000000180025095e-35 34.500000000000007 1.0000000180025095e-35 17.500000000000004 3.5000000000000004 48.500000000000007 4.5000000000000009 24.500000000000004 55.500000000000007 13.500000000000002 35.500000000000007 8.5000000000000018 45.500000000000007 2.5000000000000004 2.5000000000000004 5.5000000000000009 25.500000000000004 9.5000000000000018 17.500000000000004 5.5000000000000009 2.5000000000000004 16.500000000000004 4.5000000000000009 10.500000000000002 18.500000000000004 29.500000000000004 37.500000000000007
decision_type=2 2 2 2 2 2 2 2 2 2 2 2 2 2 2 2 2 2 2 2 2 2 2 2 2 2 2 2 2 2
left_child=-1 2 3 4 6 -5 8 9 -2 10 -8 14 -13 -14 15 16 17 21 -19 -20 -21 -7 -22 24 25 -18 -27 -28 -16 -30
right_child=1 -3 -4 5 -6 11 7 -9 -10 -11 -12 12 13 -15 28 -17 23 18 19 20 22 -23 -24 -25 -26 26 27 -29 29 -31
leaf_value=0.044512108885324919 -0.01977300238889336 0.0059166463419719102 -0.0067699125750662285 0.012796809880014271 -0.043075349683664284 1.2959596764950353e-05 0.045844438520528503 -0.0055574433053477423 0.021958498259385426 -0.024838824783052719 0.0051116689108312132 0.044145957708358767 0.029772430423058962 -0.032008374389261011 -0.0033141451713077428 -0.020060743034378558 0.0035292855397191744 0.024804937999163355 -0.0037685720698308143 -0.0034020346646406216 0.074151088356971748 0.022156513327950832 0.021483476604184801 -0.0056661158240165002 0.021935578127702079 -0.040239922315986075 0.038881461257519928 -0.030923327459738803 0.0074776762218304212 -0.033455264781202587
leaf_weight=39 298 1668 1824 421 49 1310 59 445 30 21 64 50 38 32 4062 121 963 364 295 49 25 111 62 958 150 54 23 26 613 28
leaf_count=39 298 1668 1824 421 49 1310 59 445 30 21 64 50 38 32 4062 121 963 364 295 49 25 111 62 958 150 54 23 26 613 28
internal_value=0 -0.00012214 -0.000925065 6.93388e-05 -0.00756418 0.000825257 -0.00566664 6.33125e-05 -0.0159561 0.017433 0.0246502 0.000285293 0.0192865 0.00152978 3.78276e-05 0.00225306 0.00286808 0.00605265 0.0137564 0.00442535 0.0221989 0.00174268 0.0366178 -0.000378008 0.00378812 0.00123453 -0.0202203 0.00184219 -0.00208696 0.00568965
internal_weight=0 14213 12545 10721 966 9755 917 589 328 144 123 9334 120 70 9214 4511 4390 2216 795 431 136 1421 87 2174 1216 1066 103 49 4703 641
internal_count=14252 14213 12545 10721 966 9755 917 589 328 144 123 9334 120 70 9214 4511 4390 2216 795 431 136 1421 87 2174 1216 1066 103 49 4703 641
shrinkage=0.1


Tree=22
num_leaves=31
num_cat=0
split_feature=2 1 0 11 8 5 11 8 14 10 12 0 13 11 3 9 7 12 8 10 9 0 8 7 3 3 14 13 2 15
split_gain=6.34861 7.77153 6.75244 7.53478 5.85457 6.20879 6.35216 6.2418 5.50082 6.13888 4.81323 4.71617 5.27725 5.34621 4.69343 6.38102 6.49251 5.17281 5.05028 8.53094 5.10053 4.61326 4.57257 7.71103 5.26042 4.48098 5.52053 5.6348 5.50094 4.97461
threshold=44.500000000000007 7.5000000000000009 2.5000000000000004 1.0000000180025095e-35 45.500000000000007 2.5000000000000004 2.5000000000000004 6.5000000000000009 11.500000000000002 4.5000000000000009 3.5000000000000004 29.500000000000004 12.500000000000002 1.5000000000000002 6.5000000000000009 14.500000000000002 9.5000000000000018 2.5000000000000004 13.500000000000002 2.5000000000000004 3.5000000000000004 17.500000000000004 36.500000000000007 3.5000000000000004 11.500000000000002 5.5000000000000009 25.500000000000004 9.5000000000000018 31.500000000000004 6.5000000000000009
decision_type=2 2 2 2 2 2 2 2 2 2 2 2 2 2 2 2 2 2 2 2 2 2 2 2 2 2 2 2 2 2
left_child=1 2 -1 -4 5 14 -7 -8 9 -9 21 12 25 -14 17 16 -16 18 -5 20 -20 -10 24 -24 -12 29 28 -28 -27 -3
right_child=-2 11 3 4 -6 6 7 8 10 -11 22 -13 13 -15 15 -17 -18 -19 19 -21 -22 -23 23 -25 -26 26 27 -29 -30 -31
leaf_value=-0.033881517487858968 -0.0079110481985770927 -0.0019847571353117624 0.057425566694953224 0.00057702047179475997 -0.011734418046136619 0.0072857607713745394 -0.012316130254036769 -0.0022526135083760948 -0.002629967546853863 -0.039655238778694819 -0.01961279595599455 0.0084689534225765323 0.021564467722856546 -0.0053413148906940079 -0.0057431307953113948 0.00065222557823536767 -0.0222734816335327 -0.0071783562218541474 -0.008365239078799885 -0.0081807098638864203 0.042732583937190829 0.015794557280958434 -0.016294875741004945 0.060778800867221976 0.0083755724064938659 0.0028952436026404888 0.029963999131211529 -0.024548876933429553 -0.012666466226500851 0.014963785049855903
leaf_weight=63 947 240 22 1341 494 1543 401 953 183 46 170 1477 79 1133 581 590 402 773 24 81 105 528 25 27 111 850 108 23 310 622
leaf_count=63 947 240 22 1341 494 1543 401 953 183 46 170 1477 79 1133 581 590 402 773 24 81 105 528 25 27 111 850 108 23 310 622
internal_value=0 0.000563079 -0.00126501 -0.00102038 -0.00117386 -0.000512146 0.00226227 -0.000909263 0.00132968 -0.00397486 0.00640557 0.00375826 0.0016906 -0.00358756 -0.00335064 -0.0075689 -0.0125033 -0.000495511 0.00283514 0.0172548 0.033226 0.0110524 -0.00351601 0.0237241 -0.00855689 0.00466185 0.000934036 0.020393 -0.00126349 0.0102449
internal_weight=0 13305 8463 8400 8378 7884 3987 2444 2043 999 1044 4842 3365 1212 3897 1573 983 2324 1551 210 129 711 333 52 281 2153 1291 131 1160 862
internal_count=14252 13305 8463 8400 8378 7884 3987 2444 2043 999 1044 4842 3365 1212 3897 1573 983 2324 1551 210 129 711 333 52 281 2153 1291 131 1160 862
shrinkage=0.1


Tree=23
num_leaves=31
num_cat=0
split_feature=6 10 11 5 8 13 3 14 0 13 5 1 2 14 7 1 0 8 2 2 1 0 1 11 2 0 13 2 15 14
split_gain=6.23914 5.85822 5.79964 6.19782 10.4739 8.01799 5.37461 5.31941 7.03942 6.57357 8.28129 6.79479 6.92718 5.79152 5.21185 5.29647 5.19452 5.10747 5.41485 6.16445 5.01957 4.99821 4.91134 7.67901 5.54719 6.20756 4.5999 4.57343 4.26189 4.78628
threshold=1.0000000180025095e-35 1.0000000180025095e-35 2.5000000000000004 2.5000000000000004 22.500000000000004 11.500000000000002 1.5000000000000002 15.500000000000002 9.5000000000000018 20.500000000000004 3.5000000000000004 29.500000000000004 28.500000000000004 59.500000000000007 21.500000000000004 1.0000000180025095e-35 16.500000000000004 6.5000000000000009 20.500000000000004 22.500000000000004 18.500000000000004 3.5000000000000004 17.500000000000004 1.5000000000000002 24.500000000000004 37.500000000000007 4.5000000000000009 20.500000000000004 12.500000000000002 8.5000000000000018
decision_type=2 2 2 2 2 2 2 2 2 2 2 2 2 2 2 2 2 2 2 2 2 2 2 2 2 2 2 2 2 2
left_child=-1 -2 3 21 5 14 -6 -4 -9 10 11 12 13 16 15 -5 -10 -12 26 -20 -11 -3 23 27 -25 -26 -19 -7 29 -23
right_child=1 2 7 4 6 22 -8 8 9 20 17 -13 -14 -15 -16 -17 -18 18 19 -21 -22 28 -24 24 25 -27 -28 -29 -30 -31
leaf_value=-0.0085401982309058991 0.0097737732002368335 -0.047002000264499501 -0.0037113218704119266 -0.0031961804147435241 0.015217453863309777 0.021705331597477201 -0.0085651742583872856 -0.016173610776662829 -0.0115324374920917 -0.0087666389225098083 -0.022073712944984437 0.056530410119078382 -0.010439880963029533 -0.035631867954807897 -0.039662721753120425 0.011266626497291057 0.012752378447385302 0.062685012320677441 -0.033690947404614202 0.015697232084938242 0.010031221241237009 0.0053992095189693175 0.044053463454115885 0.022735619318375391 -0.0063889589829322626 0.040508969805457373 0.02383120537878157 0.070150085499412138 -0.0080674528564571909 -0.0039537905229140172
leaf_weight=807 650 23 4857 378 115 40 547 200 106 591 33 22 377 31 25 767 521 42 27 395 187 1386 73 217 195 33 111 38 554 904
leaf_count=807 650 23 4857 378 115 40 547 200 106 591 33 22 377 31 25 767 521 42 27 395 187 1386 73 217 195 33 111 38 554 904
internal_value=0 0.000512602 4.21249e-05 0.00257596 0.00629367 0.0103149 -0.00443375 -0.00174676 0.00186348 0.00334012 0.00688598 0.00153718 0.000368239 0.00656073 0.00550579 0.00649201 0.00864681 0.0161848 0.0183805 0.0125373 -0.00424839 -0.000572493 0.0197557 0.0163642 0.0112912 0.000398899 0.034497 0.0453066 -0.000197008 0.00170702
internal_weight=0 13445 12795 5295 2428 1766 662 7500 2643 2443 1665 1057 1035 658 1170 1145 627 608 575 422 778 2867 596 523 445 228 153 78 2844 2290
internal_count=14252 13445 12795 5295 2428 1766 662 7500 2643 2443 1665 1057 1035 658 1170 1145 627 608 575 422 778 2867 596 523 445 228 153 78 2844 2290
shrinkage=0.1


Tree=24
num_leaves=31
num_cat=0
split_feature=12 13 15 1 6 10 0 2 15 0 5 11 1 1 4 1 7 9 3 8 8 7 13 0 2 9 9 7 5 13
split_gain=5.77636 5.61864 6.64171 6.25507 5.45729 5.2689 5.10303 4.89503 4.62773 4.56837 4.28833 7.57284 5.10435 4.69752 5.65195 4.27236 5.23964 7.23877 4.33079 3.93302 4.97647 4.70095 4.23827 4.52488 3.91434 3.91363 3.8992 3.79409 3.64134 3.62824
threshold=1.5000000000000002 51.500000000000007 15.500000000000002 19.500000000000004 1.5000000000000002 1.0000000180025095e-35 42.500000000000007 13.500000000000002 5.5000000000000009 7.5000000000000009 1.5000000000000002 1.5000000000000002 20.500000000000004 1.5000000000000002 1.5000000000000002 5.5000000000000009 20.500000000000004 71.500000000000014 20.500000000000004 66.500000000000014 14.500000000000002 3.5000000000000004 14.500000000000002 28.500000000000004 34.500000000000007 4.5000000000000009 78.500000000000014 18.500000000000004 3.5000000000000004 2.5000000000000004
decision_type=2 2 2 2 2 2 2 2 2 2 2 2 2 2 2 2 2 2 2 2 2 2 2 2 2 2 2 2 2 2
left_child=1 2 5 -4 7 -1 19 -2 -8 -6 12 13 -11 -12 -15 18 17 27 -13 20 21 22 23 -7 -5 -23 -19 -17 -28 -20
right_child=4 -3 3 24 9 6 8 -9 -10 10 11 15 -14 14 -16 16 -18 26 29 -21 -22 25 -24 -25 -26 -27 28 -29 -30 -31
leaf_value=0.030964584493388733 0.018677419546532303 -0.021643014131365598 -0.032462570928037164 -0.017388572721254259 -0.009760390419674957 -0.013645649647367173 0.046830097102282343 -0.0079005282737674692 -0.0040794243033115676 -0.012913885066906612 0.031247244335588866 -0.00074489127557900191 0.01590397995379236 -0.016671139725617002 0.017815229865546161 0.0028622784723041877 0.016117033721321693 -0.062357092987407339 0.018424562897000993 -0.023393582066764004 0.013290256661737068 -0.010711909786089144 0.016072309017181399 -0.062595821573184093 0.041729529077808067 0.0084922536604982966 -0.043482908937666154 -0.023831916348663745 0.0027797925731410152 -0.015482199479857709
leaf_weight=96 73 74 80 21 460 69 57 1366 26 420 122 5159 72 70 148 3805 274 22 35 46 585 134 30 26 24 510 27 54 46 321
leaf_count=96 73 74 80 21 460 69 57 1366 26 420 122 5159 72 70 148 3805 274 22 35 46 585 134 30 26 24 510 27 54 46 321
internal_value=0 0.00533245 0.00650391 -0.0156853 -0.000760068 0.0082605 0.00679078 -0.00655224 0.0308825 -4.75015e-06 0.000419609 0.000864436 -0.00869664 0.0155348 0.00674162 0.000352486 0.00274411 0.00181741 -0.00148102 0.00536248 0.00633943 0.00105173 -0.016695 -0.0270425 0.0141411 0.00449636 -0.0254529 0.00248874 -0.0143311 -0.0121487
internal_weight=0 1778 1704 125 12474 1579 1483 1439 83 11035 10575 10083 492 340 218 9743 4228 3954 5515 1400 1354 769 125 95 45 644 95 3859 73 356
internal_count=14252 1778 1704 125 12474 1579 1483 1439 83 11035 10575 10083 492 340 218 9743 4228 3954 5515 1400 1354 769 125 95 45 644 95 3859 73 356
shrinkage=0.1


Tree=25
num_leaves=31
num_cat=0
split_feature=0 2 6 1 11 0 7 8 2 8 14 6 3 0 14 13 2 9 0 0 7 6 8 14 14 15 0 12 8 1
split_gain=5.2935 5.69946 4.98358 5.09638 5.22425 5.02264 5.11167 4.98067 4.74725 4.72472 4.69215 4.54796 4.62505 6.06321 4.26286 5.67617 5.46671 4.53522 5.515 7.00402 7.59065 5.28792 7.01421 5.23259 7.83256 4.15078 4.31192 4.09254 6.47444 4.86967
threshold=47.500000000000007 44.500000000000007 1.0000000180025095e-35 7.5000000000000009 3.5000000000000004 23.500000000000004 19.500000000000004 13.500000000000002 19.500000000000004 16.500000000000004 8.5000000000000018 3.5000000000000004 11.500000000000002 12.500000000000002 8.5000000000000018 2.5000000000000004 21.500000000000004 13.500000000000002 26.500000000000004 27.500000000000004 5.5000000000000009 4.5000000000000009 6.5000000000000009 20.500000000000004 14.500000000000002 12.500000000000002 21.500000000000004 2.5000000000000004 36.500000000000007 4.5000000000000009
decision_type=2 2 2 2 2 2 2 2 2 2 2 2 2 2 2 2 2 2 2 2 2 2 2 2 2 2 2 2 2 2
left_child=1 2 9 4 5 8 14 -8 11 -1 25 27 13 -13 -7 16 -16 -17 -19 -20 -21 22 -22 24 -24 -10 -27 29 -29 -4
right_child=-2 -3 3 -5 -6 6 7 -9 10 -11 -12 12 -14 -15 15 17 -18 18 19 20 21 -23 23 -25 -26 26 -28 28 -30 -31
leaf_value=-0.014247229480497899 0.021852063346992842 -0.0077672803808782626 0.00087046609545240604 0.0034883037038088288 -0.0053869387214171126 0.010361223207346759 -0.032032865285873416 0.011977680921554566 0.00096483919945357366 0.0023557907194955976 -0.0096246164177220313 -0.0068596035987138751 -0.011995255202054978 0.038774351678161983 -0.0037145055515665406 -0.0084701573933215479 0.032141969837951215 0.026319766767097241 -0.047484599721842796 -0.016675109889196314 -0.0072015574266170645 -0.028596887054542705 0.042243525773286827 0.062120448483361138 -0.025425024215991684 -0.0073936435547503803 -0.044840969024477782 -0.0091610981772343326 0.043264679908752442 0.021618825515861032
leaf_weight=437 110 923 392 4565 1833 995 72 40 1589 282 908 40 40 107 71 485 106 99 29 115 58 24 50 45 26 182 37 408 25 159
leaf_count=437 110 923 392 4565 1833 995 72 40 1589 282 908 40 40 107 71 485 106 99 29 115 58 24 50 45 26 182 37 408 25 159
internal_value=0 -0.000169971 0.000360502 0.000826174 -0.000705347 0.000700972 0.00450156 -0.0163148 -0.00146478 -0.00773534 -0.00375949 0.00385753 0.0181533 0.0263569 0.00561018 0.00134367 0.0177589 -0.00177715 0.00550111 -0.000438504 0.00385186 0.0154804 0.0213903 0.0350954 0.0190938 -0.000813954 -0.0137204 0.00114076 -0.00613421 0.00685774
internal_weight=0 14142 13219 12500 7935 6102 2215 112 3887 719 2716 1171 187 147 2103 1108 177 931 446 347 318 203 179 121 76 1808 219 984 433 551
internal_count=14252 14142 13219 12500 7935 6102 2215 112 3887 719 2716 1171 187 147 2103 1108 177 931 446 347 318 203 179 121 76 1808 219 984 433 551
shrinkage=0.1


Tree=26
num_leaves=31
num_cat=0
split_feature=5 2 10 0 15 8 0 7 2 5 3 11 1 8 4 15 9 7 2 0 3 7 7 13 8 8 14 4 8 3
split_gain=4.86925 5.73661 4.60812 4.39775 4.12571 3.85365 3.83436 3.67115 4.03904 3.61856 6.50475 5.77456 4.72856 7.32094 5.73461 5.07434 4.89501 4.87559 4.47097 5.37279 4.20857 3.9004 3.82733 4.28831 4.45997 6.02193 5.3039 5.29522 4.271 6.36265
threshold=1.5000000000000002 19.500000000000004 1.0000000180025095e-35 43.500000000000007 71.500000000000014 24.500000000000004 11.500000000000002 3.5000000000000004 25.500000000000004 2.5000000000000004 5.5000000000000009 1.5000000000000002 20.500000000000004 20.500000000000004 1.5000000000000002 18.500000000000004 17.500000000000004 20.500000000000004 24.500000000000004 35.500000000000007 7.5000000000000009 18.500000000000004 9.5000000000000018 2.5000000000000004 6.5000000000000009 5.5000000000000009 3.5000000000000004 3.5000000000000004 5.5000000000000009 15.500000000000002
decision_type=2 2 2 2 2 2 2 2 2 2 2 2 2 2 2 2 2 2 2 2 2 2 2 2 2 2 2 2 2 2
left_child=5 2 -2 6 -5 -1 7 8 -3 10 21 18 15 -14 16 -13 -15 -16 -11 -20 -19 -8 23 28 25 26 -25 -26 -12 -30
right_child=1 3 -4 4 -6 -7 9 -9 -10 11 22 12 13 14 17 -17 -18 20 19 -21 -22 -23 -24 24 27 -27 -28 -29 29 -31
leaf_value=-0.0087781004456396645 0.020673357592895628 -0.045384221606784403 0.0032659608630026642 0.012737770136949178 -0.021069537997245789 0.029643007671391525 0.0021702536888146152 -0.0036470066821785649 -0.011812570208514278 -0.0049116536974906921 -0.022314959540963172 0.0014291350186470039 0.027035243243697177 0.045039239137069038 -0.014240759504692897 -0.0064769579509134402 -0.0092454716563224789 0.053788964585824453 0.020102530006657949 0.075353976948694751 -0.0073894439832023961 -0.019996628775654071 -0.012805845185516616 0.035693475374808679 -0.01355675403121704 0.032656689733266832 -0.014278473409599271 0.019706119367709527 0.020680643642270888 -0.025268551541699304
leaf_weight=788 160 45 3070 370 40 27 1819 623 176 50 40 3533 166 46 182 1054 26 22 88 22 23 83 723 26 601 60 116 52 185 36
leaf_count=788 160 45 3070 370 40 27 1819 623 176 50 40 3533 166 46 182 1054 26 22 88 22 23 83 723 26 601 60 116 52 185 36
internal_value=0 0.000455219 0.00412825 -0.000707108 0.0094395 -0.00750525 -0.00113174 -0.0075751 -0.0186484 -0.000524323 -0.00289729 0.00117891 0.000586555 0.0101954 0.000846169 -0.000387526 0.0254364 -0.00695338 0.0198827 0.0311528 0.02252 0.00120293 -0.00713797 -0.00346605 -0.00689095 0.0060947 -0.00512868 -0.0109079 0.00775346 0.0131957
internal_weight=0 13437 3230 10207 410 815 9797 844 221 8953 3741 5212 5052 465 299 4587 72 227 160 110 45 1902 1839 1116 855 202 142 653 261 221
internal_count=14252 13437 3230 10207 410 815 9797 844 221 8953 3741 5212 5052 465 299 4587 72 227 160 110 45 1902 1839 1116 855 202 142 653 261 221
shrinkage=0.1


Tree=27
num_leaves=31
num_cat=0
split_feature=11 1 8 5 12 15 4 2 13 11 13 3 7 7 14 10 15 2 15 8 13 7 0 1 0 9 14 14 14 7
split_gain=4.45115 4.25095 5.7194 5.6514 4.40579 8.26388 7.56889 4.59411 5.24653 3.79008 5.3323 5.10512 5.07363 4.29195 3.68832 3.64262 3.40442 6.39239 5.25639 4.18321 4.1941 4.12288 3.78024 3.35664 5.95554 5.78467 4.37635 4.34932 4.84965 3.32307
threshold=1.0000000180025095e-35 24.500000000000004 58.500000000000007 1.5000000000000002 1.5000000000000002 15.500000000000002 1.5000000000000002 4.5000000000000009 15.500000000000002 1.5000000000000002 25.500000000000004 12.500000000000002 11.500000000000002 12.500000000000002 7.5000000000000009 1.0000000180025095e-35 4.5000000000000009 14.500000000000002 1.5000000000000002 14.500000000000002 2.5000000000000004 10.500000000000002 39.500000000000007 26.500000000000004 24.500000000000004 19.500000000000004 23.500000000000004 21.500000000000004 51.500000000000007 10.500000000000002
decision_type=2 2 2 2 2 2 2 2 2 2 2 2 2 2 2 2 2 2 2 2 2 2 2 2 2 2 2 2 2 2
left_child=-1 2 3 -2 5 15 -7 8 -6 10 11 12 14 -13 -9 -5 17 18 -17 -18 -21 -22 29 24 25 -3 -26 -25 -29 -19
right_child=1 23 -4 4 7 6 -8 9 -10 -11 -12 13 -14 -15 -16 16 19 22 -20 20 21 -23 -24 27 26 -27 -28 28 -30 -31
leaf_value=0.033737179713371472 -0.0085057172510359016 0.060072573990214109 -0.0097351580458672638 0.028917687705584935 0.043159012891808339 0.029791819339706784 -0.038439171285265028 0.034228132526899123 -0.017619136571884155 -0.00069941007358964309 0.035118224838776378 -0.022376356695009314 -0.016554367471308933 0.025108686958750088 0.00079308807849884041 0.017619839310646059 -0.0067785540127060706 0.010507230256828495 0.069131635781377557 0.049154363185167312 0.015318596353981554 -0.012143844002630654 0.030150663511206707 -0.0041984816034920788 0.017437288307008289 -0.00033706128597259526 -0.030682659038790951 0.027980268597602845 -0.0069014507727544819 -0.006813033594342763
leaf_weight=39 738 51 634 77 49 21 72 97 20 10377 67 92 42 24 50 52 318 329 32 25 164 82 66 278 63 23 27 115 61 167
leaf_count=39 738 51 634 77 49 21 72 97 20 10377 67 92 42 24 50 52 318 329 32 25 164 82 66 278 63 23 27 115 61 167
internal_value=0 -9.25737e-05 -0.000461301 -7.66075e-06 0.000505435 0.00577359 -0.0230322 -0.000178773 0.0255422 -0.000343881 0.00957367 0.00396224 0.0140979 -0.0125519 0.0228557 0.00781546 0.00649978 0.0115131 0.0372434 0.00100125 0.0101303 0.00616445 0.00766734 0.00801882 0.0202809 0.0412966 0.0030013 0.00358935 0.0158906 0.00467561
internal_weight=0 14213 13595 12961 12223 1405 93 10818 69 10749 372 305 189 116 147 1312 1235 646 84 589 271 246 562 618 164 74 90 454 176 496
internal_count=14252 14213 13595 12961 12223 1405 93 10818 69 10749 372 305 189 116 147 1312 1235 646 84 589 271 246 562 618 164 74 90 454 176 496
shrinkage=0.1


Tree=28
num_leaves=31
num_cat=0
split_feature=0 2 6 3 1 8 15 5 1 7 1 7 9 2 4 15 1 6 3 12 15 7 5 13 14 9 1 2 2 0
split_gain=3.79259 4.26993 4.35598 5.6955 5.50718 5.19459 5.82592 7.65568 5.16023 4.67225 5.30871 4.8897 6.03999 4.81975 4.50611 8.12904 6.7327 4.68147 6.01884 5.82434 6.89991 7.70328 3.94539 3.6963 3.56624 4.26023 7.66374 5.06163 4.84441 4.57829
threshold=47.500000000000007 44.500000000000007 2.5000000000000004 24.500000000000004 29.500000000000004 10.500000000000002 4.5000000000000009 2.5000000000000004 27.500000000000004 11.500000000000002 23.500000000000004 1.5000000000000002 16.500000000000004 43.500000000000007 1.0000000180025095e-35 55.500000000000007 20.500000000000004 5.5000000000000009 1.5000000000000002 1.5000000000000002 6.5000000000000009 8.5000000000000018 3.5000000000000004 15.500000000000002 4.5000000000000009 8.5000000000000018 15.500000000000002 22.500000000000004 16.500000000000004 16.500000000000004
decision_type=2 2 2 2 2 2 2 2 2 2 2 2 2 2 2 2 2 2 2 2 2 2 2 2 2 2 2 2 2 2
left_child=1 2 4 5 8 6 -4 23 9 11 -11 12 -1 24 -7 17 -17 19 -19 20 -16 -22 -14 -8 25 27 -27 28 -13 -29
right_child=-2 -3 3 -5 -6 14 7 -9 -10 10 -12 13 22 -15 15 16 -18 18 -20 -21 21 -23 -24 -25 -26 26 -28 29 -30 -31
leaf_value=-0.017312048985423035 0.018496485582806848 -0.0067197422407171969 -0.0092625592334740822 -0.010398537114127526 0.023275892850425511 -0.0026815645608073433 0.00021553262097790687 0.011179876450895647 -0.043712314809190821 -0.0066802075549832786 0.030622025636526259 -0.0024762245693377089 -0.0032848330438137057 -0.033731621988117695 0.029170395870385252 0.055478433800525355 -0.0037521104727472575 -0.055158044121883534 -0.00063952709559673146 0.0050546853229478036 0.026072481904231327 -0.018794832638947361 0.043078508870355019 -0.014798229350600132 -0.00037609401477412333 -0.0035889966167637769 0.043504700628486846 -0.019622456431388855 0.031246646635987786 0.0093638595823718109
leaf_weight=303 110 923 588 331 90 564 691 605 29 1755 39 56 50 40 233 61 28 27 81 2299 71 83 29 215 3811 523 37 65 178 337
leaf_count=303 110 923 588 331 90 564 691 605 29 1755 39 56 50 40 233 61 28 27 81 2299 71 83 29 215 3811 523 37 65 178 337
internal_value=0 -0.00014387 0.000315282 0.00234424 -0.00130882 0.00310476 -0.000817173 0.00246932 -0.00161393 -0.00144491 -0.00586929 1.71209e-05 -0.0108914 0.000842771 0.00549297 0.00709215 0.0368441 0.00614443 -0.0142692 0.00696523 0.0183149 0.00189075 0.0137346 -0.00334734 0.00111898 0.00588296 -0.000477449 0.0114833 0.0231762 0.00467702
internal_weight=0 14142 13219 5877 7342 5546 2099 1511 7252 7223 1794 5429 382 5047 3447 2883 89 2794 108 2686 387 154 79 906 5007 1196 560 636 234 402
internal_count=14252 14142 13219 5877 7342 5546 2099 1511 7252 7223 1794 5429 382 5047 3447 2883 89 2794 108 2686 387 154 79 906 5007 1196 560 636 234 402
shrinkage=0.1


Tree=29
num_leaves=31
num_cat=0
split_feature=11 12 9 6 7 2 3 14 9 10 8 5 0 0 14 15 11 13 0 13 14 8 9 14 9 6 1 0 8 15
split_gain=3.59525 3.77048 4.74617 5.49063 6.40284 5.47006 4.50355 4.53357 5.19061 4.45231 5.84265 4.3719 4.62835 4.20805 4.04039 3.97339 6.77731 5.90676 7.02077 6.95771 5.42569 5.33542 4.89946 6.29791 4.4274 4.00812 3.74085 4.28916 4.80697 3.62448
threshold=1.0000000180025095e-35 2.5000000000000004 86.500000000000014 2.5000000000000004 12.500000000000002 17.500000000000004 2.5000000000000004 12.500000000000002 23.500000000000004 1.0000000180025095e-35 32.500000000000007 2.5000000000000004 43.500000000000007 11.500000000000002 8.5000000000000018 4.5000000000000009 3.5000000000000004 10.500000000000002 28.500000000000004 9.5000000000000018 23.500000000000004 19.500000000000004 9.5000000000000018 1.5000000000000002 3.5000000000000004 1.5000000000000002 14.500000000000002 23.500000000000004 15.500000000000002 18.500000000000004
decision_type=2 2 2 2 2 2 2 2 2 2 2 2 2 2 2 2 2 2 2 2 2 2 2 2 2 2 2 2 2 2
left_child=-1 2 3 4 15 -5 7 14 13 10 -7 12 -11 -9 26 16 20 19 -19 24 21 22 23 -2 -17 -23 -3 -28 -29 -20
right_child=1 6 -4 5 -6 9 -8 8 -10 11 -12 -13 -14 -15 -16 17 -18 18 29 -21 -22 25 -24 -25 -26 -27 27 28 -30 -31
leaf_value=0.030320567809618438 0.044474742504266591 -0.00014148524745179731 -0.025058105298832286 0.013870415836572648 -0.0080581446331036231 0.034294845557760918 -0.0032081390853325635 -0.0095263869877447171 -0.0068296297280876737 -0.004560924188213503 -0.023388054154135966 0.0057270487564629238 0.042950769549324398 0.019710919153657316 -0.01088214071120246 -0.013684964179992676 -0.0096470226360074549 -0.016327304888634663 0.0015425848243858225 0.02689565201600393 0.043028593460718793 0.016052762725773981 0.021349050448491023 0.0030739125163536372 0.0022230007453355009 -0.024857976076043686 0.039436243527701927 0.027852860331535341 -0.03704570219630287 0.045369612602960498
leaf_weight=39 39 506 67 574 890 87 5173 57 135 867 22 1258 21 361 295 198 236 442 186 105 45 34 273 635 1503 81 56 25 21 21
leaf_count=39 39 506 67 574 890 87 5173 57 135 867 22 1258 21 361 295 198 236 442 186 105 45 34 273 635 1503 81 56 25 21 21
internal_value=0 -8.31986e-05 0.00143956 0.00167573 -0.000423745 0.00515483 -0.00182533 0.00308764 0.0102182 0.00293631 0.0226524 0.00193489 -0.00343734 0.015724 -0.0012791 0.00136525 0.00573837 -0.00102704 -0.00920953 0.00191339 0.00901836 0.00757725 0.0100472 0.00546951 0.00037128 -0.0127626 0.00338026 0.0208509 -0.00177474 0.00598881
internal_weight=0 14213 7584 7517 4688 2829 6629 1456 553 2255 109 2146 888 418 903 3798 1343 2455 649 1806 1107 1062 947 674 1701 115 608 102 46 207
internal_count=14252 14213 7584 7517 4688 2829 6629 1456 553 2255 109 2146 888 418 903 3798 1343 2455 649 1806 1107 1062 947 674 1701 115 608 102 46 207
shrinkage=0.1


Tree=30
num_leaves=31
num_cat=0
split_feature=2 1 0 11 8 5 3 0 9 13 11 7 15 8 1 13 9 14 10 10 14 15 0 0 3 2 13 14 5 9
split_gain=3.28363 3.72376 4.27323 3.9628 4.26834 3.65635 3.57661 4.17249 3.32746 5.6885 7.25603 4.98398 4.49052 4.41951 4.32303 4.25605 4.02006 3.97521 3.7739 3.62326 5.34489 3.5937 3.52387 3.71817 3.80989 3.50499 3.29486 3.19472 5.69062 6.88076
threshold=47.500000000000007 7.5000000000000009 2.5000000000000004 1.0000000180025095e-35 45.500000000000007 2.5000000000000004 18.500000000000004 43.500000000000007 14.500000000000002 14.500000000000002 1.5000000000000002 10.500000000000002 12.500000000000002 7.5000000000000009 6.5000000000000009 5.5000000000000009 17.500000000000004 9.5000000000000018 4.5000000000000009 1.5000000000000002 18.500000000000004 27.500000000000004 8.5000000000000018 24.500000000000004 8.5000000000000018 21.500000000000004 10.500000000000002 14.500000000000002 4.5000000000000009 25.500000000000004
decision_type=2 2 2 2 2 2 2 2 2 2 2 2 2 2 2 2 2 2 2 2 2 2 2 2 2 2 2 2 2 2
left_child=1 2 -1 -4 5 8 7 27 11 10 -10 12 14 -12 -5 -16 -15 -14 22 20 -18 -11 -13 -24 -25 -19 -9 -3 -29 -30
right_child=-2 6 3 4 -6 -7 -8 26 9 21 13 18 17 16 15 -17 19 25 -20 -21 -22 -23 23 24 -26 -27 -28 28 29 -31
leaf_value=-0.026186225885775551 -0.0098743232504937429 0.0010274108795505204 0.041553326289762153 0.0011206556734214763 -0.0093526605067523663 0.0017275185416593696 -0.004035512151320776 0.036952805306230276 0.049491811715639558 -0.012418265659428841 -0.0042150076230367027 0.024252727727095288 -0.026952024228204557 0.02749126450855191 0.0022267767877289743 -0.046862199588825829 0.0416647754463495 0.02149556244528571 -0.048086458043410232 -0.0036953467805430577 -0.013358896418854042 0.022016837184920032 -0.014860534403961807 0.0091644037079501462 -0.018319793144861856 -0.01382907158062782 0.008076684936037604 0.0044367785485111381 0.037213418556977129 -0.0080315453575012536
leaf_weight=67 329 2990 22 1765 564 4125 750 63 39 279 285 30 123 119 33 38 51 43 26 159 27 34 587 154 75 81 106 1123 118 47
leaf_count=67 329 2990 22 1765 564 4125 750 63 39 279 285 30 123 119 33 38 51 43 26 159 27 34 587 154 75 81 106 1123 118 47
internal_value=0 0.00023333 -0.00102877 -0.000834109 -0.000942078 -0.000354493 0.00235245 0.0034298 -0.00252985 0.00247824 0.00761326 -0.00421277 -0.00155558 0.00506527 0.000147428 -0.0240462 0.0124947 -0.0142144 -0.0105602 0.00496478 0.0226181 -0.00867771 -0.00940688 -0.0106444 0.000163029 -0.0015794 0.0188412 0.00282098 0.00698463 0.0243255
internal_weight=0 13923 8726 8659 8637 8073 5197 4447 3948 993 680 2955 2083 641 1836 71 356 247 872 237 78 313 846 816 229 124 169 4278 1288 165
internal_count=14252 13923 8726 8659 8637 8073 5197 4447 3948 993 680 2955 2083 641 1836 71 356 247 872 237 78 313 846 816 229 124 169 4278 1288 165
shrinkage=0.1


end of trees

feature_importances:
Column_0=126
Column_2=126
Column_8=72
Column_1=71
Column_3=62
Column_14=58
Column_15=54
Column_5=48
Column_11=48
Column_13=47
Column_7=45
Column_9=45
Column_10=38
Column_12=37
Column_6=35
Column_4=18

parameters:
[boosting: gbdt]
[objective: regression]
[metric: l2]
[tree_learner: serial]
[device_type: cpu]
[data: ]
[valid: ]
[num_iterations: 10000]
[learning_rate: 0.1]
[num_leaves: 31]
[num_threads: 0]
[deterministic: 0]
[force_col_wise: 0]
[force_row_wise: 0]
[histogram_pool_size: -1]
[max_depth: -1]
[min_data_in_leaf: 20]
[min_sum_hessian_in_leaf: 0.001]
[bagging_fraction: 1]
[pos_bagging_fraction: 1]
[neg_bagging_fraction: 1]
[bagging_freq: 0]
[bagging_seed: 3]
[feature_fraction: 1]
[feature_fraction_bynode: 1]
[feature_fraction_seed: 2]
[extra_trees: 0]
[extra_seed: 6]
[early_stopping_round: 10]
[first_metric_only: 0]
[max_delta_step: 0]
[lambda_l1: 0]
[lambda_l2: 0]
[min_gain_to_split: 0]
[drop_rate: 0.1]
[max_drop: 50]
[skip_drop: 0.5]
[xgboost_dart_mode: 0]
[uniform_drop: 0]
[drop_seed: 4]
[top_rate: 0.2]
[other_rate: 0.1]
[min_data_per_group: 100]
[max_cat_threshold: 32]
[cat_l2: 10]
[cat_smooth: 10]
[max_cat_to_onehot: 4]
[top_k: 20]
[monotone_constraints: ]
[monotone_constraints_method: basic]
[monotone_penalty: 0]
[feature_contri: ]
[forcedsplits_filename: ]
[refit_decay_rate: 0.9]
[cegb_tradeoff: 1]
[cegb_penalty_split: 0]
[cegb_penalty_feature_lazy: ]
[cegb_penalty_feature_coupled: ]
[path_smooth: 0]
[interaction_constraints: ]
[verbosity: 1]
[saved_feature_importance_type: 0]
[max_bin: 255]
[max_bin_by_feature: ]
[min_data_in_bin: 3]
[bin_construct_sample_cnt: 200000]
[data_random_seed: 1]
[is_enable_sparse: 1]
[enable_bundle: 1]
[use_missing: 1]
[zero_as_missing: 0]
[feature_pre_filter: 1]
[pre_partition: 0]
[two_round: 0]
[header: 0]
[label_column: ]
[weight_column: ]
[group_column: ]
[ignore_column: ]
[categorical_feature: ]
[forcedbins_filename: ]
[objective_seed: 5]
[num_class: 1]
[is_unbalance: 0]
[scale_pos_weight: 1]
[sigmoid: 1]
[boost_from_average: 1]
[reg_sqrt: 0]
[alpha: 0.9]
[fair_c: 1]
[poisson_max_delta_step: 0.7]
[tweedie_variance_power: 1.5]
[lambdarank_truncation_level: 30]
[lambdarank_norm: 1]
[label_gain: ]
[eval_at: ]
[multi_error_top_k: 1]
[auc_mu_weights: ]
[num_machines: 1]
[local_listen_port: 12400]
[time_out: 120]
[machine_list_filename: ]
[machines: ]
[gpu_platform_id: -1]
[gpu_device_id: -1]
[gpu_use_dp: 0]
[num_gpu: 1]

end of parameters

pandas_categorical:null
