tree
version=v3
num_class=1
num_tree_per_iteration=1
label_index=0
max_feature_idx=15
objective=regression
feature_names=Column_0 Column_1 Column_2 Column_3 Column_4 Column_5 Column_6 Column_7 Column_8 Column_9 Column_10 Column_11 Column_12 Column_13 Column_14 Column_15
feature_infos=[1:49] [0:79] [1:49] [0:86] [0:8] [0:9] [0:9] [0:381] [0:284] [0:268] [0:8] [0:8] [0:8] [0:272] [0:255] [0:311]
tree_sizes=2826 2801 2809 2807 2824 2817 2809 2806 2814 2834 2819 2837 2830 2808 2835 2812 2800 2826 2804 2824 2808 2837 2801 2817 2795 2807 2798 2800 2832

Tree=0
num_leaves=31
num_cat=0
split_feature=0 2 2 1 0 2 2 6 0 0 12 10 4 3 1 0 11 2 3 2 2 0 13 9 14 7 14 8 7 5
split_gain=315.779 196.947 142.323 42.8943 36.0729 30.8073 23.8162 23.4959 23.3586 20.0785 15.4266 14.6796 13.834 12.5598 12.4569 11.018 10.1352 9.80852 9.06658 8.97084 8.94237 8.76132 8.52193 8.49407 8.27285 8.02617 8.01942 7.90726 7.75305 7.42741
threshold=34.500000000000007 36.500000000000007 28.500000000000004 10.500000000000002 25.500000000000004 38.500000000000007 42.500000000000007 1.5000000000000002 29.500000000000004 42.500000000000007 3.5000000000000004 1.5000000000000002 1.0000000180025095e-35 30.500000000000004 7.5000000000000009 38.500000000000007 1.5000000000000002 17.500000000000004 18.500000000000004 18.500000000000004 21.500000000000004 46.500000000000007 81.500000000000014 2.5000000000000004 36.500000000000007 18.500000000000004 2.5000000000000004 23.500000000000004 19.500000000000004 2.5000000000000004
decision_type=2 2 2 2 2 2 2 2 2 2 2 2 2 2 2 2 2 2 2 2 2 2 2 2 2 2 2 2 2 2
left_child=2 3 4 12 7 8 15 20 11 10 -5 25 -2 17 -6 -3 -9 -14 -7 24 -1 -8 23 -16 -12 -4 -18 29 -19 -17
right_child=1 6 5 9 14 18 21 16 -10 -11 19 -13 13 -15 22 27 26 28 -20 -21 -22 -23 -24 -25 -26 -27 -28 -29 -30 -31
leaf_value=-0.084765959017044423 -0.073523612369056968 -0.088949782433857455 -0.087699782466362453 -0.022208420988247823 -0.065527323161646778 -0.10797095839708161 -0.098959924159951224 -0.041395910664112287 -0.069346580730398025 -0.0064749247742580257 -0.053181282437502204 -0.10471513431175825 -0.021747075786772568 -0.07796238776294076 -0.082417274871841403 -0.06948132087083661 -0.092171332655749116 -0.052428343052632428 -0.12784137109602306 -0.069390959421802859 -0.11351532374078424 -0.060547676079624697 0.013709038371154558 -0.041301337517758191 0.028109037989684824 -0.043270270464236787 -0.071742181469305652 -0.073019991585369537 -0.031272403731092538 -0.032285697252506289
leaf_weight=240 147 153 136 567 495 625 522 101 338 661 31 910 278 84 57 83 214 428 363 132 197 67 25 424 21 58 1882 186 291 152
leaf_count=240 147 153 136 567 495 625 522 101 338 661 31 910 278 84 57 83 214 428 363 132 197 67 25 424 21 58 1882 186 291 152
internal_value=-0.0687677 -0.046177 -0.082933 -0.0310728 -0.0704082 -0.101669 -0.0804636 -0.0765493 -0.0923487 -0.0191856 -0.030373 -0.099391 -0.0447411 -0.0408271 -0.0542486 -0.0659676 -0.072337 -0.0376984 -0.115272 -0.0555323 -0.0977262 -0.0945904 -0.0432151 -0.0461737 -0.0203525 -0.0744167 -0.073828 -0.0576154 -0.0438659 -0.0454229
internal_weight=0 3803 6065 2640 3635 2430 1163 2634 1442 1412 751 1104 1228 1081 1001 574 2197 997 988 184 437 589 506 481 52 194 2096 421 719 235
internal_count=9868 3803 6065 2640 3635 2430 1163 2634 1442 1412 751 1104 1228 1081 1001 574 2197 997 988 184 437 589 506 481 52 194 2096 421 719 235
shrinkage=1


Tree=1
num_leaves=31
num_cat=0
split_feature=0 2 2 1 0 2 2 6 0 2 0 10 7 2 2 7 3 0 15 11 12 0 2 7 0 15 1 14 9 9
split_gain=255.781 159.527 115.281 35.8184 29.2191 25.3394 19.2911 19.0317 17.3291 15.3626 16.0713 13.1851 11.1567 11.5461 10.6942 9.4832 9.14759 8.92459 8.65393 8.20951 7.80942 7.27856 7.24332 7.22792 7.09667 6.86897 6.80163 6.78249 6.74022 6.65195
threshold=34.500000000000007 36.500000000000007 28.500000000000004 5.5000000000000009 25.500000000000004 39.500000000000007 42.500000000000007 1.5000000000000002 28.500000000000004 17.500000000000004 41.500000000000007 1.5000000000000002 10.500000000000002 10.500000000000002 19.500000000000004 9.5000000000000018 30.500000000000004 38.500000000000007 9.5000000000000018 1.5000000000000002 1.0000000180025095e-35 20.500000000000004 21.500000000000004 15.500000000000002 46.500000000000007 83.500000000000014 7.5000000000000009 8.5000000000000018 4.5000000000000009 2.5000000000000004
decision_type=2 2 2 2 2 2 2 2 2 2 2 2 2 2 2 2 2 2 2 2 2 2 2 2 2 2 2 2 2 2
left_child=2 3 4 12 7 8 17 22 11 -5 18 21 -2 -14 -6 -12 -15 -3 -11 27 -10 -4 -1 -23 -8 -19 -16 -9 -13 -20
right_child=1 6 5 9 14 -7 24 19 20 10 15 28 13 16 26 -17 -18 25 29 -21 -22 23 -24 -25 -26 -27 -28 -29 -30 -31
leaf_value=-0.014398402329534293 0.001139771286697633 -0.018163842868571187 -0.024049330046590496 0.055731044491850651 0.024119916683505639 -0.043260530378977091 -0.027172972256196415 0.043094813112002701 0.04367325226465861 0.042593434909146959 0.026736216667152125 -0.047878950861312691 0.081751807121669545 0.026737673058503404 -0.0076752088087446548 0.052738300099647889 -0.017675457585532711 0.012889719367993444 -0.021485574614434018 -0.0045542249811514638 -0.0091015405727155278 -0.010562292267294493 -0.040272831099892631 0.045098730020744854 0.0073980485325428978 -0.047158423364162448 0.014900531312664049 -0.011742762257071104 -0.028538248018673953 0.020348585532046853
leaf_weight=240 311 153 98 534 467 872 522 67 30 176 191 248 34 371 272 528 53 401 42 2096 429 51 197 43 67 20 262 34 659 400
leaf_count=240 311 153 98 534 467 872 522 67 30 176 191 248 34 371 272 528 53 401 42 2096 429 51 197 43 67 20 262 34 659 400
internal_value=0 0.0203316 -0.0127487 0.0339255 -0.00147638 -0.0296109 -0.0105263 -0.00700339 -0.0219713 0.041393 0.0356664 -0.028787 0.0157567 0.0256822 0.0130672 0.0458309 0.021186 0.00252011 0.0238406 -0.00321236 -0.00565221 -0.00498055 -0.0260626 0.0148997 -0.0232404 0.0100371 0.00340128 0.0246346 -0.0338266 0.0163734
internal_weight=0 3803 6065 2640 3635 2430 1163 2634 1558 1871 1337 1099 769 458 1001 719 424 574 618 2197 459 192 437 94 589 421 534 101 907 442
internal_count=9868 3803 6065 2640 3635 2430 1163 2634 1558 1871 1337 1099 769 458 1001 719 424 574 618 2197 459 192 437 94 589 421 534 101 907 442
shrinkage=0.1


Tree=2
num_leaves=31
num_cat=0
split_feature=0 2 2 0 2 1 2 6 15 3 8 11 2 2 5 12 7 12 4 2 14 9 3 4 7 12 2 0 3 10
split_gain=207.943 115.556 82.4203 59.4415 34.8563 26.7923 15.0088 14.4063 14.1107 10.5462 11.1525 9.73763 10.8803 9.27166 8.47376 10.2741 8.27132 8.25408 7.8918 8.84132 9.59804 7.68012 10.5248 8.28422 7.37596 9.48954 7.06248 7.045 6.79457 6.71457
threshold=38.500000000000007 37.500000000000007 38.500000000000007 29.500000000000004 20.500000000000004 10.500000000000002 13.500000000000002 1.5000000000000002 5.5000000000000009 13.500000000000002 5.5000000000000009 1.5000000000000002 29.500000000000004 43.500000000000007 4.5000000000000009 2.5000000000000004 13.500000000000002 2.5000000000000004 1.5000000000000002 41.500000000000007 7.5000000000000009 13.500000000000002 7.5000000000000009 4.5000000000000009 9.5000000000000018 3.5000000000000004 18.500000000000004 25.500000000000004 19.500000000000004 2.5000000000000004
decision_type=2 2 2 2 2 2 2 2 2 2 2 2 2 2 2 2 2 2 2 2 2 2 2 2 2 2 2 2 2 2
left_child=1 3 5 4 21 8 -5 -6 -2 10 -8 -9 14 28 15 27 -10 26 -4 29 -21 -1 -23 -24 25 -7 -11 -13 -3 -20
right_child=2 13 18 6 7 24 9 11 16 17 -12 12 -14 -15 -16 -17 -18 -19 19 20 -22 22 23 -25 -26 -27 -28 -29 -30 -31
leaf_value=-0.0022379949279859954 0.041489327232134936 -0.021856038278814837 -0.033487241889568087 0.037066194980254034 -0.03186638265931252 0.040504420610453618 -0.011044619937674104 0.021932706393693626 0.0021621396419352402 0.066887235900630129 0.02248135160294306 -0.0070181579397828797 -0.02516324339882637 -0.044607473111387651 0.019290791289641129 -0.02454889624459403 0.024055839404046372 -0.0098253749602169871 0.043350971241792047 0.017650361581051606 -0.018695293106138707 0.0325974852174069 0.0077016071839766075 -0.04650734908440534 0.048162699046084473 -0.0018612827691766951 0.008545304358638121 0.026891418577919546 -0.040762144137608293 0.0026537768363952639
leaf_weight=1530 243 579 94 234 538 199 117 76 334 23 653 447 611 558 101 350 357 361 60 94 320 165 165 34 862 72 212 71 283 125
leaf_count=1530 243 579 94 234 538 199 117 76 334 23 653 447 611 558 101 350 357 361 60 94 320 165 165 34 862 72 212 71 283 125
internal_value=0 -0.00904562 0.0232957 -0.00267492 -0.00907035 0.0333017 0.0136654 -0.0176497 0.0207623 0.00965677 0.0173871 -0.0130311 -0.0147129 -0.0345643 -0.00812339 -0.0113133 0.0134734 -0.000330452 -0.00654889 -0.0023215 -0.0104429 0.000867987 0.0139234 -0.00156022 0.0436387 0.0292486 0.0142554 -0.00237032 -0.028063 0.0158529
internal_weight=0 7108 2760 5688 4088 2067 1600 2194 934 1366 770 1656 1580 1420 969 868 691 596 693 599 414 1894 364 199 1133 271 235 518 862 185
internal_count=9868 7108 2760 5688 4088 2067 1600 2194 934 1366 770 1656 1580 1420 969 868 691 596 693 599 414 1894 364 199 1133 271 235 518 862 185
shrinkage=0.1


Tree=3
num_leaves=31
num_cat=0
split_feature=0 2 2 1 0 2 0 6 0 5 2 1 2 12 14 10 2 12 7 13 1 9 14 10 7 2 7 15 5 8
split_gain=171.449 107.558 76.9408 27.0572 20.0563 18.2717 15.6341 13.3368 12.9626 11.4648 9.62511 9.52117 8.73389 9.50402 8.4456 8.05511 7.73847 7.67328 8.65771 7.61009 8.84691 7.51804 8.14424 7.42384 7.41856 7.28919 9.68224 7.25655 7.19025 7.08238
threshold=34.500000000000007 35.500000000000007 28.500000000000004 5.5000000000000009 25.500000000000004 43.500000000000007 41.500000000000007 1.5000000000000002 28.500000000000004 1.5000000000000002 17.500000000000004 21.500000000000004 41.500000000000007 3.5000000000000004 7.5000000000000009 1.5000000000000002 10.500000000000002 3.5000000000000004 19.500000000000004 1.5000000000000002 1.5000000000000002 3.5000000000000004 6.5000000000000009 1.0000000180025095e-35 16.500000000000004 40.500000000000007 11.500000000000002 14.500000000000002 1.5000000000000002 15.500000000000002
decision_type=2 2 2 2 2 2 2 2 2 2 2 2 2 2 2 2 2 2 2 2 2 2 2 2 2 2 2 2 2 2
left_child=2 3 4 16 7 8 25 -1 15 -5 -11 21 13 -8 -14 -4 -2 -12 -19 20 29 22 -6 -23 -15 26 -3 -28 -10 -9
right_child=1 6 5 9 11 -7 12 19 28 10 17 -13 14 24 -16 -17 -18 18 -20 -21 -22 23 -24 -25 -26 -27 27 -29 -30 -31
leaf_value=-0.021762551172919895 0.045274134567289646 -0.033741492342639283 -0.00935400414466858 -0.0019650775420514844 0.030099481940269471 -0.043460561629475619 0.028860499507144973 -0.032900882117888511 -0.053655919703570282 0.048406934213297545 0.036825367528733062 0.03285354797433062 0.02262507741515701 -0.041541364134811777 -0.015942122506313636 -0.02915621217754152 0.0094068307023555797 0.0028583848837650185 0.036351559855613925 -0.0045323476150407266 0.031360504508928487 0.049411927384283877 -0.029307329524308447 0.007864488554349151 0.016380447521805765 -0.025825017892708215 0.042417612101169344 -0.0035750971065731498 -0.0056791104312635893 0.032073392868041999
leaf_weight=437 66 77 250 79 30 410 204 51 33 516 878 164 74 41 244 1152 679 165 145 1990 131 46 100 661 48 413 47 127 585 25
leaf_count=437 66 77 250 79 30 410 204 51 33 516 878 164 74 41 244 1152 679 165 145 1990 131 46 100 661 48 413 47 127 585 25
internal_value=0 0.0166458 -0.0104376 0.0285891 -0.00122858 -0.0242133 -0.00703471 -0.0058077 -0.0203066 0.0352765 0.0370031 0.0108208 0.00450898 0.0169645 -0.00696737 -0.0256251 0.0125843 0.0320499 0.0185245 -0.00263416 0.0156141 0.00650374 -0.0155981 0.0105677 -0.0103026 -0.017657 -0.00421715 0.00884822 -0.00824098 -0.0115278
internal_weight=0 3803 6065 2528 3635 2430 1275 2634 2020 1783 1704 1001 611 293 318 1402 745 1188 310 2197 207 837 130 707 89 664 251 174 618 76
internal_count=9868 3803 6065 2528 3635 2430 1275 2634 2020 1783 1704 1001 611 293 318 1402 745 1188 310 2197 207 837 130 707 89 664 251 174 618 76
shrinkage=0.1


Tree=4
num_leaves=31
num_cat=0
split_feature=0 2 2 0 2 1 6 15 0 2 8 6 11 2 7 13 1 9 12 2 7 1 7 8 8 12 14 5 2 8
split_gain=139.766 74.1074 62.5203 32.2281 24.7472 15.7832 10.2579 10.0052 10.0026 9.72338 8.38365 8.27225 8.03008 7.79505 7.70739 7.60042 7.97737 7.45498 7.34399 7.30959 7.27596 7.21971 7.19443 7.17791 9.04588 7.05302 7.66627 7.19784 8.32342 7.00005
threshold=37.500000000000007 37.500000000000007 38.500000000000007 29.500000000000004 20.500000000000004 10.500000000000002 1.5000000000000002 8.5000000000000018 41.500000000000007 13.500000000000002 4.5000000000000009 2.5000000000000004 1.5000000000000002 17.500000000000004 16.500000000000004 41.500000000000007 4.5000000000000009 48.500000000000007 2.5000000000000004 27.500000000000004 40.500000000000007 5.5000000000000009 2.5000000000000004 17.500000000000004 3.5000000000000004 1.0000000180025095e-35 87.500000000000014 1.5000000000000002 11.500000000000002 69.500000000000014
decision_type=2 2 2 2 2 2 2 2 2 2 2 2 2 2 2 2 2 2 2 2 2 2 2 2 2 2 2 2 2 2
left_child=1 3 5 4 25 7 -6 17 13 -5 20 -3 -8 -7 -15 16 -4 22 19 -14 -11 -12 -2 24 -18 -1 27 28 -27 -29
right_child=2 11 15 9 6 8 12 -9 -10 10 21 -13 18 14 -16 -17 23 -19 -20 -21 -22 -23 -24 -25 -26 26 -28 29 -30 -31
leaf_value=0.03853009890536873 -0.006538867695551169 -0.035620332720394818 -0.025868631655519659 0.030209771589411856 -0.026514662746824742 0.043174767373209327 0.021129650112829711 0.0094180596085712085 0.04029446985714101 -0.0062606771544712354 -0.0018767962356408437 -0.019635469179261816 0.002759804007267848 -0.0061009533925070651 0.02633543429204396 -0.025596336133423304 -0.044940408354713801 -0.010072111090024313 -0.01945825205165513 -0.015907713501336348 -0.069906366648881335 0.015230525630150357 0.039562631453717911 -0.0069043817327303046 0.024101196297534228 0.0094630689121956053 0.051099983988137081 0.0019775168119889239 -0.046436303853988649 -0.037158691407518187
leaf_weight=49 38 787 110 208 538 117 76 642 816 82 375 550 458 126 175 168 21 42 735 387 23 721 310 272 197 43 29 1656 70 47
leaf_count=49 38 787 110 208 538 117 76 642 816 82 375 550 458 126 175 168 21 42 735 387 23 721 310 272 197 43 29 1656 70 47
internal_value=0 -0.00792969 0.0178614 -0.00279403 -0.00728928 0.0262185 -0.0145183 0.0170923 0.0338507 0.0102483 0.00679116 -0.0290447 -0.0106209 0.0212714 0.0127574 -0.00679627 -0.00153226 0.0297254 -0.0121482 -0.0057897 -0.0202021 0.0093772 0.0345286 0.00393101 0.0174504 0.00108477 9.0287e-05 -0.000724295 -0.0251649 0.000897422
internal_weight=0 6834 3034 5497 4088 2266 2194 1032 1234 1409 1201 1337 1656 418 301 768 600 390 1580 845 105 1096 348 490 218 1894 1845 1816 113 1703
internal_count=9868 6834 3034 5497 4088 2266 2194 1032 1234 1409 1201 1337 1656 418 301 768 600 390 1580 845 105 1096 348 490 218 1894 1845 1816 113 1703
shrinkage=0.1


Tree=5
num_leaves=31
num_cat=0
split_feature=0 2 0 2 2 1 0 5 1 2 6 5 3 2 14 15 7 1 15 5 3 11 12 15 2 3 15 14 3 0
split_gain=114.073 70.3756 45.3017 32.2798 16.7788 15.1938 12.8934 11.6423 9.61597 9.38046 9.09247 7.55155 7.27226 7.08377 7.06952 7.06669 7.50021 6.92061 10.8914 6.96693 6.84158 6.67825 6.75451 9.15055 6.13453 5.86954 6.31078 7.87008 5.98125 5.72484
threshold=41.500000000000007 34.500000000000007 29.500000000000004 38.500000000000007 20.500000000000004 5.5000000000000009 28.500000000000004 1.5000000000000002 17.500000000000004 41.500000000000007 1.5000000000000002 2.5000000000000004 25.500000000000004 17.500000000000004 7.5000000000000009 5.5000000000000009 12.500000000000002 7.5000000000000009 4.5000000000000009 1.5000000000000002 13.500000000000002 1.5000000000000002 2.5000000000000004 48.500000000000007 10.500000000000002 19.500000000000004 13.500000000000002 18.500000000000004 26.500000000000004 24.500000000000004
decision_type=2 2 2 2 2 2 2 2 2 2 2 2 2 2 2 2 2 2 2 2 2 2 2 2 2 2 2 2 2 2
left_child=1 2 4 7 17 12 20 -2 15 11 -6 -8 24 -7 -5 -9 -17 19 -19 -1 -3 -12 29 -24 -4 26 27 -16 -27 -23
right_child=3 6 5 14 10 13 9 8 -10 -11 21 -13 -14 -15 25 16 -18 18 -20 -21 -22 22 23 -25 -26 28 -28 -29 -30 -31
leaf_value=-0.035883825626529635 -0.019800397309851142 -0.02116229683976539 0.035213524005452142 0.023176198256643198 -0.024558596073285394 0.030869337190420201 -0.025525918705710051 0.040187695030089433 0.041919504001944843 -0.022815836940077539 0.023690329155614299 0.00029228091470062965 -0.024380009076029985 0.014609281235770542 -0.026547164243200552 0.0081697313941512077 0.029135960076871532 0.041658200115285898 0.0040734286207350558 -0.0012981497525845138 -0.037722056674644941 -0.0080863772715265691 -0.021073543081852806 0.023518193483352663 0.0016152463210035999 -0.046906633793361602 -0.010043956279754639 0.0420964925015559 0.00052410752876945162 0.012976941014781144
leaf_weight=61 47 548 61 95 460 390 145 222 501 574 62 518 97 856 23 311 378 93 451 1289 458 592 578 50 498 63 175 61 46 165
leaf_count=61 47 548 61 95 460 390 145 222 501 574 62 518 97 856 23 311 378 93 451 1289 458 592 578 50 498 63 175 61 46 165
internal_value=0 -0.00528785 0.000614159 0.0218612 -0.0056905 0.0132135 -0.0202942 0.0291617 0.0307914 -0.0134569 -0.0123118 -0.00535423 0.000895666 0.0196987 -0.00114398 0.0246716 0.0196722 0.000976294 0.0104988 -0.00286091 -0.0287014 -0.00841862 -0.00985598 -0.0175232 0.00528161 -0.00742228 0.000770691 0.0233012 -0.02689 -0.0034953
internal_weight=0 7946 5703 1922 3801 1902 2243 1459 1412 1237 1907 663 656 1246 463 911 689 1894 544 1350 1006 1447 1385 628 559 368 259 84 109 757
internal_count=9868 7946 5703 1922 3801 1902 2243 1459 1412 1237 1907 663 656 1246 463 911 689 1894 544 1350 1006 1447 1385 628 559 368 259 84 109 757
shrinkage=0.1


Tree=6
num_leaves=31
num_cat=0
split_feature=0 2 2 1 1 2 5 9 15 2 8 0 0 7 15 2 0 3 8 1 10 7 15 14 8 10 11 15 14 9
split_gain=93.9498 60.1491 43.0808 16.6733 12.8231 11.6656 10.5066 10.4222 9.82774 9.41211 8.52432 9.07797 7.90537 7.25403 7.1086 7.07358 6.61254 6.29528 8.57045 6.04452 5.95286 8.14105 6.88136 8.46514 6.72979 6.34607 5.93735 6.25731 5.82726 5.80661
threshold=34.500000000000007 35.500000000000007 28.500000000000004 5.5000000000000009 7.5000000000000009 43.500000000000007 1.5000000000000002 1.5000000000000002 99.500000000000014 45.500000000000007 3.5000000000000004 41.500000000000007 22.500000000000004 10.500000000000002 8.5000000000000018 10.500000000000002 25.500000000000004 15.500000000000002 3.5000000000000004 39.500000000000007 2.5000000000000004 15.500000000000002 3.5000000000000004 44.500000000000007 4.5000000000000009 5.5000000000000009 2.5000000000000004 4.5000000000000009 14.500000000000002 26.500000000000004
decision_type=2 2 2 2 2 2 2 2 2 2 2 2 2 2 2 2 2 2 2 2 2 2 2 2 2 2 2 2 2 2
left_child=2 3 4 13 6 12 -1 -6 14 10 -3 -12 -4 -2 -5 -15 26 18 -16 -11 21 -14 -23 -24 -22 -26 27 -9 -18 -30
right_child=1 9 5 8 7 -7 -8 16 -10 19 11 -13 20 15 17 -17 28 -19 -20 -21 24 22 23 -25 25 -27 -28 -29 29 -31
leaf_value=-0.037752133219813307 -0.0033955777251480413 -0.044838891568638031 -0.022252510936821207 0.03786449987145403 -0.023776278893152872 -0.033413717179763609 -0.0039561607229647343 0.042305169322273954 -0.020724053611589036 -0.02540552542173773 -0.007991782997995911 0.011639748604518297 -0.0123165120854195 0.060589699885424446 -0.0093011620013337386 0.013137216039777669 0.0055045753638580368 0.012571172412105173 0.030785876936734225 0.030322226740065072 -0.050658685319563926 0.06932351678609848 -0.0028374060794904635 0.049318439838213796 -0.014986155701025343 0.035489698327504669 -0.0028322237730026246 0.0071981779011813076 0.036687015760789358 0.0025836512389959712
leaf_weight=96 298 42 850 491 102 410 2201 66 43 266 503 443 287 34 57 413 189 363 829 21 51 20 154 39 593 26 490 220 205 66
leaf_count=96 298 42 850 491 102 410 2201 66 43 266 503 443 287 34 57 413 189 363 829 21 51 20 154 39 593 26 490 220 205 66
internal_value=0 0.0123221 -0.00772647 0.0212535 -0.000835549 -0.0180345 -0.00536862 0.00694656 0.0265031 -0.00538651 -0.000755761 0.00120142 -0.014913 0.00868972 0.0276702 0.0167466 0.00948194 0.0236627 0.0282069 -0.0213279 -0.00958082 -0.00132382 0.0134879 0.00770186 -0.0157428 -0.012866 0.00385045 0.0152998 0.018982 0.0283814
internal_weight=0 3803 6065 2528 3635 2430 2297 1338 1783 1275 988 946 2020 745 1740 447 1236 1249 886 287 1170 500 213 193 670 619 776 286 460 271
internal_count=9868 3803 6065 2528 3635 2430 2297 1338 1783 1275 988 946 2020 745 1740 447 1236 1249 886 287 1170 500 213 193 670 619 776 286 460 271
shrinkage=0.1


Tree=7
num_leaves=31
num_cat=0
split_feature=0 2 0 2 2 2 5 3 14 4 1 15 0 7 1 3 2 4 2 10 14 15 2 8 14 9 13 11 1 3
split_gain=78.0424 47.4122 29.4847 22.2157 15.7244 11.5998 8.90404 7.77433 10.0986 7.72089 7.44595 11.391 7.39812 6.85438 6.21875 10.6316 6.83583 6.53125 6.14273 6.05482 5.81903 5.79423 7.1565 5.69041 6.33285 5.64432 5.11988 5.03234 5.03091 5.02175
threshold=41.500000000000007 37.500000000000007 25.500000000000004 38.500000000000007 20.500000000000004 23.500000000000004 1.5000000000000002 7.5000000000000009 17.500000000000004 1.5000000000000002 11.500000000000002 14.500000000000002 28.500000000000004 17.500000000000004 2.5000000000000004 3.5000000000000004 17.500000000000004 2.5000000000000004 47.500000000000007 1.5000000000000002 7.5000000000000009 3.5000000000000004 12.500000000000002 10.500000000000002 13.500000000000002 26.500000000000004 63.500000000000007 2.5000000000000004 18.500000000000004 11.500000000000002
decision_type=2 2 2 2 2 2 2 2 2 2 2 2 2 2 2 2 2 2 2 2 2 2 2 2 2 2 2 2 2 2
left_child=1 2 5 6 10 14 -2 8 23 13 11 25 29 -8 15 17 21 -1 -14 28 27 22 -16 -6 -25 -4 -10 -5 -7 -3
right_child=3 12 4 20 7 19 9 -9 26 -11 -12 -13 18 -15 16 -17 -18 -19 -20 -21 -22 -23 -24 24 -26 -27 -28 -29 -30 -31
leaf_value=-0.0019706324480547764 -0.018680279052003902 -0.017829736837293698 0.015138845406972724 0.06426636207671392 -0.013748912040344969 -0.0049316789044274228 0.0063825993612408637 -0.0030367441924258336 0.030329947648294872 0.02938833005585887 0.027260142083297363 -0.0082218745672101284 -0.010626777732858854 0.058361998839037754 0.079145625344029191 -0.017974216765638769 -0.003127912220927332 0.03468775358051062 -0.036974843523719096 -0.017260557671166001 -0.0066988861107307937 0.0076965216676987223 0.0087247412050924008 0.018033027486071562 -0.030185998789966108 0.048756196498870856 -0.014184128621528888 0.0088010471414875346 0.040750886831018664 -0.034390059410782527
leaf_weight=202 47 337 298 21 167 225 270 1220 237 1114 424 218 833 28 27 491 865 64 99 1074 368 402 31 183 32 60 29 74 27 401
leaf_count=202 47 337 298 21 167 225 270 1220 237 1114 424 218 833 28 27 491 865 64 99 1074 368 402 31 183 32 60 29 74 27 401
internal_value=0 -0.00437374 -0.000389117 0.0180821 0.00708254 -0.00667689 0.0241385 0.00166491 0.0105168 0.0255638 0.0172027 0.00979927 -0.0193483 0.0112666 -0.00202096 -0.00925151 0.00211 0.00684943 -0.0134256 -0.0139873 -0.00100285 0.0119596 0.0415069 9.95386e-05 0.0108562 0.020773 0.0254769 0.0210618 -3.71183e-05 -0.026828
internal_weight=0 7946 6276 1922 2868 3408 1459 1868 648 1412 1000 576 1670 298 2082 757 1325 266 932 1326 463 460 58 382 215 358 266 95 252 738
internal_count=9868 7946 6276 1922 2868 3408 1459 1868 648 1412 1000 576 1670 298 2082 757 1325 266 932 1326 463 460 58 382 215 358 266 95 252 738
shrinkage=0.1


Tree=8
num_leaves=31
num_cat=0
split_feature=0 2 2 0 5 1 6 15 14 3 6 2 2 7 13 12 4 13 8 14 4 0 1 15 0 8 11 0 3 5
split_gain=63.4237 35.6289 31.3558 13.8511 11.0487 11.1535 8.97223 8.13196 8.12075 12.5922 8.43183 8.04293 7.96403 7.36257 6.66022 6.59581 6.8493 6.79989 6.38668 6.37009 6.3628 6.8988 7.73405 6.8427 6.13993 8.84971 6.09751 6.06342 8.52856 6.76342
threshold=36.500000000000007 39.500000000000007 29.500000000000004 25.500000000000004 1.5000000000000002 3.5000000000000004 1.5000000000000002 7.5000000000000009 14.500000000000002 25.500000000000004 1.5000000000000002 43.500000000000007 17.500000000000004 8.5000000000000018 2.5000000000000004 3.5000000000000004 1.0000000180025095e-35 11.500000000000002 21.500000000000004 3.5000000000000004 1.5000000000000002 46.500000000000007 17.500000000000004 2.5000000000000004 27.500000000000004 18.500000000000004 1.5000000000000002 13.500000000000002 11.500000000000002 2.5000000000000004
decision_type=2 2 2 2 2 2 2 2 2 2 2 2 2 2 2 2 2 2 2 2 2 2 2 2 2 2 2 2 2 2
left_child=2 4 3 6 -2 15 -1 -7 19 10 -10 27 -9 24 -8 -6 -17 -18 -19 -5 -3 23 -23 -22 -12 -26 -14 28 -4 -29
right_child=1 20 11 8 5 7 14 12 9 -11 13 -13 26 -15 -16 16 17 18 -20 -21 21 22 -24 -25 25 -27 -28 29 -30 -31
leaf_value=-0.016992655181258722 -0.017282361054158476 -0.030843972185483348 -0.0090739513980224729 0.022134068837532633 0.012423059420557473 0.0334761527853202 0.011360026363815581 0.03082330528134606 -0.0038021632170273088 -0.023081976095835371 0.050847159010859636 -0.026151930475943663 0.052220113277435302 0.033480539593137494 -0.0038907907234256851 -0.062488080625948697 0.021755950733766721 -0.0018162451850043404 -0.064855374813079833 -0.0051545485158555242 0.035039047458592584 -0.014996685253249277 0.044412298606974737 -0.011274157075402354 0.024705589209067621 -0.029837085120379928 0.01245037647550095 -0.019799198374456289 -0.046950493793229797 -0.0060845637072200337
leaf_weight=457 91 104 128 104 381 452 336 371 118 75 26 471 40 363 1938 23 59 45 25 482 34 36 56 517 59 60 1065 490 111 1351
leaf_count=457 91 104 128 104 381 452 336 371 118 75 26 471 40 363 1938 23 59 45 25 482 34 36 56 517 59 60 1065 490 111 1351
internal_value=0 0.0113128 -0.00568137 -0.000176335 0.0169353 0.0182006 -0.00420689 0.0217402 0.00837647 0.0156392 0.0202783 -0.0143522 0.0181463 0.0258718 -0.00163737 0.00539671 -0.0122154 -0.00325205 -0.0243302 -0.000311517 -0.00789555 -0.00418383 0.0211653 -0.00841635 0.00682366 -0.00279492 0.01389 -0.0116802 -0.0266651 -0.00973485
internal_weight=0 3299 6569 4018 2552 2461 2731 1928 1287 701 626 2551 1476 508 2274 533 152 129 70 586 747 643 92 551 145 119 1105 2080 239 1841
internal_count=9868 3299 6569 4018 2552 2461 2731 1928 1287 701 626 2551 1476 508 2274 533 152 129 70 586 747 643 92 551 145 119 1105 2080 239 1841
shrinkage=0.1


Tree=9
num_leaves=31
num_cat=0
split_feature=0 2 0 2 3 4 3 10 0 12 2 2 9 8 8 2 1 7 6 15 1 15 2 2 7 1 2 7 7 0
split_gain=53.5132 32.3801 20.0223 14.969 10.3832 8.66449 8.14192 7.4562 8.62135 7.43754 7.14469 6.96717 6.85167 7.30043 6.48565 6.5194 6.25793 6.17202 6.03089 5.94672 5.67833 6.60314 5.86587 5.54844 7.08105 5.25351 5.5417 5.19551 5.14736 5.13356
threshold=41.500000000000007 34.500000000000007 29.500000000000004 38.500000000000007 9.5000000000000018 1.0000000180025095e-35 18.500000000000004 1.5000000000000002 17.500000000000004 1.5000000000000002 39.500000000000007 19.500000000000004 14.500000000000002 13.500000000000002 4.5000000000000009 28.500000000000004 17.500000000000004 37.500000000000007 1.0000000180025095e-35 5.5000000000000009 2.5000000000000004 1.0000000180025095e-35 17.500000000000004 17.500000000000004 3.5000000000000004 3.5000000000000004 12.500000000000002 22.500000000000004 12.500000000000002 32.500000000000007
decision_type=2 2 2 2 2 2 2 2 2 2 2 2 2 2 2 2 2 2 2 2 2 2 2 2 2 2 2 2 2 2
left_child=1 2 4 16 11 -4 14 8 -3 27 -10 12 -1 -14 15 -7 19 -13 -6 -2 -20 -22 -23 24 -21 -11 -27 -8 -25 -9
right_child=3 7 5 -5 18 6 9 29 10 25 -12 17 13 -15 -16 -17 -18 -19 20 23 21 22 -24 28 -26 26 -28 -29 -30 -31
leaf_value=0.0029391355493310813 0.029247267736328977 -0.035148669551994846 -0.016160890609025955 -0.00069278249472830267 -0.02761106042501827 0.0057544424021539614 -0.0028896781802177432 -0.020688825658946336 0.026700168740641961 -0.024332868068590079 -0.0056621649339374178 -0.0053765422056840338 -0.0023980866398727687 0.042609893135270298 0.017027202839547017 -0.045000926777720454 0.028745337601464527 0.022924828970873799 -0.018643041030835299 -0.027396471798419954 0.048456055608888465 0.013039441333784091 -0.0097924900551637009 -0.0056616275986077413 0.031603954275223341 0.040681306249462069 -0.003467342650481299 0.06384332371609551 0.014390831833389262 -0.010143714989506225
leaf_weight=741 225 59 130 463 192 121 20 1101 111 109 177 1583 57 98 1175 32 520 81 354 23 24 143 528 238 176 32 255 28 277 795
leaf_count=741 225 59 130 463 192 121 20 1101 111 109 177 1583 57 98 1175 32 520 81 354 23 24 143 528 238 176 32 255 28 277 795
internal_value=0 -0.00362175 0.000381639 0.0149732 -0.00380978 0.00875787 0.010586 -0.0138007 -0.000323504 -0.00113701 0.00681082 -0.000170772 0.00693859 0.0260586 0.0145054 -0.00486106 0.0199446 -0.00399889 -0.0113165 0.0150709 -0.00833411 -0.00308324 -0.00492667 0.0106036 0.0247848 -0.00564306 0.00145515 0.0360379 0.00512387 -0.0162672
internal_weight=0 7946 5703 1922 3801 1902 1772 2243 347 444 288 2560 896 155 1328 153 1459 1664 1241 939 1049 695 671 714 199 396 287 48 515 1896
internal_count=9868 7946 5703 1922 3801 1902 1772 2243 347 444 288 2560 896 155 1328 153 1459 1664 1241 939 1049 695 671 714 199 396 287 48 515 1896
shrinkage=0.1


Tree=10
num_leaves=31
num_cat=0
split_feature=0 2 0 2 2 12 10 3 7 1 7 3 12 14 4 11 13 8 0 15 1 14 4 11 8 6 1 7 8 2
split_gain=43.9463 29.0198 19.2576 10.8674 10.1695 8.62589 7.55708 7.2185 6.9809 6.97807 6.89729 6.82992 6.0629 6.518 6.04434 5.78022 6.30921 7.72979 10.1136 6.66625 6.0298 5.31997 10.3981 6.74004 8.24729 7.62864 6.54549 6.77085 6.25037 6.23311
threshold=42.500000000000007 39.500000000000007 30.500000000000004 23.500000000000004 30.500000000000004 3.5000000000000004 1.5000000000000002 35.500000000000007 21.500000000000004 9.5000000000000018 59.500000000000007 13.500000000000002 1.0000000180025095e-35 94.500000000000014 1.0000000180025095e-35 3.5000000000000004 7.5000000000000009 20.500000000000004 46.500000000000007 13.500000000000002 20.500000000000004 33.500000000000007 4.5000000000000009 2.5000000000000004 11.500000000000002 1.5000000000000002 5.5000000000000009 17.500000000000004 36.500000000000007 19.500000000000004
decision_type=2 2 2 2 2 2 2 2 2 2 2 2 2 2 2 2 2 2 2 2 2 2 2 2 2 2 2 2 2 2
left_child=1 2 3 12 7 9 -5 -2 -7 10 -4 -10 -1 14 -14 -6 -17 18 19 -18 -20 22 23 24 -16 -25 27 -27 -28 -29
right_child=4 -3 5 6 15 8 -8 -9 11 -11 -12 -13 13 -15 21 16 17 -19 20 -21 -22 -23 -24 25 -26 26 28 29 -30 -31
leaf_value=0.029264884250504632 0.023351437797093151 -0.015997793176852234 0.0060097430534710693 0.0034295082425271997 0.017115740174877235 -0.012273320392901157 -0.012635615818777044 -0.037397611737251278 0.026582435536975701 0.016193555999600789 -0.032000039605533374 -0.0064918433857518573 -0.022252377751283348 0.051260598252216974 -0.00031434623430473638 0.021433093744454929 0.027039966337821065 -0.024170997836231407 0.011519637623348752 -0.024934611055586073 0.073027141817978453 0.015124616884307263 -0.034910820776157168 -0.02931503470488421 0.018750835683360792 -0.017067601989550762 0.014148650201344398 0.037019762700917773 -0.027850855123705984 -0.02518306573232015
leaf_weight=70 889 1417 747 358 290 357 1608 20 121 974 51 129 128 24 792 97 34 153 37 90 28 213 89 127 318 332 261 49 41 24
leaf_count=70 889 1417 747 358 290 357 1608 20 121 974 51 129 128 24 792 97 34 153 37 90 28 213 89 127 318 332 261 49 41 24
internal_value=0 -0.00297717 -0.00026908 -0.0041634 0.0149586 0.00698918 -0.00971023 0.0220148 -0.00329909 0.0105134 0.00358055 0.00951611 0.00025519 -0.000591631 -0.00111583 0.00616 -0.00107727 -0.00746179 0.00606471 -0.0106835 0.0380152 8.87436e-05 -0.00148658 4.36408e-05 0.00514757 -0.00674936 -0.00269584 -0.0110046 0.00844673 0.0165695
internal_weight=0 8230 6813 4434 1638 2379 1966 909 607 1772 798 250 2468 2398 2374 729 439 342 189 124 65 2246 2033 1944 1110 834 707 405 302 73
internal_count=9868 8230 6813 4434 1638 2379 1966 909 607 1772 798 250 2468 2398 2374 729 439 342 189 124 65 2246 2033 1944 1110 834 707 405 302 73
shrinkage=0.1


Tree=11
num_leaves=31
num_cat=0
split_feature=0 2 2 1 12 11 3 14 9 1 5 8 8 4 0 14 3 14 5 13 2 11 3 11 6 4 3 0 6 13
split_gain=35.6525 24.6092 17.6301 8.28612 7.72122 7.67841 7.2154 9.6379 6.93315 7.43418 6.3519 6.13944 7.68545 6.12958 6.46241 6.08154 5.93922 6.31836 5.92562 6.50363 5.79739 5.58691 5.58148 5.57349 6.35336 5.31225 5.98652 5.73864 7.50365 7.39543
threshold=33.500000000000007 35.500000000000007 28.500000000000004 10.500000000000002 5.5000000000000009 1.5000000000000002 18.500000000000004 35.500000000000007 2.5000000000000004 5.5000000000000009 1.5000000000000002 18.500000000000004 13.500000000000002 1.0000000180025095e-35 18.500000000000004 102.50000000000001 21.500000000000004 45.500000000000007 1.5000000000000002 28.500000000000004 10.500000000000002 1.5000000000000002 40.500000000000007 1.5000000000000002 4.5000000000000009 1.0000000180025095e-35 14.500000000000002 45.500000000000007 3.5000000000000004 2.5000000000000004
decision_type=2 2 2 2 2 2 2 2 2 2 2 2 2 2 2 2 2 2 2 2 2 2 2 2 2 2 2 2 2 2
left_child=2 3 8 25 5 -3 -4 -8 -1 16 -7 12 -12 -11 21 -9 17 23 19 -5 -19 -15 -13 -10 -25 -2 -27 29 -29 -28
right_child=1 4 6 18 -6 10 7 15 9 13 11 22 -14 14 -16 -17 -18 20 -20 -21 -22 -23 -24 24 -26 26 27 28 -30 -31
leaf_value=-0.012886736571493716 -0.010889454185962677 0.052181803464889535 -0.0081699748521233788 0.010486109966927386 -0.05994446525971095 -0.037027042291381145 -0.027799391389860345 0.0053496002258654847 0.025047024328317215 -0.028407493978738787 -0.00086744873296646849 -0.0099683212527875292 0.027206387693487755 0.03606549448826734 0.012689754733569937 -0.049498466434686084 -0.026609311267441395 -0.01616724491119385 0.019529853300735832 -0.055392168868671765 0.040876740121072341 -0.0063420556485652927 0.043621470034122471 -0.003607067735077291 -0.055465086052815117 0.015712513868209859 -0.04776982764403026 0.038929814753467094 -0.022771288288964166 -0.00016531415689298966
leaf_weight=404 148 25 1620 47 24 55 493 167 67 48 420 688 127 34 894 23 102 25 1343 22 62 360 20 1512 24 629 36 73 27 349
leaf_count=404 148 25 1620 47 24 55 493 167 67 48 420 688 127 34 894 23 102 25 1343 22 62 360 20 1512 24 629 36 73 27 349
internal_value=0 0.00722997 -0.00499717 0.0127988 -0.00372737 -0.00271673 -0.0118044 -0.0204249 -0.000558591 0.00103366 -0.00376441 -0.00230669 0.00565061 0.00667977 0.00798737 -0.0012899 -0.00317571 -0.00176137 0.0180615 -0.0105186 0.0244848 -0.00268252 -0.00845449 -0.00318584 -0.00441735 0.0069106 0.00927542 0.000927099 0.0222705 -0.00461665
internal_weight=0 4033 5835 2674 1359 1335 2303 683 3532 3128 1310 1255 547 1336 1288 190 1792 1690 1412 69 87 394 708 1603 1536 1262 1114 485 100 385
internal_count=9868 4033 5835 2674 1359 1335 2303 683 3532 3128 1310 1255 547 1336 1288 190 1792 1690 1412 69 87 394 708 1603 1536 1262 1114 485 100 385
shrinkage=0.1


Tree=12
num_leaves=31
num_cat=0
split_feature=0 2 1 6 2 11 12 10 9 3 8 0 2 3 14 2 4 15 13 0 10 1 13 15 7 8 0 9 11 12
split_gain=30.9011 20.4134 12.8921 10.2577 9.24981 10.0487 8.89907 8.61681 7.60721 7.4194 7.30422 7.58991 6.88893 7.0347 6.75542 6.52187 6.22118 5.96871 6.40653 5.86704 5.90117 5.67141 5.54068 5.50475 5.2302 5.54118 6.46231 7.11987 5.38772 5.28776
threshold=42.500000000000007 39.500000000000007 7.5000000000000009 1.0000000180025095e-35 17.500000000000004 1.5000000000000002 1.5000000000000002 1.5000000000000002 11.500000000000002 13.500000000000002 4.5000000000000009 20.500000000000004 29.500000000000004 31.500000000000004 89.500000000000014 37.500000000000007 1.0000000180025095e-35 4.5000000000000009 12.500000000000002 23.500000000000004 5.5000000000000009 17.500000000000004 3.5000000000000004 14.500000000000002 26.500000000000004 26.500000000000004 36.500000000000007 31.500000000000004 2.5000000000000004 3.5000000000000004
decision_type=2 2 2 2 2 2 2 2 2 2 2 2 2 2 2 2 2 2 2 2 2 2 2 2 2 2 2 2 2 2
left_child=1 2 6 23 17 8 10 15 -6 14 -1 -12 13 -2 16 -7 -8 18 -5 -9 -21 -14 -13 -4 25 26 27 -18 -27 -28
right_child=12 -3 3 4 5 7 9 19 -10 -11 11 22 21 -15 -16 -17 24 -19 -20 20 -22 -23 -24 -25 -26 28 29 -29 -30 -31
leaf_value=-0.031270762069805245 0.020307572223113524 -0.013416963554892476 -0.0014503301004243029 0.059737510383129126 -0.0022051000281384115 0.012354589087499989 -0.022520283744277725 -0.0092429146448906093 0.053959897341150233 -0.014091483674415737 -0.0042509817275680414 0.056880821143181964 -0.0023124733984758311 -0.028970699906349186 0.037092249858670122 0.062189503887604025 -0.0045324995465851597 0.012414988681137256 0.010134306420450627 0.0013654360978008369 0.034068365138152555 0.014966688561982919 0.018084924285476273 -0.028184146338835699 0.012333996869899611 0.0075412032933070737 0.038908819785484904 0.03924788440528669 -0.02778184100015629 -0.016016005476315816
leaf_weight=37 843 1417 183 60 38 278 166 589 66 833 119 49 414 30 41 29 1653 583 46 1134 58 351 148 133 216 58 65 38 169 24
leaf_count=37 843 1417 183 60 38 278 166 589 66 833 119 49 414 30 41 29 1653 583 46 1134 58 351 148 133 216 58 65 38 169 24
internal_value=0 -0.00249649 -0.000225197 0.00440112 0.00627709 0.00310033 -0.00431545 0.00158925 0.0334381 -0.00594714 0.0107673 0.0156894 0.0125434 0.0186142 -0.00315527 0.0170621 -0.00384599 0.0163837 0.0382116 -0.00107788 0.00295669 0.00561561 0.0277347 -0.0127022 -0.00245151 -0.00404278 -0.00216636 -0.00354867 -0.0187566 0.0240976
internal_weight=0 8230 6813 3197 2881 2192 3616 2088 104 3263 353 316 1638 873 2430 307 2389 689 106 1781 1192 765 197 316 2223 2007 1780 1691 227 89
internal_count=9868 8230 6813 3197 2881 2192 3616 2088 104 3263 353 316 1638 873 2430 307 2389 689 106 1781 1192 765 197 316 2223 2007 1780 1691 227 89
shrinkage=0.1


Tree=13
num_leaves=31
num_cat=0
split_feature=0 2 2 4 2 5 2 12 3 0 15 8 8 1 13 14 3 10 9 14 9 3 2 9 13 11 7 6 1 12
split_gain=25.3167 17.703 13.9005 8.22186 8.29179 7.20442 6.48398 5.96527 5.84333 5.60181 7.72691 4.94104 9.53011 7.27579 6.7445 6.16278 5.93135 6.55785 6.03294 9.1911 5.38789 5.25575 4.79075 4.76454 5.86451 5.66143 5.30883 4.6558 4.55089 6.59614
threshold=30.500000000000004 33.500000000000007 23.500000000000004 1.5000000000000002 20.500000000000004 1.5000000000000002 43.500000000000007 5.5000000000000009 16.500000000000004 34.500000000000007 8.5000000000000018 18.500000000000004 11.500000000000002 16.500000000000004 48.500000000000007 3.5000000000000004 33.500000000000007 2.5000000000000004 41.500000000000007 46.500000000000007 4.5000000000000009 6.5000000000000009 41.500000000000007 4.5000000000000009 2.5000000000000004 1.5000000000000002 32.500000000000007 1.0000000180025095e-35 2.5000000000000004 3.5000000000000004
decision_type=2 2 2 2 2 2 2 2 2 2 2 2 2 2 2 2 2 2 2 2 2 2 2 2 2 2 2 2 2 2
left_child=2 3 -1 4 -2 -3 23 11 -5 -10 -11 12 13 14 -7 -15 17 18 19 -13 -14 -22 -21 24 -4 26 -25 -12 -6 -30
right_child=1 5 6 8 28 7 -8 -9 9 10 27 16 20 15 -16 -17 -18 -19 -20 22 21 -23 -24 25 -26 -27 -28 -29 29 -31
leaf_value=0.0005013613280126255 0.013177567575460278 -0.032078082783099933 0.0094001424021837188 0.01607614726264479 -0.027254358873710978 -0.0090643576213291707 -0.023428012819806485 -0.045251378516356154 -0.014511632309718567 0.025467617318268222 -0.03653671587667158 -0.0003856489352420368 0.048594502598609562 0.062021153313773017 -0.064611589163541802 0.0050619949497769231 0.025163987523219623 -0.013760156969264734 -0.025597973900326226 0.060582815806070972 0.038898221146864975 0.0050501244293676842 0.0059850778579711916 0.032766981948824492 -0.019273902405134952 -0.0067171110495218914 -0.0247545253662836 0.0040566453856173725 0.010084157212548061 -0.025787080390543879
leaf_weight=2468 257 78 82 1634 111 245 314 30 121 191 31 226 53 21 24 199 61 562 59 45 61 185 25 68 548 1604 21 319 146 79
leaf_count=2468 257 78 82 1634 111 245 314 30 121 191 31 226 53 21 24 199 61 562 59 45 61 185 25 68 548 1604 21 319 146 79
internal_value=0 0.00524381 -0.00489251 0.010154 -0.000343156 -0.00232578 -0.0099407 -0.00103364 0.0128651 0.00493933 0.00928973 -0.000282491 0.00561029 -0.00298909 -0.0140202 0.010499 -0.00503046 -0.00703903 0.00360117 0.00942127 0.0196742 0.0134434 0.0410836 -0.00811762 -0.0155417 -0.00535495 0.0191945 0.000461233 -0.0106849 -0.00251063
internal_weight=0 4763 5105 2889 593 1874 2637 1796 2296 662 541 1766 788 489 269 220 978 917 355 296 299 246 70 2323 630 1693 89 350 336 225
internal_count=9868 4763 5105 2889 593 1874 2637 1796 2296 662 541 1766 788 489 269 220 978 917 355 296 299 246 70 2323 630 1693 89 350 336 225
shrinkage=0.1


Tree=14
num_leaves=31
num_cat=0
split_feature=0 2 3 4 8 0 11 14 2 13 6 2 0 0 15 10 0 2 4 15 1 13 8 9 13 7 9 1 3 3
split_gain=22.2128 15.0063 10.3975 9.07493 8.87636 9.03327 7.83784 7.86145 6.17246 7.1017 5.92288 5.77526 5.63309 5.39827 5.65552 5.86893 5.23271 5.2176 5.64187 5.37407 6.30154 5.58879 5.34581 5.15794 4.98679 6.51412 5.14738 5.29936 7.84769 4.9558
threshold=42.500000000000007 19.500000000000004 18.500000000000004 1.0000000180025095e-35 3.5000000000000004 29.500000000000004 1.5000000000000002 4.5000000000000009 41.500000000000007 40.500000000000007 2.5000000000000004 21.500000000000004 18.500000000000004 13.500000000000002 104.50000000000001 5.5000000000000009 34.500000000000007 13.500000000000002 1.5000000000000002 12.500000000000002 17.500000000000004 5.5000000000000009 15.500000000000002 27.500000000000004 50.500000000000007 30.500000000000004 52.500000000000007 24.500000000000004 11.500000000000002 4.5000000000000009
decision_type=2 2 2 2 2 2 2 2 2 2 2 2 2 2 2 2 2 2 2 2 2 2 2 2 2 2 2 2 2 2
left_child=1 10 3 -3 11 6 7 -6 -7 -10 23 -5 -8 -4 15 -15 -13 -2 29 22 -21 -22 -20 -1 26 -26 27 -14 -29 -19
right_child=17 2 13 4 5 8 12 -9 9 -11 -12 16 24 14 -16 -17 -18 18 19 20 21 -23 -24 -25 25 -27 -28 28 -30 -31
leaf_value=-0.00096904997862175355 0.02690137214958668 -0.020919951711382185 -0.029467329928298404 0.0084285349895556767 0.056218190803084267 0.0091862895615380559 -0.01157598932839784 -0.0032566249370574955 0.0012358361323976698 -0.035018751025199892 0.010974453244751041 -0.020406681352428027 -0.0011684505349503825 -0.010242211910193429 -0.055887770996643951 0.021004285273097813 -0.062938177050688326 0.021021266906492173 0.030436045584107237 -0.003205208378469842 0.046517983615398412 0.010662878391978978 0.0084009613731119894 0.045936791102091479 -0.051606406474655322 0.0071682493795048111 -0.049595157873062866 0.046683309005017867 -0.011531959359462446 -0.010956166016760173
leaf_weight=1011 176 245 153 48 43 1219 816 46 263 68 977 112 1572 1311 26 63 39 62 242 351 50 333 202 24 44 33 21 57 39 222
leaf_count=1011 176 245 153 48 43 1219 816 46 263 68 977 112 1572 1311 26 63 39 62 242 351 50 333 202 24 44 33 21 57 39 222
internal_value=0 -0.00211662 -0.00454561 -0.00218623 -0.00114783 -0.000174798 -0.00369886 0.0254784 0.00589796 -0.00621224 0.00539007 -0.0217868 -0.00470458 -0.0116329 -0.00968382 -0.00880951 -0.0313916 0.0106348 0.00867659 0.0117268 0.00647358 0.0153437 0.0204111 0.000118622 -0.00152958 -0.0264173 -0.000394968 0.000224459 0.0230334 -0.00397518
internal_weight=0 8230 6218 4665 4420 4221 2671 89 1550 331 2012 199 2582 1553 1400 1374 151 1638 1462 1178 734 383 444 1035 1766 77 1689 1668 96 284
internal_count=9868 8230 6218 4665 4420 4221 2671 89 1550 331 2012 199 2582 1553 1400 1374 151 1638 1462 1178 734 383 444 1035 1766 77 1689 1668 96 284
shrinkage=0.1


Tree=15
num_leaves=31
num_cat=0
split_feature=0 2 5 11 0 3 14 2 1 9 6 2 10 15 5 14 13 12 1 6 7 12 8 11 14 13 2 1 3 14
split_gain=18.363 12.7078 8.00581 8.65156 7.51934 7.37274 8.22216 6.8117 7.45116 7.75667 9.71635 6.78727 6.38118 6.36805 5.7257 5.27217 6.18573 5.55087 5.10576 4.84422 4.79921 5.94453 5.17586 6.3038 6.21045 6.78866 7.33799 7.12614 6.13741 5.39365
threshold=41.500000000000007 17.500000000000004 1.5000000000000002 1.5000000000000002 8.5000000000000018 19.500000000000004 31.500000000000004 47.500000000000007 16.500000000000004 55.500000000000007 4.5000000000000009 45.500000000000007 1.5000000000000002 8.5000000000000018 1.5000000000000002 50.500000000000007 46.500000000000007 1.5000000000000002 1.5000000000000002 2.5000000000000004 3.5000000000000004 3.5000000000000004 17.500000000000004 3.5000000000000004 46.500000000000007 3.5000000000000004 31.500000000000004 5.5000000000000009 14.500000000000002 78.500000000000014
decision_type=2 2 2 2 2 2 2 2 2 2 2 2 2 2 2 2 2 2 2 2 2 2 2 2 2 2 2 2 2 2
left_child=1 -1 -3 18 -5 7 -7 8 13 10 12 14 19 -6 -2 16 -8 -17 -4 -10 21 -16 -22 -24 25 -25 27 -27 29 -26
right_child=11 2 3 4 5 6 15 -9 9 -11 -12 -13 -14 -15 20 17 -18 -19 -20 -21 22 -23 23 24 28 26 -28 -29 -30 -31
leaf_value=0.0061380062881805321 -0.021299843788146974 -0.018854627228541185 -0.0081802439689636231 -0.023277846620633053 0.00085839760318082473 -0.01665058419048945 0.0030467699270650566 -0.028217602032487112 0.0090916240413983669 -0.036415623724460604 0.070053664684295663 -0.012110084585017628 0.0033874296848150028 -0.0078643537786168352 0.0075592286311663122 0.040543730854988101 0.044846785598331031 -0.014545470385629439 0.024798797626467146 0.046238192780451347 0.018581569890599125 -0.033928724697657994 0.017601684934521324 0.026425686008051827 0.043973040278407115 -0.048230569340564591 -0.043424436908501847 0.01074128673357122 -0.013424613972504934 0.001086371377402661
leaf_weight=1509 55 346 65 195 1839 752 166 93 75 40 25 144 791 1536 117 20 45 214 169 66 832 49 317 38 69 27 78 85 60 51
leaf_count=1509 55 346 65 195 1839 752 166 93 75 40 25 144 791 1536 117 20 45 214 169 66 832 49 317 38 69 27 78 85 60 51
internal_value=0 -0.00212158 -0.00405785 -0.00321731 -0.00397062 -0.00330568 -0.010275 -0.0014373 -0.000867632 0.00672795 0.00853123 0.00877112 0.00688095 -0.00311142 0.0104623 0.000498906 0.0119615 -0.00983699 0.015638 0.0264794 0.0114762 -0.00468722 0.0131994 0.00702297 -0.00119627 -0.0121585 -0.0198754 -0.00347514 0.0126893 0.0257462
internal_weight=0 7946 6437 6091 5857 5662 1197 4465 4372 997 957 1922 932 3375 1778 445 211 234 234 141 1723 166 1557 725 408 228 190 112 180 120
internal_count=9868 7946 6437 6091 5857 5662 1197 4465 4372 997 957 1922 932 3375 1778 445 211 234 234 141 1723 166 1557 725 408 228 190 112 180 120
shrinkage=0.1


Tree=16
num_leaves=31
num_cat=0
split_feature=0 2 6 2 1 12 8 8 14 7 2 14 2 3 4 5 15 8 9 8 3 12 15 15 2 8 13 8 2 7
split_gain=15.5955 11.047 9.21098 6.63052 5.61385 4.93291 6.3412 8.52506 7.05505 6.41846 8.55535 6.51416 5.67853 4.85781 5.96419 4.78629 4.39584 4.52363 4.54694 4.42594 5.64753 4.34765 5.02837 5.06591 7.21018 5.16522 5.73878 5.65298 4.35989 4.28805
threshold=30.500000000000004 33.500000000000007 1.5000000000000002 29.500000000000004 10.500000000000002 2.5000000000000004 3.5000000000000004 14.500000000000002 11.500000000000002 22.500000000000004 19.500000000000004 7.5000000000000009 22.500000000000004 14.500000000000002 1.0000000180025095e-35 1.5000000000000002 9.5000000000000018 7.5000000000000009 18.500000000000004 65.500000000000014 19.500000000000004 5.5000000000000009 41.500000000000007 50.500000000000007 45.500000000000007 98.500000000000014 73.500000000000014 62.500000000000007 39.500000000000007 95.500000000000014
decision_type=2 2 2 2 2 2 2 2 2 2 2 2 2 2 2 2 2 2 2 2 2 2 2 2 2 2 2 2 2 2
left_child=2 4 -1 -4 5 6 -2 8 12 10 -9 -12 -8 14 -7 -3 -5 -18 -19 20 -20 22 29 24 -24 26 27 28 -25 -17
right_child=1 15 3 16 -6 13 7 9 -10 -11 11 -13 -14 -15 -16 21 17 18 19 -21 -22 -23 23 25 -26 -27 -28 -29 -30 -31
leaf_value=-0.011889155032180196 -0.023174184677647612 -0.026114385441327711 0.0011925993638004864 3.390948143963036e-05 0.01228960595733402 -0.024388316676753466 -0.026526657793972942 0.019899204327509953 0.037957727399754664 0.023948780044036753 0.025329436290831793 -0.036043961254917843 0.025373471026517908 -0.010763507358552445 0.0090393996524866637 -0.0035783030251690198 -0.033757390255151794 -0.015510263374572822 0.022949534549122366 -0.022932946025314978 -0.011057386599307837 -0.03856000552574794 0.042563578347827119 -0.007059019751716078 -0.014373125533262891 0.050036017298698422 -0.042729955142544164 -0.035459046836557061 0.030193293903555192 0.030909818974701138
leaf_weight=1112 51 78 2718 478 1482 61 37 65 177 85 21 98 49 336 427 1406 86 453 113 59 86 30 86 57 30 20 31 29 70 37
leaf_count=1112 51 78 2718 478 1482 61 37 65 177 85 21 98 49 336 427 1406 86 453 113 59 86 30 86 57 30 20 31 29 70 37
internal_value=0 0.00411569 -0.00383996 -0.00159837 0.00799444 0.00347033 0.0105097 0.0137388 0.0265412 0.00122195 -0.00927686 -0.0252134 0.00304435 -0.0015102 0.00486094 -0.00186389 -0.00754805 -0.0120953 -0.00947515 0.00112139 0.00825308 -0.000810697 -0.000169429 0.011109 0.0278386 0.00173404 -0.00343195 0.00437727 0.0134738 -0.00269399
internal_weight=0 4763 5105 3993 2889 1407 583 532 263 269 184 119 86 824 488 1874 1275 797 711 258 199 1796 1766 323 116 207 187 156 127 1443
internal_count=9868 4763 5105 3993 2889 1407 583 532 263 269 184 119 86 824 488 1874 1275 797 711 258 199 1796 1766 323 116 207 187 156 127 1443
shrinkage=0.1


Tree=17
num_leaves=31
num_cat=0
split_feature=0 2 15 6 2 6 7 7 5 14 11 0 3 6 8 2 1 8 4 12 1 10 2 7 13 2 2 15 9 7
split_gain=13.0209 9.68769 9.26113 8.45986 6.12281 6.14516 6.51214 6.28036 6.07686 5.9447 5.78774 6.0573 7.54671 7.6057 5.76494 5.73444 6.50262 5.57077 6.72884 6.35072 7.18359 5.48424 5.19105 6.81548 5.14125 5.10307 6.02693 6.10937 5.08421 5.06824
threshold=37.500000000000007 37.500000000000007 7.5000000000000009 1.5000000000000002 41.500000000000007 1.5000000000000002 16.500000000000004 56.500000000000007 6.5000000000000009 96.500000000000014 1.5000000000000002 18.500000000000004 4.5000000000000009 2.5000000000000004 9.5000000000000018 20.500000000000004 4.5000000000000009 4.5000000000000009 1.5000000000000002 1.5000000000000002 4.5000000000000009 1.0000000180025095e-35 9.5000000000000018 39.500000000000007 15.500000000000002 5.5000000000000009 22.500000000000004 3.5000000000000004 4.5000000000000009 2.5000000000000004
decision_type=2 2 2 2 2 2 2 2 2 2 2 2 2 2 2 2 2 2 2 2 2 2 2 2 2 2 2 2 2 2
left_child=1 8 3 -2 5 -4 28 -8 9 10 -1 12 13 29 -15 -5 24 18 -13 -19 -21 -14 -20 -24 -17 -22 -27 -28 -7 -12
right_child=2 -3 4 15 -6 6 7 -9 -10 -11 11 17 21 14 -16 16 -18 19 22 20 25 -23 23 -25 -26 26 27 -29 -30 -31
leaf_value=0.012310041510427482 0.03772520767317878 -0.010054648860943524 -0.0082226125910730644 0.024424084565491257 -0.0083743585806416703 0.030987196284181937 0.018610857841996033 -0.0018990320539233659 -0.042709162327296601 0.026257189067013294 0.039047652199154813 -0.048370562667070433 0.029559653791888008 0.05835299594648953 0.010290821121391638 0.0040604492551402039 0.012374213671350814 0.012992786944589833 0.03658706110257369 -0.0068187242153915466 -0.044243916598233311 -0.014706579579082214 -0.0040188217069953682 -0.048404623493552207 -0.033937322915489995 0.0099079243914005494 -0.028529445983861625 0.00099208993488635999 -0.0017475333518831391 -0.01201735847982867
leaf_weight=321 135 1337 303 193 437 51 607 198 34 83 21 43 29 29 179 76 286 440 26 991 22 802 256 40 67 941 76 903 681 261
leaf_count=321 135 1337 303 193 437 51 607 198 34 83 21 43 29 29 179 76 286 440 26 991 22 802 256 40 67 941 76 903 681 261
internal_value=0 -0.00242034 0.00545174 0.0150338 0.00226615 0.00479326 0.00735918 0.0135662 -0.000563492 -0.000301191 -0.000710921 -0.00153712 -0.00735782 0.00248523 0.0169918 0.0101088 0.00366857 0.000519905 -0.0112155 0.00178983 0.00010919 -0.0131618 -0.00625385 -0.0100169 -0.0137427 0.0036445 0.00419322 -0.00129967 0.000533165 -0.00821464
internal_weight=0 6834 3034 757 2277 1840 1537 805 5497 5463 5380 5059 1321 490 208 622 429 3738 365 3373 2933 831 322 296 143 1942 1920 979 732 282
internal_count=9868 6834 3034 757 2277 1840 1537 805 5497 5463 5380 5059 1321 490 208 622 429 3738 365 3373 2933 831 322 296 143 1942 1920 979 732 282
shrinkage=0.1


Tree=18
num_leaves=31
num_cat=0
split_feature=0 2 7 3 12 13 11 7 10 7 8 8 1 2 3 2 13 7 10 14 15 14 7 8 11 9 10 0 1 15
split_gain=11.278 8.76233 7.83301 7.79449 7.42972 6.28515 5.89036 6.54713 5.81307 5.54153 7.52058 4.96974 5.04185 6.0149 4.79602 4.86945 7.75615 4.68246 4.65443 4.64441 5.776 4.63764 6.38575 7.41985 6.08883 5.68102 5.65216 4.85754 4.59887 5.32403
threshold=28.500000000000004 41.500000000000007 13.500000000000002 8.5000000000000018 3.5000000000000004 2.5000000000000004 2.5000000000000004 75.500000000000014 1.5000000000000002 5.5000000000000009 12.500000000000002 32.500000000000007 3.5000000000000004 29.500000000000004 1.5000000000000002 29.500000000000004 5.5000000000000009 9.5000000000000018 4.5000000000000009 1.5000000000000002 97.500000000000014 19.500000000000004 40.500000000000007 3.5000000000000004 3.5000000000000004 1.5000000000000002 5.5000000000000009 44.500000000000007 24.500000000000004 9.5000000000000018
decision_type=2 2 2 2 2 2 2 2 2 2 2 2 2 2 2 2 2 2 2 2 2 2 2 2 2 2 2 2 2 2
left_child=3 2 4 5 -2 9 -7 17 -4 10 -1 12 -11 -14 -6 16 -16 18 -8 -10 21 24 25 -24 -21 -23 27 -25 -19 -30
right_child=1 -3 8 -5 14 6 7 -9 19 11 -12 -13 13 -15 15 -17 -18 28 -20 20 -22 22 23 26 -26 -27 -28 -29 29 -31
leaf_value=-0.02780178566189373 0.0037053140134773624 -0.0058255950865991448 0.020570207412252909 -0.0084169300714718922 0.01311370153789935 0.0034310929120426447 -0.0030451933636253042 0.048728278705051975 0.03154593955164086 0.0080995034925716441 0.02389691503097614 -0.014170811305174958 0.051793694432063768 0.004123862289093636 -0.038607530052011667 -0.029224604271449052 0.0047219979834843828 -0.015960070718965626 0.036223098635673523 0.0068468709140462065 -0.033276060948500767 -0.023045743022646226 -0.055514014986428356 -0.0050031308697438557 -0.011671836252482434 0.018231925173577936 0.049221162841870239 0.021222443911044497 -0.033911813646554947 0.026337826360355726
leaf_weight=68 1420 892 357 1940 69 1065 532 21 73 97 48 37 93 37 55 154 166 614 32 538 37 35 22 304 265 704 26 92 20 55
leaf_count=68 1420 892 357 1940 69 1065 532 21 73 97 48 37 93 37 55 154 166 614 32 538 37 35 22 304 265 704 26 92 20 55
internal_value=0 0.0031972 0.00506154 -0.00357463 0.000175021 -0.000119668 -0.00205756 -0.0066458 0.00877473 0.0118086 -0.00640922 0.0198134 0.0253526 0.0382261 -0.0111156 -0.0155737 -0.00606137 -0.00757386 -0.000817205 0.00676567 0.00587148 0.00660081 0.0105821 0.0011035 0.000735467 0.016277 0.00405513 0.00108968 -0.0131047 0.0102713
internal_weight=0 5209 4317 4659 1864 2719 2339 1274 2453 380 116 264 227 130 444 375 221 1253 564 2096 2023 1986 1183 444 803 739 422 396 689 75
internal_count=9868 5209 4317 4659 1864 2719 2339 1274 2453 380 116 264 227 130 444 375 221 1253 564 2096 2023 1986 1183 444 803 739 422 396 689 75
shrinkage=0.1


Tree=19
num_leaves=31
num_cat=0
split_feature=5 2 0 10 2 10 13 13 0 0 2 10 11 13 15 13 9 15 1 14 1 14 15 7 14 9 8 15 7 15
split_gain=10.777 10.0048 8.24585 5.61085 5.15477 5.25596 5.50321 5.37152 5.91805 5.6917 5.0208 5.06629 4.76828 4.65924 5.04912 4.63557 4.63121 4.67542 5.27692 4.59928 4.40591 4.67825 4.32216 5.12897 4.36334 6.43482 4.76332 4.28954 4.22381 6.06269
threshold=1.5000000000000002 19.500000000000004 41.500000000000007 1.0000000180025095e-35 47.500000000000007 1.5000000000000002 3.5000000000000004 4.5000000000000009 11.500000000000002 9.5000000000000018 34.500000000000007 5.5000000000000009 2.5000000000000004 96.500000000000014 99.500000000000014 37.500000000000007 9.5000000000000018 10.500000000000002 17.500000000000004 7.5000000000000009 23.500000000000004 1.5000000000000002 34.500000000000007 6.5000000000000009 6.5000000000000009 19.500000000000004 35.500000000000007 52.500000000000007 15.500000000000002 6.5000000000000009
decision_type=2 2 2 2 2 2 2 2 2 2 2 2 2 2 2 2 2 2 2 2 2 2 2 2 2 2 2 2 2 2
left_child=3 13 4 -1 5 6 -3 8 -7 -9 11 -11 -4 14 16 -13 -2 -18 -19 -20 21 -10 24 -24 25 -12 -27 -25 -8 -30
right_child=1 2 12 -5 -6 7 28 9 20 10 22 15 -14 -15 -16 -17 17 18 19 -21 -22 -23 23 27 -26 26 -28 -29 29 -31
leaf_value=0.022485159987058398 0.0019798106277914723 0.015335689798044186 0.019318976957689634 -0.016949447006358153 -0.020581909561459024 0.025742843374609949 -0.0079963198505189053 -0.021391511950138456 0.016687484558035686 0.00057731470336084786 -0.0076443175645345271 -0.002630566397020894 0.0032788237569486207 0.044429165683686739 -0.032826680667472609 0.047855887020176111 0.01839604000532603 -0.00032960935433705646 -0.022373716939579361 0.02660849204399442 0.017494211736179533 -0.0182573987324148 -0.028848838271238866 0.021064501392598058 -0.0127593374617992 0.038669502120169383 -0.013683113083243371 -0.0057032524064035703 -0.019119089555281861 0.020539385100339085
leaf_weight=39 1101 319 220 482 158 40 341 148 41 2300 233 31 1176 32 33 44 493 450 22 149 42 584 39 147 815 63 24 101 52 149
leaf_count=39 1101 319 220 482 158 40 341 148 41 2300 233 31 1176 32 33 44 493 450 22 149 42 584 39 147 815 63 24 101 52 149
internal_value=0 0.000780219 -0.00107809 -0.0139975 -0.00277287 -0.00226247 0.00491465 -0.00359083 -0.0116176 -0.00215231 -0.0014024 0.00141134 0.00580664 0.00654017 0.00600083 0.0269882 0.0065793 0.0111251 0.00535285 0.0203067 -0.0138581 -0.015965 -0.00610187 0.00486184 -0.00887419 0.00102081 0.0242274 0.0101631 -0.00121876 0.0102795
internal_weight=0 9347 7067 521 5671 5513 861 4652 707 3945 3797 2375 1396 2280 2248 75 2215 1114 621 171 667 625 1422 287 1135 320 87 248 542 201
internal_count=9868 9347 7067 521 5671 5513 861 4652 707 3945 3797 2375 1396 2280 2248 75 2215 1114 621 171 667 625 1422 287 1135 320 87 248 542 201
shrinkage=0.1


Tree=20
num_leaves=31
num_cat=0
split_feature=5 0 3 12 15 6 2 2 4 3 9 15 0 3 8 8 4 10 1 1 15 14 9 13 9 2 1 7 1 8
split_gain=8.72936 8.37594 6.56777 6.68981 6.41553 7.43168 6.79255 4.56193 5.68221 6.14416 5.01575 5.37466 5.69052 5.80136 4.70257 4.59752 4.55244 4.54479 4.48435 4.43726 8.29769 4.59643 5.00669 4.88592 4.43054 4.02796 3.99586 6.34877 3.99264 3.98733
threshold=1.5000000000000002 34.500000000000007 10.500000000000002 1.0000000180025095e-35 7.5000000000000009 1.5000000000000002 40.500000000000007 19.500000000000004 4.5000000000000009 3.5000000000000004 1.0000000180025095e-35 1.0000000180025095e-35 25.500000000000004 2.5000000000000004 9.5000000000000018 9.5000000000000018 1.5000000000000002 1.0000000180025095e-35 4.5000000000000009 39.500000000000007 42.500000000000007 8.5000000000000018 9.5000000000000018 48.500000000000007 1.0000000180025095e-35 43.500000000000007 16.500000000000004 3.5000000000000004 17.500000000000004 86.500000000000014
decision_type=2 2 2 2 2 2 2 2 2 2 2 2 2 2 2 2 2 2 2 2 2 2 2 2 2 2 2 2 2 2
left_child=17 2 7 28 5 -3 24 8 10 -10 -2 -12 15 -14 -15 16 -13 -1 -7 21 -21 22 -8 -23 -6 -24 -9 -28 -4 -26
right_child=1 4 3 -5 6 18 19 26 9 -11 11 12 13 14 -16 -17 -18 -19 -20 20 -22 23 25 -25 29 -27 27 -29 -30 -31
leaf_value=0.020236643995994178 -0.032748186382754098 0.030323715706092089 0.05018618788683054 -0.0070159208056334984 -0.020472857706687032 -0.0034440373556286681 -0.016698218978220419 -0.0031547527947333488 0.0049152908325195317 -0.069446935653686523 -0.02277091522606052 -0.042430930713127403 0.0035582079144006367 0.057546620580057307 0.022200301791181661 0.012323115615283743 0.00012111455675155399 -0.015254502183916163 0.012868087395455996 -0.01562939453125 0.070787752419710165 -0.010565320674318942 0.048704838380217552 -0.040318859391140216 0.0045254921876876396 0.0042299294045993257 0.054290635055965854 0.0042505347671417089 -0.0016659752086356835 0.025935492738262639
leaf_weight=39 29 173 33 2083 68 255 62 2091 25 20 49 29 89 60 101 425 189 482 497 25 20 337 32 66 1972 56 27 416 27 91
leaf_count=39 29 173 33 2083 68 255 62 2091 25 20 49 29 89 60 101 425 189 482 497 25 20 337 32 66 1972 56 27 416 27 91
internal_value=0 0.000702198 -0.00169605 -0.00606766 0.00443871 0.0116359 0.00199921 0.000942924 0.00660423 -0.0281346 0.00821416 0.00947521 0.0112446 0.0240468 0.0353728 0.00626706 -0.00553948 -0.0125978 0.00733672 -0.00741872 0.0227782 -0.00987598 0.00506761 -0.0154381 0.00464207 0.0204026 -0.00132696 0.00730038 0.0268527 0.0054699
internal_weight=0 9347 5693 2143 3654 925 2729 3550 1016 45 971 942 893 250 161 643 218 521 752 598 45 553 150 403 2131 88 2534 443 60 2063
internal_count=9868 9347 5693 2143 3654 925 2729 3550 1016 45 971 942 893 250 161 643 218 521 752 598 45 553 150 403 2131 88 2534 443 60 2063
shrinkage=0.1


Tree=21
num_leaves=31
num_cat=0
split_feature=2 8 0 10 11 4 7 4 3 0 9 8 0 14 11 2 14 1 7 10 9 0 5 14 14 6 1 3 8 7
split_gain=7.32199 6.95158 6.03428 6.98493 6.43884 5.97679 5.26056 4.88975 4.84336 6.63072 4.74785 4.35446 6.34649 5.10281 4.8232 4.62432 4.1665 4.08046 6.07846 5.03055 4.26429 4.06477 5.4919 4.47506 4.03068 5.26445 3.86285 5.44513 3.78188 3.66482
threshold=17.500000000000004 3.5000000000000004 22.500000000000004 1.0000000180025095e-35 2.5000000000000004 1.5000000000000002 39.500000000000007 1.0000000180025095e-35 19.500000000000004 46.500000000000007 13.500000000000002 19.500000000000004 31.500000000000004 1.0000000180025095e-35 4.5000000000000009 38.500000000000007 2.5000000000000004 22.500000000000004 10.500000000000002 3.5000000000000004 5.5000000000000009 24.500000000000004 3.5000000000000004 7.5000000000000009 13.500000000000002 3.5000000000000004 7.5000000000000009 15.500000000000002 51.500000000000007 47.500000000000007
decision_type=2 2 2 2 2 2 2 2 2 2 2 2 2 2 2 2 2 2 2 2 2 2 2 2 2 2 2 2 2 2
left_child=10 6 4 7 24 28 -2 -4 11 16 26 12 13 -7 17 -13 -10 18 19 21 -20 23 -23 -15 25 29 27 -1 -5 -3
right_child=1 2 3 5 -6 8 -8 -9 9 -11 -12 15 -14 14 -16 -17 -18 -19 20 -21 -22 22 -24 -25 -26 -27 -28 -29 -30 -31
leaf_value=-0.00052694524022675983 -0.0092598333268573401 0.0022616007188452952 -0.020154401461283368 -0.0039953020157061673 -0.0094940096151179525 0.042000828848944773 -0.040803564712405205 0.022918230665993581 0.01759422629232138 0.022513890928692288 0.011999971308694929 0.0043079119562655132 0.012261618157284439 -0.0079014580095967939 0.02863687821056532 -0.0083574407711261654 -0.0075066165241153907 0.023411177487477012 -0.001223433652409801 0.040583830633584193 -0.026255357419343102 -0.025797184942716579 0.026123038706956089 0.045830612221071799 -0.015858311882385841 0.03481818005746725 0.00765967334096577 -0.030761126573406052 -0.021181869160407669 -0.035101477305094407
leaf_weight=537 304 948 30 694 1322 27 64 217 71 90 719 799 1053 31 46 451 964 46 108 34 184 83 27 31 130 49 558 67 157 27
leaf_count=537 304 948 30 694 1322 27 64 217 71 90 719 799 1053 31 46 451 964 46 108 34 184 83 27 31 130 49 558 67 157 27
internal_value=0 -0.00132191 -0.000673539 0.00127914 -0.00472953 0.000451388 -0.0147457 0.0176867 0.00205396 -0.00352083 0.00561303 0.00420179 0.00754276 -0.000510655 -0.0024561 -0.000261747 -0.00578472 -0.00508528 -0.00771748 0.00543597 -0.016997 -0.00151186 -0.0130531 0.0189646 0.000728568 0.00283432 0.00166104 -0.00388074 -0.00716603 0.00122693
internal_weight=0 7987 7619 5143 2476 4896 368 247 4045 1125 1881 2920 1670 617 590 1250 1035 544 498 206 292 172 110 62 1154 1024 1162 604 851 975
internal_count=9868 7987 7619 5143 2476 4896 368 247 4045 1125 1881 2920 1670 617 590 1250 1035 544 498 206 292 172 110 62 1154 1024 1162 604 851 975
shrinkage=0.1


Tree=22
num_leaves=31
num_cat=0
split_feature=5 0 2 7 3 11 8 0 9 13 8 13 3 2 1 7 2 8 8 8 0 14 10 8 3 13 8 4 14 11
split_gain=6.70956 6.31091 6.19246 6.19386 6.94377 4.45114 5.66172 4.35554 4.30245 7.06711 5.63333 5.56257 9.42925 5.04096 5.28506 4.46608 4.22963 4.13583 4.0959 4.06267 4.04994 3.79854 3.75074 4.30582 3.74724 4.32698 4.95012 4.89187 3.73229 7.19703
threshold=1.5000000000000002 46.500000000000007 29.500000000000004 13.500000000000002 27.500000000000004 2.5000000000000004 23.500000000000004 8.5000000000000018 6.5000000000000009 41.500000000000007 24.500000000000004 4.5000000000000009 8.5000000000000018 28.500000000000004 20.500000000000004 6.5000000000000009 25.500000000000004 22.500000000000004 22.500000000000004 10.500000000000002 6.5000000000000009 12.500000000000002 2.5000000000000004 3.5000000000000004 20.500000000000004 36.500000000000007 61.500000000000007 3.5000000000000004 7.5000000000000009 2.5000000000000004
decision_type=2 2 2 2 2 2 2 2 2 2 2 2 2 2 2 2 2 2 2 2 2 2 2 2 2 2 2 2 2 2
left_child=22 2 3 8 20 -3 19 -4 9 10 13 12 16 14 18 -16 28 21 -2 -7 -5 -14 -1 -24 25 26 27 -8 -10 -30
right_child=1 5 7 4 -6 6 24 -9 11 -11 -12 -13 17 -15 15 -17 -18 -19 -20 -21 -22 -23 23 -25 -26 -27 -28 -29 29 -31
leaf_value=-0.00063628323662739538 -0.0066675216099936737 0.031005391975243886 -0.023564537234750452 0.040100020017379369 -0.012615492058651787 0.0037396479331882749 -0.0015725498849695379 -0.002607907689899706 -0.019720778339787536 0.036354963716707732 -0.026250304485396517 0.0047655763358068169 -0.029372221739454703 -0.04970064833760262 0.058249479889869699 -0.0028095438428547073 0.046207580591241526 -0.048717695231340369 0.03102104107538859 0.025799061348943997 0.0075351750383952703 0.0017189180767032465 -0.036715798994356938 -0.010626202947563597 0.023781166691333056 -0.044136467327674234 0.034948606848716736 -0.055127097601475931 0.047580035422977646 -0.0041523695477972862
leaf_weight=208 743 90 102 39 175 169 66 3580 57 38 139 1565 88 24 25 23 24 49 30 165 1839 71 88 225 32 36 25 23 38 92
leaf_count=208 743 90 102 39 175 169 66 3580 57 38 139 1565 88 24 25 23 24 49 30 165 1839 71 88 225 32 36 25 23 38 92
internal_value=0 0.000615623 -6.8549e-05 0.00220216 0.00643613 0.0104842 0.00690491 -0.00318846 -0.000689511 -0.0059607 -0.00759485 0.00202579 -0.00820754 -0.00452608 -0.00320551 0.028992 0.00668683 -0.0233167 -0.00520483 0.0146373 0.00821144 -0.0154888 -0.0110446 -0.0179613 -0.00728523 -0.0139127 -0.00436839 -0.0154125 0.00161465 0.0109694
internal_weight=0 9347 8741 5059 2053 606 516 3682 3006 1022 984 1984 419 845 821 48 211 208 773 334 1878 159 521 313 182 150 114 89 187 130
internal_count=9868 9347 8741 5059 2053 606 516 3682 3006 1022 984 1984 419 845 821 48 211 208 773 334 1878 159 521 313 182 150 114 89 187 130
shrinkage=0.1


Tree=23
num_leaves=31
num_cat=0
split_feature=2 1 12 5 11 9 0 8 0 13 10 1 8 8 14 15 9 2 15 8 9 3 2 13 3 2 13 0 1 0
split_gain=6.17858 6.15234 8.01407 5.66976 5.62831 6.17701 5.14644 4.75741 4.89563 4.49056 4.45319 4.2825 4.23581 4.15199 4.19997 4.74782 4.63065 4.60457 5.54854 4.46545 4.39121 4.43627 4.21975 4.17767 4.73553 4.31873 4.14169 5.00461 4.12362 6.22432
threshold=43.500000000000007 7.5000000000000009 1.5000000000000002 1.5000000000000002 1.5000000000000002 11.500000000000002 36.500000000000007 4.5000000000000009 20.500000000000004 3.5000000000000004 5.5000000000000009 12.500000000000002 114.50000000000001 112.50000000000001 28.500000000000004 21.500000000000004 22.500000000000004 11.500000000000002 2.5000000000000004 7.5000000000000009 1.0000000180025095e-35 11.500000000000002 39.500000000000007 2.5000000000000004 7.5000000000000009 14.500000000000002 7.5000000000000009 14.500000000000002 12.500000000000002 35.500000000000007
decision_type=2 2 2 2 2 2 2 2 2 2 2 2 2 2 2 2 2 2 2 2 2 2 2 2 2 2 2 2 2 2
left_child=1 2 7 -4 5 11 13 -1 -9 -10 12 -3 -5 14 15 19 28 -18 -19 20 -6 23 -21 -22 25 -25 -17 -28 -16 -30
right_child=-2 4 3 10 6 -7 -8 8 9 -11 -12 -13 -14 -15 16 26 17 18 -20 22 21 -23 -24 24 -26 -27 27 -29 29 -31
leaf_value=-0.019536760118272573 -0.0078987135589122775 0.037094193696975711 -0.022596330322375915 -0.0034053435528738612 -0.050254370386783903 0.034962845937065459 0.0065947544587052556 -0.0014964859417783537 0.047812606514032401 0.015721585151507771 0.022409552463463378 -0.0074058514049178681 0.029313924163579943 -0.035067179974387679 -0.0068642197437183833 -0.025301413913424928 0.033620314193623407 0.027155367870415961 -0.016208596884253176 0.0059778641019678693 0.043422813642592657 -0.030438995232869838 -0.013677133379443998 -0.055322764515876768 0.03493046760559082 -0.0041002507491778297 -0.038659114986658097 -0.0012987790898436066 0.020467668775860121 -0.023131880329714884
leaf_weight=45 900 28 147 3652 26 115 1815 123 56 197 70 95 40 34 93 139 28 35 188 917 21 58 124 20 25 93 40 346 362 36
leaf_count=45 900 28 147 3652 26 115 1815 123 56 197 70 95 40 34 93 139 28 35 188 917 21 58 124 20 25 93 40 346 362 36
internal_value=0 0.00079269 -0.00191809 -0.00332994 0.00332345 0.0183017 0.00251326 0.0111911 0.0148686 0.0228247 -0.00257711 0.00272424 -0.00305086 -0.000352469 0.000110212 -0.00248845 0.00644578 -0.00460323 -0.00940259 0.000787402 -0.0114186 -0.00676544 0.00363663 0.0018702 -0.00445302 -0.0131662 -0.0105003 -0.00517032 0.012094 0.016524
internal_weight=0 8968 4330 3909 4638 238 4400 421 376 253 3762 123 3692 2585 2551 1809 742 251 223 1284 243 217 1041 159 138 113 525 386 491 398
internal_count=9868 8968 4330 3909 4638 238 4400 421 376 253 3762 123 3692 2585 2551 1809 742 251 223 1284 243 217 1041 159 138 113 525 386 491 398
shrinkage=0.1


Tree=24
num_leaves=31
num_cat=0
split_feature=11 0 3 14 7 8 9 2 15 0 10 3 15 6 8 7 7 2 3 13 3 11 12 14 14 9 15 11 7 5
split_gain=5.13155 5.98226 4.81716 7.47502 5.58452 5.84684 5.10266 4.41315 4.33664 4.00752 5.39497 5.29774 6.15829 5.11446 7.89083 4.33536 4.45906 4.05132 4.0421 4.43078 4.00362 6.04575 4.36841 6.10988 4.87065 4.79486 3.94187 3.82324 5.08859 4.39155
threshold=1.5000000000000002 42.500000000000007 18.500000000000004 29.500000000000004 1.0000000180025095e-35 3.5000000000000004 3.5000000000000004 9.5000000000000018 11.500000000000002 18.500000000000004 1.0000000180025095e-35 4.5000000000000009 5.5000000000000009 2.5000000000000004 17.500000000000004 8.5000000000000018 12.500000000000002 27.500000000000004 3.5000000000000004 12.500000000000002 41.500000000000007 4.5000000000000009 1.5000000000000002 61.500000000000007 56.500000000000007 56.500000000000007 32.500000000000007 2.5000000000000004 37.500000000000007 2.5000000000000004
decision_type=2 2 2 2 2 2 2 2 2 2 2 2 2 2 2 2 2 2 2 2 2 2 2 2 2 2 2 2 2 2
left_child=-1 2 4 -4 -2 7 8 -6 -5 11 -11 12 13 15 -15 -7 -17 -16 -14 -20 22 -22 -8 24 25 26 -24 29 -29 -13
right_child=1 -3 3 6 5 9 20 -9 -10 10 -12 27 18 14 17 16 -18 -19 19 -21 21 -23 23 -25 -26 -27 -28 28 -30 -31
leaf_value=0.010220000096875379 -0.018498358907121603 0.0050843730939304855 -0.01189379427093524 -0.045668434256162405 0.031956431567668912 0.027221483544067102 0.031175679033217225 -0.016660728833217214 -0.00056133863139659797 0.016829204707719477 0.0014428575568562934 -0.014428272641311258 -0.011100385287200592 0.07200635467256819 0.036083388080199556 -0.034625635805882904 0.010626592823103362 -0.024856850206851962 -0.009636783370604883 0.048743798984931065 0.042786233409725392 -0.01878030449151993 0.00080834853072320266 -0.017481449071098776 0.042659562650848838 -0.031483734813001422 0.031722371926847494 -0.018810386537778667 0.01592851661621256 0.011553088775996506
leaf_weight=468 165 1589 999 39 20 54 46 281 47 241 4188 118 249 35 24 38 51 20 26 26 58 22 186 153 34 36 53 410 47 145
leaf_count=468 165 1589 999 39 20 54 46 281 47 241 4188 118 249 35 24 38 51 20 26 26 58 22 186 153 34 36 53 410 47 145
internal_value=0 -0.000508826 -0.00164666 -0.00640338 -0.000350143 0.000151188 0.0017345 -0.0134304 -0.0210169 0.00087193 0.00228009 -0.00414557 0.00351437 0.0161497 0.0365707 0.00486813 -0.00869458 0.00838328 -0.0058047 0.0195535 0.00506208 0.0258554 0.00178754 -0.00113856 0.00695356 0.002539 0.00766376 -0.00970966 -0.0152377 -0.000103948
internal_weight=0 9400 7811 1673 6138 5973 674 301 86 5672 4429 1243 523 222 79 143 89 44 301 52 588 80 508 462 309 275 239 720 457 263
internal_count=9868 9400 7811 1673 6138 5973 674 301 86 5672 4429 1243 523 222 79 143 89 44 301 52 588 80 508 462 309 275 239 720 457 263
shrinkage=0.1


Tree=25
num_leaves=31
num_cat=0
split_feature=2 5 8 15 15 15 15 11 8 1 4 8 1 6 10 9 4 14 12 2 0 14 8 2 14 15 3 14 0 7
split_gain=4.84871 4.61325 7.5652 5.3611 5.14012 6.02037 5.30495 5.31557 4.71261 4.82956 9.07939 5.32707 4.5081 5.10795 5.07068 4.60174 6.00268 4.3889 4.38275 7.01261 6.45275 7.95623 6.03201 5.85406 4.55767 4.33333 4.30376 4.04708 4.03595 4.11323
threshold=17.500000000000004 2.5000000000000004 15.500000000000002 83.500000000000014 68.500000000000014 2.5000000000000004 83.500000000000014 3.5000000000000004 10.500000000000002 21.500000000000004 3.5000000000000004 8.5000000000000018 4.5000000000000009 1.5000000000000002 5.5000000000000009 26.500000000000004 1.0000000180025095e-35 9.5000000000000018 2.5000000000000004 42.500000000000007 38.500000000000007 2.5000000000000004 11.500000000000002 23.500000000000004 7.5000000000000009 3.5000000000000004 1.5000000000000002 22.500000000000004 19.500000000000004 16.500000000000004
decision_type=2 2 2 2 2 2 2 2 2 2 2 2 2 2 2 2 2 2 2 2 2 2 2 2 2 2 2 2 2 2
left_child=-1 12 3 8 5 -4 26 -8 9 -3 -11 -12 17 28 15 16 -15 -2 19 24 21 -20 -22 -24 -10 27 -6 -26 -14 -30
right_child=1 2 4 -5 6 -7 7 -9 18 10 11 -13 13 14 -16 -17 -18 -19 20 -21 22 -23 23 -25 25 -27 -28 -29 29 -31
leaf_value=0.0045676854020702531 -0.0041401440066830162 -0.00034527728622107165 0.0097999491894537692 -0.045742462575435641 0.067053393959999083 -0.0045147449471870391 0.02285727910431368 -0.018477656160082137 0.0082750115308675692 0.048306597096304742 0.015418740870460633 -0.035779458383719126 -0.030217682882662744 -0.044304613382728016 0.035539122398306686 -0.013425658907402646 0.0033877801089535623 -0.019329827013223069 0.048667987560232481 -0.031374553839365646 -0.01661808734590357 -0.012298588876170342 -0.011119119405746461 0.043451343217621681 -0.021771773075064026 0.041673828576021137 0.017788403493459108 0.033742466774480097 -0.016815290063983059 0.0070523003275080251
leaf_weight=1881 424 970 326 20 25 2975 56 70 111 62 63 30 93 27 41 220 1169 345 24 24 33 198 25 92 24 157 61 29 164 129
leaf_count=1881 424 970 326 20 25 2975 56 70 111 62 63 30 93 27 41 220 1169 345 24 24 33 198 25 92 24 157 61 29 164 129
internal_value=0 -0.00107573 0.000599637 0.00575276 -0.00213168 -0.00310106 0.0129623 -0.000106574 0.00631188 0.00227386 0.0186646 -0.00109681 -0.0045233 -0.00183975 0.000869972 -0.000133866 0.00231111 -0.0109548 0.0126477 0.0207662 0.00511844 -0.00570761 0.021141 0.031791 0.0246646 0.0333276 0.0321096 0.00860394 -0.0120679 -0.00630703
internal_weight=0 7987 5375 1862 3513 3301 212 126 1842 1125 155 93 2612 1843 1457 1416 1196 769 717 345 372 222 150 117 321 210 86 53 386 293
internal_count=9868 7987 5375 1862 3513 3301 212 126 1842 1125 155 93 2612 1843 1457 1416 1196 769 717 345 372 222 150 117 321 210 86 53 386 293
shrinkage=0.1


Tree=26
num_leaves=31
num_cat=0
split_feature=10 7 12 9 3 14 13 9 2 15 1 5 13 2 1 3 0 7 15 2 15 2 2 12 11 2 13 8 8 15
split_gain=4.50373 5.29876 5.62194 6.57084 6.23224 6.22701 6.48614 9.04162 5.15292 6.25329 5.05894 4.82577 4.30512 4.54894 4.76837 5.59313 6.23674 5.12657 4.9968 4.5734 4.50751 4.23176 4.28842 4.0901 4.08517 3.80976 3.74759 3.6021 3.62203 5.15353
threshold=1.5000000000000002 15.500000000000002 2.5000000000000004 24.500000000000004 6.5000000000000009 33.500000000000007 11.500000000000002 40.500000000000007 43.500000000000007 130.50000000000003 4.5000000000000009 1.5000000000000002 24.500000000000004 30.500000000000004 2.5000000000000004 35.500000000000007 28.500000000000004 4.5000000000000009 7.5000000000000009 41.500000000000007 10.500000000000002 15.500000000000002 17.500000000000004 1.5000000000000002 5.5000000000000009 31.500000000000004 2.5000000000000004 91.500000000000014 21.500000000000004 5.5000000000000009
decision_type=2 2 2 2 2 2 2 2 2 2 2 2 2 2 2 2 2 2 2 2 2 2 2 2 2 2 2 2 2 2
left_child=1 2 3 4 -1 21 7 10 9 11 -7 -2 -13 -14 17 16 19 -15 -18 23 -20 -4 -23 -16 -22 -24 -3 28 -28 -30
right_child=8 26 5 -5 -6 6 -8 -9 -10 -11 -12 12 13 14 15 -17 18 -19 20 -21 24 22 25 -25 -26 -27 27 -29 29 -31
leaf_value=0.014628003226674123 -0.010818673171026191 0.022493736782381615 -0.045996212959289552 0.041411424829409675 -0.010138865994228113 0.059972182279679834 -0.039495841786265376 -0.023235447704792023 -0.0087768630307959762 -0.044966103424949035 0.013913276608575853 -0.00094041509321144681 0.0086774644273826113 0.015260566558156694 0.017635384590729424 0.031867452976057087 0.024946274959816123 -0.028985044388816907 -0.029656476256522263 0.022798708136434909 0.0070572790846360469 0.031154933029955086 -0.027007852841255276 -0.02775605170891203 -0.035635325312614444 -0.0027511321695951317 0.0016034078703621242 -0.025866153556853535 -0.022744438959204635 0.028521028418738145
leaf_weight=230 388 217 40 52 182 41 24 40 762 31 57 5028 1147 35 23 59 106 104 44 27 339 22 129 145 24 130 254 32 23 133
leaf_count=230 388 217 40 52 182 41 24 40 762 31 57 5028 1147 35 23 59 106 104 44 27 339 22 129 145 24 130 254 32 23 133
internal_value=0 0.00484553 5.39167e-05 0.007915 0.0036873 -0.00749793 0.00848517 0.0168297 -0.000941893 -0.00014586 0.0331828 4.01655e-05 0.00063517 0.00449393 -0.000802432 0.00228595 -0.000179179 -0.0178441 0.00560739 -0.0154023 0.000570724 -0.0155642 -0.0112322 -0.0215417 0.00423463 -0.0148327 0.0117312 0.00644734 0.00896937 0.0209627
internal_weight=0 1606 947 464 412 483 162 138 8262 7500 98 7469 7081 2053 906 767 708 139 513 195 407 321 281 168 363 259 659 442 410 156
internal_count=9868 1606 947 464 412 483 162 138 8262 7500 98 7469 7081 2053 906 767 708 139 513 195 407 321 281 168 363 259 659 442 410 156
shrinkage=0.1


Tree=27
num_leaves=31
num_cat=0
split_feature=11 14 7 15 3 12 15 0 0 15 13 4 13 9 9 15 15 5 0 10 9 2 15 8 0 1 2 6 1 9
split_gain=4.34141 6.97702 5.86287 5.79706 5.44344 5.13692 5.0898 5.04186 4.96042 6.30331 4.80612 4.77179 4.69643 4.8855 5.543 4.84775 4.60182 4.28097 4.07904 3.96883 3.85652 3.80371 7.60416 6.31528 6.33696 6.23352 5.38505 3.77246 3.75754 3.70709
threshold=2.5000000000000004 19.500000000000004 10.500000000000002 39.500000000000007 21.500000000000004 3.5000000000000004 46.500000000000007 42.500000000000007 18.500000000000004 2.5000000000000004 43.500000000000007 5.5000000000000009 46.500000000000007 25.500000000000004 47.500000000000007 24.500000000000004 1.0000000180025095e-35 2.5000000000000004 48.500000000000007 1.5000000000000002 57.500000000000007 25.500000000000004 13.500000000000002 54.500000000000007 34.500000000000007 14.500000000000002 26.500000000000004 4.5000000000000009 1.5000000000000002 4.5000000000000009
decision_type=2 2 2 2 2 2 2 2 2 2 2 2 2 2 2 2 2 2 2 2 2 2 2 2 2 2 2 2 2 2
left_child=18 4 -3 8 12 7 17 -6 10 16 -4 -8 13 -2 27 -16 -10 -5 -1 28 -14 22 29 24 25 -24 -23 -15 -11 -21
right_child=1 2 3 6 5 -7 11 -9 9 19 -12 -13 20 14 15 -17 -18 -19 -20 21 -22 26 23 -25 -26 -27 -28 -29 -30 -31
leaf_value=0.0028466231707213285 -0.0034447450976969082 -0.0043681014701060011 -0.0175526513982175 0.059506754899347147 -0.012556849621602749 -0.030884284943553577 0.010922494661506445 0.028028440134865898 0.00084535220155009514 0.044930520839989191 0.023623937549013083 -0.034362527310848233 -0.020750430121388233 0.022192382360275709 -0.037670610195551166 0.018739614367485048 0.030953397054006071 0.019638969229929377 0.038747292943298817 -0.011091099259180901 0.0241660917089099 -0.043929127822904028 -0.046589244600940265 -0.049724522531032565 0.01168512802728465 0.012366411089897156 -0.0032636159434238144 -0.019754538312554359 0.0083376843939747727 0.022199827419950607
leaf_weight=2881 2355 1122 201 37 244 141 336 35 81 32 33 25 213 201 39 25 136 99 32 39 21 34 47 30 142 29 771 24 228 235
leaf_count=2881 2355 1122 201 37 244 141 336 35 81 32 33 25 213 201 39 25 136 99 32 39 21 34 47 30 142 29 771 24 228 235
internal_value=0 -0.00135745 0.00165036 0.00431415 -0.00469266 -0.0153275 0.0139978 -0.00746551 0.00195263 0.00372947 -0.0117457 0.00778641 -0.00314066 -0.00193891 0.0103318 -0.0156354 0.0197149 0.0304854 0.003241 0.00154368 -0.0167195 -0.000669893 0.00597872 -0.00670773 -0.000787983 -0.024093 -0.00498117 0.017718 0.0128414 0.0174613
internal_weight=0 6955 3657 2535 3298 420 497 279 2038 1804 234 361 2878 2644 289 64 217 136 2913 1587 234 1327 522 248 218 76 805 225 260 274
internal_count=9868 6955 3657 2535 3298 420 497 279 2038 1804 234 361 2878 2644 289 64 217 136 2913 1587 234 1327 522 248 218 76 805 225 260 274
shrinkage=0.1


Tree=28
num_leaves=31
num_cat=0
split_feature=1 12 6 11 8 8 14 3 13 2 3 8 0 5 11 13 15 15 8 14 15 13 14 9 15 14 9 8 8 15
split_gain=4.03354 7.76675 4.88485 4.78163 5.17638 6.88269 6.45859 6.28687 4.98933 4.56111 4.06972 3.87759 4.04748 3.79685 3.71199 4.93808 4.34712 4.77127 4.7421 3.74109 3.70925 3.6527 5.1056 3.60596 4.19683 3.42071 3.4051 3.32986 4.05357 5.71674
threshold=7.5000000000000009 1.5000000000000002 1.0000000180025095e-35 1.5000000000000002 52.500000000000007 41.500000000000007 8.5000000000000018 18.500000000000004 3.5000000000000004 40.500000000000007 23.500000000000004 4.5000000000000009 20.500000000000004 1.5000000000000002 2.5000000000000004 60.500000000000007 30.500000000000004 17.500000000000004 29.500000000000004 126.50000000000001 17.500000000000004 44.500000000000007 8.5000000000000018 12.500000000000002 8.5000000000000018 13.500000000000002 10.500000000000002 3.5000000000000004 17.500000000000004 41.500000000000007
decision_type=2 2 2 2 2 2 2 2 2 2 2 2 2 2 2 2 2 2 2 2 2 2 2 2 2 2 2 2 2 2
left_child=1 11 20 10 5 7 -7 27 -8 23 21 -1 25 -3 15 16 17 -15 -18 -16 -2 22 -4 26 -25 -13 -9 -5 29 -29
right_child=2 13 3 4 -6 6 8 9 -10 -11 -12 12 -14 14 19 -17 18 -19 -20 -21 -22 -23 -24 24 -26 -27 -28 28 -30 -31
leaf_value=-0.01696802883044533 -0.00031990556452872313 -0.018962134041038217 0.02832467685575071 -0.0090336268058135404 -0.0058677043809869586 -0.011576195085634951 -0.015250674688390323 0.0037976311292590168 0.029457605234954672 -0.018254690678511265 0.039882299809132597 -0.011632210786422986 0.020633734985074002 0.00043693031406813335 -0.0057019848148495171 0.039268889345906 0.044917815110900185 -0.021837260488134166 -0.00076266276709576874 0.029825391173362734 -0.017542451259931684 -0.025182264011639817 -0.016549605684620994 0.010882342510884352 -0.012840745103986639 0.025268946545464657 0.037760687950584626 0.0066151654534177947 0.00070407381795701532 0.026058356341193707
leaf_weight=46 307 153 92 168 676 61 28 164 230 207 59 89 268 1277 2467 33 44 104 47 30 211 26 35 101 285 35 36 1369 1050 170
leaf_count=46 307 153 92 168 676 61 28 164 230 207 59 89 268 1277 2467 33 44 104 47 30 211 26 35 101 285 35 36 1369 1050 170
internal_value=0 -0.00216666 0.00188654 0.00289072 0.00220599 0.00361664 0.0176868 0.00235231 0.0246055 -0.00549435 0.0175705 0.0104988 0.0137219 -0.00350179 -0.00291073 0.00101216 0.0001545 -0.00124049 0.0213246 -0.00527514 -0.00733527 0.00896664 0.0159577 -0.000986859 -0.00663341 -0.00121656 0.00991098 0.00460925 0.00549454 0.00876289
internal_weight=0 4593 5275 4757 4545 3869 319 3550 258 793 212 438 392 4155 4002 1505 1472 1381 91 2497 518 153 127 586 386 124 200 2757 2589 1539
internal_count=9868 4593 5275 4757 4545 3869 319 3550 258 793 212 438 392 4155 4002 1505 1472 1381 91 2497 518 153 127 586 386 124 200 2757 2589 1539
shrinkage=0.1


end of trees

feature_importances:
Column_2=135
Column_0=93
Column_8=71
Column_15=66
Column_1=63
Column_3=59
Column_14=58
Column_7=56
Column_9=44
Column_13=42
Column_11=36
Column_12=33
Column_10=31
Column_5=29
Column_6=28
Column_4=26

parameters:
[boosting: gbdt]
[objective: regression]
[metric: l2]
[tree_learner: serial]
[device_type: cpu]
[data: ]
[valid: ]
[num_iterations: 10000]
[learning_rate: 0.1]
[num_leaves: 31]
[num_threads: 0]
[deterministic: 0]
[force_col_wise: 0]
[force_row_wise: 0]
[histogram_pool_size: -1]
[max_depth: -1]
[min_data_in_leaf: 20]
[min_sum_hessian_in_leaf: 0.001]
[bagging_fraction: 1]
[pos_bagging_fraction: 1]
[neg_bagging_fraction: 1]
[bagging_freq: 0]
[bagging_seed: 3]
[feature_fraction: 1]
[feature_fraction_bynode: 1]
[feature_fraction_seed: 2]
[extra_trees: 0]
[extra_seed: 6]
[early_stopping_round: 10]
[first_metric_only: 0]
[max_delta_step: 0]
[lambda_l1: 0]
[lambda_l2: 0]
[min_gain_to_split: 0]
[drop_rate: 0.1]
[max_drop: 50]
[skip_drop: 0.5]
[xgboost_dart_mode: 0]
[uniform_drop: 0]
[drop_seed: 4]
[top_rate: 0.2]
[other_rate: 0.1]
[min_data_per_group: 100]
[max_cat_threshold: 32]
[cat_l2: 10]
[cat_smooth: 10]
[max_cat_to_onehot: 4]
[top_k: 20]
[monotone_constraints: ]
[monotone_constraints_method: basic]
[monotone_penalty: 0]
[feature_contri: ]
[forcedsplits_filename: ]
[refit_decay_rate: 0.9]
[cegb_tradeoff: 1]
[cegb_penalty_split: 0]
[cegb_penalty_feature_lazy: ]
[cegb_penalty_feature_coupled: ]
[path_smooth: 0]
[interaction_constraints: ]
[verbosity: 1]
[saved_feature_importance_type: 0]
[max_bin: 255]
[max_bin_by_feature: ]
[min_data_in_bin: 3]
[bin_construct_sample_cnt: 200000]
[data_random_seed: 1]
[is_enable_sparse: 1]
[enable_bundle: 1]
[use_missing: 1]
[zero_as_missing: 0]
[feature_pre_filter: 1]
[pre_partition: 0]
[two_round: 0]
[header: 0]
[label_column: ]
[weight_column: ]
[group_column: ]
[ignore_column: ]
[categorical_feature: ]
[forcedbins_filename: ]
[objective_seed: 5]
[num_class: 1]
[is_unbalance: 0]
[scale_pos_weight: 1]
[sigmoid: 1]
[boost_from_average: 1]
[reg_sqrt: 0]
[alpha: 0.9]
[fair_c: 1]
[poisson_max_delta_step: 0.7]
[tweedie_variance_power: 1.5]
[lambdarank_truncation_level: 30]
[lambdarank_norm: 1]
[label_gain: ]
[eval_at: ]
[multi_error_top_k: 1]
[auc_mu_weights: ]
[num_machines: 1]
[local_listen_port: 12400]
[time_out: 120]
[machine_list_filename: ]
[machines: ]
[gpu_platform_id: -1]
[gpu_device_id: -1]
[gpu_use_dp: 0]
[num_gpu: 1]

end of parameters

pandas_categorical:null
