tree
version=v3
num_class=1
num_tree_per_iteration=1
label_index=0
max_feature_idx=15
objective=regression
feature_names=Column_0 Column_1 Column_2 Column_3 Column_4 Column_5 Column_6 Column_7 Column_8 Column_9 Column_10 Column_11 Column_12 Column_13 Column_14 Column_15
feature_infos=[1:49] [0:49] [2:49] [0:54] [0:6] [0:7] [0:6] [0:185] [1:127] [7:107] [0:7] [0:6] [0:6] [0:135] [0:95] [0:106]
tree_sizes=2656 2745 2737 2751 2746 2733 2750 2749 2754 2744 2749

Tree=0
num_leaves=31
num_cat=0
split_feature=2 0 3 12 0 7 2 1 15 2 1 15 0 15 13 2 5 0 8 13 2 0 10 9 2 1 1 0 8 9
split_gain=63.7413 17.155 12.386 12.3633 11.9007 7.64954 7.41462 6.90996 6.53631 6.53039 7.38557 6.22379 6.42857 5.70389 5.66991 6.71621 5.70547 5.65078 5.46197 5.3311 5.06539 4.7749 4.74082 4.60227 3.97331 4.48615 3.969 3.86202 3.76898 3.72998
threshold=36.500000000000007 19.500000000000004 11.500000000000002 2.5000000000000004 33.500000000000007 15.500000000000002 30.500000000000004 4.5000000000000009 1.0000000180025095e-35 24.500000000000004 8.5000000000000018 12.500000000000002 21.500000000000004 6.5000000000000009 3.5000000000000004 25.500000000000004 1.5000000000000002 29.500000000000004 20.500000000000004 6.5000000000000009 24.500000000000004 34.500000000000007 2.5000000000000004 8.5000000000000018 43.500000000000007 9.5000000000000018 13.500000000000002 24.500000000000004 7.5000000000000009 15.500000000000002
decision_type=2 2 2 2 2 2 2 2 2 2 2 2 2 2 2 2 2 2 2 2 2 2 2 2 2 2 2 2 2 2
left_child=1 14 5 7 24 8 -7 17 -3 10 19 12 -11 -9 29 16 -16 -4 -17 -10 -15 -5 -6 -14 25 -2 -22 -21 -12 -1
right_child=4 2 3 21 22 6 -8 13 9 11 28 -13 23 20 15 18 -18 -19 -20 27 26 -23 -24 -25 -26 -27 -28 -29 -30 -31
leaf_value=0.12023975639932685 0.036131738987493917 0.15969816928053487 0.1095163524280809 0.05181047160382355 0.063230639368519304 0.1567910764258913 0.097944924163190505 0.16033988049348186 0.12252840027615042 0.071516353434737112 0.12282069980454151 0.061516353699646649 0.1590163511167787 0.14087119030713874 0.051171526387484102 0.076262115982997439 0.098048610796388436 0.046516354097010951 0.017879991219251878 0.099324571876153081 0.055516353858592368 0.10151635264000852 0.11606180680014011 0.1078799888350661 0.017587783434784954 0.07767019936824987 0.11851635218966232 0.13651635171282517 0.17589135066974387 0.078659210388373174
leaf_weight=94 78 33 35 68 35 91 28 34 415 36 23 39 24 31 29 59 248 24 22 219 20 27 33 66 56 39 20 32 32 28
leaf_count=94 78 33 35 68 35 91 28 34 415 36 23 39 24 31 29 59 248 24 22 219 20 27 33 66 56 39 20 32 32 28
internal_value=0.101685 0.10823 0.114207 0.0946438 0.0534251 0.119089 0.142945 0.111272 0.115999 0.114372 0.118479 0.0964254 0.107231 0.126659 0.0920789 0.0857342 0.0931409 0.0838892 0.0604052 0.11557 0.11053 0.0659374 0.0888693 0.121516 0.0394932 0.0499779 0.0870164 0.104066 0.153698 0.110697
internal_weight=0 1777 1297 259 241 1038 119 164 919 886 721 165 126 105 480 358 277 59 81 666 71 95 68 90 173 117 40 251 55 122
internal_count=2018 1777 1297 259 241 1038 119 164 919 886 721 165 126 105 480 358 277 59 81 666 71 95 68 90 173 117 40 251 55 122
shrinkage=1


Tree=1
num_leaves=31
num_cat=0
split_feature=2 3 0 8 13 0 1 12 2 15 2 11 8 8 1 0 0 13 2 7 15 12 11 12 0 3 1 8 15 8
split_gain=51.6305 14.0836 11.2842 11.9598 10.2462 9.63953 7.89669 8.23656 7.52923 6.43658 7.10163 5.69038 5.50896 5.00602 4.82849 5.88575 4.68577 4.96068 4.58038 4.53406 4.52096 4.34404 4.05452 4.03655 3.97974 3.75855 4.85468 3.28464 3.23037 7.74412
threshold=36.500000000000007 11.500000000000002 24.500000000000004 29.500000000000004 5.5000000000000009 33.500000000000007 3.5000000000000004 2.5000000000000004 26.500000000000004 11.500000000000002 31.500000000000004 2.5000000000000004 6.5000000000000009 8.5000000000000018 2.5000000000000004 13.500000000000002 28.500000000000004 7.5000000000000009 21.500000000000004 18.500000000000004 10.500000000000002 1.5000000000000002 2.5000000000000004 2.5000000000000004 32.500000000000007 1.5000000000000002 9.5000000000000018 20.500000000000004 8.5000000000000018 9.5000000000000018
decision_type=2 2 2 2 2 2 2 2 2 2 2 2 2 2 2 2 2 2 2 2 2 2 2 2 2 2 2 2 2 2
left_child=1 2 3 4 21 -2 12 27 13 22 -11 18 23 24 15 -6 17 -14 -9 28 -7 -1 -10 -3 -4 -23 -27 -8 -16 -30
right_child=5 6 8 -5 14 20 7 11 9 10 -12 -13 16 -15 19 -17 -18 -19 -20 -21 -22 25 -24 -25 -26 26 -28 -29 29 -31
leaf_value=0.051878918093793538 -0.055972443624383451 0.030151006437483287 0.037928188085556036 -0.065590841355531115 -0.05888055099381341 0.015020501252376674 0.0072747490788234101 -0.034435547590255737 -0.00053644744125572413 -0.064516483034406394 0.018745442628860475 -0.049666253328323362 -0.0040778352933771465 0.059379621698886532 0.0073036147332658959 -0.0081368479552685023 -0.081510692119598396 -0.058934334293007852 0.030361679693063099 0.049332447279067271 -0.036571077619280135 -0.021353412999047174 0.043514774118860566 -0.029882869869470599 -0.0062529168224760472 0.014733861679355848 0.062874394384297469 0.047515720874071125 0.016648146718047385 -0.041229158639907837
leaf_weight=34 173 21 75 23 27 33 131 20 37 21 20 45 34 79 255 149 25 32 24 21 35 27 48 24 28 438 22 24 43 50
leaf_count=34 173 21 75 23 27 33 131 20 37 21 20 45 34 79 255 149 25 32 24 21 35 27 48 24 28 438 22 24 43 50
internal_value=0 0.00589057 0.0105337 0.00575397 0.0072933 -0.0434338 -0.0111789 -0.000416568 0.0274333 0.00864225 -0.0239009 -0.0246631 -0.0304877 0.0404424 -0.00229238 -0.0159214 -0.0446408 -0.0306749 0.000908395 0.00420817 -0.011534 0.0173206 0.0243395 -0.00186706 0.0259178 0.0149079 0.0170362 0.0135056 0.00148516 -0.0144687
internal_weight=0 1777 1397 1089 1066 241 380 244 308 126 41 89 136 182 545 176 91 66 44 369 68 521 85 45 103 487 460 155 348 93
internal_count=2018 1777 1397 1089 1066 241 380 244 308 126 41 89 136 182 545 176 91 66 44 369 68 521 85 45 103 487 460 155 348 93
shrinkage=0.1


Tree=2
num_leaves=31
num_cat=0
split_feature=2 2 0 0 0 7 1 15 13 8 0 3 8 12 0 15 5 1 9 8 12 5 2 15 8 7 13 15 13 3
split_gain=41.8207 12.3784 8.46202 7.80802 7.51347 7.33967 7.24306 5.91935 5.4016 5.26565 4.71426 4.68616 5.74299 4.53823 8.25298 4.47182 4.45479 4.47387 4.33597 4.13541 3.89225 7.80303 3.96494 3.81311 3.7685 4.13448 3.68027 3.66198 3.62507 5.62721
threshold=36.500000000000007 24.500000000000004 24.500000000000004 33.500000000000007 9.5000000000000018 7.5000000000000009 1.5000000000000002 1.0000000180025095e-35 9.5000000000000018 7.5000000000000009 10.500000000000002 11.500000000000002 8.5000000000000018 2.5000000000000004 27.500000000000004 1.0000000180025095e-35 1.5000000000000002 10.500000000000002 12.500000000000002 10.500000000000002 2.5000000000000004 2.5000000000000004 30.500000000000004 11.500000000000002 6.5000000000000009 8.5000000000000018 4.5000000000000009 10.500000000000002 3.5000000000000004 8.5000000000000018
decision_type=2 2 2 2 2 2 2 2 2 2 2 2 2 2 2 2 2 2 2 2 2 2 2 2 2 2 2 2 2 2
left_child=1 2 6 -2 -3 13 10 -7 18 -10 -1 24 -13 14 -6 -12 -8 28 20 -15 21 -9 -22 -19 25 -4 -20 -5 29 -18
right_child=3 4 11 27 5 7 16 8 9 -11 15 12 -14 19 -16 -17 17 23 26 -21 22 -23 -24 -25 -26 -27 -28 -29 -30 -31
leaf_value=-0.05070843050877253 -0.050375197937636708 -0.060940352916717538 -0.011460785865783692 0.013518452283107874 -0.028469798157486736 0.056928998827934264 -0.025089309550821781 0.010912398745616277 0.012401397489919896 -0.0322738761837418 0.038729148561304272 0.037849612236022956 -0.02260391784436775 -0.016493802493618381 0.026390725799969268 -0.009046010564825388 0.044307436459306362 0.051612667359557808 0.0091731309890747074 -0.067741437815129757 0.049934034109115601 -0.054786374856685777 -0.0082743875005028469 0.0025663199632064157 0.052297075551956201 0.041181611007935298 0.0560942143201828 -0.032913969073976791 0.0075072791952414805 -0.004919700622558594
leaf_weight=24 173 25 25 33 79 20 32 48 41 74 22 30 33 31 42 179 69 51 35 32 25 29 22 23 86 37 32 35 596 35
leaf_count=24 173 25 25 33 79 20 32 48 41 74 22 30 33 31 42 179 69 51 35 32 25 29 22 23 86 37 32 35 596 35
internal_value=0 0.00530151 0.0107793 -0.0390904 -0.00741513 -0.00479135 0.00704518 0.00422132 0.000776371 -0.0163462 -0.00881865 0.0290252 0.00618348 -0.0207594 -0.0094273 -0.00381689 0.0114737 0.0129853 0.0110858 -0.0425243 1.05209e-05 -0.0138313 0.0226875 0.0363685 0.0387483 0.0199548 0.0315832 -0.0103806 0.0105134 0.0277406
internal_weight=0 1777 1242 241 535 510 1031 326 306 115 225 211 63 184 121 201 806 774 191 63 124 77 47 74 148 62 67 68 700 104
internal_count=2018 1777 1242 241 535 510 1031 326 306 115 225 211 63 184 121 201 806 774 191 63 124 77 47 74 148 62 67 68 700 104
shrinkage=0.1


Tree=3
num_leaves=31
num_cat=0
split_feature=2 0 2 1 1 15 3 0 7 1 9 15 10 4 14 2 4 13 5 1 0 3 7 15 15 13 8 0 9 13
split_gain=33.8748 10.2272 7.24009 7.24315 6.36506 6.09974 5.65661 5.92351 5.06551 7.02003 4.76187 4.75745 4.44632 4.33128 4.16623 4.10564 3.9884 4.86895 3.94592 4.47472 3.87275 3.68913 4.09141 4.75586 3.67221 3.65274 3.5951 7.44576 4.33056 3.89674
threshold=36.500000000000007 19.500000000000004 24.500000000000004 10.500000000000002 9.5000000000000018 1.0000000180025095e-35 18.500000000000004 24.500000000000004 8.5000000000000018 2.5000000000000004 9.5000000000000018 21.500000000000004 2.5000000000000004 3.5000000000000004 20.500000000000004 33.500000000000007 1.5000000000000002 9.5000000000000018 1.5000000000000002 3.5000000000000004 13.500000000000002 11.500000000000002 7.5000000000000009 1.5000000000000002 12.500000000000002 8.5000000000000018 9.5000000000000018 17.500000000000004 10.500000000000002 6.5000000000000009
decision_type=2 2 2 2 2 2 2 2 2 2 2 2 2 2 2 2 2 2 2 2 2 2 2 2 2 2 2 2 2 2
left_child=1 15 3 6 13 -4 7 16 9 -7 -9 -6 -10 -2 -5 18 -3 -18 25 20 -20 22 -22 -24 -11 -1 -21 28 -28 -30
right_child=4 2 5 14 11 8 -8 10 12 24 -12 -13 -14 -15 -16 -17 17 -19 19 26 21 -23 23 -25 -26 -27 27 -29 29 -31
leaf_value=-0.0095662630837539155 -0.056963096507664381 0.044530355930328371 0.046905232220888139 0.052732947724206107 -0.0029252921407287185 -0.054685242176055908 -0.032830655787672317 0.05389140415609929 0.019159108400344849 0.0050936621076920451 0.0160674917511642 -0.051319361444828772 -0.010273902686600833 -0.0094598998194155501 0.00098071157932281498 -0.045581525122677845 0.0091616485886654615 -0.032808244433896294 -0.0355752800349836 0.027117904933059919 -0.018076092335912917 -0.039411761283874518 0.059775842428207396 0.0022393365701039634 -0.032301480989707143 -0.065117491483688353 0.033825651647485036 -0.041506773584029259 0.024345916793459939 -0.032638990240437642
leaf_weight=29 116 30 24 70 74 40 28 57 109 85 80 28 97 23 20 27 590 29 54 68 54 25 20 51 38 20 49 34 21 28
leaf_count=29 116 30 24 70 74 40 28 57 109 85 80 28 97 23 20 27 590 29 54 68 54 25 20 51 38 20 49 34 21 28
internal_value=0 0.00477136 0.00938652 0.0143127 -0.0351814 -0.00194505 0.0113364 0.0129097 -0.0051223 -0.0182939 0.0318044 -0.0162099 0.00529988 -0.0491029 0.0412325 -0.00769917 0.00892118 0.00719537 -0.00544128 -0.00219091 -0.0126115 -0.00434453 0.00266891 0.0184468 -0.00645931 -0.0322402 0.00843808 -0.00118485 0.0128044 -0.00821689
internal_weight=0 1777 1297 904 241 393 814 786 369 163 137 102 206 139 90 480 649 619 453 404 204 150 125 71 123 49 200 132 98 49
internal_count=2018 1777 1297 904 241 393 814 786 369 163 137 102 206 139 90 480 649 619 453 404 204 150 125 71 123 49 200 132 98 49
shrinkage=0.1


Tree=4
num_leaves=31
num_cat=0
split_feature=2 3 0 2 0 1 2 1 8 14 0 9 0 7 13 1 2 7 10 15 1 13 2 5 8 2 0 10 14 9
split_gain=27.4386 8.83939 6.84387 8.96458 5.95339 5.64383 7.50677 4.99132 4.95871 4.69997 4.18586 3.82714 3.80163 3.74757 3.7255 3.46724 3.27459 3.27084 3.24622 3.19465 3.38969 3.58198 3.26385 4.2201 4.05539 3.65704 3.23567 3.02624 3.36573 3.02018
threshold=36.500000000000007 11.500000000000002 21.500000000000004 24.500000000000004 33.500000000000007 7.5000000000000009 32.500000000000007 1.5000000000000002 6.5000000000000009 10.500000000000002 22.500000000000004 14.500000000000002 12.500000000000002 18.500000000000004 4.5000000000000009 12.500000000000002 43.500000000000007 8.5000000000000018 2.5000000000000004 1.0000000180025095e-35 19.500000000000004 1.0000000180025095e-35 26.500000000000004 2.5000000000000004 3.5000000000000004 32.500000000000007 32.500000000000007 3.5000000000000004 14.500000000000002 16.500000000000004
decision_type=2 2 2 2 2 2 2 2 2 2 2 2 2 2 2 2 2 2 2 2 2 2 2 2 2 2 2 2 2 2
left_child=1 2 3 7 16 8 11 12 29 10 -10 15 -1 -5 -9 -7 -2 -11 -6 -4 21 -21 24 25 -23 -24 -25 28 -26 -3
right_child=4 5 19 13 18 6 -8 14 9 17 -12 -13 -14 -15 -16 -17 -18 -19 -20 20 -22 22 23 26 27 -27 -28 -29 -30 -31
leaf_value=-0.042740234401490954 -0.031998819896043876 0.020892778337001802 0.045862921537497103 -0.02677831088503202 -0.027809649705886841 -0.019404193602110209 -0.038901285009999433 0.028496660177524277 0.0077292169662232096 -0.023138181100020541 -0.039608788874841511 0.037888132066142804 -0.0016097787156033874 0.019013126442829768 0.0079099893045257511 0.022776887714862824 -0.061403381824493411 -0.063076439759005676 0.015907568461967236 0.046983454967367243 0.050687350447361293 -0.0077695041286702064 -0.0026617711005003557 -0.048931100191893402 0.027358241688530401 0.048558593392372132 0.0041370788216590886 0.054313798197384536 -0.0096459656953811652 -0.025939095304125831
leaf_weight=27 117 40 39 120 35 38 31 104 47 37 31 49 134 21 568 40 56 46 33 29 26 49 46 27 106 20 20 29 32 21
leaf_count=27 117 40 39 120 35 38 31 104 47 37 31 49 134 21 568 40 56 46 33 29 26 49 46 27 106 20 20 29 32 21
internal_value=0 0.00429423 0.00797264 0.00336007 -0.0316632 -0.0092288 0.00521706 0.00730712 -0.0195101 -0.0287095 -0.0110846 0.0159861 -0.00850743 -0.0199583 0.011096 0.00222713 -0.0415171 -0.0452726 -0.00659394 0.0185936 0.015824 0.013292 0.0103223 -0.00344839 0.0175264 0.0128596 -0.0263489 0.0249485 0.0187776 0.00477033
internal_weight=0 1777 1397 974 241 380 158 833 222 161 78 127 161 141 672 78 173 83 68 423 384 358 329 113 216 66 47 167 138 61
internal_count=2018 1777 1397 974 241 380 158 833 222 161 78 127 161 141 672 78 173 83 68 423 384 358 329 113 216 66 47 167 138 61
shrinkage=0.1


Tree=5
num_leaves=31
num_cat=0
split_feature=2 3 12 0 4 0 2 0 15 11 2 7 8 3 3 1 12 7 15 4 13 0 14 13 6 13 14 2 1 0
split_gain=22.4764 9.0551 7.43842 6.48409 6.42333 6.37698 4.75123 4.17807 4.38564 4.02717 5.46952 4.17978 5.40039 3.7048 3.5698 3.75698 3.77809 5.48099 3.55612 3.51774 3.51243 4.30832 3.49652 3.4611 3.28151 3.23206 3.22344 3.17178 4.28794 3.09221
threshold=30.500000000000004 6.5000000000000009 1.5000000000000002 31.500000000000004 2.5000000000000004 19.500000000000004 43.500000000000007 33.500000000000007 5.5000000000000009 2.5000000000000004 13.500000000000002 13.500000000000002 11.500000000000002 16.500000000000004 19.500000000000004 9.5000000000000018 2.5000000000000004 8.5000000000000018 10.500000000000002 3.5000000000000004 10.500000000000002 24.500000000000004 13.500000000000002 9.5000000000000018 2.5000000000000004 3.5000000000000004 13.500000000000002 34.500000000000007 9.5000000000000018 22.500000000000004
decision_type=2 2 2 2 2 2 2 2 2 2 2 2 2 2 2 2 2 2 2 2 2 2 2 2 2 2 2 2 2 2
left_child=2 6 20 27 -5 19 7 8 -2 10 -7 12 25 -6 15 16 -12 29 -17 -4 26 -22 -13 -14 -10 -11 -1 28 -3 -18
right_child=1 3 5 4 13 9 -8 -9 24 11 14 22 23 -15 -16 18 17 -19 -20 -21 21 -23 -24 -25 -26 -27 -28 -29 -30 -31
leaf_value=0.027006396182945799 0.022831942212013973 -0.042182603776454927 -0.0043805759101663922 -0.035152285036287811 -0.0067738206684589382 0.055838861068089808 -0.037630811972277509 0.03920239582657814 -0.040586387614409136 0.030118998487790427 0.012146181110086477 0.043970635347068313 -0.06312138962745667 0.044316262548620054 -0.031669451892375945 0.060315570543552272 -0.0021029132604598998 0.018636833332680368 0.0076621110024659538 -0.03686325517860619 -0.020319768999304093 0.038815763050859625 -0.0035495352745056152 -0.012741409341494243 0.0055216425451739088 -0.0058170191499571141 0.067680178085962925 -0.049880446056051859 0.012005117406015812 -0.053214410666761726
leaf_weight=70 42 40 337 57 40 27 28 32 33 30 542 32 25 22 20 29 20 37 23 37 28 22 30 30 29 151 27 126 23 29
leaf_count=70 42 40 337 57 40 27 28 32 33 30 542 32 25 22 20 29 20 37 23 37 28 22 30 30 29 151 27 126 23 29
internal_value=0 -0.0191001 0.00583135 -0.0292071 -0.0109216 0.00358289 -0.000118705 0.00760438 -0.00211809 0.00766113 0.0116742 -0.0021292 -0.00819948 0.0113549 0.00997073 0.0111954 0.00905656 -0.0104153 0.0370265 -0.0075941 0.02723 0.00569987 0.020977 -0.0356414 -0.0190197 0.000139227 0.038328 -0.0407202 -0.0223998 -0.0323526
internal_weight=0 472 1546 308 119 1399 164 136 104 1025 727 298 236 62 700 680 628 86 52 374 147 50 62 55 62 181 97 189 63 49
internal_count=2018 472 1546 308 119 1399 164 136 104 1025 727 298 236 62 700 680 628 86 52 374 147 50 62 55 62 181 97 189 63 49
shrinkage=0.1


Tree=6
num_leaves=31
num_cat=0
split_feature=2 3 0 8 13 11 12 1 8 1 9 1 2 13 7 2 9 15 4 13 15 12 5 13 14 15 0 8 15 0
split_gain=18.324 6.21163 5.18796 7.72389 5.80414 4.66484 4.98731 6.18393 6.03036 4.4651 4.39661 4.39467 4.37305 4.51412 3.81858 3.75021 3.5929 3.43566 3.30684 3.23899 3.14473 4.57922 3.02163 2.8735 4.37314 4.00777 2.82069 3.46459 3.07727 2.78952
threshold=36.500000000000007 11.500000000000002 24.500000000000004 29.500000000000004 6.5000000000000009 1.5000000000000002 2.5000000000000004 4.5000000000000009 6.5000000000000009 9.5000000000000018 18.500000000000004 16.500000000000004 24.500000000000004 15.500000000000002 3.5000000000000004 23.500000000000004 10.500000000000002 21.500000000000004 3.5000000000000004 8.5000000000000018 11.500000000000002 2.5000000000000004 2.5000000000000004 12.500000000000002 7.5000000000000009 7.5000000000000009 34.500000000000007 5.5000000000000009 7.5000000000000009 33.500000000000007
decision_type=2 2 2 2 2 2 2 2 2 2 2 2 2 2 2 2 2 2 2 2 2 2 2 2 2 2 2 2 2 2
left_child=1 2 3 4 -1 -3 7 8 -7 18 19 12 13 23 16 -16 -4 22 -2 -9 21 -17 -11 24 25 -6 27 -8 -29 -22
right_child=9 5 14 -5 11 6 26 10 -10 17 -12 -13 -14 -15 15 20 -18 -19 -20 -21 29 -23 -24 -25 -26 -27 -28 28 -30 -31
leaf_value=0.011563611337600763 -0.044403342645743804 0.028101205103325123 0.018768578638201177 -0.05398293318955795 -0.0037710210680961609 0.023711371137982325 -0.067130950222844668 0.015054328694488063 -0.038290563033473113 -0.019457144207424587 0.047513864082949504 0.040488336844877765 -0.026249501227242192 0.036409734884897869 0.036309215544085754 0.035437895622971942 -0.03775809976187619 -0.039821689735565872 -0.0028963988241942035 -0.024132284041373964 -0.032096247673034671 -0.010970064600308737 0.020971909479091042 -0.033591014544169108 0.017308481426342674 -0.044594179480164142 0.0052736565470695501 -0.050030234654744467 -0.011016241581209245 0.017342121544338406
leaf_weight=563 116 33 23 23 220 21 23 66 62 36 28 22 82 30 114 73 22 28 23 31 25 30 38 30 92 27 24 30 62 21
leaf_count=563 116 33 23 23 220 21 23 66 62 36 28 22 82 30 114 73 22 28 23 31 25 30 38 30 92 27 24 30 62 21
internal_value=0 0.00350925 0.00659281 0.00335194 0.004589 -0.0078269 -0.0112437 -0.00144328 -0.0226033 -0.0258753 0.012607 -0.00321758 -0.0052166 -0.000894049 0.0180516 0.0226574 -0.00886669 -0.00998561 -0.0375353 0.00253077 0.0122124 0.021921 0.00130372 -0.00392688 -0.00130173 -0.00823347 -0.0259091 -0.0324167 -0.0237382 -0.00952656
internal_weight=0 1777 1397 1089 1066 380 347 208 83 241 125 503 481 399 308 263 45 102 139 97 149 103 74 369 339 247 139 115 92 46
internal_count=2018 1777 1397 1089 1066 380 347 208 83 241 125 503 481 399 308 263 45 102 139 97 149 103 74 369 339 247 139 115 92 46
shrinkage=0.1


Tree=7
num_leaves=31
num_cat=0
split_feature=2 15 3 12 14 4 0 10 1 7 6 1 3 15 13 14 15 8 1 12 2 0 15 8 15 13 0 1 11 1
split_gain=15.3006 7.11055 7.92506 5.4125 5.36345 5.29879 6.14516 5.7916 3.74528 3.69391 3.99256 6.20279 3.6779 4.11068 4.4475 4.10839 3.65726 4.55997 3.59044 3.28024 3.58865 3.23647 3.72506 3.23146 3.15268 3.05988 2.95046 3.27397 3.31893 2.83006
threshold=30.500000000000004 1.0000000180025095e-35 6.5000000000000009 1.5000000000000002 13.500000000000002 2.5000000000000004 32.500000000000007 2.5000000000000004 13.500000000000002 21.500000000000004 2.5000000000000004 2.5000000000000004 1.0000000180025095e-35 1.0000000180025095e-35 6.5000000000000009 7.5000000000000009 20.500000000000004 21.500000000000004 2.5000000000000004 2.5000000000000004 21.500000000000004 19.500000000000004 6.5000000000000009 9.5000000000000018 7.5000000000000009 7.5000000000000009 23.500000000000004 2.5000000000000004 2.5000000000000004 10.500000000000002
decision_type=2 2 2 2 2 2 2 2 2 2 2 2 2 2 2 2 2 2 2 2 2 2 2 2 2 2 2 2 2 2
left_child=3 -2 16 -1 9 26 7 -7 -6 10 12 -12 18 -14 19 24 17 -3 -5 21 -21 22 -15 -13 -16 -11 -4 -28 -29 -8
right_child=1 2 5 4 8 6 29 -9 -10 25 11 23 13 14 15 -17 -18 -19 -20 20 -22 -23 -24 -25 -26 -27 27 28 -30 -31
leaf_value=0.023064695856198164 0.038471075762873112 0.01777112992325177 -0.062335945417483656 1.2503812710444133e-05 -0.017375576561623876 -0.0019203613807515401 0.033386212374482839 -0.051201765056242021 0.017524622904287801 0.0064101567268371592 -0.03871070370078087 0.020508236300062252 0.048853793598356704 -0.040754231597696033 -0.0054968750141710645 0.0147272350413076 -0.032143498289174052 -0.027477065037036764 0.049417643798025032 0.0087847820841349105 0.062408692638079327 0.010613761049479687 0.011810931563377381 -0.015151806424061456 -0.03481912307961043 0.054961591407104771 -0.05887125134468079 0.010483509798844656 -0.037016945136220829 -0.011185294595257991
leaf_weight=147 23 96 48 24 182 41 28 57 37 25 52 54 21 28 249 89 29 29 38 26 24 406 26 48 43 27 30 24 38 29
leaf_count=147 23 96 48 24 182 41 28 57 37 25 52 54 21 28 249 89 29 29 38 26 24 406 26 48 43 27 30 24 38 29
internal_value=0 -0.015759 -0.0185369 0.00481127 0.0028933 -0.0281359 -0.0153987 -0.030584 -0.0114792 0.00556073 0.00435944 -0.0106026 0.0067251 0.00512289 0.00409219 -0.00408194 -0.000149142 0.00727355 0.0302931 0.0101988 0.0345243 0.00755468 -0.0154451 0.00372704 -0.00981488 0.0316196 -0.0422379 -0.0317519 -0.0186297 0.0107095
internal_weight=0 472 449 1546 1399 295 155 98 219 1180 1128 154 974 912 891 381 154 125 62 510 50 460 54 102 292 52 140 92 62 57
internal_count=2018 472 449 1546 1399 295 155 98 219 1180 1128 154 974 912 891 381 154 125 62 510 50 460 54 102 292 52 140 92 62 57
shrinkage=0.1


Tree=8
num_leaves=31
num_cat=0
split_feature=2 1 0 7 1 12 3 14 7 1 4 2 15 1 10 2 5 1 13 11 15 5 11 3 11 0 13 1 9 12
split_gain=12.6676 5.46388 5.11454 4.63912 3.99159 4.42238 6.50529 5.67686 5.04208 3.6338 3.42341 4.46651 4.43198 3.58501 3.16423 3.06482 3.26764 3.44992 2.9386 3.37705 5.20433 2.8988 2.71965 2.64113 2.54236 2.48436 2.42145 2.35317 2.33581 3.86498
threshold=37.500000000000007 9.5000000000000018 19.500000000000004 9.5000000000000018 18.500000000000004 2.5000000000000004 15.500000000000002 4.5000000000000009 7.5000000000000009 8.5000000000000018 3.5000000000000004 24.500000000000004 4.5000000000000009 6.5000000000000009 2.5000000000000004 33.500000000000007 1.5000000000000002 5.5000000000000009 4.5000000000000009 2.5000000000000004 6.5000000000000009 2.5000000000000004 1.5000000000000002 10.500000000000002 2.5000000000000004 21.500000000000004 3.5000000000000004 2.5000000000000004 15.500000000000002 1.5000000000000002
decision_type=2 2 2 2 2 2 2 2 2 2 2 2 2 2 2 2 2 2 2 2 2 2 2 2 2 2 2 2 2 2
left_child=2 -2 15 -3 5 10 7 27 -9 -10 11 13 -13 18 23 16 17 -1 -4 21 -21 -20 -18 25 -8 -14 -15 -7 29 -24
right_child=1 3 4 -5 -6 6 24 8 9 -11 -12 12 14 26 -16 -17 22 -19 19 20 -22 -23 28 -25 -26 -27 -28 -29 -30 -31
leaf_value=-0.0041335856473004376 -0.03702968551107675 0.02840140795913236 0.023378526893529025 -0.019931471253198291 0.030955229968321132 -0.055229728370904924 -0.014528172797170178 -0.0085283405014446798 0.041759803159195086 -0.0053296930116155878 0.030123494565486908 0.015880454692148393 -0.020397697274501511 0.0062117305066850459 -0.037742177299831231 -0.033264780671972978 0.034299023378463016 -0.057480485601858658 0.0065110843196327303 -0.048074011930397585 0.0014929739908240308 0.039239664118865446 0.031644572814305626 -0.030601308807249997 -0.055720338898320357 0.018275286969931231 0.043375202655792242 -0.0083287679630777121 -0.020431051235045156 -0.0031292449826734107
leaf_weight=27 121 29 99 63 61 20 29 70 57 23 64 62 26 27 46 38 21 22 405 28 87 29 36 31 31 46 50 23 62 285
leaf_count=27 121 29 99 63 61 20 29 70 57 23 64 62 26 27 46 38 21 22 405 28 87 29 36 31 31 46 50 23 62 285
internal_value=0 -0.023064 0.00272168 -0.00469611 0.00597561 0.00475952 -0.00705163 0.00188905 0.0110716 0.0282216 0.00774774 0.00621777 -0.00658706 0.00994442 -0.015936 -0.00598639 -0.00369813 -0.0280853 0.00752042 0.00466076 -0.0105755 0.00869802 -0.000740287 -0.00619726 -0.0358108 0.00431004 0.0303439 -0.0301432 -0.0026615 0.000770622
internal_weight=0 213 1805 92 1314 1253 253 193 150 80 1000 936 211 725 149 491 453 49 648 549 115 434 404 103 60 72 77 43 383 321
internal_count=2018 213 1805 92 1314 1253 253 193 150 80 1000 936 211 725 149 491 453 49 648 549 115 434 404 103 60 72 77 43 383 321
shrinkage=0.1


Tree=9
num_leaves=31
num_cat=0
split_feature=2 1 0 7 6 2 15 8 0 2 3 7 14 14 3 7 9 14 14 15 15 13 3 3 13 7 8 3 13 1
split_gain=10.2607 4.42574 4.14278 3.75769 3.29229 3.03264 4.01959 4.12957 7.43977 3.25876 2.79238 3.35413 3.03702 2.59699 3.4513 3.55545 3.03606 6.00733 4.25366 4.90093 2.88518 5.807 3.4852 2.83942 3.51667 4.24314 2.56613 2.49035 2.40288 2.31215
threshold=37.500000000000007 9.5000000000000018 19.500000000000004 9.5000000000000018 3.5000000000000004 27.500000000000004 2.5000000000000004 9.5000000000000018 34.500000000000007 31.500000000000004 19.500000000000004 15.500000000000002 10.500000000000002 6.5000000000000009 3.5000000000000004 11.500000000000002 15.500000000000002 17.500000000000004 19.500000000000004 11.500000000000002 1.5000000000000002 7.5000000000000009 6.5000000000000009 3.5000000000000004 4.5000000000000009 7.5000000000000009 7.5000000000000009 10.500000000000002 18.500000000000004 7.5000000000000009
decision_type=2 2 2 2 2 2 2 2 2 2 2 2 2 2 2 2 2 2 2 2 2 2 2 2 2 2 2 2 2 2
left_child=2 -2 13 -3 5 10 -7 8 9 -8 11 -4 -13 14 15 -1 18 -18 19 23 -16 26 -23 -15 -25 -26 -22 -28 29 -9
right_child=1 3 4 -5 -6 6 7 28 -10 -11 -12 12 -14 16 20 -17 17 -19 -20 -21 21 22 -24 24 25 -27 27 -29 -30 -31
leaf_value=0.053034932613372804 -0.033326716733372903 0.025561266880610896 0.0060719142917659398 -0.017938323531832015 0.030287717545733735 0.020887310103494296 0.0021582020089981405 -0.033349897066752114 0.039987408783700731 -0.038840036500583999 -0.020413829717371199 0.046001491731121426 0.0088084716511809321 -0.032231371789365207 0.028697985928991566 -0.0027794829436710907 -0.058085958276476182 0.0060959105491638181 -0.037332081331594567 0.03243797179814932 0.03861157752218701 -0.0065281069278717054 -0.057083173791567493 0.023348799420566096 -0.03344326893488566 0.011029570131767088 -0.024252389715268063 0.021461955254728146 -0.056324599981307989 -0.00030674204230308534
leaf_weight=25 121 29 869 63 51 49 47 45 36 33 36 42 46 37 23 21 35 25 37 37 21 25 30 41 45 41 26 22 20 40
leaf_count=25 121 29 869 63 51 49 47 45 36 33 36 42 46 37 23 21 35 25 37 37 21 25 30 41 45 41 26 22 20 40
internal_value=0 -0.0207576 0.00244951 -0.0042265 0.00537805 0.00437219 -0.00502507 -0.0107703 0.00223501 -0.0147536 0.00692734 0.00795585 0.0265597 -0.00538775 0.00364924 0.0275544 -0.0112406 -0.0313435 -0.00617259 -0.000436765 -0.00383129 -0.00986495 -0.0341036 -0.00785363 -0.000751448 -0.0122411 0.00945571 -0.00329998 -0.0251382 -0.0178002
internal_weight=0 213 1805 92 1314 1263 270 221 116 80 993 957 88 491 193 46 298 60 238 201 147 124 55 164 127 86 69 48 105 85
internal_count=2018 213 1805 92 1314 1263 270 221 116 80 993 957 88 491 193 46 298 60 238 201 147 124 55 164 127 86 69 48 105 85
shrinkage=0.1


Tree=10
num_leaves=31
num_cat=0
split_feature=2 0 5 13 15 15 3 1 2 4 13 3 15 2 3 0 9 1 8 9 9 0 12 4 1 14 5 7 11 9
split_gain=8.66637 5.56529 4.13381 3.96529 3.70983 4.21419 3.50904 3.63267 3.54375 5.34126 4.25561 3.9723 3.20376 3.19246 3.10454 3.60993 3.94711 3.35334 3.09855 2.76487 2.723 2.64341 2.53913 5.63419 3.1054 3.66196 3.28385 2.53173 2.48273 4.89893
threshold=24.500000000000004 9.5000000000000018 1.5000000000000002 23.500000000000004 1.0000000180025095e-35 1.5000000000000002 6.5000000000000009 17.500000000000004 30.500000000000004 3.5000000000000004 9.5000000000000018 15.500000000000002 12.500000000000002 25.500000000000004 19.500000000000004 24.500000000000004 19.500000000000004 14.500000000000002 20.500000000000004 12.500000000000002 10.500000000000002 40.500000000000007 1.5000000000000002 3.5000000000000004 6.5000000000000009 9.5000000000000018 3.5000000000000004 8.5000000000000018 2.5000000000000004 8.5000000000000018
decision_type=2 2 2 2 2 2 2 2 2 2 2 2 2 2 2 2 2 2 2 2 2 2 2 2 2 2 2 2 2 2
left_child=2 -2 -1 14 -3 -6 7 12 10 21 20 -11 13 -7 15 16 17 22 -15 -17 -8 -10 -4 24 26 -26 28 -22 -24 -30
right_child=1 4 3 -5 5 6 8 -9 9 11 -12 -13 -14 18 -16 19 -18 -19 -20 -21 27 -23 23 -25 25 -27 -28 -29 29 -31
leaf_value=-0.02162148643623699 -0.046137897111475472 0.022838426944686147 0.026793569974277332 0.035538308819135028 -0.044155113927779661 -0.027165295756780186 -0.0060645771297541534 0.039049108982086189 -0.03106273277924302 -0.018049523872988565 -0.02394146335621675 0.03521732283490045 -0.023466406345367435 0.017905473684476429 -0.02404828429222107 0.029494719122940639 -0.038032145662741233 0.04433014988899231 -0.017996157407760623 0.002183525551829422 0.0049784011565721957 -0.0010000549043927874 0.0062702705848076291 -0.044098215341567992 0.0059270071131842482 0.053130566190790256 -0.034967833498249883 0.048313473697219583 0.0062529259853148726 -0.031499556877783372
leaf_weight=55 37 41 46 45 31 26 44 25 178 28 48 28 50 121 35 106 22 21 30 57 26 35 593 25 42 27 23 28 89 56
leaf_count=55 37 41 46 45 31 26 44 25 178 28 48 28 50 121 35 106 22 21 30 57 26 35 593 25 42 27 23 28 89 56
internal_value=0 -0.00829064 0.00517998 0.00642183 -0.00639571 -0.0081129 -0.00643778 0.00287019 -0.0120898 -0.0188977 0.000453315 0.0085839 -0.00111427 0.00519989 0.00527451 0.00620161 0.00382869 0.00482753 0.0107727 0.0199442 0.0124018 -0.0261229 0.00390683 0.0026755 0.00408434 0.024398 0.0022425 0.0274484 0.00340218 -0.00832734
internal_weight=0 776 1242 1187 739 698 667 252 415 269 146 56 227 177 1142 1107 944 922 151 163 98 213 901 855 830 69 761 54 738 145
internal_count=2018 776 1242 1187 739 698 667 252 415 269 146 56 227 177 1142 1107 944 922 151 163 98 213 901 855 830 69 761 54 738 145
shrinkage=0.1


end of trees

feature_importances:
Column_0=43
Column_2=40
Column_1=38
Column_15=34
Column_13=28
Column_3=24
Column_8=23
Column_7=19
Column_9=15
Column_12=15
Column_14=14
Column_5=10
Column_4=9
Column_11=9
Column_10=6
Column_6=3

parameters:
[boosting: gbdt]
[objective: regression]
[metric: l2]
[tree_learner: serial]
[device_type: cpu]
[data: ]
[valid: ]
[num_iterations: 10000]
[learning_rate: 0.1]
[num_leaves: 31]
[num_threads: 0]
[deterministic: 0]
[force_col_wise: 0]
[force_row_wise: 0]
[histogram_pool_size: -1]
[max_depth: -1]
[min_data_in_leaf: 20]
[min_sum_hessian_in_leaf: 0.001]
[bagging_fraction: 1]
[pos_bagging_fraction: 1]
[neg_bagging_fraction: 1]
[bagging_freq: 0]
[bagging_seed: 3]
[feature_fraction: 1]
[feature_fraction_bynode: 1]
[feature_fraction_seed: 2]
[extra_trees: 0]
[extra_seed: 6]
[early_stopping_round: 10]
[first_metric_only: 0]
[max_delta_step: 0]
[lambda_l1: 0]
[lambda_l2: 0]
[min_gain_to_split: 0]
[drop_rate: 0.1]
[max_drop: 50]
[skip_drop: 0.5]
[xgboost_dart_mode: 0]
[uniform_drop: 0]
[drop_seed: 4]
[top_rate: 0.2]
[other_rate: 0.1]
[min_data_per_group: 100]
[max_cat_threshold: 32]
[cat_l2: 10]
[cat_smooth: 10]
[max_cat_to_onehot: 4]
[top_k: 20]
[monotone_constraints: ]
[monotone_constraints_method: basic]
[monotone_penalty: 0]
[feature_contri: ]
[forcedsplits_filename: ]
[refit_decay_rate: 0.9]
[cegb_tradeoff: 1]
[cegb_penalty_split: 0]
[cegb_penalty_feature_lazy: ]
[cegb_penalty_feature_coupled: ]
[path_smooth: 0]
[interaction_constraints: ]
[verbosity: 1]
[saved_feature_importance_type: 0]
[max_bin: 255]
[max_bin_by_feature: ]
[min_data_in_bin: 3]
[bin_construct_sample_cnt: 200000]
[data_random_seed: 1]
[is_enable_sparse: 1]
[enable_bundle: 1]
[use_missing: 1]
[zero_as_missing: 0]
[feature_pre_filter: 1]
[pre_partition: 0]
[two_round: 0]
[header: 0]
[label_column: ]
[weight_column: ]
[group_column: ]
[ignore_column: ]
[categorical_feature: ]
[forcedbins_filename: ]
[objective_seed: 5]
[num_class: 1]
[is_unbalance: 0]
[scale_pos_weight: 1]
[sigmoid: 1]
[boost_from_average: 1]
[reg_sqrt: 0]
[alpha: 0.9]
[fair_c: 1]
[poisson_max_delta_step: 0.7]
[tweedie_variance_power: 1.5]
[lambdarank_truncation_level: 30]
[lambdarank_norm: 1]
[label_gain: ]
[eval_at: ]
[multi_error_top_k: 1]
[auc_mu_weights: ]
[num_machines: 1]
[local_listen_port: 12400]
[time_out: 120]
[machine_list_filename: ]
[machines: ]
[gpu_platform_id: -1]
[gpu_device_id: -1]
[gpu_use_dp: 0]
[num_gpu: 1]

end of parameters

pandas_categorical:null
