tree
version=v3
num_class=1
num_tree_per_iteration=1
label_index=0
max_feature_idx=15
objective=regression
feature_names=Column_0 Column_1 Column_2 Column_3 Column_4 Column_5 Column_6 Column_7 Column_8 Column_9 Column_10 Column_11 Column_12 Column_13 Column_14 Column_15
feature_infos=[1:49] [0:40] [1:49] [0:58] [0:7] [0:7] [0:8] [5:189] [0:176] [0:126] [0:8] [0:7] [0:7] [0:165] [0:119] [0:129]
tree_sizes=2763 2740 2739 2738 2757 2740 2745 2748

Tree=0
num_leaves=31
num_cat=0
split_feature=2 0 2 0 0 9 15 10 0 2 3 11 15 8 0 4 3 13 5 2 1 11 12 7 11 13 10 8 2 0
split_gain=40.625 27.1477 14.4 9.73978 9.69259 8.15496 6.44706 7.13492 6.35205 7.90629 6.08946 6.38368 5.59874 5.49128 5.74802 5.18395 4.9193 4.70304 6.84387 4.53863 5.22756 4.49067 6.55452 4.41307 4.25042 6.92434 4.18955 4.10498 4.01501 3.96604
threshold=31.500000000000004 31.500000000000004 24.500000000000004 24.500000000000004 43.500000000000007 4.5000000000000009 42.500000000000007 1.5000000000000002 15.500000000000002 18.500000000000004 10.500000000000002 2.5000000000000004 6.5000000000000009 12.500000000000002 30.500000000000004 2.5000000000000004 7.5000000000000009 6.5000000000000009 3.5000000000000004 19.500000000000004 7.5000000000000009 2.5000000000000004 2.5000000000000004 17.500000000000004 2.5000000000000004 11.500000000000002 2.5000000000000004 10.500000000000002 35.500000000000007 18.500000000000004
decision_type=2 2 2 2 2 2 2 2 2 2 2 2 2 2 2 2 2 2 2 2 2 2 2 2 2 2 2 2 2 2
left_child=1 6 15 -2 21 28 7 19 -9 24 13 -12 16 -7 -15 -3 -11 27 -19 -1 -21 -4 -23 -13 25 29 -26 -14 -5 -10
right_child=3 2 4 5 -6 10 -8 8 9 12 11 23 17 14 -16 -17 -18 18 -20 20 -22 22 -24 -25 26 -27 -28 -29 -30 -31
leaf_value=-0.015065358410266801 -0.098950523706369628 -0.017161306188930379 -0.034818997304667226 -0.067788469141727759 0.016062460313999764 -0.062069405782467994 -0.097578089670945362 -0.070504805087373695 -0.072768706163946734 -0.055897670670073167 -0.041637886589518745 -0.066973251772019293 -0.041300175529046648 -0.057223252030306086 0.014084438388377481 0.015752649650950502 -0.030223252745561823 -0.087768705766582425 -0.028658035395721575 -0.054651823526997108 -0.00322325346081756 -0.10728575077395194 -0.042223252427670388 -0.10942325064747832 -0.036381147319275428 0.021776745876908608 -0.077412440745074529 -0.078223251473996072 -0.12022325036137604 -0.024889919553513572
leaf_weight=76 165 113 47 23 21 65 31 206 22 258 41 48 91 20 26 83 105 132 23 112 24 32 30 50 76 27 37 45 40 81
leaf_count=76 165 113 47 23 21 65 31 206 22 258 41 48 91 20 26 83 105 132 23 112 24 32 30 50 76 27 37 45 40 81
internal_value=-0.0535814 -0.0462316 -0.0203398 -0.0792902 -0.0461463 -0.0689261 -0.0525026 -0.05144 -0.0546693 -0.0510326 -0.0608233 -0.07477 -0.0567554 -0.0433584 -0.0169189 -0.00322325 -0.0484712 -0.0670892 -0.0789974 -0.0346383 -0.0455762 -0.0581315 -0.0758039 -0.0886314 -0.0356307 -0.0233002 -0.0498162 -0.0535174 -0.10108 -0.0351165
internal_weight=0 1672 326 478 130 313 1346 1315 1103 897 250 139 654 111 46 196 363 291 155 212 136 109 62 98 243 130 113 136 63 103
internal_count=2150 1672 326 478 130 313 1346 1315 1103 897 250 139 654 111 46 196 363 291 155 212 136 109 62 98 243 130 113 136 63 103
shrinkage=1


Tree=1
num_leaves=31
num_cat=0
split_feature=2 0 0 2 6 14 13 3 0 11 0 3 8 12 0 12 8 1 0 15 15 7 3 1 7 10 0 14 14 7
split_gain=32.9063 22.3711 11.5623 10.5387 8.4047 9.48477 8.10833 7.05601 8.68593 6.72469 6.45831 6.27274 5.88864 5.42127 5.37415 5.25894 6.38052 7.9899 11.935 5.29058 4.84442 4.6033 4.57624 8.63483 5.08364 6.20921 5.19293 4.65643 4.41624 4.1505
threshold=31.500000000000004 24.500000000000004 42.500000000000007 23.500000000000004 2.5000000000000004 10.500000000000002 8.5000000000000018 1.5000000000000002 31.500000000000004 3.5000000000000004 20.500000000000004 3.5000000000000004 25.500000000000004 2.5000000000000004 24.500000000000004 2.5000000000000004 26.500000000000004 1.5000000000000002 16.500000000000004 3.5000000000000004 18.500000000000004 29.500000000000004 1.5000000000000002 5.5000000000000009 9.5000000000000018 1.5000000000000002 14.500000000000002 7.5000000000000009 18.500000000000004 7.5000000000000009
decision_type=2 2 2 2 2 2 2 2 2 2 2 2 2 2 2 2 2 2 2 2 2 2 2 2 2 2 2 2 2 2
left_child=1 6 3 7 12 9 22 -3 29 20 -7 -5 13 14 -2 16 17 19 -19 -8 -6 -15 23 -1 25 27 -26 -24 -28 -9
right_child=4 2 -4 11 5 10 15 8 -10 -11 -12 -13 -14 21 -16 -17 -18 18 -20 -21 -22 -23 24 -25 26 -27 28 -29 -30 -31
leaf_value=0.032221169373311036 -0.048951101704285696 0.055801953737800183 0.062881879532923471 -0.031313094993432364 0.042505821324231335 -0.073181870350470912 0.007730818864626763 0.02990583039465405 0.040555517112507544 -0.029617492032462153 -0.01622779360588859 0.0091679084001394812 -0.064479861692948767 -0.053149614898964415 0.0043953271717696958 -0.028810151141921161 -0.057461157739162452 0.087149658528241247 0.0021006022438858495 -0.04209099931919829 -0.01029255223274231 0.00011312276124954224 0.07578359961509705 -0.036460062048651952 -0.040918859897875325 0.0011501187594925486 -0.012036954738059135 0.015894463416692373 0.035468081633249923 -0.007784459165607889
leaf_weight=109 26 74 61 48 57 26 39 42 119 29 85 189 55 86 69 152 20 22 66 47 25 20 20 22 51 328 106 37 24 96
leaf_count=109 26 74 61 48 57 26 39 42 119 29 85 189 55 86 69 152 20 22 66 47 25 20 20 22 51 328 106 37 24 96
internal_value=0 0.00661479 0.0215098 0.0170667 -0.0231379 -0.00889856 -0.00236794 0.0285927 0.0207581 0.0117713 -0.0295684 0.000969224 -0.0354861 -0.0275525 -0.0102047 -0.0148821 -0.00396941 0.00217906 0.0233629 -0.0194974 0.0264088 -0.0431 0.00384426 0.0206869 -5.39558e-05 0.00644417 -0.0138759 0.0369082 -0.00326679 0.0036865
internal_weight=0 1672 629 568 478 222 1043 331 257 111 111 237 256 201 95 346 194 174 88 86 82 106 697 131 566 385 181 57 130 138
internal_count=2150 1672 629 568 478 222 1043 331 257 111 111 237 256 201 95 346 194 174 88 86 82 106 697 131 566 385 181 57 130 138
shrinkage=0.1


Tree=2
num_leaves=31
num_cat=0
split_feature=2 0 0 2 0 14 13 6 14 3 0 3 11 12 8 1 0 0 15 2 7 2 15 0 2 15 9 12 8 13
split_gain=26.6541 18.1206 9.3655 8.53631 8.04125 8.03396 6.56775 6.2303 6.51666 5.71537 7.0356 5.08092 4.37936 4.25974 5.16822 6.47182 9.66736 4.94844 4.25128 4.00622 5.91552 8.84298 5.32856 7.50358 6.76125 4.24769 3.96186 3.41709 3.497 3.88165
threshold=31.500000000000004 24.500000000000004 42.500000000000007 23.500000000000004 38.500000000000007 16.500000000000004 8.5000000000000018 2.5000000000000004 9.5000000000000018 1.5000000000000002 31.500000000000004 3.5000000000000004 2.5000000000000004 2.5000000000000004 26.500000000000004 1.5000000000000002 16.500000000000004 15.500000000000002 3.5000000000000004 18.500000000000004 13.500000000000002 25.500000000000004 2.5000000000000004 16.500000000000004 12.500000000000002 8.5000000000000018 6.5000000000000009 4.5000000000000009 25.500000000000004 15.500000000000002
decision_type=2 2 2 2 2 2 2 2 2 2 2 2 2 2 2 2 2 2 2 2 2 2 2 2 2 2 2 2 2 2
left_child=1 6 3 9 7 -6 19 27 12 -3 26 -5 -9 14 15 17 -17 -8 -19 22 -21 -22 -1 25 -25 -24 -11 28 29 -2
right_child=4 2 -4 11 5 -7 13 8 -10 10 -12 -13 -14 -15 -16 16 -18 18 -20 20 21 -23 23 24 -26 -27 -28 -29 -30 -31
leaf_value=0.049875601079012899 -0.036806980087643576 0.050221759564167745 0.056593692888979058 -0.028181784972548488 0.026193779990786599 -0.030680938464839286 -0.053987264403930084 0.033370227283901641 -0.031133547953019543 -0.019517469649412197 0.03649996569176682 0.0082511174379202423 -0.014427543231626837 -0.025929136593875132 -0.051715040504932412 0.078434695167974994 0.0018905420194972645 0.027670775298719055 -0.025834529508243911 0.0028423199782500398 -0.059135135931846432 0.01904546126075413 -0.053978552917639415 -0.024044369355491972 0.037652485110820866 0.0028949287430993444 0.015890102624223475 -0.075910241966662198 -0.060985330641269687 0.0025114608533454664
leaf_weight=37 105 74 61 48 63 41 26 36 96 49 119 189 41 152 20 22 66 27 33 444 39 23 24 23 78 29 89 23 40 33
leaf_count=37 105 74 61 48 63 41 26 36 96 49 119 189 41 152 20 22 66 27 33 444 39 23 24 23 78 29 89 23 40 33
internal_value=0 0.00595331 0.0193589 0.01536 -0.0208241 0.00377202 -0.00213115 -0.0276637 -0.0137516 0.0257334 0.0186823 0.000872302 0.00791947 -0.0133939 -0.00357247 0.00196116 0.0210266 -0.0175476 -0.00175714 0.00345983 -0.00119809 -0.0301327 0.0157997 0.0076126 0.0236027 -0.0228591 0.00331785 -0.0396378 -0.0349509 -0.0274047
internal_weight=0 1672 629 568 478 104 1043 374 173 331 257 237 77 346 194 174 88 86 60 697 506 62 191 154 101 53 138 201 178 138
internal_count=2150 1672 629 568 478 104 1043 374 173 331 257 237 77 346 194 174 88 86 60 697 506 62 191 154 101 53 138 201 178 138
shrinkage=0.1


Tree=3
num_leaves=31
num_cat=0
split_feature=2 0 0 2 14 0 6 15 13 3 0 0 10 3 11 3 1 15 14 14 9 13 7 1 4 0 14 5 8 1
split_gain=21.5898 14.6777 7.58606 6.91441 6.78642 7.88652 5.95753 5.46529 5.57848 4.62945 5.69884 4.33037 4.94424 4.11554 4.09125 4.97579 5.11614 4.03183 3.76011 3.75519 3.40939 3.38352 3.50015 5.61785 3.38107 5.25097 3.35094 3.29064 6.21112 8.76426
threshold=31.500000000000004 24.500000000000004 42.500000000000007 23.500000000000004 47.500000000000007 38.500000000000007 2.5000000000000004 22.500000000000004 6.5000000000000009 1.5000000000000002 31.500000000000004 21.500000000000004 1.5000000000000002 3.5000000000000004 2.5000000000000004 8.5000000000000018 5.5000000000000009 3.5000000000000004 14.500000000000002 16.500000000000004 8.5000000000000018 2.5000000000000004 7.5000000000000009 3.5000000000000004 2.5000000000000004 28.500000000000004 8.5000000000000018 2.5000000000000004 22.500000000000004 3.5000000000000004
decision_type=2 2 2 2 2 2 2 2 2 2 2 2 2 2 2 2 2 2 2 2 2 2 2 2 2 2 2 2 2 2
left_child=1 7 3 9 5 6 -2 8 -1 24 21 12 -10 -5 26 16 -16 -13 -17 20 -7 -11 -23 -24 25 -3 -8 -14 29 -29
right_child=4 2 -4 13 -6 19 14 -9 11 10 -12 17 27 -15 15 18 -18 -19 -20 -21 -22 22 23 -25 -26 -27 -28 28 -30 -31
leaf_value=0.0077807959844308624 -0.03477374747471542 0.066190348920368014 0.050934321763085537 -0.025363605966170627 -0.074326358238856 -0.0081832506439902582 0.035975489417711892 -0.030712116245300541 0.022605320953187489 -0.022884431400814573 0.032849967980585176 0.0063329567511876423 -0.015448758893392305 0.0074260055230408115 -0.023265491094854145 -0.067112314594643452 0.037112975638845691 -0.042280697721545982 -0.013755567610263825 -0.017663051275645988 0.040615094580301429 0.039799196831882003 -0.02833738173757281 0.028736317530274391 0.07340147230360243 -0.0010410719192945042 -0.015406763553619385 -0.0044569916931199438 -0.03842674621513912 0.054285904845675907
leaf_weight=469 196 21 61 48 21 22 30 62 63 37 119 24 220 189 36 28 23 59 25 34 41 32 35 34 27 26 22 81 28 37
leaf_count=469 196 21 61 48 21 22 30 62 63 37 119 24 220 189 36 28 23 59 25 34 41 32 35 34 27 26 22 81 28 37
internal_value=0 0.00535798 0.017423 0.013824 -0.0187417 -0.0161875 -0.0230065 -0.00191803 -9.82216e-05 0.0231601 0.0168141 -0.00731552 -0.00327035 0.000785072 -0.00894315 -0.0197053 0.000271877 -0.0282237 -0.041944 0.00912004 0.0235744 0.00298606 0.0124634 -0.00021411 0.0451996 0.0289985 0.0142368 -0.00772435 0.00391516 0.0139624
internal_weight=0 1672 629 568 478 457 360 1043 981 331 257 512 429 237 164 112 59 83 53 97 63 138 101 69 74 47 52 366 146 118
internal_count=2150 1672 629 568 478 457 360 1043 981 331 257 512 429 237 164 112 59 83 53 97 63 138 101 69 74 47 52 366 146 118
shrinkage=0.1


Tree=4
num_leaves=31
num_cat=0
split_feature=2 0 14 9 15 4 3 3 9 2 13 5 11 6 10 3 14 4 0 3 15 15 10 9 5 12 1 2 0 0
split_gain=17.7411 13.5506 6.91632 6.11254 5.54798 5.63674 5.58348 5.21928 5.20164 5.11726 4.99941 6.21384 6.71003 4.96997 5.23867 5.96306 5.63927 4.77237 4.49352 4.79319 4.7116 4.48238 4.32473 4.25581 4.07026 5.2454 3.94723 3.94349 5.85083 3.75618
threshold=33.500000000000007 32.500000000000007 10.500000000000002 17.500000000000004 4.5000000000000009 1.5000000000000002 17.500000000000004 3.5000000000000004 10.500000000000002 24.500000000000004 6.5000000000000009 3.5000000000000004 2.5000000000000004 1.0000000180025095e-35 1.5000000000000002 11.500000000000002 13.500000000000002 3.5000000000000004 18.500000000000004 6.5000000000000009 1.0000000180025095e-35 2.5000000000000004 3.5000000000000004 4.5000000000000009 3.5000000000000004 2.5000000000000004 1.5000000000000002 18.500000000000004 21.500000000000004 28.500000000000004
decision_type=2 2 2 2 2 2 2 2 2 2 2 2 2 2 2 2 2 2 2 2 2 2 2 2 2 2 2 2 2 2
left_child=1 4 3 7 5 27 10 -2 9 -3 22 12 -12 -7 -15 16 18 -14 20 -20 -16 -18 -6 -4 25 -9 -13 -1 -29 -8
right_child=2 8 23 -5 6 13 29 24 -10 -11 11 26 17 14 15 -17 21 -19 19 -21 -22 -23 -24 -25 -26 -27 -28 28 -30 -31
leaf_value=0.057694588048117501 0.014577545635402204 0.027637017488479618 -0.063137515124521759 0.024185589776963605 0.0083691283027724477 -0.042499755187468097 -0.035351008597542262 0.011582865840510319 0.034967871098476051 -0.0095556816826127978 -0.002347832336658385 -0.012769819051027299 -0.041335993940415594 0.038080152610073921 0.022167986360463229 0.032241993929658617 -0.0058926876491078965 0.0018051774664358659 0.002075674748958502 0.040151271088556817 -0.032313493469305204 -0.066496727777564005 -0.032270666105406624 -0.025620774572362771 -0.056999359528223673 -0.039989721484300571 0.032207449913024905 -0.016591663019997732 0.051477600698885712 0.012815309464931488
leaf_weight=35 40 75 38 49 404 22 85 38 169 73 164 32 115 46 22 56 26 33 133 44 57 23 28 148 33 41 50 28 23 20
leaf_count=35 40 75 38 49 404 22 85 38 169 73 164 32 115 46 22 56 26 33 133 44 57 23 28 148 33 41 50 28 23 20
internal_value=0 0.00425599 -0.0193884 -0.00652842 0.000151128 0.00847939 -0.00445581 -0.0164296 0.0229804 0.00929197 -0.0016947 -0.00984105 -0.0162792 0.00379524 0.00629767 0.00224782 -0.0032593 -0.0317167 0.00268964 0.0115408 -0.0171414 -0.0343395 0.00573507 -0.0332855 -0.0275036 -0.0151827 0.0146553 0.0318457 0.0141062 -0.0261765
internal_weight=0 1763 387 201 1446 515 931 152 317 148 826 394 312 429 407 361 305 148 256 177 79 49 432 186 112 79 82 86 51 105
internal_count=2150 1763 387 201 1446 515 931 152 317 148 826 394 312 429 407 361 305 148 256 177 79 49 432 186 112 79 82 86 51 105
shrinkage=0.1


Tree=5
num_leaves=31
num_cat=0
split_feature=2 0 0 11 15 0 11 9 3 8 0 12 13 2 4 8 2 4 13 3 13 6 13 3 1 10 14 2 5 8
split_gain=14.3939 10.1091 5.81632 5.96927 8.4869 5.54382 6.02086 5.52538 4.85707 5.97867 7.907 4.69836 4.60899 4.34926 5.29068 5.07028 4.29517 4.17902 4.98169 8.54861 4.1321 3.78096 3.68693 3.56369 6.52513 3.61674 3.89474 3.48297 3.45445 3.28333
threshold=31.500000000000004 24.500000000000004 20.500000000000004 2.5000000000000004 7.5000000000000009 42.500000000000007 3.5000000000000004 9.5000000000000018 10.500000000000002 12.500000000000002 28.500000000000004 3.5000000000000004 13.500000000000002 23.500000000000004 2.5000000000000004 9.5000000000000018 17.500000000000004 3.5000000000000004 11.500000000000002 7.5000000000000009 8.5000000000000018 3.5000000000000004 3.5000000000000004 1.5000000000000002 5.5000000000000009 1.5000000000000002 7.5000000000000009 14.500000000000002 1.5000000000000002 30.500000000000004
decision_type=2 2 2 2 2 2 2 2 2 2 2 2 2 2 2 2 2 2 2 2 2 2 2 2 2 2 2 2 2 2
left_child=1 20 -2 4 -4 6 13 -6 9 11 -11 12 -5 14 22 16 -16 18 19 -8 23 -10 -3 24 27 26 -25 -1 -22 -30
right_child=2 5 3 8 7 -7 17 -9 21 10 -12 -13 -14 -15 15 -17 -18 -19 -20 -21 28 -23 -24 25 -26 -27 -28 -29 29 -31
leaf_value=0.063208392262458807 -0.036221363538732898 -0.0095319040616353365 0.055590483546257022 0.014920541809664834 -0.032209722734079127 0.043035296631641073 0.037753773076193681 0.02147902846336365 -0.040166757291960488 -0.027403770983219146 0.052280354319196753 -0.063131083548068997 -0.044028859762918385 0.005461587736290463 -0.0055058885055283705 0.07551990677328671 0.049747549610979422 0.034548023768833709 -0.042090160672257591 -0.028468034077774398 -0.045651179437453934 -0.0017072915592614341 0.024491160014353763 0.047094411452611291 -0.032043442401019015 -0.004167681819514225 0.0030861124640605489 0.018671801652031386 -0.0046121938996119046 -0.040459927703653066
leaf_weight=22 104 45 30 36 41 61 35 36 103 20 33 20 21 181 24 34 34 21 41 44 26 34 109 30 22 475 61 87 292 28
leaf_count=22 104 45 30 36 41 61 35 36 103 20 33 20 21 181 24 34 34 21 41 44 26 34 109 30 22 475 61 87 292 28
internal_value=0 0.00437488 -0.0153029 -0.00948603 0.0104707 0.0143877 0.0113111 -0.00710849 -0.0174837 -0.00363778 0.0222109 -0.0214297 -0.00679766 0.0172274 0.0258844 0.0448582 0.0268841 -0.00660567 -0.0138076 0.000870741 -0.00166353 -0.0306221 0.0145494 0.00277118 0.0176342 -0.00066884 0.0175943 0.0276608 -0.010597 -0.00774887
internal_weight=0 1672 478 374 107 629 568 77 267 130 53 77 57 427 246 92 58 141 120 79 1043 137 154 697 131 566 91 109 346 320
internal_count=2150 1672 478 374 107 629 568 77 267 130 53 77 57 427 246 92 58 141 120 79 1043 137 154 697 131 566 91 109 346 320
shrinkage=0.1


Tree=6
num_leaves=31
num_cat=0
split_feature=2 0 14 0 2 0 12 10 15 5 6 0 2 15 2 11 8 9 9 9 8 2 3 1 15 13 9 11 5 13
split_gain=11.8108 9.28677 5.1199 4.71158 4.50604 6.8795 8.11019 4.95853 4.52049 4.26494 4.14876 4.04657 6.41321 4.62556 4.56773 4.07302 3.61742 3.38506 3.33515 3.10661 3.03571 3.02828 4.84275 3.00307 2.96072 2.91805 2.85692 2.81446 2.785 2.78306
threshold=33.500000000000007 32.500000000000007 10.500000000000002 38.500000000000007 20.500000000000004 18.500000000000004 4.5000000000000009 1.5000000000000002 1.0000000180025095e-35 2.5000000000000004 2.5000000000000004 45.500000000000007 23.500000000000004 15.500000000000002 18.500000000000004 2.5000000000000004 8.5000000000000018 20.500000000000004 4.5000000000000009 9.5000000000000018 30.500000000000004 18.500000000000004 12.500000000000002 6.5000000000000009 10.500000000000002 19.500000000000004 12.500000000000002 2.5000000000000004 3.5000000000000004 4.5000000000000009
decision_type=2 2 2 2 2 2 2 2 2 2 2 2 2 2 2 2 2 2 2 2 2 2 2 2 2 2 2 2 2 2
left_child=1 4 3 10 5 9 7 -7 -6 23 24 12 14 15 -3 16 -14 25 -4 -17 26 22 -9 -1 -2 -10 -20 -12 -28 -24
right_child=2 11 18 -5 8 6 -8 21 17 -11 27 -13 13 -15 -16 19 -18 -19 20 -21 -22 -23 29 -25 -26 -27 28 -29 -30 -31
leaf_value=-0.027593812975314783 -0.010370329767465592 0.011908202220315803 -0.054202846947469213 0.024165780977769336 0.025362189841824909 0.040928718789679103 -0.050736770331859596 0.028423936051627005 -0.0027252856176346544 0.0048088668357758298 0.030284674465656282 0.048705590516328813 0.043514163792133333 0.03282786434696567 0.04766081307615553 -0.053055980470445421 -0.015248035300861707 -0.026215148708793559 0.0055496187372641136 -0.0076213649090598606 -0.055265760150822733 0.0033925037056792015 -0.035734976473308748 0.014561244249343873 -0.046623198433620172 -0.027883967465045408 -0.036503922843164012 -0.011498260498046876 0.0064110200852155689 0.01574834528423491
leaf_weight=109 50 73 38 44 43 61 20 150 480 126 28 40 20 31 70 27 22 89 44 34 22 255 21 20 41 51 62 38 20 21
leaf_count=109 50 73 38 44 43 61 20 150 480 126 28 40 20 31 70 27 22 89 44 34 22 255 21 20 41 51 62 38 20 21
internal_value=0 0.00347256 -0.0158195 -0.00475491 7.43423e-05 0.0052111 0.0117251 0.0141843 -0.00599215 -0.0082768 -0.0128601 0.0189736 0.0146802 -0.00103841 0.0294095 -0.0112312 0.012734 -0.00816672 -0.0277763 -0.0277318 -0.0209911 0.0105346 0.0200202 -0.0210581 -0.026704 -0.00514166 -0.0150067 0.00622783 -0.0260369 -0.00999332
internal_weight=0 1763 387 201 1446 783 528 508 663 255 157 317 277 134 143 103 42 620 186 61 148 447 192 129 91 531 126 66 82 42
internal_count=2150 1763 387 201 1446 783 528 508 663 255 157 317 277 134 143 103 42 620 186 61 148 447 192 129 91 531 126 66 82 42
shrinkage=0.1


Tree=7
num_leaves=31
num_cat=0
split_feature=2 0 3 2 0 8 8 5 14 0 9 9 2 9 14 14 15 13 4 15 11 4 12 13 3 13 11 8 11 12
split_gain=10.0625 7.16661 5.9443 4.57191 6.06265 4.16905 3.81654 5.47968 5.28648 3.79944 4.12791 5.72984 4.92586 4.88084 3.96244 3.94758 3.4358 3.39426 3.46783 4.02972 3.38196 3.12836 3.96171 4.94252 3.84325 3.38443 3.29965 4.93719 3.02284 4.27559
threshold=40.500000000000007 24.500000000000004 16.500000000000004 23.500000000000004 45.500000000000007 5.5000000000000009 25.500000000000004 2.5000000000000004 7.5000000000000009 26.500000000000004 9.5000000000000018 14.500000000000002 36.500000000000007 11.500000000000002 9.5000000000000018 20.500000000000004 3.5000000000000004 6.5000000000000009 1.5000000000000002 4.5000000000000009 1.5000000000000002 2.5000000000000004 3.5000000000000004 7.5000000000000009 3.5000000000000004 3.5000000000000004 3.5000000000000004 8.5000000000000018 2.5000000000000004 2.5000000000000004
decision_type=2 2 2 2 2 2 2 2 2 2 2 2 2 2 2 2 2 2 2 2 2 2 2 2 2 2 2 2 2 2
left_child=1 2 17 21 9 -2 7 -7 -9 14 28 13 15 -12 -5 -13 -4 18 19 -1 -19 22 25 -24 -23 -3 27 -26 29 -11
right_child=5 3 16 4 -6 6 -8 8 -10 10 11 12 -14 -15 -16 -17 -18 20 -20 -21 -22 24 23 -25 26 -27 -28 -29 -30 -31
leaf_value=0.058324199676513679 -0.065672927688468594 -0.0082747389872868862 0.011153924400391787 0.039980564466336882 0.037817728383974597 -0.040977420441565979 -0.046758251900182055 0.051091867969149642 -0.012373023884637015 0.028034014900525414 0.0021741231767142695 -0.029904956420262658 0.033554641837659091 0.05226998667459231 -0.012627036463130605 0.012518572086288083 -0.031594150969125691 0.030458130190769834 0.0020141494747634246 0.0066295242623278976 -0.0079402734701697897 0.055408857877437892 0.016336486285383051 -0.050694880973209039 0.0085322125655848801 0.024346884334360372 -0.0054412604989232246 0.061417334034077592 -0.027361320061426539 -0.022767185842668691
leaf_weight=25 22 42 23 41 44 31 34 21 35 30 41 75 23 37 22 31 103 24 428 38 518 39 22 22 41 131 37 31 102 37
leaf_count=25 22 42 23 41 44 31 34 21 35 30 41 75 23 37 22 31 103 24 428 38 518 39 22 22 41 131 37 31 102 37
internal_value=0 0.00182611 -0.00328528 0.00881209 0.0024291 -0.0256295 -0.0183488 -0.00724628 0.0114263 -0.00111782 -0.00492588 0.00454149 -0.00839565 0.0259375 0.0216097 -0.0174981 -0.0237909 -0.000784108 0.00523846 0.0271433 -0.00623998 0.0172586 0.00961299 -0.0171792 0.0284688 0.0164272 0.0188296 0.0313022 -0.016522 -2.03795e-05
internal_weight=0 2007 1159 848 483 143 121 87 56 439 376 207 129 78 63 106 126 1033 491 63 542 365 217 44 148 173 109 72 169 67
internal_count=2150 2007 1159 848 483 143 121 87 56 439 376 207 129 78 63 106 126 1033 491 63 542 365 217 44 148 173 109 72 169 67
shrinkage=0.1


end of trees

feature_importances:
Column_0=41
Column_2=29
Column_3=20
Column_15=18
Column_13=17
Column_14=16
Column_8=15
Column_9=14
Column_11=14
Column_1=10
Column_12=10
Column_4=8
Column_5=8
Column_10=8
Column_6=6
Column_7=6

parameters:
[boosting: gbdt]
[objective: regression]
[metric: l2]
[tree_learner: serial]
[device_type: cpu]
[data: ]
[valid: ]
[num_iterations: 10000]
[learning_rate: 0.1]
[num_leaves: 31]
[num_threads: 0]
[deterministic: 0]
[force_col_wise: 0]
[force_row_wise: 0]
[histogram_pool_size: -1]
[max_depth: -1]
[min_data_in_leaf: 20]
[min_sum_hessian_in_leaf: 0.001]
[bagging_fraction: 1]
[pos_bagging_fraction: 1]
[neg_bagging_fraction: 1]
[bagging_freq: 0]
[bagging_seed: 3]
[feature_fraction: 1]
[feature_fraction_bynode: 1]
[feature_fraction_seed: 2]
[extra_trees: 0]
[extra_seed: 6]
[early_stopping_round: 10]
[first_metric_only: 0]
[max_delta_step: 0]
[lambda_l1: 0]
[lambda_l2: 0]
[min_gain_to_split: 0]
[drop_rate: 0.1]
[max_drop: 50]
[skip_drop: 0.5]
[xgboost_dart_mode: 0]
[uniform_drop: 0]
[drop_seed: 4]
[top_rate: 0.2]
[other_rate: 0.1]
[min_data_per_group: 100]
[max_cat_threshold: 32]
[cat_l2: 10]
[cat_smooth: 10]
[max_cat_to_onehot: 4]
[top_k: 20]
[monotone_constraints: ]
[monotone_constraints_method: basic]
[monotone_penalty: 0]
[feature_contri: ]
[forcedsplits_filename: ]
[refit_decay_rate: 0.9]
[cegb_tradeoff: 1]
[cegb_penalty_split: 0]
[cegb_penalty_feature_lazy: ]
[cegb_penalty_feature_coupled: ]
[path_smooth: 0]
[interaction_constraints: ]
[verbosity: 1]
[saved_feature_importance_type: 0]
[max_bin: 255]
[max_bin_by_feature: ]
[min_data_in_bin: 3]
[bin_construct_sample_cnt: 200000]
[data_random_seed: 1]
[is_enable_sparse: 1]
[enable_bundle: 1]
[use_missing: 1]
[zero_as_missing: 0]
[feature_pre_filter: 1]
[pre_partition: 0]
[two_round: 0]
[header: 0]
[label_column: ]
[weight_column: ]
[group_column: ]
[ignore_column: ]
[categorical_feature: ]
[forcedbins_filename: ]
[objective_seed: 5]
[num_class: 1]
[is_unbalance: 0]
[scale_pos_weight: 1]
[sigmoid: 1]
[boost_from_average: 1]
[reg_sqrt: 0]
[alpha: 0.9]
[fair_c: 1]
[poisson_max_delta_step: 0.7]
[tweedie_variance_power: 1.5]
[lambdarank_truncation_level: 30]
[lambdarank_norm: 1]
[label_gain: ]
[eval_at: ]
[multi_error_top_k: 1]
[auc_mu_weights: ]
[num_machines: 1]
[local_listen_port: 12400]
[time_out: 120]
[machine_list_filename: ]
[machines: ]
[gpu_platform_id: -1]
[gpu_device_id: -1]
[gpu_use_dp: 0]
[num_gpu: 1]

end of parameters

pandas_categorical:null
