tree
version=v3
num_class=1
num_tree_per_iteration=1
label_index=0
max_feature_idx=15
objective=regression
feature_names=Column_0 Column_1 Column_2 Column_3 Column_4 Column_5 Column_6 Column_7 Column_8 Column_9 Column_10 Column_11 Column_12 Column_13 Column_14 Column_15
feature_infos=[1:49] [0:76] [1:49] [0:67] [0:8] [0:7] [0:7] [0:139] [2:127] [0:172] [0:7] [1:8] [0:7] [0:163] [0:136] [0:149]
tree_sizes=2341 2355 2302 2367 2207 2293 2210 2289 2297 2218 2303 2234 2393 2388 2393 2211 2461 2309 2400 2388 2317 2147 2322

Tree=0
num_leaves=27
num_cat=0
split_feature=0 2 0 1 1 3 3 2 13 13 14 4 13 9 1 9 8 5 14 13 0 9 2 7 9 13
split_gain=18.6826 13.2468 9.50823 6.73835 4.34524 4.24074 4.40755 4.20958 3.77791 3.969 3.66201 3.78927 3.2741 3.22806 4.96667 6.144 5.17221 3.22541 2.87182 2.75203 3.53002 4.08132 2.57977 2.3189 0.960078 0.729
threshold=33.500000000000007 25.500000000000004 11.500000000000002 1.5000000000000002 16.500000000000004 12.500000000000002 4.5000000000000009 29.500000000000004 20.500000000000004 9.5000000000000018 22.500000000000004 4.5000000000000009 11.500000000000002 4.5000000000000009 4.5000000000000009 12.500000000000002 8.5000000000000018 2.5000000000000004 18.500000000000004 1.5000000000000002 24.500000000000004 11.500000000000002 30.500000000000004 9.5000000000000018 11.500000000000002 12.500000000000002
decision_type=2 2 2 2 2 2 2 2 2 2 2 2 2 2 2 2 2 2 2 2 2 2 2 2 2 2
left_child=1 2 -1 17 5 6 -2 -7 9 -6 11 19 -12 -5 -15 16 -16 -4 -17 -3 23 -22 -10 24 -21 -25
right_child=4 10 3 13 8 7 -8 -9 22 -11 12 -13 -14 14 15 18 -18 -19 -20 20 21 -23 -24 25 -26 -27
leaf_value=-0.20359593055279407 -0.14578416929276139 -0.14337775232389557 -0.18365747020275744 -0.16039593312771472 -0.099195936775518967 -0.13128289138472646 -0.093195937133146833 -0.19246865848875847 -0.11269593597085625 -0.16219593302042634 -0.17719593212635668 -0.13091022059948593 -0.22519592926533372 -0.083767366266562046 -0.14693506436482767 -0.13519593462975174 -0.086547288840515116 -0.14082093429447562 -0.18428684079461466 -0.16219593302042634 -0.19519593098251514 -0.13809916026315763 -0.06679593870670944 -0.22519592926533372 -0.19246865848875847 -0.19819593072564751
leaf_weight=25 34 22 39 25 20 23 30 22 24 20 30 21 27 28 23 26 37 32 22 20 21 31 25 20 22 20
leaf_count=25 34 22 39 25 20 23 30 22 24 20 30 21 27 28 23 26 37 32 22 20 21 31 25 20 22 20
internal_value=-0.150218 -0.160675 -0.145001 -0.138687 -0.124287 -0.137673 -0.121133 -0.161196 -0.107893 -0.130696 -0.177888 -0.170789 -0.199933 -0.12737 -0.121299 -0.131029 -0.109696 -0.164351 -0.157696 -0.176157 -0.181539 -0.161157 -0.0892776 -0.194464 -0.178053 -0.211696
internal_weight=0 491 257 232 198 109 64 45 89 40 234 177 57 161 136 108 60 71 48 156 134 52 49 82 42 40
internal_count=689 491 257 232 198 109 64 45 89 40 234 177 57 161 136 108 60 71 48 156 134 52 49 82 42 40
shrinkage=1


Tree=1
num_leaves=27
num_cat=0
split_feature=0 1 2 14 0 13 2 7 9 3 9 14 3 7 0 8 13 2 1 2 13 2 2 7 4 1
split_gain=15.5075 8.8446 6.81337 5.84946 5.79032 6.22872 5.22979 4.39373 3.79148 3.26355 4.33319 3.89971 2.86575 2.83596 2.8293 6.31134 2.57401 2.85541 2.23931 3.36166 5.22022 1.29515 1.32279 0.844873 0.762034 0.637268
threshold=23.500000000000004 1.5000000000000002 19.500000000000004 11.500000000000002 39.500000000000007 1.5000000000000002 27.500000000000004 41.500000000000007 36.500000000000007 12.500000000000002 16.500000000000004 6.5000000000000009 1.5000000000000002 11.500000000000002 16.500000000000004 12.500000000000002 30.500000000000004 35.500000000000007 1.5000000000000002 23.500000000000004 7.5000000000000009 23.500000000000004 36.500000000000007 11.500000000000002 2.5000000000000004 9.5000000000000018
decision_type=2 2 2 2 2 2 2 2 2 2 2 2 2 2 2 2 2 2 2 2 2 2 2 2 2 2
left_child=2 6 14 18 5 -3 13 21 9 11 -11 -7 -13 -2 -1 -16 17 23 -4 -20 -21 -5 25 -6 -14 -23
right_child=1 4 3 7 16 8 -8 -9 -10 10 -12 12 24 -15 15 -17 -18 -19 19 20 -22 22 -24 -25 -26 -27
leaf_value=-0.013580676100470805 0.033229771256446841 0.056651734643512301 -0.030315147760586865 -0.073076667839830564 0.031185168921947483 -0.007025784601767858 -0.047176571325822314 -0.0001246154308319092 -0.0273055366675059 -0.033581453959147134 0.021117393459592546 0.010611322636787709 0.039454473555088049 -0.020023928582668306 -0.015623444602603004 0.058740113973617558 0.065181510102364323 0.001872799189194389 0.024220227077603341 -0.055567101353690744 0.0085978111252188686 -0.04718537547371604 -0.065655358348573958 0.059903745424179804 0.067059439122676853 -0.023116002028638668
leaf_weight=33 20 27 39 22 20 30 33 20 30 30 28 26 20 20 21 25 31 23 32 21 32 22 21 21 20 22
leaf_count=33 20 27 39 22 20 30 33 20 30 30 28 26 20 20 21 25 31 23 32 21 32 22 21 21 20 22
internal_value=0 0.0135682 -0.0165882 -0.025258 0.0210296 0.0117994 -0.0177084 -0.0423885 0.00521781 0.0115535 -0.00717511 0.0228687 0.0364572 0.00660292 0.00876264 0.0247915 0.0415303 0.0300743 -0.010476 -0.00137332 -0.016826 -0.0521044 -0.045006 0.0458947 0.053257 -0.0351507
internal_weight=0 379 310 231 306 211 73 107 184 154 58 96 66 40 79 46 95 64 124 85 53 87 65 41 40 44
internal_count=689 379 310 231 306 211 73 107 184 154 58 96 66 40 79 46 95 64 124 85 53 87 65 41 40 44
shrinkage=0.1


Tree=2
num_leaves=26
num_cat=0
split_feature=0 2 0 1 7 13 14 4 1 1 14 15 3 14 13 0 8 15 13 0 14 9 14 13 3
split_gain=12.8894 9.40094 6.75138 4.92412 3.73953 3.03653 2.82408 2.9206 2.71943 5.62976 2.94265 2.64747 2.50755 3.9683 3.36911 5.38146 3.19879 2.66234 2.42654 2.10255 2.66381 1.71722 1.61984 1.32377 0.795245
threshold=33.500000000000007 25.500000000000004 11.500000000000002 1.0000000180025095e-35 43.500000000000007 2.5000000000000004 22.500000000000004 4.5000000000000009 8.5000000000000018 4.5000000000000009 14.500000000000002 8.5000000000000018 22.500000000000004 24.500000000000004 24.500000000000004 42.500000000000007 25.500000000000004 20.500000000000004 11.500000000000002 28.500000000000004 4.5000000000000009 9.5000000000000018 8.5000000000000018 18.500000000000004 7.5000000000000009
decision_type=2 2 2 2 2 2 2 2 2 2 2 2 2 2 2 2 2 2 2 2 2 2 2 2 2
left_child=1 2 -1 21 12 -5 7 19 9 -7 -10 -11 13 14 15 17 -15 -2 -8 20 -3 -4 -22 24 -24
right_child=4 6 3 5 -6 8 18 -9 10 11 -12 -13 -14 16 -16 -17 -18 -19 -20 -21 22 -23 23 -25 -26
leaf_value=-0.044856754302978516 -0.0015705771984592561 -0.05257521439343691 -0.030666048296036259 0.048892464595181602 0.056885548738332896 0.030954360260682948 -0.022971704006195068 0.01805826255253383 0.051690126493059353 0.0036467054486274721 0.0080275617088332325 -0.045616358518600464 -0.016181906064351402 0.061092087801764998 0.040230273962020877 0.040225562311354136 0.010691573321819307 -0.048367899060249332 -0.06429439937626874 0.00032579723526449767 0.00047392362150652659 0.0021106221459128642 -0.052113577865418939 -0.0071414233744144439 -0.024251221716403964
leaf_weight=25 31 32 31 28 26 34 30 21 29 20 33 24 21 34 25 21 20 20 27 34 29 33 21 20 20
leaf_count=25 31 32 31 28 26 34 30 21 29 20 33 24 21 34 25 21 20 20 27 34 29 33 21 20 20
internal_value=0 -0.00868557 0.00451784 0.00983838 0.0215385 0.0188304 -0.0231868 -0.0169525 0.0128179 0.000392176 0.0284504 -0.0232241 0.0161953 0.0206981 0.00860255 -0.00237929 0.0424252 -0.0199225 -0.0425456 -0.0216655 -0.0277943 -0.0137656 -0.0189833 -0.0282334 -0.0385222
internal_weight=0 491 257 232 198 168 234 177 140 78 62 44 172 151 97 72 54 51 57 156 122 64 90 61 41
internal_count=689 491 257 232 198 168 234 177 140 78 62 44 172 151 97 72 54 51 57 156 122 64 90 61 41
shrinkage=0.1


Tree=3
num_leaves=27
num_cat=0
split_feature=0 1 2 7 2 14 3 0 8 1 6 7 3 14 3 3 0 8 14 14 13 8 0 2 2 1
split_gain=10.4519 6.73495 5.11291 4.45446 5.90073 4.20875 3.89756 4.96386 4.22394 4.0295 3.72526 3.48058 2.91995 2.857 2.32804 3.80817 2.10061 5.00431 1.69708 1.65392 1.61188 3.48853 2.80158 1.18354 0.979701 0.511169
threshold=23.500000000000004 1.5000000000000002 19.500000000000004 14.500000000000002 27.500000000000004 11.500000000000002 11.500000000000002 43.500000000000007 33.500000000000007 9.5000000000000018 2.5000000000000004 41.500000000000007 5.5000000000000009 5.5000000000000009 17.500000000000004 22.500000000000004 16.500000000000004 12.500000000000002 23.500000000000004 20.500000000000004 7.5000000000000009 12.500000000000002 19.500000000000004 23.500000000000004 36.500000000000007 9.5000000000000018
decision_type=2 2 2 2 2 2 2 2 2 2 2 2 2 2 2 2 2 2 2 2 2 2 2 2 2 2
left_child=2 3 16 4 -2 20 9 8 13 12 18 23 -3 -8 -15 -16 -1 -18 -11 -12 22 -22 -4 -7 25 -25
right_child=1 6 5 -5 -6 11 7 -9 -10 10 19 -13 -14 14 15 -17 17 -19 -20 -21 21 -23 -24 24 -26 -27
leaf_value=-0.010909947662642508 0.033230459002348098 -0.014561320312561528 -0.039915402188445581 -0.055024883009138562 -0.034141834424092223 -0.064355263655835937 0.019438997052964712 0.051154376864433297 0.032792047353891227 0.068834335082455692 0.0059651783018401178 0.0019569784402847291 0.030880719480606229 -0.044299906697766539 0.022463599556968326 -0.038507662117481238 -0.013833996227809363 0.052383285045623784 0.032846247553825383 0.041864572252546042 -0.023839084307352702 0.02430739223080523 0.0023080778121948244 -0.039818383617834616 -0.055292249719301856 -0.018261499296535144
leaf_weight=33 26 31 33 21 26 22 21 20 26 38 33 20 26 29 21 20 21 25 20 21 27 34 30 22 21 22
leaf_count=33 26 31 33 21 26 22 21 20 26 38 33 20 26 29 21 20 21 25 20 21 27 34 30 22 21 22
internal_value=0 0.0111391 -0.0136184 -0.0161537 -0.000455688 -0.0211287 0.0176501 0.00511522 -0.00275472 0.0278114 0.0388271 -0.0356595 0.00616663 -0.0129109 -0.0226159 -0.00727848 0.00834228 0.0221537 0.0564246 0.0199261 -0.00859008 0.00299666 -0.019809 -0.044307 -0.0375215 -0.0290399
internal_weight=0 379 310 73 52 231 306 137 117 169 112 107 57 91 70 41 79 46 58 54 124 61 63 87 65 44
internal_count=689 379 310 73 52 231 306 137 117 169 112 107 57 91 70 41 79 46 58 54 124 61 63 87 65 44
shrinkage=0.1


Tree=4
num_leaves=25
num_cat=0
split_feature=0 2 0 1 7 13 15 13 4 15 9 1 9 8 13 3 10 15 13 14 3 0 7 7
split_gain=8.9126 7.10287 4.80309 3.7281 3.04291 2.52677 2.47919 2.31574 3.49855 2.45715 2.2281 3.37813 4.24185 3.86764 1.92407 2.90345 3.36199 4.22715 2.45845 1.92066 1.7354 1.60612 1.4635 0.973756
threshold=33.500000000000007 25.500000000000004 11.500000000000002 1.5000000000000002 43.500000000000007 2.5000000000000004 7.5000000000000009 4.5000000000000009 4.5000000000000009 5.5000000000000009 4.5000000000000009 4.5000000000000009 12.500000000000002 8.5000000000000018 2.5000000000000004 11.500000000000002 3.5000000000000004 10.500000000000002 20.500000000000004 18.500000000000004 10.500000000000002 22.500000000000004 11.500000000000002 10.500000000000002
decision_type=2 2 2 2 2 2 2 2 2 2 2 2 2 2 2 2 2 2 2 2 2 2 2 2
left_child=1 2 -1 6 14 23 -4 -7 9 -9 -5 -12 13 -13 -2 16 17 -16 -17 -14 21 -11 -22 -3
right_child=4 5 3 10 -6 7 -8 8 -10 20 11 12 19 -15 15 18 -18 -19 -20 -21 22 -23 -24 -25
leaf_value=-0.0373911943435669 0.042248050868511203 -0.01254499763250351 -0.029298593146460397 -0.010278048753738403 0.04979542379195874 -0.04959853080011184 0.0080779575639300886 -0.0015710819152093703 0.013099397332580002 -0.038522043079137806 0.053156746072428568 -0.0002971172332763672 0.010421981261326718 0.051922539923642132 0.03918957924842835 -0.023245353761472201 0.048673892226712458 -0.014039478914157764 0.018177473545074464 -0.029724544015797702 -0.028981207375941072 -0.0046512863997902184 -0.063610518895662757 0.018660068511962891
leaf_weight=25 20 20 35 25 26 31 36 31 27 28 28 23 26 37 25 38 29 37 23 22 23 28 26 20
leaf_count=25 20 20 35 25 26 31 36 31 27 28 28 23 26 37 25 38 29 37 23 22 23 28 26 20
internal_value=0 -0.00722245 0.00425426 0.00874192 0.0179102 -0.0198272 -0.0103471 -0.0245457 -0.0197811 -0.0263088 0.0171601 0.0222038 0.014179 0.031905 0.0130904 0.00925382 0.0205695 0.00742385 -0.00762691 -0.00797851 -0.0336123 -0.0215867 -0.0473559 0.00305754
internal_weight=0 491 257 232 198 234 71 194 163 136 161 136 108 60 172 152 91 62 61 48 105 56 49 40
internal_count=689 491 257 232 198 234 71 194 163 136 161 136 108 60 172 152 91 62 61 48 105 56 49 40
shrinkage=0.1


Tree=5
num_leaves=26
num_cat=0
split_feature=0 1 10 6 13 8 2 15 3 2 4 0 9 14 8 9 2 8 3 13 7 15 14 1 7
split_gain=7.48722 3.82014 6.68771 5.41204 5.6128 5.37648 4.69971 3.77803 3.57977 3.09567 3.49054 3.00974 3.59739 3.27185 7.19824 4.33944 3.1374 3.09318 2.33525 1.8915 1.51724 2.03705 1.0141 0.631347 0.184028
threshold=27.500000000000004 6.5000000000000009 2.5000000000000004 2.5000000000000004 17.500000000000004 16.500000000000004 25.500000000000004 21.500000000000004 12.500000000000002 25.500000000000004 4.5000000000000009 11.500000000000002 4.5000000000000009 18.500000000000004 13.500000000000002 12.500000000000002 20.500000000000004 7.5000000000000009 7.5000000000000009 2.5000000000000004 5.5000000000000009 5.5000000000000009 18.500000000000004 12.500000000000002 14.500000000000002
decision_type=2 2 2 2 2 2 2 2 2 2 2 2 2 2 2 2 2 2 2 2 2 2 2 2 2
left_child=9 2 6 8 5 -5 -2 -6 22 11 19 -1 -13 14 16 -15 17 -14 -4 -11 -21 -22 -3 24 -23
right_child=1 3 18 4 7 -7 -8 -9 -10 10 -12 12 13 15 -16 -17 -18 -19 -20 20 21 23 -24 -25 -26
leaf_value=-0.033652076005935672 0.052620108310992897 0.068619752371752704 -0.0010906676451365152 -0.057300836415517899 0.0007002098560333252 0.0082321768806826682 -0.0094357817069343902 0.05514557888874641 0.013836296285901752 -0.0016473559396607534 0.012889534646067128 -0.029892311351639885 -0.037943582351391135 0.017613543592393401 0.054552470832257664 -0.040737017530661362 0.028140727016660906 0.012400703844816788 -0.043503678195616784 -0.010129649830715997 -0.015841804204448577 -0.046734340488910675 0.040949706389353829 -0.061363597994758969 -0.033168632686138157
leaf_weight=25 26 27 21 21 25 31 23 26 35 28 29 28 26 25 37 26 27 23 34 28 31 20 26 21 20
leaf_count=25 26 27 21 21 25 31 23 26 35 28 29 28 26 25 37 26 27 23 34 28 31 20 26 21 20
internal_value=0 0.0120472 -0.00337432 0.0204443 0.00488515 -0.0182331 0.0234918 0.0284567 0.0386556 -0.00902014 -0.0188347 -0.00101468 0.00323498 0.00889086 0.0183799 -0.0121338 0.000769509 -0.0143126 -0.0273096 -0.025051 -0.0305118 -0.0367151 0.0550458 -0.0473229 -0.0399515
internal_weight=0 295 104 191 103 52 49 51 88 394 177 217 192 164 113 51 76 49 55 148 120 92 53 61 40
internal_count=689 295 104 191 103 52 49 51 88 394 177 217 192 164 113 51 76 49 55 148 120 92 53 61 40
shrinkage=0.1


Tree=6
num_leaves=25
num_cat=0
split_feature=1 10 0 2 8 8 14 13 1 0 13 12 7 1 15 13 14 4 10 2 15 8 10 0
split_gain=6.29236 7.98054 5.79424 3.34425 3.18787 4.45538 5.2359 4.3221 3.12304 2.64833 4.18738 2.55841 1.99143 1.90081 2.20991 1.60286 2.86712 2.05076 2.84531 1.48944 2.56147 2.99483 1.38253 0.920769
threshold=1.5000000000000002 1.5000000000000002 39.500000000000007 25.500000000000004 12.500000000000002 38.500000000000007 10.500000000000002 11.500000000000002 13.500000000000002 16.500000000000004 1.5000000000000002 2.5000000000000004 5.5000000000000009 22.500000000000004 6.5000000000000009 13.500000000000002 14.500000000000002 2.5000000000000004 2.5000000000000004 37.500000000000007 13.500000000000002 23.500000000000004 2.5000000000000004 27.500000000000004
decision_type=2 2 2 2 2 2 2 2 2 2 2 2 2 2 2 2 2 2 2 2 2 2 2 2
left_child=1 -1 3 9 11 6 7 -6 -8 -2 -11 23 -12 14 -14 17 -17 18 -3 20 -4 -22 -16 -5
right_child=2 15 19 4 5 -7 8 -9 -10 10 12 -13 13 -15 22 16 -18 -19 -20 -21 21 -23 -24 -25
leaf_value=0.035259187909273002 -0.015673195965149822 -0.0052482234019982192 0.010880354505318863 -0.055078191648830072 0.0081711505140577047 -0.030838262333589439 -0.038586880461029385 0.067401176691055303 0.0097224717959761633 0.055600769682364028 0.029216702779134116 -0.0023471410418378896 0.015776612850673059 0.02918221524783543 -0.03467351471384366 0.01078734469824824 -0.03262507570907474 -0.054375395874182386 -0.048179772725472081 0.0075742297447644741 0.075250053405761727 0.022339628636837007 -0.002704270135971808 -0.025803754159382415
leaf_weight=26 34 38 26 22 28 34 23 22 32 22 36 29 34 21 24 29 32 30 26 26 23 20 31 21
leaf_count=26 34 38 26 22 28 34 23 22 32 22 36 29 34 21 24 29 32 30 26 26 23 20 31 21
internal_value=0 -0.0160099 0.00570433 0.00058217 -0.00822241 0.000624015 0.0108118 0.0342324 -0.0104796 0.00977903 0.0149301 -0.0253009 0.00880162 0.00212031 -0.00426508 -0.0246099 -0.0119864 -0.0328018 -0.0226892 0.0279722 0.0356584 0.0506406 -0.0166545 -0.0407814
internal_weight=0 181 508 413 211 139 105 50 55 202 168 72 146 110 89 155 61 94 64 95 69 43 55 43
internal_count=689 181 508 413 211 139 105 50 55 202 168 72 146 110 89 155 61 94 64 95 69 43 55 43
shrinkage=0.1


Tree=7
num_leaves=26
num_cat=0
split_feature=0 13 9 8 3 1 10 2 15 2 3 7 8 14 3 7 15 14 0 13 8 0 2 14 9
split_gain=5.13326 4.01467 4.20408 3.28825 3.14874 3.18484 4.08175 3.08242 2.65957 5.78327 2.45615 4.62862 2.43851 2.41691 2.3168 2.26953 2.18592 1.62461 2.4771 1.30123 2.62349 2.04082 1.19023 0.737062 0.00233193
threshold=23.500000000000004 2.5000000000000004 56.000000000000007 33.500000000000007 12.500000000000002 11.500000000000002 3.5000000000000004 19.500000000000004 8.5000000000000018 36.500000000000007 2.5000000000000004 7.5000000000000009 13.500000000000002 11.500000000000002 7.5000000000000009 41.500000000000007 18.500000000000004 16.500000000000004 18.500000000000004 7.5000000000000009 12.500000000000002 19.500000000000004 23.500000000000004 22.500000000000004 16.500000000000004
decision_type=2 2 2 2 2 2 2 2 2 2 2 2 2 2 2 2 2 2 2 2 2 2 2 2 2
left_child=7 14 3 4 5 10 12 17 -6 -10 -3 -12 -7 19 -2 22 -5 18 -1 21 -21 -9 -15 24 -24
right_child=1 2 -4 16 8 6 -8 13 9 -11 11 -13 -14 15 -16 -17 -18 -19 -20 20 -22 -23 23 -25 -26
leaf_value=-0.0013624586164951325 0.057585525783625517 -0.020979645007695908 -0.039823283042226522 0.052070937726808632 -0.038700701553246071 -0.01470282276471456 0.063311847458992696 -0.033114221601775198 0.024209081425386317 -0.042535969189235141 0.049106640758968534 -0.0091250262581385102 0.034087001085281371 -0.053474401343952531 0.016395164860619437 0.0039886024594306948 0.011654318496584893 -0.0085713638578142452 0.046289097368717197 -0.018734952697047481 0.023017656890784995 0.0029232771197954814 -0.018909856081008911 -0.040034450531005863 -0.01738278940320015
leaf_weight=24 22 39 21 23 29 21 21 33 34 21 21 39 20 22 36 20 32 35 20 27 34 30 20 25 20
leaf_count=24 22 39 21 23 29 21 21 33 34 21 21 39 20 22 36 20 32 35 20 27 34 30 20 25 20
internal_value=0 0.00780635 0.00343147 0.0064593 0.00149886 0.0096875 0.0274602 -0.0095439 -0.014196 -0.00127539 -0.00144286 0.0112561 0.00909709 -0.0153753 0.0320191 -0.0263867 0.0285558 0.00750741 0.0202973 -0.0058735 0.00453699 -0.0159535 -0.0333696 -0.0265648 -0.0181463
internal_weight=0 379 321 300 245 161 62 310 84 55 99 60 41 231 58 107 55 79 44 124 61 63 87 65 40
internal_count=689 379 321 300 245 161 62 310 84 55 99 60 41 231 58 107 55 79 44 124 61 63 87 65 40
shrinkage=0.1


Tree=8
num_leaves=26
num_cat=0
split_feature=1 10 0 2 9 8 0 3 12 0 13 0 9 14 14 3 9 13 9 4 10 8 10 15 8
split_gain=4.54864 6.47052 4.20535 2.38679 2.55976 2.66056 2.57555 2.71704 1.92131 1.78339 3.09429 1.67808 3.37095 1.87287 4.05524 2.3978 1.50119 1.30537 2.43194 1.69961 2.1806 1.25973 1.65004 1.50242 1.19983
threshold=1.5000000000000002 1.5000000000000002 39.500000000000007 25.500000000000004 6.5000000000000009 12.500000000000002 22.500000000000004 11.500000000000002 2.5000000000000004 16.500000000000004 1.5000000000000002 19.500000000000004 6.5000000000000009 7.5000000000000009 14.500000000000002 5.5000000000000009 18.500000000000004 13.500000000000002 9.5000000000000018 2.5000000000000004 2.5000000000000004 7.5000000000000009 3.5000000000000004 18.500000000000004 18.500000000000004
decision_type=2 2 2 2 2 2 2 2 2 2 2 2 2 2 2 2 2 2 2 2 2 2 2 2 2
left_child=1 -1 3 9 24 8 16 -8 -6 -2 -11 -12 -13 -14 -15 -16 -7 19 -19 20 -3 -4 23 -23 -5
right_child=2 17 21 4 5 6 7 -9 -10 10 11 12 13 14 15 -17 -18 18 -20 -21 -22 22 -24 -25 -26
leaf_value=0.032552595665821658 -0.012630500775926255 -0.0042738956840414752 0.044194738502087799 -0.044680722193284471 -0.034225230686592334 0.0086769116195765418 0.044498474257332943 0.0024330698391970469 0.0025272197127342226 0.04744438095526262 0.032667044753378088 0.039214120308558149 -0.027951645851135257 0.034319303874616271 -0.039508434739850821 0.0048608539433314885 -0.027861450936483304 0.013996523976325989 -0.026602901518344879 -0.048388415575027467 -0.04185757510937177 0.024268850413235753 0.036855894768679585 -0.012284477897312331 -0.01234948846201102
leaf_weight=26 34 38 23 22 33 22 28 34 25 22 22 21 26 27 21 29 23 25 36 30 26 22 27 23 24
leaf_count=26 34 38 23 22 33 22 28 34 25 22 22 21 26 27 21 29 23 25 36 30 26 22 27 23 24
internal_value=0 -0.0136121 0.00484996 0.000486251 -0.00695192 -0.00113631 0.00821271 0.0214303 -0.0183837 0.00825583 0.0124828 0.00721464 0.00269889 -0.00474596 0.00308973 -0.0137742 -0.00999825 -0.0213558 -0.00996379 -0.0287485 -0.0195423 0.0238206 0.0173122 0.00558604 -0.0278123
internal_weight=0 181 508 413 211 165 107 62 58 202 168 146 124 103 77 50 45 155 61 94 64 95 72 45 46
internal_count=689 181 508 413 211 165 107 62 58 202 168 146 124 103 77 50 45 155 61 94 64 95 72 45 46
shrinkage=0.1


Tree=9
num_leaves=25
num_cat=0
split_feature=13 0 1 10 8 1 2 7 3 14 11 14 1 1 15 2 9 3 13 2 11 0 13 13
split_gain=3.76767 4.89163 2.88917 4.10597 3.00782 3.75553 2.67046 3.20987 2.78674 3.17754 3.8257 2.391 2.1276 4.43966 4.21457 1.90553 2.32689 1.85749 1.70553 1.54614 2.99645 1.37119 1.10818 0.512958
threshold=1.0000000180025095e-35 41.500000000000007 1.5000000000000002 1.5000000000000002 61.500000000000007 24.500000000000004 16.500000000000004 9.5000000000000018 10.500000000000002 6.5000000000000009 3.5000000000000004 14.500000000000002 16.500000000000004 10.500000000000002 8.5000000000000018 26.500000000000004 13.500000000000002 17.500000000000004 8.5000000000000018 26.500000000000004 3.5000000000000004 20.500000000000004 12.500000000000002 8.5000000000000018
decision_type=2 2 2 2 2 2 2 2 2 2 2 2 2 2 2 2 2 2 2 2 2 2 2 2
left_child=-1 2 3 -2 5 6 7 -4 12 -10 17 -7 13 14 23 -3 -17 -11 21 20 -20 -5 -16 -8
right_child=1 15 4 18 -6 11 8 -9 9 10 -12 -13 -14 -15 22 16 -18 -19 19 -21 -22 -23 -24 -25
leaf_value=0.035929258912801743 0.024681534144011412 0.049074492752552039 0.04104389034468553 -0.049178382754325872 -0.03610480346462943 0.050725877285003662 0.0092514265328645703 -0.0064243707273687646 0.007913230061531067 -0.062840466918768711 -0.0010975510785073944 0.008455882407724857 -0.020132890524286212 0.037597659874606781 -0.037104653208344072 0.034482715909297655 -0.0070623347801821576 -0.025392082792062027 0.023326931357383729 -0.02763782825909163 -0.026686872736267422 -0.019188709954420728 -0.006869646364992316 0.030935788005590437
leaf_weight=28 22 20 29 31 22 23 24 28 35 27 33 32 33 37 27 26 28 26 25 38 23 30 22 20
leaf_count=28 22 20 29 31 22 23 24 28 35 27 33 32 33 37 27 26 28 26 25 38 23 30 22 20
internal_value=0 -0.00152197 -0.00457634 -0.0156098 -0.000115441 0.00188397 -0.00202707 0.0177261 -0.00599163 -0.0174888 -0.0278268 0.0261324 0.00254307 0.00829927 -0.00335707 0.0227067 0.0129408 -0.0444696 -0.0216398 -0.0125682 -0.000638016 -0.0344294 -0.0235298 0.019108
internal_weight=0 661 587 169 418 396 341 57 284 121 86 55 163 130 93 74 54 53 147 86 48 61 49 44
internal_count=689 661 587 169 418 396 341 57 284 121 86 55 163 130 93 74 54 53 147 86 48 61 49 44
shrinkage=0.1


Tree=10
num_leaves=26
num_cat=0
split_feature=13 15 1 2 5 12 11 13 15 9 9 14 1 8 8 3 9 2 0 11 9 3 8 2 2
split_gain=3.39148 3.86628 3.50162 3.78514 4.86145 3.68663 3.52974 3.16509 2.24479 2.13429 3.00333 4.32918 2.64437 3.24134 2.51562 1.78727 1.65512 1.93721 1.85042 1.54393 1.53235 1.91231 1.41271 1.30819 1.17817
threshold=2.5000000000000004 21.500000000000004 24.500000000000004 11.500000000000002 1.5000000000000002 3.5000000000000004 3.5000000000000004 4.5000000000000009 4.5000000000000009 14.500000000000002 7.5000000000000009 4.5000000000000009 9.5000000000000018 13.500000000000002 8.5000000000000018 7.5000000000000009 20.500000000000004 22.500000000000004 29.500000000000004 3.5000000000000004 27.500000000000004 11.500000000000002 12.500000000000002 23.500000000000004 28.500000000000004
decision_type=2 2 2 2 2 2 2 2 2 2 2 2 2 2 2 2 2 2 2 2 2 2 2 2 2
left_child=1 8 3 -2 -5 6 -4 19 -1 10 11 -9 13 14 -12 22 18 -18 -11 -6 -19 -22 -13 -17 -10
right_child=2 -3 5 4 7 -7 -8 9 24 16 12 15 -14 -15 -16 23 17 20 -20 -21 21 -23 -24 -25 -26
leaf_value=0.033650463277643379 0.027651108753296641 0.054051104865290904 0.058935621380805971 -0.055452996634301692 -0.041762527122217064 -0.014283647208378235 0.0099498540947311823 0.033802973940258933 0.0067626661724514425 -0.044097365332501276 0.010197774378152995 -0.043029908537864689 0.038813127441839741 0.031951724205698286 -0.035747970505194231 0.017488851100206378 -0.027143511484409202 0.025490189817818726 -0.0048288348175230481 -0.0082159571025682537 0.016477767669636271 -0.021084555893233329 -0.010479460780819258 -0.015755578053408655 -0.023508659750223163
leaf_weight=22 31 22 24 21 34 29 38 21 36 28 26 30 33 28 22 20 29 22 21 23 23 33 24 29 20
leaf_count=22 31 22 24 21 34 29 38 21 36 28 26 30 33 28 22 20 29 22 21 23 23 33 24 29 20
internal_value=0 0.0170272 -0.00289086 -0.00618683 -0.00843303 0.0151464 0.0289121 -0.00621909 0.00658453 -0.00299439 0.00306649 -0.00757804 0.0151759 0.0049123 -0.0108607 -0.0160149 -0.0120469 -0.00507644 -0.027268 -0.0282262 0.00312798 -0.00565717 -0.028563 -0.00218642 -0.00404852
internal_weight=0 100 589 498 467 91 62 446 78 389 233 124 109 76 48 103 156 107 49 57 78 56 54 49 56
internal_count=689 100 589 498 467 91 62 446 78 389 233 124 109 76 48 103 156 107 49 57 78 56 54 49 56
shrinkage=0.1


Tree=11
num_leaves=25
num_cat=0
split_feature=7 13 0 2 15 14 2 9 14 13 1 5 3 15 6 14 2 9 12 15 10 3 3 15
split_gain=3.19731 2.63191 3.27862 1.99646 2.03922 4.47168 2.93627 2.30443 2.87072 2.48026 2.37328 2.14256 2.12826 2.61321 1.90276 1.67172 1.58642 1.77127 1.56896 1.38752 1.80948 4.09218 2.05732 0.825249
threshold=1.0000000180025095e-35 1.0000000180025095e-35 41.500000000000007 45.500000000000007 30.500000000000004 6.5000000000000009 11.500000000000002 5.5000000000000009 4.5000000000000009 12.500000000000002 22.500000000000004 2.5000000000000004 3.5000000000000004 9.5000000000000018 4.5000000000000009 26.500000000000004 26.500000000000004 13.500000000000002 3.5000000000000004 3.5000000000000004 2.5000000000000004 10.500000000000002 8.5000000000000018 7.5000000000000009
decision_type=2 2 2 2 2 2 2 2 2 2 2 2 2 2 2 2 2 2 2 2 2 2 2 2
left_child=-1 -2 3 4 6 -6 -3 9 11 23 12 -9 13 -10 18 -7 -4 -18 19 -14 22 -22 -21 -8
right_child=1 2 16 -5 5 15 7 8 10 -11 -12 -13 14 -15 -16 -17 17 -19 -20 20 21 -23 -24 -25
leaf_value=-0.03939858123660088 0.031188302380698071 0.028005624452122936 0.043722421526908875 -0.030941687462230524 0.050506261638973073 -0.014742855810456807 -0.0492510985583067 -0.04390880087247262 0.030281433386680406 -0.00017441948875784874 0.02642580323359546 -0.0066543357152687877 -0.018990345413868244 -0.012218382177145585 -0.033107463580866657 0.021315753161907199 0.029547742926157441 -0.0066994290266718191 -0.021367975425075843 -0.0028352347405060478 0.023855950224858063 -0.029554956033825876 0.036638068672149408 -0.022437539967623626
leaf_weight=20 28 27 20 24 23 36 24 26 39 32 34 38 26 23 24 20 26 28 37 23 26 32 31 22
leaf_count=20 28 27 20 24 23 36 24 26 39 32 34 38 26 23 24 20 26 28 37 23 26 32 31 22
internal_value=0 0.00117784 -0.000133075 -0.00271677 -0.00146926 0.0133825 -0.00399789 -0.00597523 -0.00259036 -0.0215543 0.00157476 -0.021789 -0.00166254 0.0145154 -0.0067029 -0.00186478 0.0196636 0.0107529 -0.0030817 0.00182114 0.00665237 -0.00561214 0.0198254 -0.0364272
internal_weight=0 669 641 567 543 79 464 437 359 78 295 64 261 62 199 56 74 54 175 138 112 58 54 46
internal_count=689 669 641 567 543 79 464 437 359 78 295 64 261 62 199 56 74 54 175 138 112 58 54 46
shrinkage=0.1


Tree=12
num_leaves=27
num_cat=0
split_feature=7 7 11 2 3 9 7 9 1 7 8 3 15 7 8 3 8 7 1 14 2 12 12 13 14 15
split_gain=2.58982 2.24521 2.43934 2.33076 3.62336 2.83656 2.99295 3.7001 4.84961 2.72796 2.68285 2.00953 1.78383 1.41541 1.47512 3.58999 1.88038 2.90381 1.81474 1.9305 2.80707 1.39367 1.35728 1.1644 0.909713 0.819741
threshold=1.0000000180025095e-35 43.500000000000007 4.5000000000000009 25.500000000000004 20.500000000000004 7.5000000000000009 4.5000000000000009 14.500000000000002 9.5000000000000018 17.500000000000004 14.500000000000002 12.500000000000002 8.5000000000000018 4.5000000000000009 33.500000000000007 11.500000000000002 22.500000000000004 6.5000000000000009 11.500000000000002 5.5000000000000009 18.500000000000004 3.5000000000000004 2.5000000000000004 16.500000000000004 7.5000000000000009 7.5000000000000009
decision_type=2 2 2 2 2 2 2 2 2 2 2 2 2 2 2 2 2 2 2 2 2 2 2 2 2 2
left_child=-1 3 23 4 13 12 -7 8 -8 10 24 -12 -5 -2 15 16 17 -15 19 -19 -21 -14 -10 -3 -9 -22
right_child=1 2 -4 5 -6 6 7 9 22 -11 11 -13 21 14 -16 -17 -18 18 -20 20 25 -23 -24 -25 -26 -27
leaf_value=-0.035458723083138466 0.021040339354011749 0.015766418657519602 -0.010085620284080506 -0.0045267541562357258 0.046650230437517169 -0.03075879365205765 -0.0068227882044655935 -0.031275961399078366 0.061613045703797109 -0.030685127899050715 0.040758303891528735 -0.0015161816192709881 -0.050975305415116828 0.039377947605174518 0.020494877099990844 -0.032433035033089773 -0.024629154394973408 0.021730867299166595 0.02692168544639241 0.0090576866188564822 -0.015376247882843017 -0.016777127439325506 0.02521303027868271 0.048301718045364733 -0.002662301540374756 -0.041843314875255937
leaf_weight=20 36 22 20 31 20 30 35 20 21 36 22 23 26 23 30 35 22 22 22 37 25 22 20 22 25 22
leaf_count=20 36 22 20 31 20 30 35 20 21 36 22 23 26 23 30 35 22 22 22 37 25 22 20 22 25 22
internal_value=0 0.00106005 0.0188717 -0.000824152 0.00555963 -0.00685898 -0.00128602 0.00309112 0.0205176 -0.00742009 0.00188593 0.0191513 -0.0232251 0.00256031 -0.000234988 -0.00322487 0.00268429 0.00666374 0.000785402 -0.00463911 -0.0115455 -0.0353011 0.0438569 0.0320341 -0.0153795 -0.0277651
internal_weight=0 669 64 605 294 311 232 202 76 126 90 45 79 274 238 208 173 151 128 106 84 48 41 44 45 47
internal_count=689 669 64 605 294 311 232 202 76 126 90 45 79 274 238 208 173 151 128 106 84 48 41 44 45 47
shrinkage=0.1


Tree=13
num_leaves=27
num_cat=0
split_feature=13 15 0 14 8 8 13 2 15 8 15 14 14 2 14 9 15 11 13 7 5 1 9 9 1 2
split_gain=2.39696 2.88853 2.43131 2.01356 2.59373 4.57354 2.06754 2.80887 2.39879 2.78745 1.86019 1.83182 3.21676 2.73326 1.57074 2.23673 3.52865 2.49443 1.5019 1.45118 2.5458 1.30347 0.966453 0.878378 0.841302 0.41501
threshold=2.5000000000000004 21.500000000000004 41.500000000000007 15.500000000000002 38.500000000000007 23.500000000000004 21.500000000000004 25.500000000000004 12.500000000000002 12.500000000000002 4.5000000000000009 8.5000000000000018 5.5000000000000009 18.500000000000004 30.500000000000004 13.500000000000002 10.500000000000002 4.5000000000000009 30.500000000000004 14.500000000000002 3.5000000000000004 9.5000000000000018 9.5000000000000018 13.500000000000002 8.5000000000000018 27.500000000000004
decision_type=2 2 2 2 2 2 2 2 2 2 2 2 2 2 2 2 2 2 2 2 2 2 2 2 2 2
left_child=1 10 3 4 5 6 7 11 9 -9 -1 12 -2 -13 19 16 -16 -17 23 20 24 -7 -12 -4 -5 -8
right_child=2 -3 18 14 -6 21 25 8 -10 -11 22 13 -14 -15 15 17 -18 -19 -20 -21 -22 -23 -24 -25 -26 -27
leaf_value=0.029926877265626733 0.014045502296809493 0.046316364001144063 0.018783953189849854 -0.039537784999067134 -0.027695791522661845 0.016508637964725497 0.0074273321032524119 -0.025365821491269504 -0.040075660058680705 0.018620729804039001 -0.022016111761331558 0.046006029276620779 -0.035447359954317408 -0.00014384994001099559 0.036979361107716192 0.00055264839902520186 -0.017436698756434704 -0.042621957413528283 0.033549192658177129 -0.036405252531552933 0.016605591206323534 0.052612190693616868 0.0054007708198494384 -0.0098707590414130186 -0.011555105376811255 0.027123640931170919
leaf_weight=22 29 22 20 22 30 20 20 34 34 25 20 21 24 33 26 32 22 23 27 39 21 20 36 23 21 23
leaf_count=22 29 22 20 22 30 20 20 34 34 25 20 21 24 33 26 32 22 23 27 39 21 20 36 23 21 23
internal_value=0 0.0143146 -0.00243032 -0.00478986 0.00026327 0.00322713 -0.00193061 -0.00620765 -0.0189193 -0.00672745 0.00528842 0.00484077 -0.00836636 0.0178033 -0.0124677 -0.00373558 0.0120387 -0.0175022 0.015064 -0.0211998 -0.0119339 0.0345604 -0.00439097 0.00345701 -0.0258718 0.0179626
internal_weight=0 100 589 519 313 283 243 200 93 59 78 107 53 54 206 103 48 55 70 103 64 40 56 43 43 43
internal_count=689 100 589 519 313 283 243 200 93 59 78 107 53 54 206 103 48 55 70 103 64 40 56 43 43 43
shrinkage=0.1


Tree=14
num_leaves=27
num_cat=0
split_feature=7 9 13 2 1 11 0 2 0 9 9 0 0 15 7 0 15 7 14 4 13 14 5 14 9 0
split_gain=2.16825 2.7009 2.01035 2.20959 2.29503 1.85959 1.75989 1.60152 3.38337 1.73377 1.53036 1.70488 2.13723 2.00725 2.39972 3.75713 3.25854 1.91484 2.60713 1.69255 1.13515 1.05193 0.793551 0.740601 0.696929 0.622541
threshold=43.500000000000007 2.5000000000000004 1.0000000180025095e-35 45.500000000000007 1.5000000000000002 4.5000000000000009 12.500000000000002 27.500000000000004 26.500000000000004 6.5000000000000009 41.500000000000007 39.500000000000007 34.500000000000007 7.5000000000000009 5.5000000000000009 29.500000000000004 21.500000000000004 8.5000000000000018 12.500000000000002 2.5000000000000004 8.5000000000000018 17.500000000000004 2.5000000000000004 28.500000000000004 8.5000000000000018 20.500000000000004
decision_type=2 2 2 2 2 2 2 2 2 2 2 2 2 2 2 2 2 2 2 2 2 2 2 2 2 2
left_child=1 -1 -3 4 7 21 -6 8 9 -4 11 12 13 17 -15 16 20 25 -19 -13 -16 -2 -11 -12 -9 -8
right_child=5 2 3 -5 6 -7 10 24 -10 22 23 19 -14 14 15 -17 -18 18 -20 -21 -22 -23 -24 -25 -26 -27
leaf_value=-0.030570869484255393 0.014907968044281007 0.027460845828056336 0.0074155707250941885 -0.032585708390582689 -0.02147302770843873 -0.0077525405585765848 -0.0073138078053792315 -0.0095340735465288175 0.026162264389651163 -0.041003843006633581 0.0013808316737413406 0.043731299415230754 -0.018577888182231359 0.022442894868361644 -0.039074872889452515 0.027179437302626099 0.017360331659967251 0.061340146064758308 0.012453883948425453 0.0083587822414213624 -0.012969390663408464 0.045960663855075835 -0.013826896995306016 -0.025207455320791768 -0.032934646947043282 0.016757355494932694
leaf_weight=31 24 25 22 22 26 20 21 20 28 21 20 24 35 39 36 26 22 20 24 31 31 20 22 22 35 22
leaf_count=31 24 25 22 22 26 20 21 20 28 21 20 24 35 39 36 26 22 20 24 31 31 20 22 22 35 22
internal_value=0 -0.00179513 -0.000293362 -0.00151279 -0.000263057 0.0175305 0.00368193 -0.0108985 -0.00289878 -0.0154174 0.00543535 0.00771702 0.00451326 0.00786675 0.00100727 -0.00626221 -0.0160317 0.0200088 0.0346749 0.0237941 -0.0269962 0.0290228 -0.0270994 -0.0125464 -0.0244253 0.00500167
internal_weight=0 625 594 569 547 64 399 148 93 65 373 331 276 241 154 115 89 87 44 55 67 44 43 42 55 43
internal_count=689 625 594 569 547 64 399 148 93 65 373 331 276 241 154 115 89 87 44 55 67 44 43 42 55 43
shrinkage=0.1


Tree=15
num_leaves=25
num_cat=0
split_feature=1 5 9 13 9 1 3 3 7 9 0 8 7 8 14 7 7 13 10 7 13 2 13 11
split_gain=1.99159 2.07211 1.8883 1.85903 2.36407 2.11225 1.79611 1.60431 2.57807 1.66457 3.67044 3.29331 2.3399 2.25172 2.04992 3.27592 2.84171 1.76036 1.53479 1.15052 1.12403 0.875314 0.652176 0.20968
threshold=29.500000000000004 1.5000000000000002 8.5000000000000018 2.5000000000000004 9.5000000000000018 9.5000000000000018 26.500000000000004 20.500000000000004 2.5000000000000004 18.500000000000004 33.500000000000007 30.500000000000004 5.5000000000000009 18.500000000000004 5.5000000000000009 12.500000000000002 19.500000000000004 7.5000000000000009 2.5000000000000004 14.500000000000002 22.500000000000004 18.500000000000004 35.500000000000007 2.5000000000000004
decision_type=2 2 2 2 2 2 2 2 2 2 2 2 2 2 2 2 2 2 2 2 2 2 2 2
left_child=1 -1 -2 4 -3 -6 7 8 -5 10 11 12 -10 19 17 21 -17 -14 -12 -11 -15 -16 -4 -23
right_child=2 3 22 6 5 -7 -8 -9 9 13 18 -13 14 20 15 16 -18 -19 -20 -21 -22 23 -24 -25
leaf_value=-0.027349326262871426 -0.0066868940537626103 -0.010530806879202525 0.041937698210988729 -0.03221844392163413 0.0092119851937660802 0.046917551755905153 -0.02574174380861223 0.02000376997572003 0.021100270628929139 0.013506062489909097 0.038778640555612975 0.031792035202185313 -0.011661509845567786 -0.014008741803905544 -0.016334215253591539 0.024434493422508242 -0.01920851448903213 0.0289039720594883 0.0093001919357400195 -0.013642990202815446 -0.043017727068879387 -0.048153272919032888 0.016705811321735382 -0.034497723118825395
leaf_weight=30 22 30 21 28 39 24 32 33 25 37 33 24 23 34 20 25 37 20 38 27 22 23 20 22
leaf_count=30 22 30 21 28 39 24 32 33 25 37 33 24 23 34 20 25 37 20 38 27 22 23 20 22
internal_value=0 -0.00170559 0.0169476 -0.000414793 0.0125738 0.023576 -0.00281626 -0.00125869 -0.00286066 -0.000855739 0.003243 -0.0031627 -0.00746482 -0.010761 -0.0116656 -0.0180552 -0.00161053 0.00720616 0.0230014 0.00205256 -0.0254051 -0.0337409 0.0296295 -0.0414772
internal_weight=0 626 63 596 93 63 503 471 438 410 290 219 195 120 170 127 62 43 71 64 56 65 41 45
internal_count=689 626 63 596 93 63 503 471 438 410 290 219 195 120 170 127 62 43 71 64 56 65 41 45
shrinkage=0.1


Tree=16
num_leaves=28
num_cat=0
split_feature=7 9 2 7 7 8 3 8 4 13 5 3 4 13 1 0 13 13 11 3 15 14 15 13 0 2 8
split_gain=1.69167 2.07811 1.88809 3.76575 3.35052 2.8218 4.43091 3.09208 2.2763 2.59481 2.11984 2.71483 2.4613 1.93739 1.55201 1.71952 2.0751 1.54485 1.4679 1.46616 1.75868 1.07207 0.963218 0.916654 0.910532 0.733395 0.612302
threshold=43.500000000000007 2.5000000000000004 28.500000000000004 4.5000000000000009 17.500000000000004 28.500000000000004 3.5000000000000004 22.500000000000004 3.5000000000000004 3.5000000000000004 2.5000000000000004 11.500000000000002 1.5000000000000002 8.5000000000000018 3.5000000000000004 28.500000000000004 11.500000000000002 16.500000000000004 4.5000000000000009 5.5000000000000009 14.500000000000002 11.500000000000002 11.500000000000002 16.500000000000004 18.500000000000004 20.500000000000004 7.5000000000000009
decision_type=2 2 2 2 2 2 2 2 2 2 2 2 2 2 2 2 2 2 2 2 2 2 2 2 2 2 2
left_child=1 -1 5 22 14 7 -7 8 9 26 12 21 -11 -14 -5 24 -17 -15 23 -6 -21 -12 -4 -2 -16 -10 -3
right_child=18 2 3 4 19 6 -8 -9 25 10 11 -13 13 17 15 16 -18 -19 -20 20 -22 -23 -24 -25 -26 -27 -28
leaf_value=-0.026826612747484643 0.011261375383897262 0.041366279125213623 -0.018490957575184958 -0.0089428908931903344 0.0040512898564338687 -0.010224803763887158 0.045668183549030406 -0.036551177324283694 -0.03218357749283314 -0.034608383417129518 0.042471829400612761 -0.011936844706535339 -0.018751790920893352 0.028350627268182823 0.013327225330083268 0.048475982993841177 0.0090257209539413453 -0.0072632793869291034 -0.0069785356521606451 -0.04921540363945745 -0.011720893917412593 0.012833151221275331 -0.048432597992095081 0.040128694610162219 -0.015847236663103104 -0.0051023095101118097 0.017748691206393035
leaf_weight=31 22 21 21 39 20 23 37 21 20 25 26 25 30 29 23 24 30 21 20 22 29 23 22 22 20 20 23
leaf_count=31 22 21 21 39 20 23 37 21 20 25 26 25 30 29 23 24 30 21 20 22 29 23 22 22 20 20 23
internal_value=0 -0.00158562 -0.000268326 -0.00688177 -0.001288 0.00453796 0.0242425 0.000375015 0.00332349 0.00726366 0.00191556 0.0148785 -0.00722023 0.00133857 0.00790444 0.0146781 0.0265592 0.0133928 0.0154845 -0.018896 -0.027895 0.0285598 -0.0338099 0.025695 -0.000242292 -0.0186429 0.0290207
internal_weight=0 625 594 250 207 344 60 284 263 223 179 74 105 80 136 97 54 50 64 71 51 49 43 44 43 40 44
internal_count=689 625 594 250 207 344 60 284 263 223 179 74 105 80 136 97 54 50 64 71 51 49 43 44 43 40 44
shrinkage=0.1


Tree=17
num_leaves=26
num_cat=0
split_feature=1 5 9 13 9 2 14 12 8 8 2 13 14 1 15 7 14 7 1 0 9 13 9 15 13
split_gain=1.45369 1.59799 1.46543 1.33313 1.80502 1.60765 1.98086 2.46124 2.34174 3.71625 1.60466 2.58032 1.64653 1.5982 1.57026 2.71166 1.42481 1.35774 1.31164 1.25558 1.91436 1.13965 1.06488 1.4656 0.503718
threshold=29.500000000000004 1.5000000000000002 8.5000000000000018 2.5000000000000004 9.5000000000000018 12.500000000000002 15.500000000000002 1.5000000000000002 34.500000000000007 23.500000000000004 25.500000000000004 23.500000000000004 4.5000000000000009 9.5000000000000018 8.5000000000000018 14.500000000000002 11.500000000000002 23.500000000000004 7.5000000000000009 26.500000000000004 8.5000000000000018 11.500000000000002 10.500000000000002 12.500000000000002 35.500000000000007
decision_type=2 2 2 2 2 2 2 2 2 2 2 2 2 2 2 2 2 2 2 2 2 2 2 2 2
left_child=1 -1 -2 4 -3 -5 7 -7 9 14 12 16 -9 -6 15 -8 22 21 -10 20 -14 -16 -12 -24 -4
right_child=2 3 24 5 13 6 8 10 18 -11 11 -13 19 -15 17 -17 -18 -19 -20 -21 -22 -23 23 -25 -26
leaf_value=-0.023976844114561878 -0.0063414207236333333 -0.0095132882396380125 0.036468140284220379 0.017706136284647761 0.0077946294576693807 0.026373057549490649 -0.0014519668143728505 0.029593030363321306 0.025842000047365827 -0.051277339338724109 0.0023874873185859009 0.015715613576673695 -0.023383089048521863 0.040592643246054654 0.0059331503652390984 -0.051798849403858184 -0.040408826087202344 0.021443682163953783 -0.0095017989476521812 0.017760775931950273 0.010188787588567446 -0.027421173732727767 -0.0050957057092870985 -0.039163902661074765 0.014293280988931657
leaf_weight=30 22 30 21 37 39 34 23 24 21 28 34 31 35 24 21 20 21 20 21 29 33 20 28 23 20
leaf_count=30 22 30 21 37 39 34 23 24 21 28 34 31 35 24 21 20 21 20 21 29 33 20 28 23 20
internal_value=0 -0.00145717 0.0144791 -0.000323624 0.0106754 -0.00235725 -0.00395026 0.00108262 -0.0123962 -0.0189401 -0.00225023 -0.00966187 0.00614146 0.0202891 -0.0102339 -0.0248691 -0.0170836 8.27267e-05 0.0081701 0.000339014 -0.00709085 -0.0103373 -0.0113209 -0.0204598 0.0256511
internal_weight=0 626 63 596 93 503 466 292 174 132 258 137 121 63 104 43 106 61 42 97 68 41 85 51 41
internal_count=689 626 63 596 93 503 466 292 174 132 258 137 121 63 104 43 106 61 42 97 68 41 85 51 41
shrinkage=0.1


Tree=18
num_leaves=27
num_cat=0
split_feature=13 0 7 2 14 1 9 3 5 2 4 3 9 14 3 15 11 9 13 1 3 14 3 15 10 15
split_gain=1.34736 1.5428 1.51645 1.74015 1.62132 1.32927 1.35594 1.31948 1.46312 1.40105 1.38611 1.92446 2.26275 4.48984 2.98157 3.96817 2.3095 1.93195 1.52489 4.06755 2.94122 1.24906 1.17617 2.1352 2.41697 0.865945
threshold=1.0000000180025095e-35 8.5000000000000018 43.500000000000007 45.500000000000007 30.500000000000004 1.5000000000000002 2.5000000000000004 28.500000000000004 1.5000000000000002 40.500000000000007 4.5000000000000009 15.500000000000002 41.500000000000007 29.500000000000004 11.500000000000002 7.5000000000000009 2.5000000000000004 16.500000000000004 10.500000000000002 9.5000000000000018 1.0000000180025095e-35 7.5000000000000009 18.500000000000004 6.5000000000000009 2.5000000000000004 2.5000000000000004
decision_type=2 2 2 2 2 2 2 2 2 2 2 2 2 2 2 2 2 2 2 2 2 2 2 2 2 2
left_child=-1 -2 3 5 -4 22 -7 8 -8 10 11 12 13 14 15 16 21 -13 19 -17 -20 -10 23 25 -25 -3
right_child=1 2 4 -5 -6 6 7 -9 9 -11 -12 17 -14 -15 -16 18 -18 -19 20 -21 -22 -23 -24 24 -26 -27
leaf_value=0.021485907158681327 -0.021341980025172236 -0.011926472593437543 0.0032865449404105166 -0.028942564129829408 0.037750715797855744 -0.022730432823300364 -0.020271903702190945 -0.021030707508325579 -0.0060770896219071897 0.027195364477172974 -0.020563155710697174 0.0054660653429371977 -0.027029148910356605 0.048773539201779799 -0.029726170720877472 -0.017265230146321385 0.05001520030200482 0.043321580840991095 -0.048564490526914597 0.038245820186354897 0.002443848664943989 0.02884170010685921 0.013166559505320731 0.021873032088790621 -0.017068437547297092 -0.037698929524049164
leaf_weight=28 35 22 39 22 21 20 21 20 21 31 20 28 23 22 27 33 24 26 20 22 26 20 21 28 37 32
leaf_count=28 35 22 39 22 21 20 21 20 21 31 20 28 23 22 27 33 24 26 20 22 26 20 21 28 37 32
internal_value=0 -0.000910144 0.000232211 -0.00137028 0.015349 -0.00025522 0.0026547 0.00397684 0.00535088 0.00691962 0.00490505 0.00664944 0.00278246 0.00597161 0.00109264 0.00610534 0.0253782 0.0236928 -0.00629796 0.00493919 -0.0197337 0.0109565 -0.00865241 -0.0125028 -0.000293651 -0.027199
internal_weight=0 661 626 566 60 544 404 384 364 343 312 292 238 215 193 166 65 54 101 55 46 41 140 119 65 54
internal_count=689 661 626 566 60 544 404 384 364 343 312 292 238 215 193 166 65 54 101 55 46 41 140 119 65 54
shrinkage=0.1


Tree=19
num_leaves=27
num_cat=0
split_feature=7 2 7 13 3 3 2 15 3 2 3 7 0 10 11 10 2 14 0 13 7 7 7 8 1 6
split_gain=1.2464 1.17349 1.95828 2.04711 1.72689 1.54455 2.36785 1.8628 4.00088 2.37804 1.88617 1.53363 1.19755 1.02143 1.68771 1.465 2.92798 2.41782 1.72214 1.67893 1.27969 1.01173 1.42311 0.957133 0.723664 0.177668
threshold=1.0000000180025095e-35 25.500000000000004 4.5000000000000009 11.500000000000002 20.500000000000004 3.5000000000000004 33.500000000000007 13.500000000000002 20.500000000000004 37.500000000000007 17.500000000000004 32.500000000000007 31.500000000000004 3.5000000000000004 2.5000000000000004 2.5000000000000004 16.500000000000004 28.500000000000004 16.500000000000004 6.5000000000000009 9.5000000000000018 12.500000000000002 18.500000000000004 8.5000000000000018 9.5000000000000018 2.5000000000000004
decision_type=2 2 2 2 2 2 2 2 2 2 2 2 2 2 2 2 2 2 2 2 2 2 2 2 2 2
left_child=-1 4 3 -3 11 6 24 10 9 12 21 13 -9 15 -15 17 -17 18 -2 23 -18 25 -23 -20 -4 -7
right_child=1 2 5 -5 -6 7 -8 8 -10 -11 -12 -13 -14 14 -16 16 20 -19 19 -21 -22 22 -24 -25 -26 -27
leaf_value=-0.024598937293676501 -0.024475736514880109 -0.045548310379187273 0.0091100685670971876 -0.0013937351249513172 0.031577175596485971 -0.026127026230096818 0.031553726073573617 0.013993630877562932 -0.023577811113662191 -0.0019683499748890218 0.0066487235181471888 0.028491677140647716 0.046386249184608458 -0.0046630129218101501 0.030377409514039756 -0.038972572450126919 -0.016156043183235897 0.034355573423884136 0.0014358817289272944 -0.011334774172619771 0.017329052686691285 0.0057009008169795075 -0.029945040387766703 0.028433127136066046 -0.017790926843881609 -0.039456232599914078
leaf_weight=20 26 21 20 21 23 20 34 21 36 39 34 22 25 27 28 28 21 22 24 38 25 24 21 29 20 20
leaf_count=20 26 21 20 21 23 20 34 21 36 39 34 22 25 27 28 28 21 22 24 38 25 24 21 29 20 20
internal_value=0 0.000735394 -0.00319172 -0.023471 0.00520201 -0.000479196 0.0121515 -0.00437365 0.00436327 0.0161971 -0.0132574 0.00311019 0.0315983 0.00102663 0.0131757 -0.00211046 -0.0134768 0.00394068 -0.00177837 0.0047066 0.00204238 -0.0212199 -0.0109339 0.016208 -0.00434043 -0.0327916
internal_weight=0 669 356 42 313 314 74 240 121 85 119 290 46 268 55 213 74 139 117 91 46 85 45 53 40 40
internal_count=689 669 356 42 313 314 74 240 121 85 119 290 46 268 55 213 74 139 117 91 46 85 45 53 40 40
shrinkage=0.1


Tree=20
num_leaves=26
num_cat=0
split_feature=13 0 11 9 1 12 15 5 9 4 9 4 2 14 7 7 15 5 3 9 13 1 2 7 5
split_gain=1.08523 1.17359 1.22737 2.57984 1.95572 2.55975 2.02269 1.61386 1.27329 1.73962 1.74563 3.06224 2.34602 2.14492 2.23489 1.8065 2.97918 1.66344 1.63484 1.55185 1.43239 1.08393 0.915646 2.18856 0.443979
threshold=1.0000000180025095e-35 41.500000000000007 4.5000000000000009 14.500000000000002 24.500000000000004 3.5000000000000004 44.500000000000007 1.5000000000000002 40.000000000000007 1.5000000000000002 4.5000000000000009 2.5000000000000004 38.500000000000007 15.500000000000002 5.5000000000000009 8.5000000000000018 9.5000000000000018 3.5000000000000004 1.0000000180025095e-35 14.500000000000002 9.5000000000000018 7.5000000000000009 35.500000000000007 13.500000000000002 2.5000000000000004
decision_type=2 2 2 2 2 2 2 2 2 2 2 2 2 2 2 2 2 2 2 2 2 2 2 2 2
left_child=-1 2 4 -4 6 -6 7 -2 9 18 20 13 17 14 -12 -16 -17 21 -9 -15 -11 -13 23 -3 -20
right_child=1 22 3 -5 5 -7 -8 8 -10 10 11 12 -14 19 15 16 -18 -19 24 -21 -22 -23 -24 -25 -26
leaf_value=0.019282888940402441 -0.032075851615518333 -0.0010098832624929922 0.0045353371549297023 -0.032561317645013334 0.036762861609458929 -0.0087583485103788824 0.022947176725699986 0.0064789338409900676 0.017214972867052362 -0.038379883127553124 0.047980452620464825 -0.018849628132123215 0.018215755581855776 -0.025513094095956715 -0.0082227232831495797 0.050496696274388922 -0.0021609334718613398 -0.035742443352937699 -0.037109603111942606 0.012931105485629469 -0.0029531995356082918 0.0059829987119883301 -0.0055134148701377547 0.04049290039887031 -0.01911696461029351
leaf_weight=28 20 27 37 38 30 21 29 20 29 21 23 39 25 21 27 22 21 30 24 21 25 32 23 24 32
leaf_count=28 20 27 37 38 30 21 29 20 29 21 23 39 25 21 27 22 21 30 24 21 25 32 23 24 32
internal_value=0 -0.000816824 -0.0023129 -0.0142603 -0.000562798 0.0180188 -0.00261847 -0.00433468 -0.00298802 -0.00451775 -0.00116451 0.00200116 -0.00921079 0.0124657 0.0209364 0.0120505 0.0247802 -0.0159995 -0.0180631 -0.00629099 -0.0191263 -0.00765746 0.0110507 0.0185208 -0.0268281
internal_weight=0 661 587 75 512 51 461 432 412 383 307 261 126 135 93 70 43 101 76 42 46 71 74 51 56
internal_count=689 661 587 75 512 51 461 432 412 383 307 261 126 135 93 70 43 101 76 42 46 71 74 51 56
shrinkage=0.1


Tree=21
num_leaves=24
num_cat=0
split_feature=7 2 7 13 3 13 2 3 13 13 3 13 2 0 7 7 7 0 5 3 14 7 3
split_gain=0.929079 1.05409 1.60671 1.57755 1.33157 1.20422 1.98 2.21897 2.1497 2.85069 4.79088 2.2901 1.88499 1.82937 1.1145 0.945744 1.48216 1.04789 1.62568 1.52678 1.4995 1.59666 1.4249
threshold=1.0000000180025095e-35 25.500000000000004 4.5000000000000009 11.500000000000002 20.500000000000004 2.5000000000000004 27.500000000000004 5.5000000000000009 5.5000000000000009 11.500000000000002 17.500000000000004 22.500000000000004 34.500000000000007 33.500000000000007 32.500000000000007 20.500000000000004 16.500000000000004 12.500000000000002 3.5000000000000004 5.5000000000000009 16.500000000000004 6.5000000000000009 5.5000000000000009
decision_type=2 2 2 2 2 2 2 2 2 2 2 2 2 2 2 2 2 2 2 2 2 2 2
left_child=-1 4 3 -3 14 -4 -7 12 -9 10 -10 -11 -8 -13 15 16 17 -2 20 -20 21 -19 -23
right_child=1 2 5 -5 -6 6 7 8 9 11 -12 13 -14 -15 -16 -17 -18 18 19 -21 -22 22 -24
leaf_value=-0.021238054782152179 -0.020643148832023145 -0.040836569063720254 0.015814493252680854 -0.0020754212424868627 0.028028520164282429 -0.027675700393216363 -0.0011839674833493356 -0.033480896294116977 -0.0083371823032697048 -0.033783903904259206 0.053939070517108556 -0.018021436690563157 0.030324531789567025 0.016333143749544698 0.024668325416066433 -0.013825187625156511 0.029618176445364953 0.022858477358160351 0.0013306027458560082 0.032976071933905282 -0.022085451959602296 0.0082131928519198778 -0.020190379655722415
leaf_weight=20 20 21 39 21 23 29 39 25 30 32 21 31 37 31 22 36 20 29 31 30 31 38 33
leaf_count=20 20 21 39 21 23 29 39 25 30 32 21 31 37 31 22 36 20 29 31 30 31 38 33
internal_value=0 0.000634919 -0.00308705 -0.021456 0.00486821 -0.000630053 -0.00296219 -4.88067e-05 -0.00639906 -0.00172977 0.017306 -0.0120577 0.0141557 -0.000844146 0.00303136 0.00125519 0.00359525 0.00114025 0.00340936 0.0168939 -0.00286973 0.00308715 -0.00498847
internal_weight=0 669 356 42 313 314 275 246 170 145 51 94 76 62 290 268 232 212 192 61 131 100 71
internal_count=689 669 356 42 313 314 275 246 170 145 51 94 76 62 290 268 232 212 192 61 131 100 71
shrinkage=0.1


Tree=22
num_leaves=26
num_cat=0
split_feature=13 2 1 2 2 15 14 8 13 8 8 1 14 8 11 12 7 3 9 15 7 7 8 3 8
split_gain=0.855035 0.951371 0.893774 1.20179 1.22687 0.864365 1.06908 1.51579 1.55397 1.42238 1.48902 1.87107 1.23845 1.21356 1.05123 0.875264 1.13106 0.864096 0.787885 1.72678 1.73273 1.60377 1.21088 0.783378 0.889414
threshold=1.0000000180025095e-35 45.500000000000007 29.500000000000004 11.500000000000002 42.500000000000007 54.500000000000007 15.500000000000002 34.500000000000007 2.5000000000000004 36.500000000000007 20.500000000000004 11.500000000000002 31.500000000000004 23.500000000000004 2.5000000000000004 2.5000000000000004 14.500000000000002 8.5000000000000018 4.5000000000000009 7.5000000000000009 12.500000000000002 5.5000000000000009 7.5000000000000009 10.500000000000002 7.5000000000000009
decision_type=2 2 2 2 2 2 2 2 2 2 2 2 2 2 2 2 2 2 2 2 2 2 2 2 2
left_child=-1 2 3 -2 5 6 9 8 -8 10 18 -12 -9 14 -10 -16 -17 -4 -5 20 22 -21 -20 24 -23
right_child=1 -3 17 4 -6 -7 7 12 13 -11 11 -13 -14 -15 15 16 -18 -19 19 21 -22 23 -24 -25 -26
leaf_value=0.017116068197148188 0.017139204679166572 -0.018124201992468444 0.028133183469374975 -0.017558457702398302 0.018530352165301644 0.016526532811777933 0.010722557753324509 -0.010671853944659235 -0.033507986095818607 -0.026400250904262068 0.00040698472795815306 0.03960113589252745 0.024519819021224978 -0.03899563477560878 -0.020197199455329353 -0.015358928442001344 0.018272329382598401 0.0027360685773797941 -0.015506690740585327 0.016346036891142526 0.028337046549175727 0.0079420825709467357 0.011899667586150922 -0.026605872493801697 -0.017519538674284432
leaf_weight=28 34 30 21 29 27 21 20 20 22 20 29 21 20 25 35 20 20 37 28 21 33 23 38 33 34
leaf_count=28 34 30 21 29 27 21 20 20 22 20 29 21 20 25 35 20 20 37 28 21 33 23 38 33 34
internal_value=0 -0.000725038 0.000102181 -0.00109521 -0.00224543 -0.00334103 -0.00419076 -0.0102708 -0.0151144 -0.000609627 0.00117519 0.0168685 0.00692398 -0.01935 -0.0142867 -0.00864845 0.0014567 0.0119316 -0.00210793 2.57101e-05 0.0096275 -0.00853805 0.000272728 -0.0143443 -0.00724555
internal_weight=0 661 631 573 539 512 491 182 142 309 289 50 40 122 97 75 40 58 239 210 99 111 66 90 57
internal_count=689 661 631 573 539 512 491 182 142 309 289 50 40 122 97 75 40 58 239 210 99 111 66 90 57
shrinkage=0.1


end of trees

feature_importances:
Column_13=66
Column_2=60
Column_7=56
Column_3=51
Column_14=51
Column_0=50
Column_9=49
Column_1=46
Column_8=43
Column_15=39
Column_10=15
Column_4=13
Column_5=13
Column_11=13
Column_12=9
Column_6=4

parameters:
[boosting: gbdt]
[objective: regression]
[metric: l2]
[tree_learner: serial]
[device_type: cpu]
[data: ]
[valid: ]
[num_iterations: 10000]
[learning_rate: 0.1]
[num_leaves: 31]
[num_threads: 0]
[deterministic: 0]
[force_col_wise: 0]
[force_row_wise: 0]
[histogram_pool_size: -1]
[max_depth: -1]
[min_data_in_leaf: 20]
[min_sum_hessian_in_leaf: 0.001]
[bagging_fraction: 1]
[pos_bagging_fraction: 1]
[neg_bagging_fraction: 1]
[bagging_freq: 0]
[bagging_seed: 3]
[feature_fraction: 1]
[feature_fraction_bynode: 1]
[feature_fraction_seed: 2]
[extra_trees: 0]
[extra_seed: 6]
[early_stopping_round: 10]
[first_metric_only: 0]
[max_delta_step: 0]
[lambda_l1: 0]
[lambda_l2: 0]
[min_gain_to_split: 0]
[drop_rate: 0.1]
[max_drop: 50]
[skip_drop: 0.5]
[xgboost_dart_mode: 0]
[uniform_drop: 0]
[drop_seed: 4]
[top_rate: 0.2]
[other_rate: 0.1]
[min_data_per_group: 100]
[max_cat_threshold: 32]
[cat_l2: 10]
[cat_smooth: 10]
[max_cat_to_onehot: 4]
[top_k: 20]
[monotone_constraints: ]
[monotone_constraints_method: basic]
[monotone_penalty: 0]
[feature_contri: ]
[forcedsplits_filename: ]
[refit_decay_rate: 0.9]
[cegb_tradeoff: 1]
[cegb_penalty_split: 0]
[cegb_penalty_feature_lazy: ]
[cegb_penalty_feature_coupled: ]
[path_smooth: 0]
[interaction_constraints: ]
[verbosity: 1]
[saved_feature_importance_type: 0]
[max_bin: 255]
[max_bin_by_feature: ]
[min_data_in_bin: 3]
[bin_construct_sample_cnt: 200000]
[data_random_seed: 1]
[is_enable_sparse: 1]
[enable_bundle: 1]
[use_missing: 1]
[zero_as_missing: 0]
[feature_pre_filter: 1]
[pre_partition: 0]
[two_round: 0]
[header: 0]
[label_column: ]
[weight_column: ]
[group_column: ]
[ignore_column: ]
[categorical_feature: ]
[forcedbins_filename: ]
[objective_seed: 5]
[num_class: 1]
[is_unbalance: 0]
[scale_pos_weight: 1]
[sigmoid: 1]
[boost_from_average: 1]
[reg_sqrt: 0]
[alpha: 0.9]
[fair_c: 1]
[poisson_max_delta_step: 0.7]
[tweedie_variance_power: 1.5]
[lambdarank_truncation_level: 30]
[lambdarank_norm: 1]
[label_gain: ]
[eval_at: ]
[multi_error_top_k: 1]
[auc_mu_weights: ]
[num_machines: 1]
[local_listen_port: 12400]
[time_out: 120]
[machine_list_filename: ]
[machines: ]
[gpu_platform_id: -1]
[gpu_device_id: -1]
[gpu_use_dp: 0]
[num_gpu: 1]

end of parameters

pandas_categorical:null
