tree
version=v3
num_class=1
num_tree_per_iteration=1
label_index=0
max_feature_idx=15
objective=regression
feature_names=Column_0 Column_1 Column_2 Column_3 Column_4 Column_5 Column_6 Column_7 Column_8 Column_9 Column_10 Column_11 Column_12 Column_13 Column_14 Column_15
feature_infos=[2:49] [0:42] [3:49] [0:44] [0:7] [0:7] [0:6] [0:117] [0:127] [0:131] [0:6] [1:7] [0:7] [0:132] [0:134] [0:122]
tree_sizes=1344 1201 1206 1449 1289 1293 1369 1288 1369 1283 1294

Tree=0
num_leaves=15
num_cat=0
split_feature=3 0 7 4 15 14 8 14 2 0 2 0 13 0
split_gain=9.04838 9.03698 5.63211 5.0844 4.662 3.30395 3.15717 2.94585 3.30003 3.13567 2.772 2.57143 2.19927 0.50625
threshold=13.500000000000002 35.500000000000007 7.5000000000000009 3.5000000000000004 6.5000000000000009 11.500000000000002 7.5000000000000009 3.5000000000000004 38.500000000000007 21.500000000000004 23.500000000000004 23.500000000000004 6.5000000000000009 20.500000000000004
decision_type=2 2 2 2 2 2 2 2 2 2 2 2 2 2
left_child=1 2 5 4 -4 6 -1 -2 9 -9 -8 12 -6 -10
right_child=7 -3 3 -5 11 -7 10 8 13 -11 -12 -13 -14 -15
leaf_value=-0.36674235934581884 -0.37638521655253809 -0.25424235860076078 -0.25176983111185836 -0.34209950203975847 -0.3403852163141195 -0.30226756900285279 -0.3043852160757009 -0.3430518829984468 -0.36738521649293343 -0.29569556084573784 -0.34638521635385594 -0.27352807301419929 -0.29456703419249586 -0.34488521634392183
leaf_weight=28 20 28 26 21 20 34 30 27 20 29 33 21 22 20
leaf_count=28 20 28 26 21 20 34 30 27 20 29 33 21 22 20
internal_value=-0.318206 -0.307944 -0.314343 -0.29784 -0.287396 -0.328865 -0.338803 -0.341471 -0.334198 -0.318528 -0.326385 -0.3021 -0.316385 -0.356135
internal_weight=0 263 235 110 89 125 91 116 96 56 63 63 42 40
internal_count=379 263 235 110 89 125 91 116 96 56 63 63 42 40
shrinkage=1


Tree=1
num_leaves=13
num_cat=0
split_feature=6 0 2 14 3 7 3 13 3 9 9 12
split_gain=7.84917 7.89935 5.14403 5.54559 3.48352 4.60214 4.05109 3.45639 2.45917 2.04582 1.33429 1.30338
threshold=1.0000000180025095e-35 34.500000000000007 19.500000000000004 8.5000000000000018 13.500000000000002 7.5000000000000009 3.5000000000000004 6.5000000000000009 6.5000000000000009 13.500000000000002 11.500000000000002 2.5000000000000004
decision_type=2 2 2 2 2 2 2 2 2 2 2 2
left_child=-1 2 3 -2 5 7 -7 -4 -8 -6 -9 -3
right_child=1 11 4 -5 9 6 8 10 -10 -11 -12 -13
leaf_value=-0.042491245116942966 -0.0058334363229347007 0.062420502446946649 -0.0460341172085868 0.051712498945348406 -0.011096374607748455 -0.019375427202744919 0.056397204554599269 0.012960416078567506 0.014059442106415243 -0.04614241786541478 -0.017911356261798315 0.02796264964601268
leaf_weight=39 33 21 27 34 36 22 23 28 34 31 28 23
leaf_count=39 33 21 27 34 36 22 23 28 34 31 28 23
internal_value=0 0.004874 -0.00100275 0.023369 -0.00813334 -0.000201544 0.0170746 -0.0166452 0.0311431 -0.0273117 -0.00247547 0.0444084
internal_weight=0 340 296 67 229 162 79 83 57 67 56 44
internal_count=379 340 296 67 229 162 79 83 57 67 56 44
shrinkage=0.1


Tree=2
num_leaves=13
num_cat=0
split_feature=6 0 2 14 3 7 3 13 3 9 2 12
split_gain=6.35783 6.39847 4.16667 4.49192 2.82165 3.72774 3.28138 2.79967 1.99192 1.65711 1.10888 1.05574
threshold=1.0000000180025095e-35 34.500000000000007 19.500000000000004 8.5000000000000018 13.500000000000002 7.5000000000000009 3.5000000000000004 6.5000000000000009 6.5000000000000009 13.500000000000002 23.500000000000004 2.5000000000000004
decision_type=2 2 2 2 2 2 2 2 2 2 2 2
left_child=-1 2 3 -2 5 7 -7 -4 -8 -6 -9 -3
right_child=1 11 4 -5 9 6 8 10 -10 -11 -12 -13
leaf_value=-0.038242120849780549 -0.0052500918959126333 0.056178453635601769 -0.041430706448025177 0.046541250803891349 -0.009986737701627944 -0.017437884753400631 0.050757484332374904 0.013441711902618409 0.01265349756268894 -0.041528175530895113 -0.014864728335411317 0.02516638701376708
leaf_weight=39 33 21 27 34 36 22 23 25 34 31 31 23
leaf_count=39 33 21 27 34 36 22 23 25 34 31 31 23
internal_value=0 0.0043866 -0.000902472 0.0210321 -0.00732001 -0.000181391 0.0153672 -0.0149806 0.0280288 -0.0245805 -0.00222792 0.0399676
internal_weight=0 340 296 67 229 162 79 83 57 67 56 44
internal_count=379 340 296 67 229 162 79 83 57 67 56 44
shrinkage=0.1


Tree=3
num_leaves=16
num_cat=0
split_feature=3 0 2 4 4 13 8 9 7 14 2 0 0 13 15
split_gain=5.32383 5.35618 3.27208 3.29961 5.68555 3.61369 3.47227 3.25997 3.10121 2.33165 2.25216 2.39287 2.20457 2.01083 0.39657
threshold=13.500000000000002 35.500000000000007 14.500000000000002 2.5000000000000004 3.5000000000000004 8.5000000000000018 11.500000000000002 8.5000000000000018 7.5000000000000009 3.5000000000000004 38.500000000000007 21.500000000000004 20.500000000000004 15.500000000000002 20.500000000000004
decision_type=2 2 2 2 2 2 2 2 2 2 2 2 2 2 2
left_child=1 2 -1 5 12 6 7 -4 13 -2 11 -11 -5 -7 -12
right_child=9 -3 3 4 -6 8 -8 -9 -10 10 14 -13 -14 -15 -16
leaf_value=0.03793280025323232 -0.048907600939273835 0.049214513493435724 -0.030856330871582033 0.017219649553298948 -0.02355956208138239 -0.026341386015216513 -0.04682362488337926 0.02074124018351237 0.039156969027085736 -0.019853058457374576 -0.019540726542472839 0.021515740608346875 0.064172549545764929 0.016591840386390687 -0.039454779624938964
leaf_weight=24 20 28 25 20 21 24 35 24 22 27 20 29 20 20 20
leaf_count=24 20 28 25 20 21 24 35 24 22 27 20 29 20 20 20
internal_value=0 0.00787125 0.00294524 -0.00103439 0.0185753 -0.00900899 -0.0227672 -0.00558405 0.00850147 -0.017846 -0.0113749 0.00157007 0.0406961 -0.00682628 -0.0294978
internal_weight=0 263 235 211 61 150 84 49 66 116 96 56 40 44 40
internal_count=379 263 235 211 61 150 84 49 66 116 96 56 40 44 40
shrinkage=0.1


Tree=4
num_leaves=14
num_cat=0
split_feature=6 8 15 8 9 0 8 0 3 3 2 13 13
split_gain=4.74685 4.45778 5.17281 2.49829 2.95775 4.95384 1.47141 2.43297 1.44093 1.41336 1.91388 3.2204 0.486236
threshold=1.5000000000000002 5.5000000000000009 3.5000000000000004 7.5000000000000009 23.500000000000004 28.500000000000004 9.5000000000000018 22.500000000000004 7.5000000000000009 12.500000000000002 27.500000000000004 6.5000000000000009 10.500000000000002
decision_type=2 2 2 2 2 2 2 2 2 2 2 2 2
left_child=6 8 -3 -4 5 9 -1 -8 -2 10 11 -5 -6
right_child=1 2 3 4 12 -7 7 -9 -10 -11 -12 -13 -14
leaf_value=-0.042248319662534277 0.054067525416612632 0.033856299748787511 -0.031481779995374382 -0.013643550500273705 -0.014414940625429154 0.047867457633433141 -0.034117118269205098 0.012490768233935039 0.018653670615620083 -0.021538973649342857 -0.014205692708492279 0.033916420085089549 -0.036465693712234501
leaf_weight=26 20 39 32 24 20 23 24 21 27 30 38 35 20
leaf_count=26 20 39 32 24 20 23 24 21 27 30 38 35 20
internal_value=0 0.00537325 0.000268052 -0.00563259 -0.00127904 0.00516397 -0.0233093 -0.0123668 0.0337234 -0.00256973 0.00329704 0.01457 -0.0254403
internal_weight=0 308 261 222 190 150 71 45 47 127 97 59 40
internal_count=379 308 261 222 190 150 71 45 47 127 97 59 40
shrinkage=0.1


Tree=5
num_leaves=14
num_cat=0
split_feature=6 0 2 14 9 9 7 2 13 8 13 3 12
split_gain=4.05951 3.86775 2.83276 3.5404 1.88438 5.1489 3.08159 2.85117 2.09264 1.56696 2.27364 2.93765 0.857772
threshold=1.0000000180025095e-35 34.500000000000007 19.500000000000004 8.5000000000000018 8.5000000000000018 11.500000000000002 6.5000000000000009 21.500000000000004 11.500000000000002 9.5000000000000018 6.5000000000000009 8.5000000000000018 2.5000000000000004
decision_type=2 2 2 2 2 2 2 2 2 2 2 2 2
left_child=-1 2 3 -2 7 6 -6 -4 -9 -7 -11 -12 -3
right_child=1 12 4 -5 5 9 -8 8 -10 10 11 -13 -14
leaf_value=-0.030557945676338977 -0.0058541591420318145 0.045780938225133079 -0.051529735475778583 0.040125659634085264 -0.0018989557311648413 -0.03094700142260521 0.048776372628552576 -0.025379362702369693 0.01616880162195726 0.020540871739387512 0.008577872698123639 -0.037713043545854502 0.017827275395393371
leaf_weight=39 33 21 20 34 21 31 28 27 22 25 26 29 23
leaf_count=39 33 21 20 34 21 31 28 27 22 25 26 29 23
internal_value=0 0.00350518 -0.000606984 0.0174789 -0.00589848 5.85721e-05 0.0270584 -0.0197119 -0.00672508 -0.0118603 -0.00446415 -0.0158301 0.0311688
internal_weight=0 340 296 67 229 160 49 69 49 111 80 55 44
internal_count=379 340 296 67 229 160 49 69 49 111 80 55 44
shrinkage=0.1


Tree=6
num_leaves=15
num_cat=0
split_feature=8 9 13 9 15 15 0 6 11 0 3 15 11 7
split_gain=3.51287 3.71561 4.76238 3.83586 3.13721 2.55116 2.46804 1.95916 3.02226 2.1787 1.78899 0.621909 0.437263 0.400265
threshold=14.500000000000002 9.5000000000000018 9.5000000000000018 11.500000000000002 6.5000000000000009 6.5000000000000009 20.500000000000004 2.5000000000000004 2.5000000000000004 21.500000000000004 6.5000000000000009 9.5000000000000018 2.5000000000000004 7.5000000000000009
decision_type=2 2 2 2 2 2 2 2 2 2 2 2 2 2
left_child=1 2 5 -3 -5 -1 -6 9 -9 12 -10 -7 -2 -8
right_child=7 3 -4 4 6 11 13 8 10 -11 -12 -13 -14 -15
leaf_value=0.0024438598752021794 -0.046426421403884893 0.050972509980201725 0.03030823629636031 0.0383260777703038 -0.028539071912350861 -0.048551073223352434 0.022030434580076308 0.028613236039876939 0.0084502404150755515 -0.002315428201109171 -0.027660634324831124 -0.023911631391161967 -0.027096097707748415 0.0022634239867329597
leaf_weight=30 22 30 26 27 23 20 21 25 23 32 34 21 25 20
leaf_count=30 22 30 26 27 23 20 21 25 23 32 34 21 25 20
internal_value=0 0.00827364 -0.00630759 0.0199627 0.0097397 -0.0197162 -0.00232017 -0.0112028 -0.000375307 -0.0224415 -0.0130896 -0.0359309 -0.0361443 0.012388
internal_weight=0 218 97 121 91 71 64 161 82 79 57 41 47 41
internal_count=379 218 97 121 91 71 64 161 82 79 57 41 47 41
shrinkage=0.1


Tree=7
num_leaves=14
num_cat=0
split_feature=3 0 7 15 10 2 2 7 15 13 2 8 14
split_gain=3.08864 2.97856 2.31188 2.38898 1.84869 1.53599 2.37075 1.37364 2.77464 1.36887 1.74932 1.36954 0.19366
threshold=13.500000000000002 35.500000000000007 7.5000000000000009 6.5000000000000009 1.5000000000000002 38.500000000000007 26.500000000000004 14.500000000000002 10.500000000000002 6.5000000000000009 23.500000000000004 10.500000000000002 6.5000000000000009
decision_type=2 2 2 2 2 2 2 2 2 2 2 2 2
left_child=1 2 9 -4 -2 6 -6 8 -5 12 11 -11 -1
right_child=4 -3 3 7 5 -7 -8 -9 -10 10 -12 -13 -14
leaf_value=-0.02799019366502762 -0.039687827094034719 0.036825825713042708 0.036420851369057934 -0.011041654752833504 -0.017740733226140341 -0.024466751077595883 0.022014792859554294 -0.018250740425927298 0.032728475530942283 -0.0034735135056755762 -0.015121273774849743 0.031811565973541955 -0.014564592923436846
leaf_weight=22 22 28 31 28 30 34 30 21 30 22 38 22 21
leaf_count=22 22 28 31 28 30 34 30 21 30 22 38 22 21
internal_value=0 0.00599536 0.00232194 0.0128952 -0.0135929 -0.00748561 0.00213703 0.00366357 0.0115981 -0.0069825 0.000595473 0.014169 -0.0214335
internal_weight=0 263 235 110 116 94 60 79 58 125 82 44 43
internal_count=379 263 235 110 116 94 60 79 58 125 82 44 43
shrinkage=0.1


Tree=8
num_leaves=15
num_cat=0
split_feature=6 8 5 15 3 1 6 13 8 0 8 8 3 13
split_gain=2.75806 2.95037 3.74545 4.37844 3.59191 3.34781 2.37728 2.35751 1.39922 1.54493 1.26979 3.54911 1.06833 1.04586
threshold=1.5000000000000002 5.5000000000000009 2.5000000000000004 4.5000000000000009 13.500000000000002 10.500000000000002 3.5000000000000004 8.5000000000000018 9.5000000000000018 22.500000000000004 11.500000000000002 8.5000000000000018 7.5000000000000009 8.5000000000000018
decision_type=2 2 2 2 2 2 2 2 2 2 2 2 2 2
left_child=8 12 6 -4 5 7 10 -5 -1 -10 11 -3 -2 -12
right_child=1 2 3 4 -6 -7 -8 -9 9 -11 13 -13 -14 -15
leaf_value=-0.036236158127968127 0.044677219986915595 -0.037789168005639862 0.052941368165470307 0.0068991877414562091 -0.022022585727666556 -0.014125861738015106 0.014712357024351756 0.047317456430004491 -0.024428963909546533 0.012711286686715626 -0.047386576170506685 0.017816823100050293 0.014183838941432811 -0.017545358960827193
leaf_weight=26 20 22 21 27 38 27 24 31 24 21 23 24 27 24
leaf_count=26 20 22 21 27 38 27 24 31 24 21 23 24 27 24
internal_value=0 0.00409577 -5.75089e-05 0.0107405 0.00353547 0.0149614 -0.0133474 0.0285021 -0.0177676 -0.00709685 -0.0205886 -0.00877735 0.0271597 -0.0321485
internal_weight=0 308 261 144 123 85 117 58 71 45 93 46 47 47
internal_count=379 308 261 144 123 85 117 58 71 45 93 46 47 47
shrinkage=0.1


Tree=9
num_leaves=14
num_cat=0
split_feature=8 7 8 6 9 15 2 0 6 11 15 0 3
split_gain=2.48954 2.97079 2.40722 3.4303 2.69393 2.3723 1.93013 3.88882 1.35185 2.28743 2.14494 1.76414 1.1561
threshold=14.500000000000002 11.500000000000002 9.5000000000000018 2.5000000000000004 17.500000000000004 12.500000000000002 23.500000000000004 20.500000000000004 2.5000000000000004 2.5000000000000004 9.5000000000000018 20.500000000000004 6.5000000000000009
decision_type=2 2 2 2 2 2 2 2 2 2 2 2 2
left_child=1 2 4 -4 6 -3 7 -1 10 -10 -2 -12 -11
right_child=8 5 3 -5 -6 -7 -8 -9 9 12 11 -13 -14
leaf_value=-0.032605979018486463 -0.037723225092186646 0.049455722020222595 0.03486357797414829 -0.012028990112818204 0.022030765854794049 0.003645561337471008 -0.036415682600871212 0.021578941577010687 0.024782505929470063 0.0058175312436145286 -0.023808383164198504 0.015800994770093401 -0.023211426507024208
leaf_weight=26 34 26 39 26 23 20 31 27 25 23 23 22 34
leaf_count=26 34 26 39 26 23 20 31 27 25 23 23 22 34
internal_value=0 0.00696506 0.000928042 0.0161066 -0.00829255 0.0295383 -0.0165954 -0.00500234 -0.00943095 -0.000436861 -0.0187666 -0.0044438 -0.011498
internal_weight=0 218 172 65 107 46 84 53 161 82 79 45 57
internal_count=379 218 172 65 107 46 84 53 161 82 79 45 57
shrinkage=0.1


Tree=10
num_leaves=14
num_cat=0
split_feature=0 9 15 13 8 5 14 14 9 10 8 0 9
split_gain=2.20689 2.75995 5.04052 2.71059 2.11433 1.92197 3.20795 3.05391 1.72418 1.66907 1.67519 1.4145 1.10952
threshold=10.500000000000002 8.5000000000000018 3.5000000000000004 5.5000000000000009 30.500000000000004 3.5000000000000004 20.500000000000004 9.5000000000000018 11.500000000000002 2.5000000000000004 15.500000000000002 22.500000000000004 3.5000000000000004
decision_type=2 2 2 2 2 2 2 2 2 2 2 2 2
left_child=-1 3 -3 12 5 6 7 8 -4 -5 -11 -10 -2
right_child=1 2 4 9 -6 -7 -8 -9 11 10 -12 -13 -14
leaf_value=-0.026509752407156192 -0.010663506388664246 0.048688060311334477 0.026745748945644927 -0.014801989164617328 -0.021117884358391167 0.032694163288061434 0.033832846857883313 -0.027998975322053241 -0.024590596407651905 0.03486510387488774 -0.0027932463972656814 0.011772165674230327 -0.041739109048136963
leaf_weight=29 20 28 28 36 30 26 27 37 20 21 27 23 27
leaf_count=29 20 28 28 36 30 26 27 37 20 21 27 23 27
internal_value=0 0.00219652 0.00906453 -0.0092851 0.00325584 0.00779753 0.00300262 -0.00470494 0.00743421 0.00147474 0.0136823 -0.00514075 -0.0285154
internal_weight=0 350 219 131 191 161 135 108 71 84 48 43 47
internal_count=379 350 219 131 191 161 135 108 71 84 48 43 47
shrinkage=0.1


end of trees

feature_importances:
Column_0=20
Column_3=16
Column_8=16
Column_2=14
Column_13=14
Column_9=13
Column_15=12
Column_6=9
Column_7=9
Column_14=9
Column_4=3
Column_11=3
Column_12=3
Column_5=2
Column_10=2
Column_1=1

parameters:
[boosting: gbdt]
[objective: regression]
[metric: l2]
[tree_learner: serial]
[device_type: cpu]
[data: ]
[valid: ]
[num_iterations: 10000]
[learning_rate: 0.1]
[num_leaves: 31]
[num_threads: 0]
[deterministic: 0]
[force_col_wise: 0]
[force_row_wise: 0]
[histogram_pool_size: -1]
[max_depth: -1]
[min_data_in_leaf: 20]
[min_sum_hessian_in_leaf: 0.001]
[bagging_fraction: 1]
[pos_bagging_fraction: 1]
[neg_bagging_fraction: 1]
[bagging_freq: 0]
[bagging_seed: 3]
[feature_fraction: 1]
[feature_fraction_bynode: 1]
[feature_fraction_seed: 2]
[extra_trees: 0]
[extra_seed: 6]
[early_stopping_round: 10]
[first_metric_only: 0]
[max_delta_step: 0]
[lambda_l1: 0]
[lambda_l2: 0]
[min_gain_to_split: 0]
[drop_rate: 0.1]
[max_drop: 50]
[skip_drop: 0.5]
[xgboost_dart_mode: 0]
[uniform_drop: 0]
[drop_seed: 4]
[top_rate: 0.2]
[other_rate: 0.1]
[min_data_per_group: 100]
[max_cat_threshold: 32]
[cat_l2: 10]
[cat_smooth: 10]
[max_cat_to_onehot: 4]
[top_k: 20]
[monotone_constraints: ]
[monotone_constraints_method: basic]
[monotone_penalty: 0]
[feature_contri: ]
[forcedsplits_filename: ]
[refit_decay_rate: 0.9]
[cegb_tradeoff: 1]
[cegb_penalty_split: 0]
[cegb_penalty_feature_lazy: ]
[cegb_penalty_feature_coupled: ]
[path_smooth: 0]
[interaction_constraints: ]
[verbosity: 1]
[saved_feature_importance_type: 0]
[max_bin: 255]
[max_bin_by_feature: ]
[min_data_in_bin: 3]
[bin_construct_sample_cnt: 200000]
[data_random_seed: 1]
[is_enable_sparse: 1]
[enable_bundle: 1]
[use_missing: 1]
[zero_as_missing: 0]
[feature_pre_filter: 1]
[pre_partition: 0]
[two_round: 0]
[header: 0]
[label_column: ]
[weight_column: ]
[group_column: ]
[ignore_column: ]
[categorical_feature: ]
[forcedbins_filename: ]
[objective_seed: 5]
[num_class: 1]
[is_unbalance: 0]
[scale_pos_weight: 1]
[sigmoid: 1]
[boost_from_average: 1]
[reg_sqrt: 0]
[alpha: 0.9]
[fair_c: 1]
[poisson_max_delta_step: 0.7]
[tweedie_variance_power: 1.5]
[lambdarank_truncation_level: 30]
[lambdarank_norm: 1]
[label_gain: ]
[eval_at: ]
[multi_error_top_k: 1]
[auc_mu_weights: ]
[num_machines: 1]
[local_listen_port: 12400]
[time_out: 120]
[machine_list_filename: ]
[machines: ]
[gpu_platform_id: -1]
[gpu_device_id: -1]
[gpu_use_dp: 0]
[num_gpu: 1]

end of parameters

pandas_categorical:null
