tree
version=v3
num_class=1
num_tree_per_iteration=1
label_index=0
max_feature_idx=15
objective=regression
feature_names=Column_0 Column_1 Column_2 Column_3 Column_4 Column_5 Column_6 Column_7 Column_8 Column_9 Column_10 Column_11 Column_12 Column_13 Column_14 Column_15
feature_infos=[1:49] [0:59] [1:49] [0:54] [0:6] [0:6] [0:7] [4:186] [0:131] [0:134] [0:6] [0:7] [0:7] [0:165] [0:101] [0:105]
tree_sizes=2745 2731 2736 2755 2737 2751 2741 2740 2751 2747 2763 2744 2743 2762 2756

Tree=0
num_leaves=31
num_cat=0
split_feature=2 0 1 0 2 11 2 14 7 7 4 0 1 13 6 14 7 3 3 5 11 14 0 3 3 15 8 10 14 8
split_gain=30.8618 17.6792 14.5771 18.5678 8.42073 8.33597 8.233 6.80438 6.9717 6.63421 8.54553 6.32105 7.46096 5.99173 5.06181 5.54812 6.87922 5.12549 4.81021 4.80795 7.86949 4.76139 4.3731 7.17487 6.88517 5.00361 5.92012 4.66891 4.12241 3.85714
threshold=23.500000000000004 24.500000000000004 6.5000000000000009 17.500000000000004 44.500000000000007 1.5000000000000002 33.500000000000007 8.5000000000000018 8.5000000000000018 8.5000000000000018 1.5000000000000002 34.500000000000007 8.5000000000000018 5.5000000000000009 1.5000000000000002 6.5000000000000009 14.500000000000002 6.5000000000000009 16.500000000000004 2.5000000000000004 2.5000000000000004 4.5000000000000009 18.500000000000004 18.500000000000004 4.5000000000000009 1.5000000000000002 22.500000000000004 1.5000000000000002 8.5000000000000018 7.5000000000000009
decision_type=2 2 2 2 2 2 2 2 2 2 2 2 2 2 2 2 2 2 2 2 2 2 2 2 2 2 2 2 2 2
left_child=2 6 5 -4 11 -1 7 8 13 10 -5 12 14 -2 -3 17 -17 -16 -14 20 -12 -11 24 25 -7 29 27 -27 -13 -24
right_child=1 4 3 9 -6 22 -8 -9 -10 21 19 28 18 -15 15 16 -18 -19 -20 -21 -22 -23 23 -25 -26 26 -28 -29 -30 -31
leaf_value=-0.026447369602688571 -0.084269948716074586 -0.1250187954830384 -0.091878402352116723 -0.0039473701987350202 -0.10986573473979527 -0.062032475042983905 -0.11517077144819404 -0.10761073378922731 -0.09432236777667545 -0.052208238485475969 -0.03823308357618805 -0.025870446541048732 -0.033947369404006424 -0.025697369566677432 -0.08794736797349495 -0.079416118164571295 -0.14537593788072878 -0.032325747825343101 -0.090947367894022094 -0.025870446455080499 -0.11031100374469727 -0.0013386746156679313 -0.061375940105968849 -0.011447370000052873 -0.098812232550539184 -0.096211518697965945 -0.12122009436479596 -0.064774954789112493 -0.062714491929609137 -0.0099473700397892939
leaf_weight=48 31 28 58 36 49 94 188 101 80 23 28 52 57 40 30 64 21 37 20 26 33 92 35 24 111 53 22 435 73 25
leaf_count=48 31 28 58 36 49 94 188 101 80 23 28 52 57 40 30 64 21 37 20 26 33 92 35 24 111 53 22 435 73 25
internal_value=-0.0710526 -0.0852332 -0.0602466 -0.0411433 -0.0708383 -0.0669226 -0.0993337 -0.0875188 -0.0740798 -0.0287793 -0.044923 -0.0658322 -0.0748034 -0.0512713 -0.0859474 -0.07875 -0.0957121 -0.057231 -0.0487526 -0.0618784 -0.0772261 -0.0115126 -0.0693541 -0.065008 -0.0819474 -0.0672632 -0.0704768 -0.0681892 -0.0473874 -0.0399474
internal_weight=0 871 1143 296 431 847 440 252 151 238 123 382 257 71 180 152 85 67 77 87 61 115 799 594 205 570 510 488 125 60
internal_count=2014 871 1143 296 431 847 440 252 151 238 123 382 257 71 180 152 85 67 77 87 61 115 799 594 205 570 510 488 125 60
shrinkage=1


Tree=1
num_leaves=31
num_cat=0
split_feature=2 0 1 0 2 11 2 15 9 7 4 1 14 0 1 14 6 7 13 14 7 7 13 0 15 2 7 5 11 14
split_gain=24.9981 14.3201 11.8074 15.0746 6.82079 6.75213 6.66873 6.2741 5.70041 5.39406 7.68995 5.15883 4.81672 4.75123 5.91302 5.21944 4.4503 4.37185 5.45361 7.29764 5.17954 4.09249 7.05218 5.33711 4.38794 5.1214 6.80413 4.07294 6.70278 3.82711
threshold=23.500000000000004 24.500000000000004 6.5000000000000009 16.500000000000004 44.500000000000007 1.5000000000000002 33.500000000000007 23.500000000000004 2.5000000000000004 8.5000000000000018 1.5000000000000002 9.5000000000000018 4.5000000000000009 34.500000000000007 6.5000000000000009 6.5000000000000009 2.5000000000000004 10.500000000000002 5.5000000000000009 9.5000000000000018 6.5000000000000009 17.500000000000004 21.500000000000004 20.500000000000004 19.500000000000004 15.500000000000002 8.5000000000000018 2.5000000000000004 2.5000000000000004 13.500000000000002
decision_type=2 2 2 2 2 2 2 2 2 2 2 2 2 2 2 2 2 2 2 2 2 2 2 2 2 2 2 2 2 2
left_child=2 6 5 11 8 -1 7 17 -3 10 -5 -4 -11 14 15 -10 -16 18 20 -20 -2 22 24 -23 25 26 -7 28 -12 -28
right_child=1 4 3 9 -6 21 -8 -9 13 12 27 -13 -14 -15 16 -17 -18 -19 19 -21 -22 23 -24 -25 -26 -27 29 -29 -30 -31
leaf_value=0.040144734581311542 0.0031272180875142417 -0.037921235273624287 -0.057333895952805226 0.061443198371577912 -0.03493179216676829 -0.00025522926401707436 -0.039706326438549988 -0.064608061313629159 0.0091290448361368327 0.012886116653680802 0.028180944919586184 0.0060843932217565077 0.063134444785374472 0.024571993846004295 -0.00088833819988162028 -0.028194837614017379 0.045453093796968463 -0.02523654366240782 0.041243264261706207 -0.02385430932044983 -0.062571206390857698 -0.04995209171491511 0.054857373008361236 0.0060789402793435497 -0.036967565545013979 -0.00054590355072702684 0.06960016525152958 0.040663966321601325 -0.036670168007121369 0.015754790197719228
leaf_weight=48 30 29 23 37 49 62 188 23 67 24 30 29 93 118 43 85 40 102 51 26 20 34 26 34 28 560 33 26 34 22
leaf_count=48 30 29 23 37 49 62 188 23 67 24 30 29 93 118 43 85 40 102 51 26 20 34 26 34 28 560 33 26 34 22
internal_value=0 -0.0127626 0.00972544 0.0269184 0.000192881 0.00371705 -0.025453 -0.0148195 0.0046984 0.0373364 0.0230654 -0.021966 0.0528271 0.00819973 -2.1234e-05 -0.0117429 0.0214449 -0.00981895 0.00256368 0.0192623 -0.0231522 0.00152865 0.00371146 -0.0219366 0.00182523 0.00342966 0.022458 0.00728784 -0.00627121 0.048062
internal_weight=0 871 1143 296 431 847 440 252 382 244 127 52 117 353 235 152 83 229 127 77 50 799 731 68 705 677 117 90 64 55
internal_count=2014 871 1143 296 431 847 440 252 382 244 127 52 117 353 235 152 83 229 127 77 50 799 731 68 705 677 117 90 64 55
shrinkage=0.1


Tree=2
num_leaves=31
num_cat=0
split_feature=0 2 2 2 3 13 1 12 0 7 4 1 2 0 3 8 9 11 14 3 7 13 5 8 15 3 0 15 0 0
split_gain=21.1655 15.5357 10.2375 10.0331 8.15081 7.80753 7.34713 9.0137 8.77885 7.19464 6.60904 6.14319 6.0534 5.80223 5.69759 7.41264 5.44454 5.23709 4.75669 4.71513 4.5274 4.8996 4.16745 4.15518 6.05907 4.09254 3.89703 3.69402 3.6862 3.76901
threshold=17.500000000000004 17.500000000000004 31.500000000000004 45.500000000000007 4.5000000000000009 17.500000000000004 6.5000000000000009 3.5000000000000004 36.500000000000007 16.500000000000004 1.5000000000000002 13.500000000000002 20.500000000000004 40.500000000000007 8.5000000000000018 10.500000000000002 9.5000000000000018 2.5000000000000004 8.5000000000000018 1.0000000180025095e-35 6.5000000000000009 10.500000000000002 3.5000000000000004 5.5000000000000009 2.5000000000000004 2.5000000000000004 27.500000000000004 7.5000000000000009 32.500000000000007 23.500000000000004
decision_type=2 2 2 2 2 2 2 2 2 2 2 2 2 2 2 2 2 2 2 2 2 2 2 2 2 2 2 2 2 2
left_child=2 5 4 6 18 11 8 10 17 14 -8 20 -12 -10 -6 -16 -17 19 -1 -3 28 26 -4 24 -19 -14 27 -22 29 -2
right_child=1 3 22 -5 9 -7 7 -9 13 -11 12 -13 25 -15 15 16 -18 23 -20 -21 21 -23 -24 -25 -26 -27 -28 -29 -30 -31
leaf_value=0.026819195291575268 0.0024487262186796768 -0.026613146825270217 -0.058630151576117465 -0.044603151336629343 -0.034465586185455324 0.064648418956332734 0.054557791021135116 -0.01494178030639887 0.058679449074977158 -0.062780775208222242 0.048263390594058569 0.066329748868942259 0.034401741481962657 0.0010043270660169197 0.041354474425315861 0.014322820186614991 -0.049882261335317583 0.0044754349050067721 -0.0097012025515238465 0.0044584204844378547 0.062786526605486878 -0.0092185910377237529 -0.016510458553538606 -0.00988862688029786 -0.061857380717992787 -0.0013729160401358535 0.0052282702462333776 0.020739296803603303 0.025954460530054003 -0.056907897889614104
leaf_weight=68 23 55 76 47 75 45 54 80 37 38 45 25 42 33 32 25 28 21 75 436 48 36 34 248 40 134 36 37 21 20
leaf_count=68 23 55 76 47 75 45 54 80 37 38 45 25 42 33 32 25 28 21 75 436 48 36 34 248 40 134 36 37 21 20
internal_value=0 0.00550672 -0.0190843 0.000738149 -0.0105272 0.0263508 0.00247777 0.0146015 -0.00246926 -0.0236661 0.0231959 0.0193451 0.0155328 0.0314897 -0.0143763 0.00334953 -0.0195968 -0.00544068 0.00766514 0.000977899 0.0140301 0.0231685 -0.0456113 -0.0156398 -0.0390215 0.00716422 0.0328043 0.0444836 -0.0083874 -0.025159
internal_weight=0 1563 451 1272 341 291 1225 355 870 198 275 246 221 70 160 85 53 800 143 491 221 157 110 309 61 176 121 85 64 43
internal_count=2014 1563 451 1272 341 291 1225 355 870 198 275 246 221 70 160 85 53 800 143 491 221 157 110 309 61 176 121 85 64 43
shrinkage=0.1


Tree=3
num_leaves=31
num_cat=0
split_feature=0 2 2 2 12 7 13 1 12 0 4 1 2 0 1 14 11 3 1 14 9 6 12 13 14 8 14 12 8 14
split_gain=17.1441 12.5839 8.41056 8.12684 6.87996 6.68386 6.3241 5.95117 7.3011 7.11087 5.35332 4.97598 4.90325 4.6998 4.6109 6.55936 4.24205 4.13361 4.308 4.00548 5.79963 4.69281 4.00217 3.94178 3.89892 5.25012 5.06248 5.93713 6.59055 5.0015
threshold=17.500000000000004 17.500000000000004 26.500000000000004 45.500000000000007 1.5000000000000002 18.500000000000004 17.500000000000004 6.5000000000000009 3.5000000000000004 36.500000000000007 1.5000000000000002 13.500000000000002 20.500000000000004 40.500000000000007 1.5000000000000002 8.5000000000000018 2.5000000000000004 4.5000000000000009 5.5000000000000009 16.500000000000004 22.500000000000004 1.0000000180025095e-35 3.5000000000000004 4.5000000000000009 1.0000000180025095e-35 5.5000000000000009 8.5000000000000018 2.5000000000000004 10.500000000000002 21.500000000000004
decision_type=2 2 2 2 2 2 2 2 2 2 2 2 2 2 2 2 2 2 2 2 2 2 2 2 2 2 2 2 2 2
left_child=2 6 4 7 -1 14 11 9 10 16 -9 -2 -12 -11 15 -6 19 -16 -19 20 21 -3 -23 -4 -18 -26 27 28 -27 -28
right_child=1 3 23 -5 5 -7 -8 8 -10 13 12 -13 -14 -15 17 -17 24 18 -20 -21 -22 22 -24 -25 25 26 29 -29 -30 -31
leaf_value=0.044318203876415892 0.012627131497799272 -0.045473979484467283 -0.062657430320978175 -0.040142836722921821 0.034295897101456266 -0.055228143930435181 0.058183578385247126 0.049102011543733108 -0.013447603210806847 0.0528115055045566 0.04343705323007372 0.059696773290634157 0.0064477967945012178 0.00090389522639187914 0.00015442126563617163 -0.013616266558247228 -0.05567447174163092 -0.065499992411712116 -0.013035014797659481 -0.035847974675042291 0.054447778633662638 0.0063360302530704659 -0.025220455593532989 -0.026483671171743363 -0.038223021804240719 0.020443191399445407 -0.030939692309634254 0.042976453792876929 -0.045253517994513881 0.011347796295474215
leaf_weight=24 221 21 40 47 53 31 45 54 80 37 45 25 176 33 56 62 21 29 34 28 21 376 45 122 57 37 88 39 26 41
leaf_count=24 221 21 40 47 53 31 45 54 80 37 45 25 176 33 56 62 21 29 34 28 21 376 45 122 57 37 88 39 26 41
internal_value=0 0.00495605 -0.0171759 0.000664334 -0.00695157 -0.0115949 0.0237157 0.00223 0.0131414 -0.00222234 0.0208763 0.0174106 0.0139795 0.0283408 -0.0058144 0.00846499 -0.00489661 -0.0196138 -0.0371856 0.000880109 0.00310125 0.000661704 0.00296301 -0.0354155 -0.0140758 -0.0110426 -0.00433569 0.0123126 -0.00666974 -0.0174995
internal_weight=0 1563 451 1272 289 265 291 1225 355 870 275 246 221 70 234 115 800 119 63 491 463 442 421 162 309 288 231 102 63 129
internal_count=2014 1563 451 1272 289 265 291 1225 355 870 275 246 221 70 234 115 800 119 63 491 463 442 421 162 309 288 231 102 63 129
shrinkage=0.1


Tree=4
num_leaves=31
num_cat=0
split_feature=2 0 12 0 2 6 10 4 11 15 2 9 15 2 1 4 9 3 5 7 12 7 6 14 13 4 0 9 7 9
split_gain=14.5079 8.70745 6.72447 7.88884 7.50462 5.32806 4.68583 5.82203 5.71924 6.18499 5.37797 4.87899 4.5919 4.68093 4.58565 4.14092 5.67273 3.72018 5.13556 3.70198 4.19431 3.62014 6.90976 4.87088 3.762 5.08116 3.61339 4.34919 3.49654 3.69846
threshold=23.500000000000004 24.500000000000004 1.5000000000000002 15.500000000000002 15.500000000000002 1.0000000180025095e-35 1.5000000000000002 1.5000000000000002 2.5000000000000004 3.5000000000000004 45.500000000000007 18.500000000000004 27.500000000000004 33.500000000000007 6.5000000000000009 2.5000000000000004 12.500000000000002 19.500000000000004 3.5000000000000004 8.5000000000000018 2.5000000000000004 8.5000000000000018 1.5000000000000002 5.5000000000000009 3.5000000000000004 2.5000000000000004 33.500000000000007 6.5000000000000009 6.5000000000000009 5.5000000000000009
decision_type=2 2 2 2 2 2 2 2 2 2 2 2 2 2 2 2 2 2 2 2 2 2 2 2 2 2 2 2 2 2
left_child=2 12 28 15 21 -3 11 8 -8 -10 26 -7 13 -2 17 16 -4 18 -6 20 -16 23 -23 -5 -24 -26 27 -9 -1 -30
right_child=1 5 3 4 14 6 7 10 9 -11 -12 -13 -14 -15 19 -17 -18 -19 -20 -21 -22 22 24 -25 25 -27 -28 -29 29 -31
leaf_value=0.0044733239923204693 -0.0071368227914926849 -0.033457650208757038 -0.018743473744090602 0.050239819288253787 0.00014106672863627588 0.048954361251422336 0.0664211630821228 0.015447181306387248 0.045403245091438296 -0.024911159996328685 -0.058045646846294409 -0.0061654732777522165 -0.049158921774397513 -0.02939553868167008 0.023236129539353508 -0.042201510207219559 0.035911414146423341 0.039333699237216607 -0.038544377281859117 0.035219949069950317 -0.026210376928592551 -0.014074660482860747 0.011508582830429078 -0.0016037725919001813 0.080583097404903839 0.023606808980305993 0.012519162254674095 -0.023984101864526861 0.068582400679588318 0.024111612985531491
leaf_weight=35 235 42 79 24 473 42 22 38 22 29 20 26 47 158 42 44 25 22 37 72 29 21 20 74 45 24 84 106 32 45
leaf_count=35 235 42 79 24 473 42 22 38 22 29 20 26 47 158 42 44 25 22 37 72 29 21 20 74 45 24 84 106 32 45
internal_value=0 -0.0097227 0.00740899 0.00488094 0.00846213 0.000379693 0.00403308 -0.00101842 0.0238043 0.00542054 -0.0083251 0.0278791 -0.0196184 -0.0160856 0.00334456 -0.0164852 -0.00560528 -0.000928714 -0.00266552 0.0192423 0.00303967 0.0250696 0.0375219 0.0110926 0.0496963 0.0607653 -0.00396365 -0.0135786 0.0306806 0.042593
internal_weight=0 871 1143 1031 883 431 389 321 73 51 248 68 440 393 675 148 104 532 510 143 71 208 110 98 89 69 228 144 112 77
internal_count=2014 871 1143 1031 883 431 389 321 73 51 248 68 440 393 675 148 104 532 510 143 71 208 110 98 89 69 228 144 112 77
shrinkage=0.1


Tree=5
num_leaves=31
num_cat=0
split_feature=0 2 3 2 3 1 5 1 12 0 3 4 0 9 14 7 14 14 8 2 9 3 8 2 10 15 7 2 14 7
split_gain=11.9783 8.19199 6.61476 5.34574 5.05566 4.81351 4.74043 5.44609 6.06921 5.06222 4.90211 4.46205 4.32084 4.07963 3.85688 3.71385 3.57635 3.97244 5.16851 6.14827 4.56902 3.50013 4.20932 3.38135 4.7513 4.56643 3.26882 4.35431 4.29279 3.11181
threshold=17.500000000000004 17.500000000000004 4.5000000000000009 45.500000000000007 19.500000000000004 13.500000000000002 1.5000000000000002 6.5000000000000009 3.5000000000000004 36.500000000000007 22.500000000000004 3.5000000000000004 40.500000000000007 14.500000000000002 3.5000000000000004 5.5000000000000009 1.0000000180025095e-35 7.5000000000000009 26.500000000000004 23.500000000000004 4.5000000000000009 8.5000000000000018 13.500000000000002 12.500000000000002 1.5000000000000002 1.5000000000000002 6.5000000000000009 15.500000000000002 20.500000000000004 7.5000000000000009
decision_type=2 2 2 2 2 2 2 2 2 2 2 2 2 2 2 2 2 2 2 2 2 2 2 2 2 2 2 2 2 2
left_child=2 4 23 6 5 26 13 9 10 16 11 14 -11 -3 -9 -4 -8 20 19 -19 -18 22 -16 -1 -25 -26 -2 28 -28 -10
right_child=1 3 15 -5 -6 -7 7 8 29 12 -12 -13 -14 -15 21 -17 17 18 -20 -21 -22 -23 -24 24 25 -27 27 -29 -30 -31
leaf_value=0.033894654777314924 -0.007489685756819589 -0.00057149854573336522 0.0034813198932381567 -0.032416406971343022 0.067797700762748714 0.050884841294849631 -0.038442394137382513 0.001949005513577848 -0.037655525388462202 0.049571682725633892 -0.025043988795507524 -0.0075767050470624655 -0.00086509531194513495 -0.062191751741227652 0.065837174360869374 -0.028411476344855364 -0.015367637521454267 -0.0018254685614790237 0.024631049327160183 -0.030665481621117305 0.0099580311011977316 0.02177801553408305 0.019003636070660183 -0.036051255464553837 0.045420850359875226 -0.0051380813121795661 0.036366544868431841 -0.0083338636491033773 -0.014301552511751654 0.0049894186583432287
leaf_weight=27 70 22 43 47 20 34 28 37 28 35 21 35 33 21 61 242 91 168 38 132 328 75 28 36 23 80 102 45 20 44
leaf_count=27 70 22 43 47 20 34 28 37 28 35 21 35 33 21 61 242 91 168 38 132 328 75 28 36 23 80 102 45 20 44
internal_value=0 0.00414263 -0.0143568 0.000679909 0.0192787 0.0156979 0.00194973 0.00313622 0.014066 -0.00107935 0.021255 0.0253748 0.025095 -0.0306651 0.0311126 -0.0235996 -0.00334669 -0.00204856 -0.010114 -0.0145151 0.00445771 0.0376922 0.051103 0.00151171 -0.0047785 0.00615178 0.01065 0.0182535 0.0280603 -0.0115947
internal_weight=0 1563 451 1272 291 271 1225 1182 329 853 257 236 68 43 201 285 785 757 338 300 419 164 89 166 139 103 237 167 122 72
internal_count=2014 1563 451 1272 291 271 1225 1182 329 853 257 236 68 43 201 285 785 757 338 300 419 164 89 166 139 103 237 167 122 72
shrinkage=0.1


Tree=6
num_leaves=31
num_cat=0
split_feature=2 0 12 0 1 3 7 6 3 6 15 15 4 10 4 11 15 9 2 0 15 8 2 13 8 14 2 5 11 3
split_gain=9.8326 6.12344 5.1995 5.56998 4.7515 5.98871 4.31468 4.28759 4.22855 4.53986 4.19018 6.52488 3.91622 3.87601 4.71796 4.6013 4.89809 3.81075 3.75976 3.72319 3.56853 3.46372 4.01806 3.5188 3.82489 3.34266 4.47305 3.29831 4.40777 3.20966
threshold=23.500000000000004 24.500000000000004 1.5000000000000002 18.500000000000004 6.5000000000000009 18.500000000000004 9.5000000000000018 1.0000000180025095e-35 9.5000000000000018 3.5000000000000004 16.500000000000004 9.5000000000000018 1.5000000000000002 1.5000000000000002 1.5000000000000002 2.5000000000000004 3.5000000000000004 18.500000000000004 45.500000000000007 20.500000000000004 23.500000000000004 26.500000000000004 36.500000000000007 18.500000000000004 20.500000000000004 10.500000000000002 16.500000000000004 2.5000000000000004 2.5000000000000004 4.5000000000000009
decision_type=2 2 2 2 2 2 2 2 2 2 2 2 2 2 2 2 2 2 2 2 2 2 2 2 2 2 2 2 2 2
left_child=2 20 -1 10 5 8 12 -3 9 -5 11 25 -6 17 15 -15 -17 -9 -16 -10 21 23 -23 24 -2 26 -4 28 -14 -28
right_child=1 7 3 4 6 -7 -8 13 19 -11 -12 -13 27 14 18 16 -18 -19 -20 -21 -22 22 -24 -25 -26 -27 29 -29 -30 -31
leaf_value=0.026562860045981199 -0.0083301581227730338 -0.029886549853143242 0.033265530268351239 0.0022151301694522006 0.042313198796634019 0.047908061948315851 0.041323000780293641 0.044058442257699518 0.017306741078694662 0.039657746212823058 -0.044003014564514165 0.036156344939680667 0.013357326574623586 0.059721514311703777 -0.0037801665172242285 0.040587473728440029 -0.021985720380626878 -0.0046549538007149335 -0.048999438583850863 -0.031218457128852607 -0.038131143897771835 0.034461883479549038 -0.017798709124326708 -0.04485719482868146 -0.043688735152993888 -0.025879706870550398 0.011121639699646921 0.028077087936730222 -0.039550956026200325 -0.030339894183846406
leaf_weight=112 243 42 30 433 29 29 71 42 21 35 30 34 32 22 228 22 29 26 20 64 64 31 28 39 35 87 33 29 31 43
leaf_count=112 243 42 30 433 29 29 71 42 21 35 30 34 32 22 228 22 29 26 20 64 64 31 28 39 35 87 33 29 31 43
internal_value=0 -0.00800421 0.00609945 0.00387646 0.00811185 0.00361163 0.0217532 0.0004676 0.00128867 0.00501533 -0.00887916 -0.00423724 0.01027 0.00374491 -0.000849392 0.0214961 0.00500664 0.0254327 -0.00742688 -0.0192299 -0.0163027 -0.0125873 0.00966025 -0.016728 -0.0127818 -0.0113532 0.000569477 0.00016946 -0.0126769 -0.0123369
internal_weight=0 871 1143 1031 774 582 192 431 553 468 257 227 121 389 321 73 51 68 248 85 440 376 59 317 278 193 106 92 63 76
internal_count=2014 871 1143 1031 774 582 192 431 553 468 257 227 121 389 321 73 51 68 248 85 440 376 59 317 278 193 106 92 63 76
shrinkage=0.1


Tree=7
num_leaves=31
num_cat=0
split_feature=2 0 1 3 14 14 9 13 2 15 13 2 7 7 5 3 9 15 8 11 0 1 13 14 9 8 14 12 9 5
split_gain=8.20665 7.7273 5.78798 4.5649 4.41551 4.10729 5.75345 5.67979 4.85045 3.92777 5.78011 4.55929 4.81067 4.28731 3.86774 4.15216 3.81081 3.61011 3.64554 6.13885 4.18735 3.52989 6.86118 5.98149 3.69456 3.42162 3.41022 3.14612 3.07071 3.16453
threshold=20.500000000000004 24.500000000000004 13.500000000000002 21.500000000000004 1.0000000180025095e-35 7.5000000000000009 14.500000000000002 7.5000000000000009 39.500000000000007 2.5000000000000004 4.5000000000000009 37.500000000000007 14.500000000000002 13.500000000000002 2.5000000000000004 16.500000000000004 25.500000000000004 23.500000000000004 25.500000000000004 3.5000000000000004 17.500000000000004 5.5000000000000009 9.5000000000000018 11.500000000000002 11.500000000000002 6.5000000000000009 1.5000000000000002 3.5000000000000004 27.500000000000004 3.5000000000000004
decision_type=2 2 2 2 2 2 2 2 2 2 2 2 2 2 2 2 2 2 2 2 2 2 2 2 2 2 2 2 2 2
left_child=2 4 14 9 -2 6 8 -8 25 -3 13 21 -13 27 15 -1 -5 18 19 -7 -20 23 -23 24 -12 -6 -27 -11 29 -16
right_child=1 3 -4 16 5 17 7 -9 -10 10 11 12 -14 -15 28 -17 -18 -19 20 -21 -22 22 -24 -25 -26 26 -28 -29 -30 -31
leaf_value=0.0017959584321197569 -0.045906853523009862 0.025870786690979863 0.037432818392575798 -0.037921562194824225 -0.036242520809173583 -0.010763690173625946 -0.019575653189704532 0.043407161600059939 -0.054908336292613637 0.024336879713493482 -0.017536030156271799 -0.045093937714894616 0.012290912015097482 0.061586516553705388 0.01951091362252122 -0.044624589383602142 0.0090662077069282535 -0.050044979330371414 -0.01751842188835144 -0.049650842709974809 0.043053170612880165 0.055902311801910402 -0.0033621154725551605 -0.048572278433832633 0.028411496026175365 0.038120686724072414 -0.0051556043775521053 -0.019478963769000511 0.048696317523717884 -0.003481191955506802
leaf_weight=527 39 89 59 45 30 155 21 45 22 57 35 48 21 22 168 20 28 34 25 55 21 30 56 29 35 21 137 23 24 93
leaf_count=527 39 89 59 45 30 155 21 45 22 57 35 48 21 22 168 20 28 34 25 55 21 30 56 29 35 21 137 23 24 93
internal_value=0 -0.00568594 0.00716645 0.00327878 -0.0133615 -0.011119 -0.00238699 0.0233672 -0.0104812 0.00708096 0.0023835 -0.0056912 -0.027629 0.0224911 0.00502016 9.86806e-05 -0.0198989 -0.0194295 -0.0153633 -0.0209484 0.0101338 0.00249101 0.0173115 -0.0103834 0.00543773 -0.00528223 0.000596308 0.0117398 0.0144659 0.0113183
internal_weight=0 1123 891 518 605 566 276 66 210 445 356 254 69 102 832 547 73 290 256 210 46 185 86 99 70 188 158 80 285 261
internal_count=2014 1123 891 518 605 566 276 66 210 445 356 254 69 102 832 547 73 290 256 210 46 185 86 99 70 188 158 80 285 261
shrinkage=0.1


Tree=8
num_leaves=31
num_cat=0
split_feature=0 2 3 13 6 5 5 7 8 7 2 6 3 8 7 10 2 11 14 11 2 15 2 15 4 13 2 5 4 0
split_gain=7.07438 4.96879 4.34103 3.92981 3.62118 3.21725 3.10418 3.04529 5.50392 2.91275 3.76419 3.1154 2.89339 5.43228 3.65199 2.86826 4.50466 5.32597 3.85701 4.49495 3.41252 3.20178 5.8407 3.71537 3.71327 4.77065 3.60142 3.19963 3.10467 4.53285
threshold=17.500000000000004 17.500000000000004 4.5000000000000009 17.500000000000004 1.0000000180025095e-35 1.5000000000000002 2.5000000000000004 6.5000000000000009 9.5000000000000018 6.5000000000000009 16.500000000000004 2.5000000000000004 2.5000000000000004 22.500000000000004 9.5000000000000018 1.5000000000000002 46.500000000000007 4.5000000000000009 16.500000000000004 2.5000000000000004 25.500000000000004 6.5000000000000009 23.500000000000004 17.500000000000004 3.5000000000000004 4.5000000000000009 36.500000000000007 2.5000000000000004 1.5000000000000002 27.500000000000004
decision_type=2 2 2 2 2 2 2 2 2 2 2 2 2 2 2 2 2 2 2 2 2 2 2 2 2 2 2 2 2 2
left_child=2 3 12 9 6 -6 -3 8 -4 11 -11 -2 13 -1 -14 18 17 21 19 -7 -21 28 23 27 25 -24 -26 -23 29 -17
right_child=1 4 7 -5 5 15 -8 -9 -10 10 -12 -13 14 -15 -16 16 -18 -19 -20 20 -22 22 24 -25 26 -27 -28 -29 -30 -31
leaf_value=-0.016151476026785495 0.0089968155070048999 -0.039108490394201223 0.044295506179332735 0.042142395840750801 -0.024873556716497557 0.046241766766265589 -0.002152045363304662 -0.023915116761678033 -0.019691848027996901 0.023057641332348191 -0.015745389660199484 -0.035791737318038939 -0.0062838844277641991 0.039844215483892532 0.050122310717900603 -0.014498553810448483 -0.044792539165133524 0.042801893814917537 -0.0099203210501443775 -0.024881433627822185 0.025963871768026642 0.016392203436031209 0.028783650374880027 -0.017398663997650148 -0.05825370225039396 -0.0069743461210093052 -0.0053504044971158429 0.047229487381198192 -0.0082545357812692129 0.038304347444225006
leaf_weight=99 41 41 20 45 43 54 51 224 41 150 30 25 22 21 24 29 21 31 42 22 33 143 51 25 22 139 31 44 413 37
leaf_count=99 41 41 20 45 43 54 51 224 41 150 30 25 22 21 24 29 21 31 42 22 33 143 51 25 22 139 31 44 413 37
internal_value=0 0.00318363 -0.0110333 0.0149717 0.000486833 0.00197666 -0.0186218 -0.0185208 0.00128761 0.0100015 0.0165905 -0.00796855 0.00182182 -0.00635223 0.0231454 0.0029921 0.00102657 0.00202367 0.0158266 0.0257474 0.00562575 0.000670218 0.00667759 0.0188076 -0.00390499 0.00262385 -0.0273103 0.023648 -0.00503616 0.0151031
internal_weight=0 1563 451 291 1272 1180 92 285 61 246 180 66 166 120 46 1137 986 965 151 109 55 934 455 212 243 190 53 187 479 66
internal_count=2014 1563 451 291 1272 1180 92 285 61 246 180 66 166 120 46 1137 986 965 151 109 55 934 455 212 243 190 53 187 479 66
shrinkage=0.1


Tree=9
num_leaves=31
num_cat=0
split_feature=2 0 1 14 3 14 11 6 1 7 15 8 10 15 7 13 14 9 1 2 15 7 2 5 9 10 13 6 8 1
split_gain=5.82689 5.59547 4.29985 3.69798 3.6716 3.64159 3.84708 5.14603 3.89314 4.474 3.69978 3.62885 5.03167 4.40309 4.35075 3.44543 3.24348 4.79491 5.05856 4.10206 3.12817 4.9672 3.94281 3.88191 3.04583 2.99412 3.41694 4.69191 4.38215 3.62173
threshold=20.500000000000004 24.500000000000004 10.500000000000002 1.0000000180025095e-35 21.500000000000004 10.500000000000002 2.5000000000000004 1.5000000000000002 2.5000000000000004 9.5000000000000018 16.500000000000004 9.5000000000000018 2.5000000000000004 3.5000000000000004 9.5000000000000018 12.500000000000002 7.5000000000000009 14.500000000000002 2.5000000000000004 30.500000000000004 2.5000000000000004 13.500000000000002 37.500000000000007 3.5000000000000004 25.500000000000004 3.5000000000000004 15.500000000000002 1.5000000000000002 4.5000000000000009 5.5000000000000009
decision_type=2 2 2 2 2 2 2 2 2 2 2 2 2 2 2 2 2 2 2 2 2 2 2 2 2 2 2 2 2 2
left_child=2 3 5 -2 20 10 15 -8 -9 -10 11 -1 13 -13 -15 -7 17 19 -19 -5 -3 22 25 -23 -6 26 27 -22 -29 -30
right_child=1 4 -4 16 24 6 7 8 9 -11 -12 12 -14 14 -16 -17 -18 18 -20 -21 21 23 -24 -25 -26 -27 -28 28 29 -31
leaf_value=0.0052003685235977176 -0.041106507487786124 0.023015866051898915 0.024359572499192187 0.0011952891513921215 -0.034061621030171713 -0.023943215335408847 -0.034156859397888185 -0.0024632347123873122 0.0076967191237669727 0.06757107997934024 -0.025699154138565064 0.039074670499370946 0.050060917649950298 -0.037234801054000857 0.021809038768212 0.019963519204230534 -0.016655458319803765 0.054252154699393686 -0.0017641421211393256 -0.028249266629831661 -0.039853666045449002 0.032068270327229247 -0.028554219634909381 -0.013357964634895325 0.00794606911284583 0.034403826793034872 -0.035972066554758285 0.040251171248299737 -0.020637189707857499 0.019523045767185301
leaf_weight=350 39 89 112 138 45 120 25 53 26 24 30 31 49 26 24 21 290 28 38 72 22 76 57 25 28 24 27 35 47 43
leaf_count=350 39 89 112 138 45 120 25 53 26 24 30 31 49 26 24 21 290 28 38 72 22 76 57 25 28 24 27 35 47 43
internal_value=0 -0.00479113 0.00603865 -0.0113227 0.00283741 0.00340457 -0.00600968 0.00654178 0.0164201 0.0364364 0.00837013 0.0104995 0.0247662 0.00946453 -0.00889376 -0.0174039 -0.00927042 -0.00151078 0.0220003 -0.00889999 0.00624733 0.00205519 -0.00537879 0.0208242 -0.0179491 0.00129293 -0.00327409 0.00273166 0.0102267 -0.00144952
internal_weight=0 1123 891 605 518 779 269 128 103 50 510 480 130 81 50 141 566 276 66 210 445 356 255 101 73 198 174 147 125 90
internal_count=2014 1123 891 605 518 779 269 128 103 50 510 480 130 81 50 141 566 276 66 210 445 356 255 101 73 198 174 147 125 90
shrinkage=0.1


Tree=10
num_leaves=31
num_cat=0
split_feature=0 15 1 14 2 4 13 6 14 2 15 9 9 11 0 15 14 4 3 3 9 13 2 13 14 0 9 13 14 0
split_gain=5.44034 4.21173 5.00519 4.68516 5.27193 4.09355 4.00478 3.94205 4.03429 3.6218 3.66107 3.53985 3.42443 3.37381 3.34294 3.20536 4.58581 3.29512 5.59067 3.75147 2.9145 3.33745 2.71591 3.87524 3.34479 4.83855 4.78777 3.56607 3.05826 2.94087
threshold=17.500000000000004 2.5000000000000004 6.5000000000000009 17.500000000000004 33.500000000000007 2.5000000000000004 3.5000000000000004 1.0000000180025095e-35 13.500000000000002 10.500000000000002 1.5000000000000002 5.5000000000000009 22.500000000000004 1.5000000000000002 20.500000000000004 14.500000000000002 6.5000000000000009 1.5000000000000002 8.5000000000000018 11.500000000000002 3.5000000000000004 3.5000000000000004 17.500000000000004 3.5000000000000004 8.5000000000000018 34.500000000000007 6.5000000000000009 17.500000000000004 1.0000000180025095e-35 21.500000000000004
decision_type=2 2 2 2 2 2 2 2 2 2 2 2 2 2 2 2 2 2 2 2 2 2 2 2 2 2 2 2 2 2
left_child=9 5 7 4 15 14 -6 11 12 -1 -11 -3 22 -12 -2 17 -17 -4 -19 -20 -16 -22 -9 29 25 27 -26 28 -25 -24
right_child=1 2 3 -5 6 -7 -8 8 -10 10 13 -13 -14 -15 20 16 -18 18 19 -21 21 -23 23 24 26 -27 -28 -29 -30 -31
leaf_value=0.022751435171812773 0.00095559973269701006 -0.011544421729114322 0.042465698788332389 0.030512443131634166 0.020464962720870974 -0.012726817701173865 -0.028619563535732386 0.0153942555513071 -0.016170719352085146 0.0094658051024783738 0.020002464080850282 -0.061266400842439561 0.028170309530364143 -0.018834371737977293 -0.0045936488586923348 0.030548259757813959 -0.026462170273758648 0.025627752561723033 -0.049289589822292333 0.0059197542257606985 -0.00048333380533301318 0.04153953031548914 0.031516259431838993 -0.040309387445449832 0.0042888109054830346 0.044912828207015996 -0.042293315916730648 -0.042859139541784927 0.00030506108924159857 -0.0026131002341999729
leaf_weight=32 64 45 43 84 22 46 68 92 160 66 24 21 45 329 23 21 43 93 20 32 23 106 50 20 36 20 57 24 254 51
leaf_count=32 64 45 43 84 22 46 68 92 160 66 24 21 45 329 23 21 43 93 20 32 23 106 50 20 36 20 57 24 254 51
internal_value=0 0.00279185 0.000462349 0.00935172 0.00415434 0.0143593 -0.0166211 -0.0038655 -0.00194836 -0.00967552 -0.012152 -0.0273651 0.00155793 -0.0161939 0.0201277 0.0115742 -0.00775562 0.0181545 0.010945 -0.0153146 0.0282001 0.0340471 -0.000424786 -0.00326727 -0.00758002 -0.00270146 -0.0242615 -0.00589705 -0.0026595 0.0142826
internal_weight=0 1563 1301 426 342 262 90 875 809 451 419 66 649 353 216 252 64 188 145 52 152 129 604 512 411 318 93 298 274 101
internal_count=2014 1563 1301 426 342 262 90 875 809 451 419 66 649 353 216 252 64 188 145 52 152 129 604 512 411 318 93 298 274 101
shrinkage=0.1


Tree=11
num_leaves=31
num_cat=0
split_feature=11 0 1 3 14 6 8 4 15 9 15 12 4 0 2 15 15 15 8 14 2 5 2 4 15 11 2 15 15 1
split_gain=4.43902 5.31544 3.5336 5.47188 5.77244 4.56098 4.47424 5.19722 4.7063 3.5553 3.61675 5.74946 4.19512 3.1899 3.09281 3.06426 2.83151 2.79909 2.77115 2.73347 2.49545 2.42039 2.40436 2.2954 2.20884 2.80276 2.18422 2.9144 4.70478 3.59244
threshold=1.5000000000000002 17.500000000000004 7.5000000000000009 21.500000000000004 3.5000000000000004 4.5000000000000009 5.5000000000000009 2.5000000000000004 2.5000000000000004 8.5000000000000018 22.500000000000004 3.5000000000000004 2.5000000000000004 35.500000000000007 45.500000000000007 1.5000000000000002 18.500000000000004 24.500000000000004 17.500000000000004 1.5000000000000002 10.500000000000002 1.5000000000000002 19.500000000000004 2.5000000000000004 10.500000000000002 2.5000000000000004 43.500000000000007 9.5000000000000018 16.500000000000004 4.5000000000000009
decision_type=2 2 2 2 2 2 2 2 2 2 2 2 2 2 2 2 2 2 2 2 2 2 2 2 2 2 2 2 2 2
left_child=21 15 6 4 19 9 7 -3 13 16 11 12 -11 22 17 -2 23 -10 -19 -4 -17 -1 -8 24 25 -6 27 -22 29 -29
right_child=1 2 3 -5 5 -7 8 -9 14 10 -12 -13 -14 -15 -16 20 -18 18 -20 -21 26 -23 -24 -25 -26 -27 -28 28 -30 -31
leaf_value=-0.0037627909332513809 0.0093026220317809823 -0.0066186362605416375 0.0079429095344884064 -0.027704325815041859 0.051473476390043897 0.057097783684730535 0.043970881402492529 -0.045726326746600016 0.0013205337530689436 0.023567618865233203 0.04277245742934091 -0.048549512638287114 -0.016694192345752274 0.054412681715829039 -0.040192160606384281 0.018604092370896115 -0.0062223219058730392 0.00096362417652493437 -0.049822246757420627 -0.03453725142912431 -0.023044975217205388 0.028837055194227003 0.0060813774761644384 0.012146091709534328 0.067904727036754292 0.0050747185945510869 -0.04897778108716011 0.044919661145943868 -0.021622693761071163 -0.0041529145411082682
leaf_weight=32 62 178 28 36 30 28 20 42 653 65 21 22 43 21 20 21 22 21 22 33 181 79 103 36 24 23 20 26 67 35
leaf_count=32 62 178 28 36 30 28 20 42 653 65 21 22 43 21 20 21 22 21 22 33 181 79 103 36 24 23 20 26 67 35
internal_value=0 -0.00113385 0.00164433 0.00953585 0.0131109 0.0185794 -0.00135884 -0.0140846 0.0018966 0.0148083 0.00426607 -0.00195419 0.00753745 0.0183921 -0.00142093 -0.0111879 0.0266 -0.000306817 -0.0250198 -0.0150382 -0.0148176 0.0194389 0.0122423 0.0329902 0.0427355 0.0313382 -0.0169509 -0.014878 -0.00332939 0.0167633
internal_weight=0 1903 1491 411 375 314 1080 220 860 286 151 130 108 144 716 412 135 696 43 61 350 111 123 113 77 53 329 309 128 61
internal_count=2014 1903 1491 411 375 314 1080 220 860 286 151 130 108 144 716 412 135 696 43 61 350 111 123 113 77 53 329 309 128 61
shrinkage=0.1


Tree=12
num_leaves=31
num_cat=0
split_feature=2 11 4 12 6 12 14 0 4 9 8 7 0 14 14 10 7 2 1 1 15 0 13 2 3 7 2 7 1 3
split_gain=3.68822 3.58966 6.99173 3.17321 3.23988 4.42057 4.97992 3.22258 2.90877 4.11915 2.90824 2.85772 6.36854 3.97327 3.24734 3.02236 3.59604 2.95344 2.72991 3.11646 2.67324 2.98347 3.56368 3.73672 4.42468 3.91473 2.58669 3.15828 2.5414 2.53931
threshold=23.500000000000004 2.5000000000000004 1.5000000000000002 1.5000000000000002 3.5000000000000004 2.5000000000000004 11.500000000000002 15.500000000000002 2.5000000000000004 10.500000000000002 10.500000000000002 7.5000000000000009 35.500000000000007 17.500000000000004 12.500000000000002 2.5000000000000004 13.500000000000002 31.500000000000004 3.5000000000000004 12.500000000000002 1.5000000000000002 21.500000000000004 18.500000000000004 30.500000000000004 8.5000000000000018 10.500000000000002 30.500000000000004 19.500000000000004 13.500000000000002 5.5000000000000009
decision_type=2 2 2 2 2 2 2 2 2 2 2 2 2 2 2 2 2 2 2 2 2 2 2 2 2 2 2 2 2 2
left_child=3 2 -2 29 7 6 -6 8 9 -5 -7 12 18 14 15 16 -13 -17 -3 -20 -4 -22 23 24 -23 -25 -15 -28 -9 -1
right_child=1 11 20 4 5 10 -8 28 -10 -11 -12 13 -14 26 -16 17 -18 -19 19 -21 21 22 -24 25 -26 -27 27 -29 -30 -31
leaf_value=0.0076097433153978176 0.034474216527858023 -0.023002005465652633 0.023705771192908287 -0.018013596137364706 0.057066339999437332 -0.025252181805413346 0.000172141432762146 0.00095949286487189149 -0.037334491312503819 0.032571662556041374 0.017854712815845716 -0.023092785988535203 0.040741706453263762 -0.024112225274244947 -0.049038663035944896 -0.0054058862505135712 0.010421665644241592 -0.045912662479612565 0.015538760572671889 -0.030042376667261124 -0.020291850596666338 0.013344019651412964 -0.036924484223127364 -0.0050019911848581755 -0.042736232280731201 0.045092325485669653 0.035216902052202535 -0.005902148117410376 0.027473542407939311 0.038440625166351147
leaf_weight=68 59 69 32 60 40 29 25 743 40 22 34 70 32 30 38 27 59 54 60 20 100 34 20 26 24 39 31 47 38 44
leaf_count=68 59 69 32 60 40 29 25 743 40 22 34 70 32 30 38 27 59 54 60 20 100 34 20 26 24 39 31 47 38 44
internal_value=0 -0.00490222 0.00323792 0.00373564 0.00199901 0.0168883 0.035184 -0.00011154 -0.0152264 -0.00444194 -0.00198814 -0.00996517 0.000265604 -0.0151668 -0.0221384 -0.0172708 -0.00776447 -0.0324104 -0.00842725 0.00414348 -0.00346369 -0.00704156 0.00222438 0.00859005 -0.0098616 0.0250546 0.000842187 0.01044 0.00224955 0.0197219
internal_weight=0 871 334 1143 1031 128 65 903 122 82 63 537 181 356 248 210 129 81 149 80 275 243 143 123 58 65 108 78 781 112
internal_count=2014 871 334 1143 1031 128 65 903 122 82 63 537 181 356 248 210 129 81 149 80 275 243 143 123 58 65 108 78 781 112
shrinkage=0.1


Tree=13
num_leaves=31
num_cat=0
split_feature=11 0 15 13 15 14 2 7 12 14 12 2 13 11 3 14 4 3 15 3 5 3 2 14 1 0 15 8 0 15
split_gain=3.32917 3.64462 3.47204 3.42769 2.58777 2.89972 2.55308 4.33652 3.39927 2.98407 3.81303 2.89192 3.3262 2.88945 4.47405 5.41758 4.19394 2.81154 5.00359 2.96631 2.7519 3.44517 2.65101 2.65044 4.16563 3.46006 2.72024 2.59791 2.87965 2.59673
threshold=1.5000000000000002 16.500000000000004 1.5000000000000002 10.500000000000002 8.5000000000000018 7.5000000000000009 15.500000000000002 8.5000000000000018 5.5000000000000009 21.500000000000004 3.5000000000000004 12.500000000000002 6.5000000000000009 2.5000000000000004 1.5000000000000002 4.5000000000000009 1.5000000000000002 8.5000000000000018 6.5000000000000009 1.0000000180025095e-35 2.5000000000000004 5.5000000000000009 21.500000000000004 6.5000000000000009 3.5000000000000004 20.500000000000004 9.5000000000000018 6.5000000000000009 23.500000000000004 9.5000000000000018
decision_type=2 2 2 2 2 2 2 2 2 2 2 2 2 2 2 2 2 2 2 2 2 2 2 2 2 2 2 2 2 2
left_child=-1 2 -2 -4 -5 -6 7 20 9 10 13 12 -9 16 15 -15 -8 18 19 -18 21 -3 -17 25 27 -16 -26 -25 -29 -11
right_child=1 6 3 4 5 -7 8 11 -10 29 -12 -13 -14 14 23 22 17 -19 -20 -21 -22 -23 -24 24 26 -27 -28 28 -30 -31
leaf_value=0.016834333418188869 0.013242438772939286 -0.038802792357675961 -0.0061250894273842246 -0.046265484995030345 0.010333139621294462 -0.033244228765771197 0.026672957490568295 -0.015129831874812092 0.040457524210214618 0.023880514715399065 -0.016028496773679398 0.043967481940350633 0.032529000472277407 -0.02256299795642976 -0.025157353679339092 0.0546126414090395 -0.027671676583406402 -0.01090266056044001 0.020963588798487628 0.0020004747090516268 0.017195888797545602 0.012285157631744039 0.013295696946707639 -0.064290170436320099 0.010668078064918519 0.008181564082013499 -0.02385329646723611 -0.048775021632512412 -0.0075651411062631849 -0.0026256719773465938
leaf_weight=111 53 33 181 47 26 37 73 27 20 84 183 47 32 31 45 24 41 142 135 189 36 22 44 23 50 101 42 30 39 66
leaf_count=111 53 33 181 47 26 37 73 27 20 84 183 47 32 31 45 24 41 142 135 189 36 22 44 23 50 101 42 30 39 66
internal_value=0 -0.000981929 -0.0102984 -0.0145859 -0.0285078 -0.0152599 0.00107379 0.0117144 -0.000465267 -0.00107514 -0.00274791 0.0254613 0.010719 -0.000339245 -0.0065615 0.0120834 0.00426308 0.00103641 0.00568119 -0.00328891 -0.00429853 -0.0183676 0.0278781 -0.012155 -0.020138 -0.00209413 -0.00509168 -0.0351844 -0.0254825 0.0122178
internal_weight=0 1903 344 291 110 63 1559 197 1362 1342 1192 106 59 1009 429 99 580 507 365 230 91 55 68 330 184 146 92 92 69 150
internal_count=2014 1903 344 291 110 63 1559 197 1362 1342 1192 106 59 1009 429 99 580 507 365 230 91 55 68 330 184 146 92 92 69 150
shrinkage=0.1


Tree=14
num_leaves=31
num_cat=0
split_feature=2 5 9 1 12 6 4 15 13 14 9 11 15 6 15 9 7 1 0 8 2 13 12 1 13 5 13 8 9 3
split_gain=3.06323 3.25357 5.81014 3.91686 3.9096 3.89559 5.63844 3.55657 4.93721 3.37224 4.31252 3.46393 4.18726 3.42324 3.93502 3.99438 3.19762 3.14731 3.08558 2.98284 2.75847 2.59529 4.67155 4.03129 2.9127 2.59052 2.5977 2.56843 2.51178 2.51153
threshold=43.500000000000007 1.5000000000000002 9.5000000000000018 10.500000000000002 2.5000000000000004 4.5000000000000009 2.5000000000000004 5.5000000000000009 8.5000000000000018 10.500000000000002 14.500000000000002 2.5000000000000004 18.500000000000004 3.5000000000000004 3.5000000000000004 4.5000000000000009 6.5000000000000009 1.0000000180025095e-35 21.500000000000004 7.5000000000000009 20.500000000000004 3.5000000000000004 3.5000000000000004 3.5000000000000004 25.500000000000004 2.5000000000000004 10.500000000000002 11.500000000000002 8.5000000000000018 9.5000000000000018
decision_type=2 2 2 2 2 2 2 2 2 2 2 2 2 2 2 2 2 2 2 2 2 2 2 2 2 2 2 2 2 2
left_child=1 2 4 9 -1 6 7 -5 -9 10 11 13 -13 14 19 -16 -12 -18 -8 -3 -20 22 23 27 25 26 -23 -11 -10 -27
right_child=-2 3 -4 5 -6 -7 18 8 28 21 16 12 -14 -15 15 -17 17 -19 20 -21 -22 24 -24 -25 -26 29 -28 -29 -30 -31
leaf_value=0.038664399623870853 -0.017152476611763539 0.0052667328289576938 -0.034019571586566814 0.051211722660809755 -0.020653718858957292 0.049196054869227943 -0.035510059710471858 0.033332633240181105 0.017729540914297105 -0.016696214814518773 -0.0021336965701159311 -0.0047858252561182009 -0.050180952115492387 0.040735968947410585 -0.021041485412818632 0.0038284397929122579 0.046324619300225203 0.012269362550357293 0.033731913417577745 0.036386716745116496 -0.010902456442515057 -0.01362916272060544 -0.031286101505674166 0.037609147009524432 0.018006822105610009 0.0029136375866130053 -0.041092463181569033 0.019240970869322083 -0.028021421233812967 -0.019148345846076345
leaf_weight=25 99 70 68 32 20 27 31 57 20 43 51 266 22 26 82 304 51 58 20 55 45 102 29 44 33 129 52 37 30 86
leaf_count=25 99 70 68 32 20 27 31 57 20 43 51 266 22 26 82 304 51 58 20 55 45 102 29 44 33 129 52 37 30 86
internal_value=0 0.000886734 -0.0155734 0.00191892 0.0123008 0.0132221 0.00908893 0.0219618 0.0132141 -4.09247e-06 0.0035085 0.000594557 -0.00825351 0.00533989 0.00353891 -0.00145481 0.0185335 0.0282035 -0.00954983 0.0189595 0.0028312 -0.00623815 0.0048463 0.0132966 -0.0104569 -0.0130024 -0.0229025 -7.52664e-05 -0.00972104 -0.00591116
internal_weight=0 1915 113 1802 45 262 235 139 107 1540 985 825 288 537 511 386 160 109 96 125 65 555 153 124 402 369 154 80 50 215
internal_count=2014 1915 113 1802 45 262 235 139 107 1540 985 825 288 537 511 386 160 109 96 125 65 555 153 124 402 369 154 80 50 215
shrinkage=0.1


end of trees

feature_importances:
Column_2=56
Column_0=44
Column_14=43
Column_15=39
Column_3=32
Column_7=32
Column_1=31
Column_13=27
Column_9=26
Column_8=22
Column_4=21
Column_11=20
Column_12=17
Column_5=16
Column_6=16
Column_10=8

parameters:
[boosting: gbdt]
[objective: regression]
[metric: l2]
[tree_learner: serial]
[device_type: cpu]
[data: ]
[valid: ]
[num_iterations: 10000]
[learning_rate: 0.1]
[num_leaves: 31]
[num_threads: 0]
[deterministic: 0]
[force_col_wise: 0]
[force_row_wise: 0]
[histogram_pool_size: -1]
[max_depth: -1]
[min_data_in_leaf: 20]
[min_sum_hessian_in_leaf: 0.001]
[bagging_fraction: 1]
[pos_bagging_fraction: 1]
[neg_bagging_fraction: 1]
[bagging_freq: 0]
[bagging_seed: 3]
[feature_fraction: 1]
[feature_fraction_bynode: 1]
[feature_fraction_seed: 2]
[extra_trees: 0]
[extra_seed: 6]
[early_stopping_round: 10]
[first_metric_only: 0]
[max_delta_step: 0]
[lambda_l1: 0]
[lambda_l2: 0]
[min_gain_to_split: 0]
[drop_rate: 0.1]
[max_drop: 50]
[skip_drop: 0.5]
[xgboost_dart_mode: 0]
[uniform_drop: 0]
[drop_seed: 4]
[top_rate: 0.2]
[other_rate: 0.1]
[min_data_per_group: 100]
[max_cat_threshold: 32]
[cat_l2: 10]
[cat_smooth: 10]
[max_cat_to_onehot: 4]
[top_k: 20]
[monotone_constraints: ]
[monotone_constraints_method: basic]
[monotone_penalty: 0]
[feature_contri: ]
[forcedsplits_filename: ]
[refit_decay_rate: 0.9]
[cegb_tradeoff: 1]
[cegb_penalty_split: 0]
[cegb_penalty_feature_lazy: ]
[cegb_penalty_feature_coupled: ]
[path_smooth: 0]
[interaction_constraints: ]
[verbosity: 1]
[saved_feature_importance_type: 0]
[max_bin: 255]
[max_bin_by_feature: ]
[min_data_in_bin: 3]
[bin_construct_sample_cnt: 200000]
[data_random_seed: 1]
[is_enable_sparse: 1]
[enable_bundle: 1]
[use_missing: 1]
[zero_as_missing: 0]
[feature_pre_filter: 1]
[pre_partition: 0]
[two_round: 0]
[header: 0]
[label_column: ]
[weight_column: ]
[group_column: ]
[ignore_column: ]
[categorical_feature: ]
[forcedbins_filename: ]
[objective_seed: 5]
[num_class: 1]
[is_unbalance: 0]
[scale_pos_weight: 1]
[sigmoid: 1]
[boost_from_average: 1]
[reg_sqrt: 0]
[alpha: 0.9]
[fair_c: 1]
[poisson_max_delta_step: 0.7]
[tweedie_variance_power: 1.5]
[lambdarank_truncation_level: 30]
[lambdarank_norm: 1]
[label_gain: ]
[eval_at: ]
[multi_error_top_k: 1]
[auc_mu_weights: ]
[num_machines: 1]
[local_listen_port: 12400]
[time_out: 120]
[machine_list_filename: ]
[machines: ]
[gpu_platform_id: -1]
[gpu_device_id: -1]
[gpu_use_dp: 0]
[num_gpu: 1]

end of parameters

pandas_categorical:null
