tree
version=v3
num_class=1
num_tree_per_iteration=1
label_index=0
max_feature_idx=15
objective=regression
feature_names=Column_0 Column_1 Column_2 Column_3 Column_4 Column_5 Column_6 Column_7 Column_8 Column_9 Column_10 Column_11 Column_12 Column_13 Column_14 Column_15
feature_infos=[1:49] [0:59] [2:49] [0:59] [0:8] [0:5] [0:7] [0:169] [0:85] [0:127] [0:6] [0:6] [0:6] [0:107] [0:117] [0:99]
tree_sizes=1517 1540 1614 1536 1543

Tree=0
num_leaves=17
num_cat=0
split_feature=0 3 7 0 15 5 1 8 3 0 12 11 5 2 0 7
split_gain=6.50988 6.38924 6.61417 5.55348 4.9318 8.01594 4.29545 3.81053 3.49442 3.43636 1.81514 2.25058 1.0492 0.824087 0.781071 0.692063
threshold=18.500000000000004 9.5000000000000018 11.500000000000002 33.500000000000007 10.500000000000002 2.5000000000000004 1.0000000180025095e-35 8.5000000000000018 4.5000000000000009 25.500000000000004 2.5000000000000004 2.5000000000000004 2.5000000000000004 24.500000000000004 20.500000000000004 10.500000000000002
decision_type=2 2 2 2 2 2 2 2 2 2 2 2 2 2 2 2
left_child=8 2 4 10 5 14 -4 -5 15 -8 11 -3 13 -10 -2 -1
right_child=1 3 6 7 -6 -7 9 -9 12 -11 -12 -13 -14 -15 -16 -17
leaf_value=-0.33594167971550049 -0.34637646170223463 -0.38477645941341626 -0.34092191657280541 -0.36483799906337966 -0.38477645941341626 -0.28868415744865644 -0.25910373963136724 -0.31364919092565935 -0.38837645919883956 -0.31637646349037396 -0.39512645879650821 -0.34092191657280541 -0.39609074445331799 -0.36137646080816493 -0.37209074588382945 -0.36137646080816493
leaf_weight=23 27 25 22 26 25 26 22 33 20 20 32 22 35 26 21 20
leaf_count=23 27 25 22 26 25 26 22 33 20 20 32 22 35 26 21 20
internal_value=-0.351529 -0.343586 -0.33018 -0.35942 -0.346376 -0.333403 -0.305126 -0.336207 -0.370812 -0.286376 -0.376756 -0.364249 -0.383043 -0.373116 -0.357626 -0.347772
internal_weight=0 301 163 138 99 74 64 59 124 42 79 47 81 46 48 43
internal_count=425 301 163 138 99 74 64 59 124 42 79 47 81 46 48 43
shrinkage=1


Tree=1
num_leaves=17
num_cat=0
split_feature=1 3 0 13 7 8 7 8 15 7 8 13 0 6 2 2
split_gain=5.55883 7.37508 5.88792 5.28351 5.80628 4.19443 3.55676 3.26868 2.63225 2.93143 3.36994 2.25729 1.86867 1.58826 1.24176 0.0634763
threshold=1.0000000180025095e-35 6.5000000000000009 33.500000000000007 5.5000000000000009 10.500000000000002 10.500000000000002 15.500000000000002 9.5000000000000018 8.5000000000000018 15.500000000000002 8.5000000000000018 10.500000000000002 22.500000000000004 2.5000000000000004 29.500000000000004 28.500000000000004
decision_type=2 2 2 2 2 2 2 2 2 2 2 2 2 2 2 2
left_child=8 3 6 4 -2 12 7 -3 9 10 -1 -4 -5 -7 -9 -10
right_child=1 2 11 5 -6 13 -8 14 15 -11 -12 -13 -14 -15 -16 -17
leaf_value=-0.05019820539847665 0.023759419602506302 0.017439154386520387 0.036303641398747762 -0.036125904321670531 0.091662820577621471 0.011795757498059955 -0.047152452609118295 -0.010578758441484891 -0.042976686358451845 0.019300416222325079 -0.00033453504244486491 -0.0040022134780883789 0.007102183997631073 0.051171437501907349 -0.043722097575664524 -0.03500948548316956
leaf_weight=23 34 30 33 20 20 21 34 26 20 27 33 24 20 20 20 20
leaf_count=23 34 30 33 20 20 21 34 26 20 27 33 24 20 20 20 20
internal_value=0 0.00729871 -0.00675168 0.0246796 0.0489088 0.00852673 -0.0202682 -0.00824099 -0.0179204 -0.00776491 -0.0208143 0.0193328 -0.0145119 0.0310034 -0.0249889 -0.0389931
internal_weight=0 302 167 135 54 81 110 76 123 83 56 57 40 41 46 40
internal_count=425 302 167 135 54 81 110 76 123 83 56 57 40 41 46 40
shrinkage=0.1


Tree=2
num_leaves=18
num_cat=0
split_feature=0 3 7 0 15 5 2 11 3 3 5 1 5 2 0 0 14
split_gain=4.52131 4.3648 4.72133 4.21372 3.79494 6.22928 3.09345 2.86871 2.55674 1.91378 1.54092 1.3279 0.829308 0.65904 0.649402 0.599876 0.487152
threshold=18.500000000000004 9.5000000000000018 11.500000000000002 39.500000000000007 10.500000000000002 2.5000000000000004 20.500000000000004 2.5000000000000004 4.5000000000000009 21.500000000000004 2.5000000000000004 3.5000000000000004 2.5000000000000004 24.500000000000004 14.500000000000002 20.500000000000004 13.500000000000002
decision_type=2 2 2 2 2 2 2 2 2 2 2 2 2 2 2 2 2
left_child=8 2 4 7 5 15 -4 10 14 16 -3 -8 13 -10 -1 -2 -9
right_child=1 3 6 -5 -6 -7 11 9 12 -11 -12 -13 -14 -15 -16 -17 -18
leaf_value=0.016816788315773011 0.0039018399185604524 -0.050247749456992521 0.071476974487304695 0.028962860063270285 -0.029668223381042483 0.054818097903178292 0.008186446130275726 0.022204328860555376 -0.031353249847888946 -0.0239887194087108 -0.013327294141054153 0.04307548433542252 -0.0381320846932275 -0.0072079149576333851 -0.0078215840070144007 -0.01863327267624083 0.00039715871214866642
leaf_weight=20 27 26 20 27 25 26 24 21 20 24 20 20 35 26 23 21 20
leaf_count=20 27 26 20 27 25 26 24 21 20 24 20 20 35 26 23 21 20
internal_value=0 0.00662011 0.0177002 -0.00646729 0.00401632 0.0153962 0.0388676 -0.0150854 -0.0160698 -0.00156146 -0.0341954 0.0240451 -0.026532 -0.0177059 0.00363812 -0.00595727 0.0115667
internal_weight=0 301 163 138 99 74 64 111 124 65 46 44 81 46 43 48 41
internal_count=425 301 163 138 99 74 64 111 124 65 46 44 81 46 43 48 41
shrinkage=0.1


Tree=3
num_leaves=17
num_cat=0
split_feature=1 1 3 13 0 2 7 0 0 14 0 13 8 15 7 7
split_gain=4.23844 6.37343 4.15423 4.82266 4.76697 8.94846 4.51213 4.48103 2.84689 2.63989 2.4735 2.12281 2.04036 1.91823 3.1282 0.528592
threshold=1.0000000180025095e-35 2.5000000000000004 4.5000000000000009 3.5000000000000004 21.500000000000004 28.500000000000004 5.5000000000000009 26.500000000000004 33.500000000000007 6.5000000000000009 29.500000000000004 10.500000000000002 13.500000000000002 6.5000000000000009 11.500000000000002 11.500000000000002
decision_type=2 2 2 2 2 2 2 2 2 2 2 2 2 2 2 2
left_child=10 -2 3 -3 9 7 -5 -6 -7 -4 12 -10 13 14 -1 -11
right_child=1 2 4 6 5 8 -8 -9 11 15 -12 -13 -14 -15 -16 -17
leaf_value=-0.028176374316215516 0.048571009747684003 0.062115236407234556 0.00054874579821314131 -0.03052810998190017 0.076367695132891336 -0.037936869859695438 0.029126504343003037 0.011040485047158741 0.024807047560101464 -0.045175725311943984 0.010472746299845834 -0.020715120583772659 -0.050857265080724447 -0.037415790787109958 0.022925120851267938 -0.025164521553299648
leaf_weight=25 32 21 28 21 21 30 32 21 21 33 28 20 21 26 23 22
leaf_count=25 32 21 28 21 21 30 32 21 21 33 28 20 21 26 23 22
internal_value=0 0.0063732 0.00137198 0.0215592 -0.00624971 0.00711603 0.00548977 0.0437041 -0.0145276 -0.0244464 -0.015648 0.00260111 -0.0233468 -0.0155398 -0.00369024 -0.0371712
internal_weight=0 302 270 74 196 113 53 42 71 83 123 41 95 74 48 55
internal_count=425 302 270 74 196 113 53 42 71 83 123 41 95 74 48 55
shrinkage=0.1


Tree=4
num_leaves=17
num_cat=0
split_feature=14 3 1 1 8 13 3 13 0 7 0 14 13 9 7 3
split_gain=3.71705 4.41839 4.55459 5.9754 4.28432 3.44035 6.18167 2.51558 2.47497 1.72172 1.66832 1.45421 1.44613 1.93567 1.00424 0.249859
threshold=47.500000000000007 9.5000000000000018 1.0000000180025095e-35 2.5000000000000004 7.5000000000000009 12.500000000000002 1.5000000000000002 2.5000000000000004 34.500000000000007 15.500000000000002 25.500000000000004 6.5000000000000009 11.500000000000002 12.500000000000002 11.500000000000002 5.5000000000000009
decision_type=2 2 2 2 2 2 2 2 2 2 2 2 2 2 2 2
left_child=1 2 10 -4 11 6 -6 -3 9 12 14 -5 13 -9 -1 -8
right_child=-2 7 3 4 5 -7 15 8 -10 -11 -12 -13 -14 -15 -16 -17
leaf_value=-0.039076753457387287 0.039097937034524008 0.016114618337672689 0.06719279736280441 0.0035390189538399377 0.077622795646840881 -0.0071868831557886943 0.0037248675525188447 -0.046083779518420881 0.0024396591280636034 -0.04436230588900416 0.0082166570684184207 -0.030291695175347508 0.002618075712867405 -0.0047035196423530585 -0.010709819885400627 0.019531812220811847
leaf_weight=24 23 23 20 24 22 28 20 26 38 38 23 27 23 20 26 20
leaf_count=24 23 23 20 24 22 28 20 26 38 38 23 27 23 20 26 20
internal_value=0 -0.00223695 0.00664617 0.0160405 0.00878484 0.0219067 0.0350457 -0.0146099 -0.0194834 -0.0272692 -0.0140728 -0.0143714 -0.0178555 -0.0280924 -0.0243259 0.0116283
internal_weight=0 402 234 161 141 90 62 168 145 107 73 51 69 46 50 40
internal_count=425 402 234 161 141 90 62 168 145 107 73 51 69 46 50 40
shrinkage=0.1


end of trees

feature_importances:
Column_0=16
Column_7=11
Column_3=10
Column_1=7
Column_13=7
Column_2=6
Column_8=6
Column_5=5
Column_14=4
Column_15=4
Column_11=2
Column_6=1
Column_9=1
Column_12=1

parameters:
[boosting: gbdt]
[objective: regression]
[metric: l2]
[tree_learner: serial]
[device_type: cpu]
[data: ]
[valid: ]
[num_iterations: 10000]
[learning_rate: 0.1]
[num_leaves: 31]
[num_threads: 0]
[deterministic: 0]
[force_col_wise: 0]
[force_row_wise: 0]
[histogram_pool_size: -1]
[max_depth: -1]
[min_data_in_leaf: 20]
[min_sum_hessian_in_leaf: 0.001]
[bagging_fraction: 1]
[pos_bagging_fraction: 1]
[neg_bagging_fraction: 1]
[bagging_freq: 0]
[bagging_seed: 3]
[feature_fraction: 1]
[feature_fraction_bynode: 1]
[feature_fraction_seed: 2]
[extra_trees: 0]
[extra_seed: 6]
[early_stopping_round: 10]
[first_metric_only: 0]
[max_delta_step: 0]
[lambda_l1: 0]
[lambda_l2: 0]
[min_gain_to_split: 0]
[drop_rate: 0.1]
[max_drop: 50]
[skip_drop: 0.5]
[xgboost_dart_mode: 0]
[uniform_drop: 0]
[drop_seed: 4]
[top_rate: 0.2]
[other_rate: 0.1]
[min_data_per_group: 100]
[max_cat_threshold: 32]
[cat_l2: 10]
[cat_smooth: 10]
[max_cat_to_onehot: 4]
[top_k: 20]
[monotone_constraints: ]
[monotone_constraints_method: basic]
[monotone_penalty: 0]
[feature_contri: ]
[forcedsplits_filename: ]
[refit_decay_rate: 0.9]
[cegb_tradeoff: 1]
[cegb_penalty_split: 0]
[cegb_penalty_feature_lazy: ]
[cegb_penalty_feature_coupled: ]
[path_smooth: 0]
[interaction_constraints: ]
[verbosity: 1]
[saved_feature_importance_type: 0]
[max_bin: 255]
[max_bin_by_feature: ]
[min_data_in_bin: 3]
[bin_construct_sample_cnt: 200000]
[data_random_seed: 1]
[is_enable_sparse: 1]
[enable_bundle: 1]
[use_missing: 1]
[zero_as_missing: 0]
[feature_pre_filter: 1]
[pre_partition: 0]
[two_round: 0]
[header: 0]
[label_column: ]
[weight_column: ]
[group_column: ]
[ignore_column: ]
[categorical_feature: ]
[forcedbins_filename: ]
[objective_seed: 5]
[num_class: 1]
[is_unbalance: 0]
[scale_pos_weight: 1]
[sigmoid: 1]
[boost_from_average: 1]
[reg_sqrt: 0]
[alpha: 0.9]
[fair_c: 1]
[poisson_max_delta_step: 0.7]
[tweedie_variance_power: 1.5]
[lambdarank_truncation_level: 30]
[lambdarank_norm: 1]
[label_gain: ]
[eval_at: ]
[multi_error_top_k: 1]
[auc_mu_weights: ]
[num_machines: 1]
[local_listen_port: 12400]
[time_out: 120]
[machine_list_filename: ]
[machines: ]
[gpu_platform_id: -1]
[gpu_device_id: -1]
[gpu_use_dp: 0]
[num_gpu: 1]

end of parameters

pandas_categorical:null
