tree
version=v3
num_class=1
num_tree_per_iteration=1
label_index=0
max_feature_idx=15
objective=regression
feature_names=Column_0 Column_1 Column_2 Column_3 Column_4 Column_5 Column_6 Column_7 Column_8 Column_9 Column_10 Column_11 Column_12 Column_13 Column_14 Column_15
feature_infos=[1:49] [0:51] [1:49] [0:63] [0:6] [0:7] [0:7] [0:146] [0:142] [4:133] [0:7] [0:6] [0:7] [0:165] [0:155] [0:134]
tree_sizes=2751 2757 2739 2756 2743 2744 2750 2739 2755 2742 2742 2746

Tree=0
num_leaves=31
num_cat=0
split_feature=3 2 15 4 3 2 6 1 15 13 0 3 6 12 14 14 1 2 7 13 12 10 2 9 1 13 9 0 2 4
split_gain=40.6093 16.4946 12.2674 11.4822 10.0782 17.5332 8.03231 7.93246 8.99361 7.46727 7.18092 6.8445 6.75989 6.29281 6.10784 9.10651 6.70929 5.78431 6.36742 5.62202 5.61214 5.14239 5.10107 4.88763 6.95864 13.2573 4.69555 6.57655 6.2481 6.49907
threshold=6.5000000000000009 24.500000000000004 33.500000000000007 1.0000000180025095e-35 1.0000000180025095e-35 23.500000000000004 1.5000000000000002 22.500000000000004 13.500000000000002 6.5000000000000009 23.500000000000004 3.5000000000000004 2.5000000000000004 2.5000000000000004 6.5000000000000009 14.500000000000002 5.5000000000000009 10.500000000000002 33.500000000000007 11.500000000000002 1.5000000000000002 1.5000000000000002 34.500000000000007 9.5000000000000018 4.5000000000000009 7.5000000000000009 15.500000000000002 28.500000000000004 29.500000000000004 2.5000000000000004
decision_type=2 2 2 2 2 2 2 2 2 2 2 2 2 2 2 2 2 2 2 2 2 2 2 2 2 2 2 2 2 2
left_child=3 23 6 9 17 12 -3 8 10 -1 -7 22 14 -13 -6 16 -16 -5 20 26 -19 -14 -12 24 -2 -26 28 -28 -8 -30
right_child=1 2 -4 4 5 7 19 -9 -10 -11 11 13 21 -15 15 -17 -18 18 -20 -21 -22 -23 -24 -25 25 -27 27 -29 29 -31
leaf_value=0.0069806332133493763 -0.065486897334449082 -0.072739644395064154 -0.091201182367538866 0.07165595617536305 -0.0077574759687707127 -0.021924868423600329 0.0082724992078347485 0.040337275686343453 -0.04295376096524671 -0.068701182963585308 0.068798813393908628 -0.027671772285787644 0.079798813102508151 0.037370242797910021 0.014766556760758526 -0.038701183758313898 0.058798813658818165 0.051739990285585541 -0.037201183798050326 -0.040156407600360648 0.016629003447768707 0.02546548117359201 0.0030845294204569864 0.018012297885359289 0.041151755302776163 -0.058473910507242779 -0.013759323990480275 0.054513099486636532 -0.066655728472316794 -0.0089154702616515754
leaf_weight=22 21 39 36 21 151 152 38 26 97 32 27 51 20 21 124 24 48 51 20 134 424 135 21 89 34 22 43 21 44 35
leaf_count=22 21 39 36 21 151 152 38 26 97 32 27 51 20 21 124 24 48 51 20 134 424 135 21 89 34 22 43 21 44 35
internal_value=-0.00133465 -0.0243487 -0.0355858 0.00738777 0.00911729 0.00271186 -0.02993 -0.0130493 -0.0168109 -0.0378679 -0.00748795 0.0107988 0.0151136 -0.00870118 0.00735789 0.0190029 0.0270546 0.0202523 0.0180715 -0.0246298 0.0203988 0.0324762 0.0400488 0.00205183 -0.016396 0.0020131 -0.0131349 0.00864256 -0.0250473 -0.0410746
internal_weight=0 556 390 1467 1413 897 354 395 369 54 272 120 502 72 347 196 172 516 495 315 475 155 48 166 77 56 181 64 117 79
internal_count=2023 556 390 1467 1413 897 354 395 369 54 272 120 502 72 347 196 172 516 495 315 475 155 48 166 77 56 181 64 117 79
shrinkage=1


Tree=1
num_leaves=31
num_cat=0
split_feature=3 2 15 2 0 13 4 15 1 4 14 1 9 3 0 15 0 2 2 2 0 10 1 14 9 5 2 12 14 7
split_gain=33.2617 21.0216 11.4307 9.90468 10.9642 8.186 7.23155 7.48528 12.0584 9.41957 9.64404 6.36737 6.23836 6.2039 5.84083 5.72547 5.33335 4.87912 4.71861 4.70136 8.99852 4.32341 4.27799 4.86358 5.25685 4.66663 4.92706 4.89762 4.25533 4.09133
threshold=5.5000000000000009 23.500000000000004 33.500000000000007 9.5000000000000018 7.5000000000000009 9.5000000000000018 1.0000000180025095e-35 12.500000000000002 7.5000000000000009 1.5000000000000002 7.5000000000000009 23.500000000000004 15.500000000000002 7.5000000000000009 27.500000000000004 14.500000000000002 27.500000000000004 28.500000000000004 28.500000000000004 34.500000000000007 33.500000000000007 1.0000000180025095e-35 17.500000000000004 15.500000000000002 4.5000000000000009 3.5000000000000004 21.500000000000004 3.5000000000000004 12.500000000000002 16.500000000000004
decision_type=2 2 2 2 2 2 2 2 2 2 2 2 2 2 2 2 2 2 2 2 2 2 2 2 2 2 2 2 2 2
left_child=3 14 5 -1 -5 12 -6 8 9 10 -8 21 13 17 15 -2 -11 -3 -15 -7 -21 -9 23 24 -23 26 -26 -28 -14 -10
right_child=1 2 -4 4 6 19 7 11 29 16 -12 -13 28 18 -16 -17 -18 -19 -20 20 -22 22 -24 -25 25 -27 27 -29 -30 -31
leaf_value=0.070380348654893732 0.0085410021818601162 -0.034775796830654147 -0.081464579625007444 -0.063625737598964158 -0.030157152944140966 -0.024350651353597642 -0.054939427375793465 0.032827905423584436 0.038887913192801632 0.0085425434080694893 0.010900887034156106 0.041061581284911552 0.029096169880002128 -0.0071693754557407259 0.04086040135386379 -0.037113617623553558 0.03419450999090546 0.027818754225066213 -0.053366255582268568 -0.070340358838438991 0.00063298137291618016 -0.043101834257443745 -0.053568196535110468 -0.040558306987469012 0.038728112795136195 0.046565290927886971 -0.035362614284862169 0.021580279910046123 -0.020954798047359176 0.0032684301075182466
leaf_weight=26 143 20 39 21 45 104 45 21 213 552 44 27 49 33 43 34 95 33 67 80 23 24 25 39 22 25 44 23 26 38
leaf_count=26 143 20 39 21 45 104 45 21 213 552 44 27 49 33 43 34 95 33 67 80 23 24 25 39 22 25 44 23 26 38
internal_value=0 -0.0177442 -0.0296013 0.00926599 0.00804651 -0.0249514 0.00922055 0.010653 0.014568 0.00811322 -0.0223892 -0.00480333 -0.0118804 -0.0234616 0.00780226 -0.000228812 0.0123091 0.00419817 -0.0381213 -0.0393485 -0.0544919 -0.0103565 -0.0148459 -0.0093767 -0.000564506 0.00839072 -0.00233247 -0.0158151 0.0117452 0.0334953
internal_weight=0 694 474 1329 1303 435 1282 1237 987 736 89 250 228 153 220 177 647 53 100 207 103 223 202 177 138 114 89 67 75 251
internal_count=2023 694 474 1329 1303 435 1282 1237 987 736 89 250 228 153 220 177 647 53 100 207 103 223 202 177 138 114 89 67 75 251
shrinkage=0.1


Tree=2
num_leaves=31
num_cat=0
split_feature=3 2 15 0 11 4 1 13 7 7 9 3 13 1 15 9 0 0 2 11 10 11 9 15 15 1 11 2 3 2
split_gain=26.942 17.0275 9.2589 8.39321 7.36126 7.52169 9.69204 6.63066 6.38839 5.57001 5.05307 5.02516 4.8454 5.04262 7.33001 5.02996 4.78212 4.24436 5.49456 6.28252 4.63782 4.09299 4.07139 5.05221 3.95718 4.4176 5.8025 3.95208 3.93965 4.18725
threshold=5.5000000000000009 23.500000000000004 33.500000000000007 11.500000000000002 1.5000000000000002 1.5000000000000002 7.5000000000000009 9.5000000000000018 28.500000000000004 23.500000000000004 15.500000000000002 7.5000000000000009 4.5000000000000009 21.500000000000004 13.500000000000002 15.500000000000002 31.500000000000004 27.500000000000004 24.500000000000004 3.5000000000000004 2.5000000000000004 2.5000000000000004 8.5000000000000018 7.5000000000000009 14.500000000000002 1.0000000180025095e-35 3.5000000000000004 28.500000000000004 1.5000000000000002 20.500000000000004
decision_type=2 2 2 2 2 2 2 2 2 2 2 2 2 2 2 2 2 2 2 2 2 2 2 2 2 2 2 2 2 2
left_child=3 16 7 -1 -5 6 22 10 9 12 11 27 -7 14 15 17 24 18 -14 20 21 -20 28 -24 25 -2 -27 -3 29 -6
right_child=1 2 -4 4 5 8 -8 -9 -10 -11 -12 -13 13 -15 -16 -17 -18 -19 19 -21 -22 -23 23 -25 -26 26 -28 -29 -30 -31
leaf_value=-0.02886209998215581 -0.019955153057449743 -0.03129821598529816 -0.07331812106646024 0.055940815532470461 0.013285897175470988 0.027554479696684415 0.021258092272108883 -0.035413644106491754 -0.022322428343342804 0.060573024272918698 0.010570649895817042 -0.034309156179428105 0.0107816301882267 0.057696999254680817 -0.020413247193497273 0.038092842418700458 0.04729495286368407 0.028198831021151644 -0.0069134904788090631 -0.061842790373008362 -0.031531960434383818 0.044919732570648192 -0.029400707781314851 0.036405544877052311 -0.024363712072372437 0.0088294695366869912 0.06831801593303681 0.025036877935582943 -0.064695522890371435 -0.046252038523002914
leaf_weight=58 38 20 39 34 21 180 69 207 51 25 75 100 400 21 81 64 26 94 39 22 36 25 28 20 45 91 20 33 34 27
leaf_count=58 38 20 39 34 21 180 69 207 51 25 75 100 400 21 81 64 26 94 39 22 36 25 28 20 45 91 20 33 34 27
internal_value=0 -0.0159698 -0.0266411 0.00833939 0.010037 0.00877531 -0.00903392 -0.0224563 0.0121896 0.0139729 -0.0106924 -0.0211154 0.0127619 0.00935694 0.00802298 0.0114102 0.00702204 0.00863802 0.00511557 -0.0134617 -0.00281783 0.0133339 -0.025112 -0.00198144 0.00162463 0.00947346 0.0195481 0.00377835 -0.0386518 -0.0202042
internal_weight=0 694 474 1329 1271 1237 199 435 1038 987 228 153 962 782 761 680 220 616 522 122 100 64 130 48 194 149 111 53 82 48
internal_count=2023 694 474 1329 1271 1237 199 435 1038 987 228 153 962 782 761 680 220 616 522 122 100 64 130 48 194 149 111 53 82 48
shrinkage=0.1


Tree=3
num_leaves=31
num_cat=0
split_feature=3 2 2 0 15 6 4 15 1 4 14 1 13 4 8 1 0 3 13 13 8 2 8 15 14 0 2 8 12 8
split_gain=21.823 13.7923 7.60081 7.89377 7.49971 5.66235 5.30316 5.50057 8.92113 6.01591 7.28004 4.76853 4.25157 5.81183 4.60673 4.36449 4.16147 4.10115 5.78181 4.51792 5.89957 4.30979 4.37815 4.28026 4.07976 3.99079 7.41224 4.15618 3.91649 4.60652
threshold=5.5000000000000009 23.500000000000004 9.5000000000000018 7.5000000000000009 33.500000000000007 1.5000000000000002 1.0000000180025095e-35 12.500000000000002 7.5000000000000009 1.5000000000000002 7.5000000000000009 23.500000000000004 9.5000000000000018 2.5000000000000004 12.500000000000002 9.5000000000000018 17.500000000000004 3.5000000000000004 7.5000000000000009 15.500000000000002 14.500000000000002 25.500000000000004 7.5000000000000009 8.5000000000000018 6.5000000000000009 33.500000000000007 34.500000000000007 15.500000000000002 3.5000000000000004 6.5000000000000009
decision_type=2 2 2 2 2 2 2 2 2 2 2 2 2 2 2 2 2 2 2 2 2 2 2 2 2 2 2 2 2 2
left_child=2 16 -1 -4 5 -3 -5 8 9 10 -8 -9 13 15 -15 -7 -2 18 23 20 -20 22 -19 -11 -18 26 27 -14 29 -26
right_child=1 4 3 6 -6 12 7 11 -10 17 -12 -13 25 14 -16 -17 24 21 19 -21 -22 -23 -24 -25 28 -27 -28 -29 -30 -31
leaf_value=0.061042317289572504 -0.021993934256689891 -0.053798339366912841 -0.054376954691750669 -0.026287775569491918 -0.065986308684715861 -0.033171811132203965 -0.046193026569154527 -0.0093953239493439547 0.02829609739805657 0.041998068114573309 0.011011346361853859 0.035101406221036559 -0.029889293809731807 0.034456527867215751 -0.012034001511832079 0.0084447925289471946 -0.011914252117276192 -0.0032829512498880687 0.006678719276731665 0.033195112554394467 -0.047220178196827577 -0.022886185827901809 0.024172415520916594 -0.0024360943723607947 -0.0076454697007482704 0.011581810920134834 -0.057725118899690932 0.014736974798142911 -0.0069658077814999751 0.044473379528200303
leaf_weight=26 42 45 21 45 39 84 45 223 251 110 44 27 60 47 39 36 48 152 132 49 24 59 94 27 22 23 69 32 34 74
leaf_count=26 42 45 21 45 39 84 45 223 251 110 44 27 60 47 39 36 48 152 132 49 24 59 94 27 22 23 69 32 34 74
internal_value=0 -0.0143728 0.00750545 0.00643718 -0.023977 -0.0202107 0.00743335 0.00866007 0.0120161 0.00646414 -0.0179122 -0.00458968 -0.0163352 -0.00646742 0.0133736 -0.0206868 0.00631983 0.0098173 0.0173359 0.00670667 -0.00161342 0.0013866 0.00720812 0.033241 0.0130006 -0.0273827 -0.0329491 -0.0143671 0.0221999 0.0325295
internal_weight=0 694 1329 1303 474 435 1282 1237 987 736 89 250 390 206 86 120 220 647 342 205 156 305 246 137 178 184 161 92 130 96
internal_count=2023 694 1329 1303 474 435 1282 1237 987 736 89 250 390 206 86 120 220 647 342 205 156 305 246 137 178 184 161 92 130 96
shrinkage=0.1


Tree=4
num_leaves=31
num_cat=0
split_feature=3 6 2 0 3 2 14 1 15 3 0 12 7 10 1 13 1 7 13 13 15 13 8 11 11 8 7 2 7 2
split_gain=17.7235 8.11242 7.85835 6.59864 6.37026 12.4789 5.77956 5.48114 5.80611 5.16631 4.89579 4.86919 4.77419 5.58066 4.40384 8.68473 4.28121 6.03727 4.0954 4.05196 5.20789 3.968 3.93005 3.83118 3.75822 3.73389 3.68667 3.67663 3.75371 3.52758
threshold=6.5000000000000009 1.5000000000000002 30.500000000000004 27.500000000000004 1.0000000180025095e-35 23.500000000000004 1.5000000000000002 22.500000000000004 13.500000000000002 8.5000000000000018 23.500000000000004 2.5000000000000004 5.5000000000000009 1.5000000000000002 9.5000000000000018 8.5000000000000018 6.5000000000000009 15.500000000000002 10.500000000000002 13.500000000000002 12.500000000000002 6.5000000000000009 10.500000000000002 2.5000000000000004 2.5000000000000004 11.500000000000002 2.5000000000000004 23.500000000000004 8.5000000000000018 35.500000000000007
decision_type=2 2 2 2 2 2 2 2 2 2 2 2 2 2 2 2 2 2 2 2 2 2 2 2 2 2 2 2 2 2
left_child=4 -2 14 24 6 12 -1 8 10 -5 -7 -12 18 -14 23 25 26 27 22 20 -15 -11 -6 -3 -4 -16 -8 -18 -29 -28
right_child=1 2 3 9 5 7 16 -9 -10 21 11 -13 13 19 15 -17 17 -19 -20 -21 -22 -23 -24 -25 -26 -27 29 28 -30 -31
leaf_value=0.04746026570598285 -0.05280937426365339 0.0083747762044270833 -0.01146610587835312 0.034286810572330767 0.022164864807712792 -0.019559084683797273 -0.031527219657544736 0.032256473944737366 -0.035655085479511933 0.012070587277412415 -0.0079822644039436626 0.032756581254627395 0.052035389423370361 0.003522727846406227 0.020121496373956854 -0.012553607755237157 0.016402480125427246 -0.010753154240193822 -0.0091420667512076247 0.031415728446510104 -0.038909398764371876 -0.038110611140728001 0.066413578566382914 -0.021524068772792816 -0.047393701155017197 0.077746583327003155 0.0036363732605333267 0.071664865868432182 0.027077585213431499 0.043012272596359258
leaf_weight=48 52 75 40 26 49 159 27 26 102 26 81 46 25 301 22 45 75 42 21 45 32 40 34 100 107 23 253 35 41 25
leaf_count=48 52 75 40 26 49 159 27 26 102 26 81 46 25 301 22 45 75 42 21 45 32 40 34 100 107 23 253 35 41 25
internal_value=0 -0.0152039 -0.0113239 -0.0244724 0.00576234 0.000688582 0.0143208 -0.0121928 -0.0151713 -0.00346883 -0.00786593 0.00677354 0.0112071 0.0062775 0.000534465 0.0185104 0.0111267 0.0227824 0.0303092 0.00325119 -0.000554834 -0.0183423 0.0402908 -0.00871028 -0.0376175 0.0495743 0.00375106 0.0321102 0.0476112 0.00717737
internal_weight=0 556 504 239 1467 921 546 414 388 92 286 127 507 403 265 90 498 193 104 378 333 66 83 175 147 45 305 151 76 278
internal_count=2023 556 504 239 1467 921 546 414 388 92 286 127 507 403 265 90 498 193 104 378 333 66 83 175 147 45 305 151 76 278
shrinkage=0.1


Tree=5
num_leaves=31
num_cat=0
split_feature=3 2 0 15 11 4 1 7 11 0 7 7 0 15 13 10 3 1 10 9 2 6 15 5 12 9 10 1 9 8
split_gain=14.4965 9.59368 6.04342 5.72497 5.31999 4.6634 6.43686 4.80927 4.65541 5.9044 5.1041 4.65339 4.01458 3.61648 3.50399 5.62657 10.0051 7.10393 5.65249 6.98718 4.13171 4.46098 3.95637 3.45892 3.29424 3.14995 3.44277 5.08117 3.03623 3.87807
threshold=5.5000000000000009 23.500000000000004 11.500000000000002 33.500000000000007 1.5000000000000002 1.5000000000000002 7.5000000000000009 28.500000000000004 3.5000000000000004 33.500000000000007 21.500000000000004 23.500000000000004 27.500000000000004 14.500000000000002 7.5000000000000009 2.5000000000000004 2.5000000000000004 1.0000000180025095e-35 3.5000000000000004 6.5000000000000009 19.500000000000004 2.5000000000000004 4.5000000000000009 2.5000000000000004 2.5000000000000004 35.500000000000007 1.5000000000000002 6.5000000000000009 8.5000000000000018 10.500000000000002
decision_type=2 2 2 2 2 2 2 2 2 2 2 2 2 2 2 2 2 2 2 2 2 2 2 2 2 2 2 2 2 2
left_child=2 12 -1 8 -4 6 28 11 10 -10 25 14 13 -2 20 17 18 23 19 -17 22 -22 -7 -16 -18 26 27 -3 -6 -30
right_child=1 3 4 -5 5 7 -8 -9 9 -11 -12 -13 -14 -15 15 16 24 -19 -20 -21 21 -23 -24 -25 -26 -27 -28 -29 29 -31
leaf_value=-0.025450129316846745 0.0058554275886162181 -0.013713119592931537 0.046581357717514038 -0.056428026847350293 -0.032333156030352521 0.06597397204103142 0.017148571774579478 -0.02077081320332546 -0.040373461992822143 0.017213571071624755 -0.04213935602002028 0.053314319133758552 0.032950678537058277 -0.030429137279005616 -0.030041274428367615 0.029847377538681032 -0.066659616078099893 0.021705268075068795 0.030889481744872261 -0.037790912531671078 0.005583989866916707 0.030330695937542868 0.019546171784400941 0.0087752991101958545 -0.019339717285973685 0.030352511505285902 -0.015384565311742116 0.042010865608851117 0.031564130953380037 -0.025733546195206819
leaf_weight=58 143 36 34 39 82 29 69 51 117 21 41 25 43 34 48 24 31 216 52 42 302 96 50 44 28 24 166 30 21 27
leaf_count=58 143 36 34 39 82 29 69 51 117 21 41 25 43 34 48 24 31 216 52 42 302 96 50 44 28 24 166 30 21 27
internal_value=0 -0.0117143 0.00611718 -0.0197243 0.0075577 0.0064851 -0.00753782 0.0091735 -0.0164337 -0.0316102 -0.00938194 0.0107208 0.0055437 -0.00111449 0.00961387 0.00362862 -0.0105796 0.0117937 0.00623196 -0.0131952 0.0156995 0.011553 0.0365893 -0.0114768 -0.0442027 -0.00413564 -0.00770338 0.011616 -0.0206406 -0.000665812
internal_weight=0 694 1329 474 1271 1237 199 1038 435 138 297 987 220 177 962 485 177 308 118 66 477 398 79 92 59 256 232 66 130 48
internal_count=2023 694 1329 474 1271 1237 199 1038 435 138 297 987 220 177 962 485 177 308 118 66 477 398 79 92 59 256 232 66 130 48
shrinkage=0.1


Tree=6
num_leaves=31
num_cat=0
split_feature=3 6 2 3 4 13 3 2 14 13 9 6 8 14 14 1 15 10 9 14 14 0 9 10 0 0 8 12 2 1
split_gain=11.8008 6.26874 5.48526 5.48657 4.84331 5.53213 4.87883 7.6384 4.34226 4.26136 4.60061 4.18012 4.07022 4.06646 6.39795 3.97392 4.24884 3.8578 3.80202 5.74597 5.55918 15.6447 4.62237 4.06268 3.99117 3.75785 5.1211 4.46771 3.61074 3.49445
threshold=6.5000000000000009 1.5000000000000002 30.500000000000004 8.5000000000000018 1.0000000180025095e-35 6.5000000000000009 1.0000000180025095e-35 23.500000000000004 1.5000000000000002 6.5000000000000009 15.500000000000002 2.5000000000000004 4.5000000000000009 6.5000000000000009 13.500000000000002 22.500000000000004 13.500000000000002 1.5000000000000002 17.500000000000004 14.500000000000002 10.500000000000002 20.500000000000004 11.500000000000002 2.5000000000000004 19.500000000000004 23.500000000000004 15.500000000000002 2.5000000000000004 10.500000000000002 5.5000000000000009
decision_type=2 2 2 2 2 2 2 2 2 2 2 2 2 2 2 2 2 2 2 2 2 2 2 2 2 2 2 2 2 2
left_child=4 -2 12 -4 5 -1 8 11 -6 10 -5 13 -3 -8 29 16 25 -18 20 -20 22 -22 23 24 -14 -9 27 -27 -10 -15
right_child=1 2 3 9 6 -7 7 15 28 -11 -12 -13 18 14 -16 -17 17 -19 19 -21 21 -23 -24 -25 -26 26 -28 -29 -30 -31
leaf_value=0.013912176814946262 -0.04546330800423256 -0.038360588500897096 0.0045496551376400579 -0.033172946237027649 0.042895304508831195 -0.051229158602654937 -0.0088780639976855143 -0.015732628044574277 0.052278600335121155 -0.040629792631718148 0.022877240622485126 0.023207548385666264 0.039040573438008624 0.011344456180068088 -0.031298469007015231 0.028752091985482439 0.0094645962119102485 -0.03982955960484294 0.054781349138780078 -0.0042305847009023031 -0.029525173269212248 0.068606293923927072 -0.054389991998672484 -0.044887094199657446 -0.012305754423141481 0.0020931915803389114 -0.027841191490491232 0.047796593734196258 0.0088549845086203696 0.04347383925255309
leaf_weight=22 52 24 66 32 46 32 151 152 20 114 27 155 24 121 28 26 20 77 33 33 32 33 25 20 41 55 30 35 450 47
leaf_count=22 52 24 66 32 46 32 151 152 20 114 27 155 24 121 28 26 20 77 33 33 32 33 25 20 41 55 30 35 450 47
internal_value=0 -0.0124061 -0.00899543 -0.0199806 0.00470197 -0.0246901 0.00582523 0.00136851 0.0135727 -0.029339 -0.00752286 0.00955413 0.00091196 0.00345535 0.0129571 -0.00903448 -0.0116969 -0.0296658 0.00482292 0.0252754 -0.00289058 0.0202954 -0.0165914 -0.00547417 0.00665289 -0.00528893 0.00793975 0.0198667 0.0107028 0.020333
internal_weight=0 556 504 239 1467 54 1413 897 516 173 59 502 265 347 196 395 369 97 241 66 175 65 110 85 65 272 120 90 470 168
internal_count=2023 556 504 239 1467 54 1413 897 516 173 59 502 265 347 196 395 369 97 241 66 175 65 110 85 65 272 120 90 470 168
shrinkage=0.1


Tree=7
num_leaves=31
num_cat=0
split_feature=15 3 3 2 12 6 0 11 9 12 8 9 2 0 8 15 13 0 7 15 8 10 14 1 9 8 4 1 9 2
split_gain=9.99926 6.82817 5.68888 6.95621 5.38558 5.32628 4.99321 5.33439 4.49601 6.07889 4.44739 4.32303 4.53188 5.54528 6.5034 4.04611 4.04074 4.40734 3.83175 3.82901 3.77635 3.67264 3.5639 3.29475 4.19487 3.93466 3.25195 3.14447 4.24411 4.20259
threshold=14.500000000000002 2.5000000000000004 3.5000000000000004 24.500000000000004 1.5000000000000002 1.5000000000000002 33.500000000000007 3.5000000000000004 8.5000000000000018 3.5000000000000004 8.5000000000000018 4.5000000000000009 34.500000000000007 19.500000000000004 12.500000000000002 4.5000000000000009 7.5000000000000009 18.500000000000004 25.500000000000004 6.5000000000000009 4.5000000000000009 1.5000000000000002 6.5000000000000009 15.500000000000002 10.500000000000002 13.500000000000002 2.5000000000000004 3.5000000000000004 6.5000000000000009 36.500000000000007
decision_type=2 2 2 2 2 2 2 2 2 2 2 2 2 2 2 2 2 2 2 2 2 2 2 2 2 2 2 2 2 2
left_child=2 23 4 8 -1 -3 7 18 -4 10 15 -7 13 -13 -15 -10 20 -18 19 -5 -6 -14 -12 24 25 -2 -8 -21 -29 -30
right_child=1 5 3 6 16 11 26 -9 9 -11 22 12 21 14 -16 -17 17 -19 -20 27 -22 -23 -24 -25 -26 -27 -28 28 29 -31
leaf_value=0.032826094234243354 -0.032254203695517319 -0.059507857000126563 -0.0020144653890062782 -0.017835501732865001 0.049828282287043918 -0.059745202281258326 -0.0076241883138815567 -0.035960703757074143 0.038647869906642221 -0.023196408152580263 0.006539393030107022 -0.032608745129484883 0.0067233066196027008 -0.014934878363165744 0.039159500598907472 -0.013493552642024082 -0.017342499459143911 0.0074095568180084226 -0.049215390284856164 0.031310830406240518 0.012280057257202071 -0.03843514513538545 0.045338292370785724 -0.02119960520002577 0.038188816296557591 0.019761682459802338 0.04342217009801131 0.039114164710044863 -0.024917995838018566 0.024818994428800503
leaf_weight=94 26 34 272 123 31 22 24 90 22 32 32 38 23 43 46 46 101 250 21 37 197 83 91 36 42 33 26 20 65 23
leaf_count=94 26 34 272 123 31 22 24 90 22 32 32 38 23 43 46 46 101 250 21 37 197 83 91 36 42 33 26 20 65 23
internal_value=0 -0.0136124 0.0036311 -0.00146259 0.0106245 -0.0223292 -0.0107828 -0.0147013 0.0066149 0.0171404 0.0238984 -0.017372 -0.0133711 -0.000629882 0.013024 0.00337573 0.00702011 0.00028717 -0.00808076 -0.00485752 0.0173853 -0.0286366 0.0352443 0.0047757 0.0140342 -0.00316057 0.0189199 0.00615139 -0.00246805 -0.0119186
internal_weight=0 426 1597 924 673 289 429 379 495 223 191 255 233 127 89 68 579 351 289 268 228 106 123 137 101 59 50 145 108 88
internal_count=2023 426 1597 924 673 289 429 379 495 223 191 255 233 127 89 68 579 351 289 268 228 106 123 137 101 59 50 145 108 88
shrinkage=0.1


Tree=8
num_leaves=31
num_cat=0
split_feature=15 3 13 4 0 2 1 14 2 4 15 0 6 2 3 9 6 7 13 8 8 4 3 15 10 13 13 2 14 2
split_gain=8.0994 5.53082 5.07971 6.4852 5.89048 6.55164 5.22078 8.33292 5.86969 6.14412 5.4275 5.09135 4.77998 5.07613 4.30804 4.335 4.29615 3.78692 3.77698 6.62084 3.77646 3.52287 3.97871 3.47274 3.28984 3.27363 3.12087 4.81819 3.54463 4.85948
threshold=14.500000000000002 2.5000000000000004 7.5000000000000009 1.0000000180025095e-35 34.500000000000007 43.500000000000007 6.5000000000000009 31.500000000000004 19.500000000000004 1.5000000000000002 6.5000000000000009 16.500000000000004 2.5000000000000004 29.500000000000004 8.5000000000000018 29.500000000000004 2.5000000000000004 12.500000000000002 13.500000000000002 9.5000000000000018 6.5000000000000009 2.5000000000000004 10.500000000000002 30.500000000000004 1.5000000000000002 4.5000000000000009 16.500000000000004 25.500000000000004 3.5000000000000004 30.500000000000004
decision_type=2 2 2 2 2 2 2 2 2 2 2 2 2 2 2 2 2 2 2 2 2 2 2 2 2 2 2 2 2 2
left_child=2 -2 6 -4 5 14 8 20 10 24 -1 -11 25 23 15 26 17 -13 -6 -20 -8 -16 -23 -14 -10 -3 27 -5 29 -29
right_child=1 12 3 4 18 -7 7 -9 9 11 -12 16 13 -15 21 -17 -18 -19 19 -21 -22 22 -24 -25 -26 -27 -28 28 -30 -31
leaf_value=0.046507810137488628 0.0042981286390419426 -0.0073168685393674038 -0.050512650057121557 0.0030077418754730738 -0.0015704852994531393 -0.060016406625509271 0.051133493258028621 -0.040775672458112242 -0.0062162584983385533 -0.03218330442905426 -0.0015608713394258081 0.0052061086654663089 0.022303604866777148 -0.024900049190310872 -0.037706225631492479 0.044985423033887695 0.027711365826718223 -0.031330023892223835 0.0040617775657902601 0.078405337095260624 0.019744349948384546 -0.029577761888504028 0.028003385166327163 -0.023848549568134807 -0.054816046555836995 -0.047045397162437441 0.014453132136871941 -0.03381316403547923 -0.035608570990355123 0.019720451342753877
leaf_weight=55 137 28 27 299 32 20 49 20 26 37 41 250 56 102 56 22 77 32 23 25 176 24 24 23 30 80 114 30 69 39
leaf_count=55 137 28 27 299 32 20 49 20 26 37 41 250 56 102 56 22 77 32 23 25 176 24 24 23 30 80 114 30 69 39
internal_value=0 -0.0122511 0.00326799 -0.00233314 -0.000658945 -0.00360875 0.00894681 0.0210818 0.00352151 -0.00124811 0.0259785 0.00313626 -0.0200963 -0.010162 -0.00194235 0.00145613 0.00677644 0.00106016 0.0250412 0.0427824 0.0265802 -0.0206667 -0.000787188 0.0088669 -0.0322519 -0.0367454 -0.000281882 -0.0041258 -0.0195818 -0.00355503
internal_weight=0 426 1597 804 777 697 793 245 548 452 96 396 289 181 677 573 359 282 80 48 225 104 48 79 56 108 551 437 138 69
internal_count=2023 426 1597 804 777 697 793 245 548 452 96 396 289 181 677 573 359 282 80 48 225 104 48 79 56 108 551 437 138 69
shrinkage=0.1


Tree=9
num_leaves=31
num_cat=0
split_feature=3 10 0 2 2 1 9 8 0 9 2 15 4 13 12 9 14 6 9 3 2 13 0 4 0 9 8 2 5 1
split_gain=7.02376 8.47914 5.5614 5.54238 4.72686 5.42667 4.4791 5.54107 4.18351 4.76382 4.28083 4.25245 4.61746 4.14052 3.95137 3.83216 3.76823 5.02287 3.72441 3.63146 3.25118 3.22248 3.1507 2.99603 2.7563 2.685 5.03225 2.80517 4.47374 4.14173
threshold=3.5000000000000004 2.5000000000000004 33.500000000000007 9.5000000000000018 25.500000000000004 16.500000000000004 23.500000000000004 17.500000000000004 17.500000000000004 11.500000000000002 23.500000000000004 10.500000000000002 2.5000000000000004 19.500000000000004 1.0000000180025095e-35 8.5000000000000018 20.500000000000004 1.5000000000000002 4.5000000000000009 13.500000000000002 43.500000000000007 1.5000000000000002 15.500000000000002 2.5000000000000004 33.500000000000007 17.500000000000004 13.500000000000002 20.500000000000004 2.5000000000000004 17.500000000000004
decision_type=2 2 2 2 2 2 2 2 2 2 2 2 2 2 2 2 2 2 2 2 2 2 2 2 2 2 2 2 2 2
left_child=3 4 19 -1 5 15 14 -8 9 11 -11 12 18 -4 -6 -2 17 -10 -5 -3 23 -19 -17 -16 -18 27 -27 -23 -29 -30
right_child=1 2 13 8 6 -7 7 -9 16 10 -12 -13 -14 -15 20 22 24 21 -20 -21 -22 25 -24 -25 -26 26 -28 28 29 -31
leaf_value=0.059016983360052115 -0.0029973428609759312 -0.017400928320837956 -0.012590662638346354 -0.057912388869694298 0.027315394173968922 0.058198099583387376 0.037128807604312898 -0.024822554534131833 0.057839396984680838 -0.016961858272552491 0.042765482465426129 -0.049766953722123176 0.021390059321290917 0.045852283185178588 -0.021083184812642351 -0.019948758320374925 -0.035036606750180645 0.043197124557835719 -0.0072571144741464498 -0.044931139127682831 -0.049675026646366832 0.015859767184620017 0.020269045303849615 0.0025706140715398909 0.0086667152190649955 0.050019368147238709 -0.0074542989730834973 -0.014155555556910907 0.016953742035797664 -0.031695028245449064
leaf_weight=20 258 255 27 21 22 20 42 22 23 20 30 31 36 22 158 22 31 28 47 59 27 171 170 81 27 39 25 129 140 20
leaf_count=20 258 255 27 21 22 20 42 22 23 20 30 31 36 22 158 22 31 28 47 59 27 171 170 81 27 39 25 129 140 20
internal_value=0 -0.00495507 -0.0176842 0.00700687 0.000666199 0.00722875 -0.0080963 0.015833 0.00573523 -0.00749325 0.0188745 -0.0172591 -0.00756925 0.013649 -0.0134139 0.00496345 0.00960137 0.0120518 -0.0229007 -0.0225738 -0.0167825 0.010144 0.0156608 -0.0130666 -0.014692 0.00837781 0.0275687 0.00570778 -0.000299112 0.0108726
internal_weight=0 1185 363 838 822 470 352 64 818 185 50 135 104 49 288 450 633 575 68 314 266 552 192 239 58 524 64 460 289 160
internal_count=2023 1185 363 838 822 470 352 64 818 185 50 135 104 49 288 450 633 575 68 314 266 552 192 239 58 524 64 460 289 160
shrinkage=0.1


Tree=10
num_leaves=31
num_cat=0
split_feature=11 2 1 15 15 10 1 0 9 13 15 0 3 15 14 3 1 10 10 7 2 13 7 7 0 8 15 5 9 8
split_gain=6.01823 8.50628 7.11444 6.20196 4.4523 5.82211 5.27281 4.06007 3.5842 3.71232 4.69887 3.76254 3.57545 5.44134 5.06763 3.56521 3.32546 4.07001 3.17366 3.30859 3.14248 2.99167 5.07118 4.45031 3.51948 2.95282 2.93602 3.5262 2.9206 2.57388
threshold=2.5000000000000004 35.500000000000007 25.500000000000004 12.500000000000002 7.5000000000000009 1.5000000000000002 7.5000000000000009 27.500000000000004 8.5000000000000018 14.500000000000002 12.500000000000002 21.500000000000004 2.5000000000000004 5.5000000000000009 13.500000000000002 6.5000000000000009 1.0000000180025095e-35 2.5000000000000004 3.5000000000000004 26.500000000000004 36.500000000000007 9.5000000000000018 9.5000000000000018 8.5000000000000018 24.500000000000004 12.500000000000002 13.500000000000002 2.5000000000000004 24.500000000000004 10.500000000000002
decision_type=2 2 2 2 2 2 2 2 2 2 2 2 2 2 2 2 2 2 2 2 2 2 2 2 2 2 2 2 2 2
left_child=8 2 3 4 5 6 25 15 9 10 21 -12 13 14 -7 16 -6 29 19 20 26 22 -1 -23 -24 -2 -10 -28 -20 -18
right_child=1 -3 -4 -5 7 12 -8 -9 18 -11 11 -13 -14 -15 -16 -17 17 -19 28 -21 -22 23 24 -25 -26 -27 27 -29 -30 -31
leaf_value=-0.0011185249441290556 0.026833492304597584 -0.020930453709193639 0.053524156163136161 -0.016748128955562911 -0.015702116947907668 -0.025050476770247184 0.061474901049033463 0.042135836184024812 0.0098472553237955625 0.022724948250330414 -0.056768188984305773 -0.0053122836351394663 -0.018852748717480935 0.038238757668119489 0.026855775272404708 -0.01804380387067795 0.023092877712005227 -0.0025726099809010826 -0.023299401501814525 -0.023173632770776748 0.039868129173229488 0.01666351102647327 0.013930000435738339 -0.040973133654207794 0.064897760152816772 -0.019966928899968761 0.067620159614653827 0.010943215567132701 0.021677544442090121 0.063712099194526681
leaf_weight=292 28 259 24 204 26 62 23 44 235 65 27 30 171 33 27 40 39 36 42 20 58 21 42 37 20 26 21 23 22 26
leaf_count=292 28 259 24 204 26 62 23 44 235 65 27 30 171 33 27 40 39 36 42 20 58 21 42 37 20 26 21 23 22 26
internal_value=0 -0.00515766 -0.000108023 -0.00174773 0.00351919 -0.00309147 0.0213782 0.0151113 0.00576794 0.000328363 -0.00277564 -0.0296861 -0.00952206 0.00355619 -0.00930364 0.00799111 0.0161911 0.0244012 0.0126675 0.0163437 0.0186889 0.000947412 0.00439663 -0.0201047 0.0303712 0.00429996 0.0142861 0.0379936 -0.00783858 0.0393406
internal_weight=0 1068 809 785 581 370 77 211 955 534 469 57 293 122 89 167 127 101 421 357 337 412 354 58 62 54 279 44 64 65
internal_count=2023 1068 809 785 581 370 77 211 955 534 469 57 293 122 89 167 127 101 421 357 337 412 354 58 62 54 279 44 64 65
shrinkage=0.1


Tree=11
num_leaves=31
num_cat=0
split_feature=3 2 11 11 15 14 0 1 7 13 0 6 12 4 10 4 0 12 9 14 14 0 7 8 4 9 15 0 1 7
split_gain=5.13141 8.46671 3.95047 3.93753 4.40338 3.79557 3.6312 4.0735 3.49599 4.56903 3.54495 5.33329 3.48752 3.46625 4.24539 3.36657 3.27857 3.7608 4.36926 3.59958 5.31876 3.24517 2.7678 3.36287 3.07772 2.74565 2.66814 2.64794 2.53381 4.09164
threshold=1.0000000180025095e-35 23.500000000000004 1.5000000000000002 2.5000000000000004 21.500000000000004 1.5000000000000002 32.500000000000007 25.500000000000004 20.500000000000004 7.5000000000000009 21.500000000000004 2.5000000000000004 2.5000000000000004 2.5000000000000004 2.5000000000000004 2.5000000000000004 12.500000000000002 4.5000000000000009 23.500000000000004 22.500000000000004 15.500000000000002 19.500000000000004 5.5000000000000009 10.500000000000002 1.5000000000000002 7.5000000000000009 8.5000000000000018 36.500000000000007 6.5000000000000009 15.500000000000002
decision_type=2 2 2 2 2 2 2 2 2 2 2 2 2 2 2 2 2 2 2 2 2 2 2 2 2 2 2 2 2 2
left_child=5 2 -2 4 12 -1 7 8 9 10 25 -12 13 14 21 27 -4 18 19 20 22 -3 23 -18 -24 -5 -10 -8 -7 -30
right_child=1 3 16 6 -6 28 15 -9 26 -11 11 -13 -14 -15 -16 -17 17 -19 -20 -21 -22 -23 24 -25 -26 -27 -28 -29 29 -31
leaf_value=0.035139209901293121 0.040794885257879894 0.026813304942587147 -0.02805769568489444 0.0070297679730824056 -0.035603364669915399 2.0857012418449902e-05 0.0050612795352935796 0.022393920882181687 -0.014980474114418031 -0.026844892632308888 -0.012182871145861489 0.052058504025141394 0.016278664690667185 0.014602189356426024 -0.050147998758724756 0.023394725223382318 0.006981787271797657 -0.032678998231887822 0.046212607732525585 0.042078956484794622 -0.035007863184984993 -0.017469542814513385 -0.031856310725212098 0.045186239646540755 0.0044122616232258006 -0.033593615089974757 -0.057969555613540474 -0.040037753918896551 0.022340958175674969 -0.012946018239571935
leaf_weight=48 30 23 31 28 33 305 30 22 22 201 28 24 116 53 28 42 64 25 27 25 34 59 25 36 365 41 42 23 151 42
leaf_count=48 30 23 31 28 33 305 30 22 22 201 28 24 116 53 28 42 64 25 27 25 34 59 25 36 365 41 42 23 151 42
internal_value=0 -0.00306215 0.00533858 -0.00988581 -0.00106029 0.00828351 -0.0153601 -0.01946 -0.0218454 -0.0176026 -0.00224976 0.017467 0.00302545 -0.00640629 -0.0165286 0.00224788 0.00365552 0.00529131 0.00693933 0.00500786 0.0032392 -0.00504874 0.00589307 0.0207354 0.00208735 -0.0171088 -0.0431921 -0.01451 0.00569501 0.0146619
internal_weight=0 1477 662 815 312 546 503 408 386 322 121 52 279 163 110 95 632 601 576 549 524 82 490 100 390 69 64 53 498 193
internal_count=2023 1477 662 815 312 546 503 408 386 322 121 52 279 163 110 95 632 601 576 549 524 82 490 100 390 69 64 53 498 193
shrinkage=0.1


end of trees

feature_importances:
Column_2=44
Column_0=37
Column_15=32
Column_1=30
Column_3=28
Column_9=27
Column_13=26
Column_8=21
Column_14=21
Column_4=19
Column_7=19
Column_10=16
Column_6=12
Column_11=12
Column_12=12
Column_5=4

parameters:
[boosting: gbdt]
[objective: regression]
[metric: l2]
[tree_learner: serial]
[device_type: cpu]
[data: ]
[valid: ]
[num_iterations: 10000]
[learning_rate: 0.1]
[num_leaves: 31]
[num_threads: 0]
[deterministic: 0]
[force_col_wise: 0]
[force_row_wise: 0]
[histogram_pool_size: -1]
[max_depth: -1]
[min_data_in_leaf: 20]
[min_sum_hessian_in_leaf: 0.001]
[bagging_fraction: 1]
[pos_bagging_fraction: 1]
[neg_bagging_fraction: 1]
[bagging_freq: 0]
[bagging_seed: 3]
[feature_fraction: 1]
[feature_fraction_bynode: 1]
[feature_fraction_seed: 2]
[extra_trees: 0]
[extra_seed: 6]
[early_stopping_round: 10]
[first_metric_only: 0]
[max_delta_step: 0]
[lambda_l1: 0]
[lambda_l2: 0]
[min_gain_to_split: 0]
[drop_rate: 0.1]
[max_drop: 50]
[skip_drop: 0.5]
[xgboost_dart_mode: 0]
[uniform_drop: 0]
[drop_seed: 4]
[top_rate: 0.2]
[other_rate: 0.1]
[min_data_per_group: 100]
[max_cat_threshold: 32]
[cat_l2: 10]
[cat_smooth: 10]
[max_cat_to_onehot: 4]
[top_k: 20]
[monotone_constraints: ]
[monotone_constraints_method: basic]
[monotone_penalty: 0]
[feature_contri: ]
[forcedsplits_filename: ]
[refit_decay_rate: 0.9]
[cegb_tradeoff: 1]
[cegb_penalty_split: 0]
[cegb_penalty_feature_lazy: ]
[cegb_penalty_feature_coupled: ]
[path_smooth: 0]
[interaction_constraints: ]
[verbosity: 1]
[saved_feature_importance_type: 0]
[max_bin: 255]
[max_bin_by_feature: ]
[min_data_in_bin: 3]
[bin_construct_sample_cnt: 200000]
[data_random_seed: 1]
[is_enable_sparse: 1]
[enable_bundle: 1]
[use_missing: 1]
[zero_as_missing: 0]
[feature_pre_filter: 1]
[pre_partition: 0]
[two_round: 0]
[header: 0]
[label_column: ]
[weight_column: ]
[group_column: ]
[ignore_column: ]
[categorical_feature: ]
[forcedbins_filename: ]
[objective_seed: 5]
[num_class: 1]
[is_unbalance: 0]
[scale_pos_weight: 1]
[sigmoid: 1]
[boost_from_average: 1]
[reg_sqrt: 0]
[alpha: 0.9]
[fair_c: 1]
[poisson_max_delta_step: 0.7]
[tweedie_variance_power: 1.5]
[lambdarank_truncation_level: 30]
[lambdarank_norm: 1]
[label_gain: ]
[eval_at: ]
[multi_error_top_k: 1]
[auc_mu_weights: ]
[num_machines: 1]
[local_listen_port: 12400]
[time_out: 120]
[machine_list_filename: ]
[machines: ]
[gpu_platform_id: -1]
[gpu_device_id: -1]
[gpu_use_dp: 0]
[num_gpu: 1]

end of parameters

pandas_categorical:null
