tree
version=v3
num_class=1
num_tree_per_iteration=1
label_index=0
max_feature_idx=15
objective=regression
feature_names=Column_0 Column_1 Column_2 Column_3 Column_4 Column_5 Column_6 Column_7 Column_8 Column_9 Column_10 Column_11 Column_12 Column_13 Column_14 Column_15
feature_infos=[1:49] [0:74] [1:49] [0:56] [0:7] [0:6] [0:7] [6:145] [0:123] [0:114] [0:7] [0:7] [0:7] [0:163] [0:122] [0:166]
tree_sizes=2659 2748 2736 2743 2727 2734 2739 2753 2748 2740 2760 2744 2746 2758 2771 2759 2769

Tree=0
num_leaves=31
num_cat=0
split_feature=2 1 3 3 1 0 1 14 3 15 9 1 8 3 15 0 2 1 15 2 15 1 9 15 0 11 4 2 13 9
split_gain=44.3958 44.6893 43.9325 20.3481 17.5774 16.4336 11.6999 11.397 11.0135 8.44912 8.04789 7.80164 7.30974 7.29726 8.14594 6.70091 6.3559 5.9617 12.0151 5.67896 5.31946 5.9844 5.48175 5.20351 5.85128 5.68132 5.03144 4.85017 4.73739 4.69226
threshold=32.500000000000007 6.5000000000000009 5.5000000000000009 4.5000000000000009 1.5000000000000002 26.500000000000004 4.5000000000000009 14.500000000000002 7.5000000000000009 14.500000000000002 3.5000000000000004 10.500000000000002 15.500000000000002 2.5000000000000004 10.500000000000002 14.500000000000002 19.500000000000004 8.5000000000000018 10.500000000000002 15.500000000000002 10.500000000000002 19.500000000000004 10.500000000000002 5.5000000000000009 27.500000000000004 3.5000000000000004 2.5000000000000004 43.500000000000007 5.5000000000000009 2.5000000000000004
decision_type=2 2 2 2 2 2 2 2 2 2 2 2 2 2 2 2 2 2 2 2 2 2 2 2 2 2 2 2 2 2
left_child=1 2 3 4 12 17 -5 -4 10 26 29 -10 19 14 -7 -13 -8 -2 -19 -1 22 -22 -17 -12 25 -25 -6 -15 -18 -3
right_child=5 8 7 6 9 13 16 -9 11 -11 23 15 -14 27 -16 20 28 18 -20 -21 21 -23 -24 24 -26 -27 -28 -29 -30 -31
leaf_value=0.12297868405982808 0.046991225257761324 0.13850315917304545 0.027558663572635714 0.029539951357243618 0.14435757306028993 0.094414091515095971 0.14888777428256247 0.10388777547465536 0.077417187940592352 0.097887775633601085 0.17334429534142251 0.084602061699838027 0.15297868326509947 0.10280343815398291 0.15638777408388033 0.12188777499781821 0.10734931384449437 0.12638777487860892 0.060404630559149616 0.072041622472136482 0.098377571538993264 0.15125619527245232 0.18103063057392468 0.14511930147598895 0.16250619491560872 0.10748777537928793 0.17752413716032153 0.055887776746221113 0.079887776110438236 0.076496471852451037
leaf_weight=33 87 26 79 23 149 38 28 26 34 30 92 28 22 83 48 25 208 40 89 65 49 38 42 203 152 50 66 30 90 23
leaf_count=33 87 26 79 23 149 38 28 26 34 30 92 28 22 83 48 25 208 40 89 65 49 38 42 203 152 50 66 30 90 23
internal_value=0.115431 0.123072 0.106855 0.115737 0.132244 0.0863215 0.0984723 0.0464592 0.140502 0.147602 0.148064 0.121388 0.100888 0.107054 0.129004 0.129602 0.103336 0.0672211 0.0808645 0.0891939 0.137784 0.121474 0.158962 0.151876 0.146999 0.137682 0.154539 0.090348 0.0990556 0.109398
internal_weight=0 1581 819 714 365 415 349 105 762 245 546 216 120 199 86 182 326 216 129 98 154 87 67 497 405 253 215 113 298 49
internal_count=1996 1581 819 714 365 415 349 105 762 245 546 216 120 199 86 182 326 216 129 98 154 87 67 497 405 253 215 113 298 49
shrinkage=1


Tree=1
num_leaves=31
num_cat=0
split_feature=2 1 3 0 3 1 1 0 11 13 3 0 13 13 14 9 3 11 15 15 11 3 15 1 15 0 11 4 9 13
split_gain=36.0845 35.7881 24.6645 13.7864 13.5895 13.2616 13.0239 11.6733 9.85704 10.6981 8.80229 8.79657 7.39512 10.7496 7.21412 7.09775 6.33105 6.21821 5.32615 5.31167 5.16334 5.05315 9.60806 5.13104 5.77889 4.87443 8.30216 5.64706 4.42534 4.20783
threshold=33.500000000000007 5.5000000000000009 3.5000000000000004 18.500000000000004 6.5000000000000009 1.5000000000000002 7.5000000000000009 20.500000000000004 4.5000000000000009 19.500000000000004 5.5000000000000009 30.500000000000004 4.5000000000000009 15.500000000000002 12.500000000000002 3.5000000000000004 16.500000000000004 3.5000000000000004 14.500000000000002 6.5000000000000009 3.5000000000000004 1.5000000000000002 11.500000000000002 7.5000000000000009 10.500000000000002 15.500000000000002 2.5000000000000004 2.5000000000000004 2.5000000000000004 29.500000000000004
decision_type=2 2 2 2 2 2 2 2 2 2 2 2 2 2 2 2 2 2 2 2 2 2 2 2 2 2 2 2 2 2
left_child=1 2 5 -4 15 12 -6 -2 9 21 17 16 -1 -14 -12 28 -8 -5 -7 -17 -13 22 -9 -23 -25 26 -21 -27 -3 -11
right_child=7 4 3 10 6 18 11 8 -10 29 14 20 13 -15 -16 19 -18 -19 -20 25 -22 23 -24 24 -26 27 -28 -29 -30 -31
leaf_value=0.038195010206916118 -0.052436630087574633 0.020118182280967976 -0.078942161514645531 -0.015536063586830335 -0.071967604214494871 0.035287366843805082 0.0039652904484169622 -0.016588107209939223 -0.072425185751031948 -0.072633567452430728 -0.071306356072425844 0.059404765069484715 -0.044637667636076614 0.036675563880375454 -0.00024384319782257081 0.04928242438198889 -0.053185022419149235 0.04066966459864662 -0.019373775124549866 0.043347930908203131 -0.00086311414128258123 -0.047747730731964116 0.065252770297229298 0.036351812788934422 -0.017782674638592465 0.018847368471324445 -0.028023024400075276 0.044598124821980799 -0.037932401895523077 -0.020284812765962938
leaf_weight=22 127 29 42 314 22 164 163 26 27 28 50 44 72 21 20 136 22 21 20 28 21 25 32 33 49 176 39 165 24 34
leaf_count=22 127 29 42 314 22 164 163 26 27 28 50 44 72 21 20 136 22 21 20 28 21 25 32 33 49 176 39 165 24 34
internal_value=0 0.00653064 -0.00953594 -0.0244072 0.0203231 0.0126964 0.00179658 -0.0276824 -0.0153053 -0.00851128 -0.0187517 0.00828782 -0.0139429 -0.0262766 -0.0510028 0.028764 -0.00283096 -0.0120127 0.0293459 0.0321674 0.0399336 0.00479614 0.0285655 -0.00808817 0.00400316 0.0264624 0.00180364 0.0313074 -0.00616887 -0.0439262
internal_weight=0 1615 746 447 869 299 272 381 254 227 405 250 115 93 70 597 185 335 184 544 65 165 58 107 82 408 67 341 53 62
internal_count=1996 1615 746 447 869 299 272 381 254 227 405 250 115 93 70 597 185 335 184 544 65 165 58 107 82 408 67 341 53 62
shrinkage=0.1


Tree=2
num_leaves=31
num_cat=0
split_feature=2 1 3 3 1 0 1 3 14 0 15 1 15 3 15 9 0 15 13 13 14 9 6 1 15 2 11 0 15 7
split_gain=29.5983 29.8071 29.4714 13.5129 11.8039 11.614 8.78842 8.19205 8.03592 6.59731 7.20769 6.58676 5.93159 5.40485 5.42093 4.74783 5.2121 5.09048 4.64332 7.5884 4.50903 4.58411 5.39627 4.30446 9.08931 4.29036 4.16991 4.47582 4.03678 3.97754
threshold=32.500000000000007 6.5000000000000009 5.5000000000000009 4.5000000000000009 1.0000000180025095e-35 26.500000000000004 4.5000000000000009 9.5000000000000018 14.500000000000002 24.500000000000004 13.500000000000002 14.500000000000002 12.500000000000002 2.5000000000000004 10.500000000000002 3.5000000000000004 27.500000000000004 3.5000000000000004 14.500000000000002 4.5000000000000009 4.5000000000000009 9.5000000000000018 2.5000000000000004 8.5000000000000018 10.500000000000002 19.500000000000004 3.5000000000000004 14.500000000000002 11.500000000000002 6.5000000000000009
decision_type=2 2 2 2 2 2 2 2 2 2 2 2 2 2 2 2 2 2 2 2 2 2 2 2 2 2 2 2 2 2
left_child=1 2 3 4 18 23 -5 15 -4 10 -9 -11 20 14 -7 -3 17 -17 19 -1 -6 22 -22 -2 -25 -8 27 -19 -28 -29
right_child=5 7 8 6 12 13 25 9 -10 11 -12 -13 -14 -15 -16 16 -18 26 -20 -21 21 -23 -24 24 -26 -27 28 29 -30 -31
leaf_value=0.024865999675932386 -0.057014918258820463 -0.0033442553419333236 -0.0723427362834351 -0.073542781498121185 0.054695024849876532 -0.015665666994295623 0.027840779934610638 -0.0016034192509121366 -0.008249502227856564 -0.025762599706649781 -0.072553721779868727 0.036528088101025286 -0.0070049827403210587 -0.020716564159477709 0.034890434642632799 0.05514081930502867 0.041095599989489758 0.049377012133598332 0.022079218350923982 -0.045290014353291747 0.024340963225032011 0.052307692093726925 -0.028441451311111449 0.011362381279468536 -0.04602751316649191 -0.01310118014780467 0.018730459176003935 -0.010263478093677099 -0.031902314001514068 0.023321019469594664
leaf_weight=21 87 52 79 23 63 38 28 45 26 24 21 58 47 113 48 39 202 50 26 58 86 39 25 40 89 298 32 45 31 163
leaf_count=21 87 52 79 23 63 38 28 45 26 24 21 58 47 113 48 39 202 50 26 58 86 39 25 40 89 298 32 45 31 163
internal_value=0 0.00623895 -0.00700536 0.000269146 0.0137213 -0.0237681 -0.0137997 0.020474 -0.056472 -0.000644968 -0.0241785 0.0182967 0.0251494 -0.00633933 0.0125517 0.0255645 0.0282394 0.0210256 -0.0145769 -0.0266409 0.0322445 0.0228152 0.012453 -0.0398252 -0.0282322 -0.00958469 0.0168808 0.0225129 -0.00618408 0.0160551
internal_weight=0 1581 819 714 365 415 349 762 105 148 66 82 260 199 86 614 562 360 105 79 213 150 111 216 129 326 321 258 63 208
internal_count=1996 1581 819 714 365 415 349 762 105 148 66 82 260 199 86 614 562 360 105 79 213 150 111 216 129 326 321 258 63 208
shrinkage=0.1


Tree=3
num_leaves=31
num_cat=0
split_feature=2 1 3 3 0 1 3 1 13 14 11 13 3 15 14 0 11 9 3 13 5 2 0 2 2 13 11 1 9 7
split_gain=23.9746 24.1437 23.8718 10.9454 9.86148 9.82226 7.37345 7.11862 6.55506 6.50909 5.83436 5.62822 5.12146 5.01122 4.91959 4.87642 5.84621 5.45172 4.53478 4.29032 4.2617 4.11293 4.02223 3.66617 3.47519 3.67427 3.27525 3.19412 3.15238 4.93351
threshold=32.500000000000007 6.5000000000000009 5.5000000000000009 4.5000000000000009 30.500000000000004 3.5000000000000004 16.500000000000004 4.5000000000000009 13.500000000000002 14.500000000000002 4.5000000000000009 4.5000000000000009 1.0000000180025095e-35 1.5000000000000002 5.5000000000000009 27.500000000000004 4.5000000000000009 5.5000000000000009 6.5000000000000009 19.500000000000004 2.5000000000000004 42.500000000000007 19.500000000000004 43.500000000000007 19.500000000000004 5.5000000000000009 2.5000000000000004 7.5000000000000009 8.5000000000000018 8.5000000000000018
decision_type=2 2 2 2 2 2 2 2 2 2 2 2 2 2 2 2 2 2 2 2 2 2 2 2 2 2 2 2 2 2
left_child=1 2 3 5 10 12 13 -5 11 -4 19 -6 14 -3 -1 16 18 -17 -15 22 -20 -21 -2 -10 -9 -26 -24 -28 29 -16
right_child=4 6 9 7 8 -7 -8 24 23 -11 -12 -13 -14 15 28 17 -18 -19 20 21 -22 -23 26 -25 25 -27 27 -29 -30 -31
leaf_value=0.033936294549848978 -0.035166367888450623 0.061872414818831857 -0.065108461093299 -0.066188504125760952 -0.017931551658190215 0.028266358597481507 -0.031028491875220988 0.025056701472827365 -0.00634081504846874 -0.0074245514777990492 -0.068522882618402184 0.039237234171699081 -0.03458541049513706 0.02159164846927026 0.01607034128645192 -0.0038505927455134512 -0.035627432664235431 0.03588131717895264 -0.015643644332885741 -0.031657700823700945 0.024048166331790743 -0.085976963639259343 0.024170975174222675 -0.059235678613185884 -0.0044869492546870159 -0.028671665721469453 -0.045869875699281693 -0.00086704881294913925 0.018393535960105161 -0.042324899251644427
leaf_weight=41 78 28 79 23 26 188 29 28 38 26 38 51 43 303 23 41 24 219 76 46 42 20 28 20 208 90 24 46 31 39
leaf_count=41 78 28 79 23 26 188 29 28 38 26 38 51 43 303 23 41 24 219 76 46 42 20 28 20 208 90 24 46 31 39
internal_value=0 0.00561505 -0.00630483 0.000242232 -0.0213913 0.0123491 0.0184266 -0.0124197 0.000808993 -0.0508248 -0.032095 0.0199335 -0.00455728 0.0203832 0.00507862 0.0187354 0.0123782 0.0296159 0.0151149 -0.026375 -0.00151605 -0.0481181 -0.0182213 -0.0245804 -0.00862622 -0.0117911 -0.00473443 -0.0162966 -0.00764359 -0.0206621
internal_weight=0 1581 819 714 415 365 762 349 135 105 280 77 177 733 134 705 445 260 421 242 118 66 176 58 326 298 98 70 93 62
internal_count=1996 1581 819 714 415 365 762 349 135 105 280 77 177 733 134 705 445 260 421 242 118 66 176 58 326 298 98 70 93 62
shrinkage=0.1


Tree=4
num_leaves=31
num_cat=0
split_feature=2 1 3 3 0 1 10 1 2 8 2 0 13 13 5 9 8 15 2 15 2 15 3 9 9 8 3 3 3 13
split_gain=19.7451 19.5662 13.1776 9.92119 9.82621 9.44029 7.86392 6.67385 5.96075 7.48624 5.49793 5.43358 5.35772 7.07866 5.105 4.56699 5.56007 3.87983 3.71743 3.49105 2.94885 2.9226 2.81694 2.58207 3.29305 2.50054 3.4604 2.7336 2.42599 3.25761
threshold=36.500000000000007 5.5000000000000009 3.5000000000000004 19.500000000000004 18.500000000000004 1.5000000000000002 2.5000000000000004 5.5000000000000009 24.500000000000004 41.500000000000007 20.500000000000004 22.500000000000004 4.5000000000000009 15.500000000000002 1.5000000000000002 10.500000000000002 18.500000000000004 12.500000000000002 11.500000000000002 4.5000000000000009 15.500000000000002 6.5000000000000009 3.5000000000000004 2.5000000000000004 9.5000000000000018 9.5000000000000018 6.5000000000000009 1.0000000180025095e-35 4.5000000000000009 4.5000000000000009
decision_type=2 2 2 2 2 2 2 2 2 2 2 2 2 2 2 2 2 2 2 2 2 2 2 2 2 2 2 2 2 2
left_child=1 2 5 8 -4 12 7 21 9 11 20 19 -1 -14 -10 16 -9 23 -13 -3 -6 -2 -17 -7 -25 26 27 -20 -21 -30
right_child=6 3 4 -5 10 17 -8 15 14 -11 -12 18 13 -15 -16 22 -18 -19 25 28 -22 -23 -24 24 -26 -27 -28 -29 29 -31
leaf_value=0.030898199298165063 -0.067643682956695567 0.042037124730445241 -0.063635438951579013 -0.052697485414418314 0.022543405869911458 0.058130090713500983 -0.041656690661924602 0.058825051784515386 -0.033455353776613871 -0.032106475283702217 -0.036206554544383082 0.061136147711012105 -0.038560749119833898 0.023735694090525311 0.009393325353923598 0.012487786724453881 -0.0088993186300451114 -0.0077442268530527759 0.0092944180423563168 0.01977470504740874 -0.010885453061439072 -0.018292896946271262 -0.036345692696394746 0.014699224981607176 0.053415307615484513 0.041312758594143149 -0.0056288102188625858 0.046844123525822422 0.02174205337251936 -0.016417688612015018
leaf_weight=22 20 37 44 22 29 25 137 27 30 24 87 45 76 24 380 21 22 36 33 96 293 30 27 102 28 98 37 47 35 62
leaf_count=22 20 37 44 22 29 25 137 27 30 24 87 45 76 24 380 21 22 36 33 96 293 30 27 102 28 98 37 47 35 62
internal_value=0 0.00405095 -0.0078295 0.0136708 -0.018732 0.00794955 -0.0244198 -0.00835551 0.015251 0.0224244 -0.0139013 0.0250953 -0.0137803 -0.0236096 0.00625806 0.00694228 0.0284182 0.0218294 0.0349996 0.0138992 -0.00787478 -0.0380332 -0.014981 0.0286981 0.0230381 0.0295292 0.0196592 0.0313549 0.00850491 -0.00264871
internal_weight=0 1712 766 946 453 313 284 147 924 514 409 490 122 100 410 97 49 191 260 230 322 50 48 155 130 215 117 80 193 97
internal_count=1996 1712 766 946 453 313 284 147 924 514 409 490 122 100 410 97 49 191 260 230 322 50 48 155 130 215 117 80 193 97
shrinkage=0.1


Tree=5
num_leaves=31
num_cat=0
split_feature=2 1 3 0 3 1 1 14 13 3 1 0 7 11 13 15 4 13 13 8 3 1 9 8 14 2 9 0 15 15
split_gain=16.2627 16.0989 17.3833 7.48091 7.15868 6.87174 5.31928 4.90245 4.89523 4.78139 5.03111 5.06408 6.71942 4.68146 4.46643 4.26992 3.77848 3.62738 5.45519 3.52463 4.06398 5.70463 5.39596 3.52343 3.77649 3.91627 3.40676 3.18416 3.60203 3.47964
threshold=32.500000000000007 6.5000000000000009 5.5000000000000009 30.500000000000004 4.5000000000000009 1.0000000180025095e-35 4.5000000000000009 14.500000000000002 13.500000000000002 9.5000000000000018 13.500000000000002 24.500000000000004 9.5000000000000018 4.5000000000000009 4.5000000000000009 14.500000000000002 2.5000000000000004 12.500000000000002 4.5000000000000009 32.500000000000007 3.5000000000000004 2.5000000000000004 5.5000000000000009 9.5000000000000018 4.5000000000000009 18.500000000000004 3.5000000000000004 27.500000000000004 5.5000000000000009 13.500000000000002
decision_type=2 2 2 2 2 2 2 2 2 2 2 2 2 2 2 2 2 2 2 2 2 2 2 2 2 2 2 2 2 2
left_child=1 2 4 13 5 17 -6 -4 14 26 -11 12 -12 19 -5 16 23 18 -1 20 21 -2 -23 24 -7 -26 -3 28 -28 -29
right_child=3 9 7 8 6 15 -8 -9 -10 10 11 -13 -14 -15 -16 -17 -18 -19 -20 -21 -22 22 -24 -25 25 -27 27 29 -30 -31
leaf_value=0.019388456004006523 -0.044021110236644748 -0.0055127805242171654 -0.055495801077613351 -0.015486649825022772 -0.056241211683853813 0.030664982540266856 -0.0064827877868172583 -0.0054346041037486156 -0.020222837966063931 -0.029859455241713413 0.025804316997528078 0.028681844851327323 -0.054283079234036538 -0.059571509141671031 0.035441030941757504 -0.016494776407877606 0.04260406369964282 0.016750809922814369 -0.041000157250807835 -0.047417806766249918 -0.030310402333736421 -0.025720401048660281 0.031372529633191169 0.030674216508865357 0.020849716365337376 -0.034621600082942419 0.0363307362093645 0.044676892354030801 0.010775553281993082 0.018422206252523995
leaf_weight=21 24 52 79 26 23 28 326 26 58 43 20 63 22 38 51 30 72 32 52 44 100 25 49 75 20 35 68 99 292 103
leaf_count=21 24 52 79 26 23 28 326 26 58 43 20 63 22 38 51 30 72 32 52 44 100 25 49 75 20 35 68 99 292 103
internal_value=0 0.0046246 -0.00510886 -0.017618 0.000478028 0.0102692 -0.009762 -0.0430997 0.00171789 0.0150861 -0.00104826 0.0107506 -0.0161462 -0.0269407 0.0182447 0.0189887 0.023617 -0.0113221 -0.0236281 -0.0218169 -0.0161278 -0.00165574 0.0120844 0.0149647 0.000769372 -0.0144502 0.0189752 0.021241 0.0156026 0.0312896
internal_weight=0 1581 819 415 714 365 349 105 135 762 148 105 42 280 77 260 230 105 73 242 198 98 74 158 83 55 614 562 360 202
internal_count=1996 1581 819 415 714 365 349 105 135 762 148 105 42 280 77 260 230 105 73 242 198 98 74 158 83 55 614 562 360 202
shrinkage=0.1


Tree=6
num_leaves=31
num_cat=0
split_feature=2 1 3 3 0 1 0 13 2 2 8 0 5 9 13 13 2 13 1 15 13 15 9 9 11 10 9 6 11 2
split_gain=13.3537 13.0539 8.80286 7.4578 7.34789 6.48762 6.14708 4.76006 4.59793 4.36613 5.28077 4.30831 4.04136 3.85771 3.71474 5.17261 3.02679 3.26099 2.9742 2.92681 2.66895 2.47539 2.40585 3.91947 3.72956 3.86852 3.34395 3.56852 3.32185 2.24242
threshold=36.500000000000007 5.5000000000000009 3.5000000000000004 16.500000000000004 18.500000000000004 1.5000000000000002 20.500000000000004 11.500000000000002 43.500000000000007 24.500000000000004 41.500000000000007 23.500000000000004 1.5000000000000002 4.5000000000000009 4.5000000000000009 15.500000000000002 17.500000000000004 5.5000000000000009 13.500000000000002 4.5000000000000009 5.5000000000000009 9.5000000000000018 18.500000000000004 23.500000000000004 3.5000000000000004 3.5000000000000004 11.500000000000002 2.5000000000000004 2.5000000000000004 11.500000000000002
decision_type=2 2 2 2 2 2 2 2 2 2 2 2 2 2 2 2 2 2 2 2 2 2 2 2 2 2 2 2 2 2
left_child=1 2 5 9 -4 14 21 18 -9 10 11 -3 -11 -6 -1 -16 -15 -18 20 -7 -8 -2 24 -24 25 -14 27 -26 -25 -13
right_child=6 3 4 -5 13 19 7 8 -10 12 -12 29 22 16 15 -17 17 -19 -20 -21 -22 -23 23 28 26 -27 -28 -29 -30 -31
leaf_value=0.025712709264321759 -0.01425919032096863 0.01237308846320957 -0.054113440621982922 -0.034109658854348322 -0.048380952844252957 0.040008143886275917 -0.031334999755576805 -0.007539721618999135 -0.052772128738855062 -0.031505073181220464 -0.027739664264347243 0.052121254305044808 0.016569753596276948 0.020375653649821426 -0.032455068512966756 0.020797723035017649 -0.0038854563778096978 -0.023862242240172166 0.028424417972564699 0.011057993584665761 0.010510595866612026 -0.051058458668344166 0.046992435809728263 -0.02052792619775843 -0.025555254625422616 -0.018094130754470826 -0.050354788842655367 0.029750560820102689 0.025873030059867436 0.026563722640275955
leaf_weight=22 25 256 44 35 26 46 27 55 38 28 23 42 165 33 76 24 220 130 36 145 35 68 37 27 28 40 21 20 36 188
leaf_count=22 25 256 44 35 26 46 27 55 38 28 23 42 165 33 76 24 220 130 36 145 35 68 37 27 28 40 21 20 36 188
internal_value=0 0.00333141 -0.00637254 0.0111889 -0.0152834 0.00652404 -0.0200823 -0.00981634 -0.0260218 0.0129293 0.0190817 0.0212975 0.00513933 -0.0111061 -0.0114898 -0.0196744 -0.00857571 -0.0113054 0.00556229 0.0180303 -0.00771249 -0.0411662 0.00788276 0.021159 0.00303744 0.00980607 -0.0170723 -0.00251116 0.00598691 0.0312308
internal_weight=0 1712 766 946 453 313 284 191 93 911 509 486 402 409 122 100 383 350 98 191 62 93 374 100 274 205 69 48 63 230
internal_count=1996 1712 766 946 453 313 284 191 93 911 509 486 402 409 122 100 383 350 98 191 62 93 374 100 274 205 69 48 63 230
shrinkage=0.1


Tree=7
num_leaves=31
num_cat=0
split_feature=2 1 3 0 3 11 13 3 1 15 3 9 0 7 8 4 1 3 15 14 1 2 1 14 14 7 11 13 14 3
split_gain=11.1385 10.749 12.7618 5.5636 6.0878 5.07271 5.22442 4.75732 4.92718 4.25802 4.90772 4.67036 4.53796 4.09826 4.00965 4.00319 3.9493 3.85825 4.44597 5.92156 4.34543 3.79659 3.79213 3.71941 3.57423 3.39682 3.07771 2.82275 2.74428 2.64573
threshold=32.500000000000007 6.5000000000000009 5.5000000000000009 20.500000000000004 12.500000000000002 4.5000000000000009 19.500000000000004 4.5000000000000009 3.5000000000000004 1.5000000000000002 6.5000000000000009 3.5000000000000004 18.500000000000004 31.500000000000004 14.500000000000002 2.5000000000000004 4.5000000000000009 1.0000000180025095e-35 9.5000000000000018 5.5000000000000009 1.0000000180025095e-35 36.500000000000007 14.500000000000002 14.500000000000002 6.5000000000000009 15.500000000000002 3.5000000000000004 4.5000000000000009 8.5000000000000018 8.5000000000000018
decision_type=2 2 2 2 2 2 2 2 2 2 2 2 2 2 2 2 2 2 2 2 2 2 2 2 2 2 2 2 2 2
left_child=1 2 7 13 5 6 29 8 17 -3 11 -11 14 15 -12 -2 -9 18 19 -1 -21 -17 24 -4 -14 -8 28 -18 -24 -5
right_child=3 9 23 4 -6 -7 25 16 -10 10 12 -13 22 -15 -16 21 27 -19 -20 20 -22 -23 26 -25 -26 -27 -28 -29 -30 -31
leaf_value=0.050326659643288821 -0.040344377990924954 0.04995758009367976 -0.047474806746350059 0.0072776421587517921 -0.054435810446739202 -0.043538769391866836 -0.043607856649341005 -0.04773591886395994 0.019916131648611515 -0.014216120243072512 0.00096167994268012776 0.019561912971353429 -0.046124473214149475 -0.072717634141445164 -0.048717882856726652 0.030941015481948855 0.030601074865886143 -0.029394729885944101 -0.026206618547439577 -0.021073218328612194 0.031584174871444708 -0.023967412990682266 0.010752598678364474 -0.0038702820356075578 0.0040407250730358831 0.0037471066628183636 -0.0069402140378952027 -0.0073029659810613413 0.050107884245949821 0.043855716352877411
leaf_weight=33 66 29 79 141 24 26 33 23 188 45 33 453 20 20 32 20 21 43 34 42 25 34 34 26 49 28 30 305 37 23
leaf_count=33 66 29 79 141 24 26 33 23 188 45 33 453 20 20 32 20 21 43 34 42 25 34 34 26 49 28 30 305 37 23
internal_value=0 0.00382728 -0.00412613 -0.0145806 -0.0063192 -0.0017184 0.00311417 0.000660833 0.00864258 0.0123756 0.0108888 0.0165097 -0.0010228 -0.0308082 -0.023496 -0.0238233 -0.00768684 -0.00333158 0.00503197 0.0156531 -0.00142494 -0.00363096 0.00756988 -0.0366775 -0.0104999 -0.0218712 0.0199146 -0.00486129 0.0312617 0.0124075
internal_weight=0 1581 819 415 275 251 225 714 365 762 733 498 235 140 65 120 349 177 134 100 67 54 170 105 69 61 101 326 71 164
internal_count=1996 1581 819 415 275 251 225 714 365 762 733 498 235 140 65 120 349 177 134 100 67 54 170 105 69 61 101 326 71 164
shrinkage=0.1


Tree=8
num_leaves=31
num_cat=0
split_feature=1 3 9 3 0 11 14 7 2 8 2 9 10 15 1 3 1 14 2 11 0 2 14 8 8 6 13 8 8 2
split_gain=9.2683 10.8415 8.41692 8.33072 6.93381 6.1951 6.02061 5.64835 5.14465 4.02304 3.98631 6.67751 3.72131 3.47738 3.41469 5.27986 3.48535 3.90083 3.20174 3.1274 3.01523 2.84277 4.04816 2.75872 2.70032 2.58214 4.34899 4.03825 3.74473 3.29448
threshold=4.5000000000000009 3.5000000000000004 3.5000000000000004 1.0000000180025095e-35 20.500000000000004 4.5000000000000009 14.500000000000002 31.500000000000004 31.500000000000004 44.500000000000007 33.500000000000007 11.500000000000002 1.0000000180025095e-35 9.5000000000000018 13.500000000000002 7.5000000000000009 11.500000000000002 3.5000000000000004 24.500000000000004 2.5000000000000004 15.500000000000002 14.500000000000002 14.500000000000002 14.500000000000002 12.500000000000002 2.5000000000000004 12.500000000000002 5.5000000000000009 14.500000000000002 27.500000000000004
decision_type=2 2 2 2 2 2 2 2 2 2 2 2 2 2 2 2 2 2 2 2 2 2 2 2 2 2 2 2 2 2
left_child=3 5 13 -1 7 9 -5 21 -8 12 14 24 -2 -3 15 16 17 -6 20 -17 23 -4 -23 -14 -12 26 -20 -27 -28 -29
right_child=1 2 4 6 10 -7 8 -9 -10 -11 11 -13 18 -15 -16 19 -18 -19 25 -21 -22 22 -24 -25 -26 27 28 29 -30 -31
leaf_value=4.4276674991936857e-05 0.054711873553417348 -0.070190190076828016 0.027882516124974128 -0.04101931535280668 -0.010543659558663002 -0.023202524440629143 0.030588362308648916 -0.058218400857665324 -0.034338636761126314 -0.020348564003195083 0.046941169102986652 -0.030584562430947516 0.021234004353654797 -0.01424695819616318 0.024589584181385658 -0.044606668579167341 -0.022857523113489153 0.03440553176403046 -0.022217340898095517 0.0067948099970817563 0.028914627885179862 -0.0054083356906861656 -0.038583929836750033 -0.027042715400457384 -0.0037711251349676223 -0.024494651556015018 0.048737980560822923 -0.0089029888312021892 -0.010298948344730196 0.032653544026036423
leaf_weight=197 27 25 23 130 26 42 26 22 23 28 21 59 29 20 155 29 20 75 57 20 224 457 40 20 21 20 22 24 21 93
leaf_count=197 27 25 23 130 26 42 26 22 23 28 21 59 29 20 155 29 20 75 57 20 224 457 40 20 21 20 22 24 21 93
internal_value=0 0.00328289 -0.00304962 -0.0141444 -0.00108427 0.013851 -0.0297598 -0.00858759 0.000112424 0.0166054 0.00846221 -0.00889028 0.0185322 -0.0453265 0.0138548 0.00406725 0.0152821 0.0228345 0.0166168 -0.0236265 0.0239993 -0.00648782 -0.0080784 0.00152922 0.021585 0.00811301 -0.00410431 0.0170308 0.019906 0.0241291
internal_weight=0 1620 1013 376 968 607 179 542 49 565 426 101 537 45 325 170 121 101 510 49 273 520 497 49 42 237 100 137 43 117
internal_count=1996 1620 1013 376 968 607 179 542 49 565 426 101 537 45 325 170 121 101 510 49 273 520 497 49 42 237 100 137 43 117
shrinkage=0.1


Tree=9
num_leaves=31
num_cat=0
split_feature=2 0 0 3 1 1 15 9 13 11 9 8 3 15 13 9 3 2 10 14 1 1 0 8 13 10 11 1 0 13
split_gain=7.94826 7.96618 7.00592 5.6701 5.27838 4.91994 4.50571 4.14801 3.96111 5.0959 4.27826 4.02708 3.75418 3.69911 6.98609 4.20941 3.71495 3.2923 3.14274 3.03417 2.92788 2.85782 5.25427 4.7959 4.04194 2.94489 2.80274 2.68307 2.6298 2.37582
threshold=34.500000000000007 27.500000000000004 41.500000000000007 6.5000000000000009 5.5000000000000009 9.5000000000000018 8.5000000000000018 5.5000000000000009 19.500000000000004 4.5000000000000009 5.5000000000000009 9.5000000000000018 3.5000000000000004 10.500000000000002 10.500000000000002 9.5000000000000018 10.500000000000002 29.500000000000004 3.5000000000000004 10.500000000000002 11.500000000000002 1.0000000180025095e-35 21.500000000000004 9.5000000000000018 9.5000000000000018 2.5000000000000004 3.5000000000000004 19.500000000000004 24.500000000000004 13.500000000000002
decision_type=2 2 2 2 2 2 2 2 2 2 2 2 2 2 2 2 2 2 2 2 2 2 2 2 2 2 2 2 2 2
left_child=1 3 8 4 21 -5 18 19 9 10 -2 -12 28 15 -15 -7 -17 26 -3 -8 -14 22 24 -23 -1 -25 27 29 -13 -9
right_child=2 6 -4 5 -6 13 7 17 -10 -11 11 12 20 14 -16 16 -18 -19 -20 -21 -22 23 -24 25 -26 -27 -28 -29 -30 -31
leaf_value=-0.02292648942574211 -0.033411845990589689 0.038476115809037141 0.037327016115188599 -0.034286935820299035 0.011048770573273924 -0.021089808940887453 -0.049503582119941714 0.006594975246116519 -0.034659679979085922 -0.051263196159292146 -0.01776163402150889 0.011222368478775025 -0.026443827593768083 0.0052078167366427048 -0.058977095782756811 0.057220196599761644 0.00097884432129237962 -0.013205573879755461 0.0017369582255681356 0.0055797179043293003 0.021048791885375978 -0.0053870381154481652 -0.054011572400728861 0.0099291048762274962 0.024743772375172585 0.051132511279799724 -0.0020370808687615902 0.04881076185326827 0.058541916310787201 0.041519606219870706
leaf_weight=46 42 104 25 85 407 25 20 64 96 27 61 23 27 43 28 24 23 39 30 20 25 412 30 82 29 22 47 38 24 28
leaf_count=46 42 104 25 85 407 25 20 64 96 27 61 23 27 43 28 24 23 39 30 20 25 412 30 82 29 22 47 38 24 28
internal_value=0 0.00290988 -0.0136847 -0.000966691 0.00219756 -0.0152336 0.0153944 0.00761796 -0.0176087 -0.0104607 -0.00500693 0.00244936 0.0149026 -0.00390818 -0.0201045 0.0120632 0.0296978 0.0130957 0.0302509 -0.0219619 -0.00361084 -0.00360347 -0.0186419 -0.000543329 -0.00449399 0.0186452 0.0188909 0.0264572 0.0353855 0.0172242
internal_weight=0 1646 350 1256 1028 228 390 256 325 229 202 160 99 143 71 72 47 216 134 40 52 621 105 516 75 104 177 130 47 92
internal_count=1996 1646 350 1256 1028 228 390 256 325 229 202 160 99 143 71 72 47 216 134 40 52 621 105 516 75 104 177 130 47 92
shrinkage=0.1


Tree=10
num_leaves=31
num_cat=0
split_feature=1 3 9 3 15 3 14 0 11 2 13 8 2 1 11 9 4 1 15 10 1 14 9 15 9 2 1 15 14 13
split_gain=6.57364 7.63225 6.42502 6.27808 5.37131 5.5412 4.95994 4.90879 4.40997 3.87136 3.47109 3.16333 2.9834 4.09951 4.2994 4.6324 3.13007 3.03786 2.89386 2.70514 2.52108 4.08148 3.34003 2.87986 3.54775 2.76778 2.55734 2.43353 3.34464 2.5215
threshold=4.5000000000000009 3.5000000000000004 3.5000000000000004 1.0000000180025095e-35 1.5000000000000002 18.500000000000004 14.500000000000002 20.500000000000004 4.5000000000000009 31.500000000000004 58.500000000000007 44.500000000000007 20.500000000000004 8.5000000000000018 3.5000000000000004 7.5000000000000009 2.5000000000000004 10.500000000000002 9.5000000000000018 1.0000000180025095e-35 13.500000000000002 3.5000000000000004 11.500000000000002 10.500000000000002 11.500000000000002 21.500000000000004 20.500000000000004 13.500000000000002 5.5000000000000009 3.5000000000000004
decision_type=2 2 2 2 2 2 2 2 2 2 2 2 2 2 2 2 2 2 2 2 2 2 2 2 2 2 2 2 2 2
left_child=3 8 18 27 -4 7 -5 12 10 -8 11 19 17 -14 15 -15 -17 -6 -3 -2 21 -9 25 -22 26 -23 -25 28 -1 -30
right_child=1 2 4 6 5 -7 9 20 -10 -11 -12 -13 13 14 -16 16 -18 -19 -20 -21 23 22 -24 24 -26 -27 -28 -29 29 -31
leaf_value=0.025612665414810182 0.047914189321023454 -0.062167474508285525 0.046916564262431598 -0.035687576532363895 -0.0048217006687876554 -0.042249066992239522 0.028082553239969107 -0.027354269388110138 -0.019630617754799979 -0.028239620250204336 -0.026960121393203737 -0.020039404183626177 -0.040227345174009152 -0.037075314351490571 -0.041846383500982215 -0.003031363089879354 0.040704439083735153 0.025463240613808502 -0.011133397817611695 0.015407823852681921 0.034836419318851668 0.0055127209424972535 -0.009635806595906616 0.044932721642886891 -0.0046748528059791118 0.042178114737783164 0.0011767487634312024 -0.023506445884704592 -0.036747522205114368 0.0026298901472968615
leaf_weight=55 27 25 23 130 316 33 26 43 42 23 20 24 55 21 27 36 30 37 20 494 57 50 64 34 85 35 22 35 20 87
leaf_count=55 27 25 23 130 316 33 26 43 42 23 20 24 55 21 27 36 30 37 20 494 57 50 64 34 85 35 22 35 20 87
internal_value=0 0.00276477 -0.00254846 -0.011912 -0.000831333 -0.00199345 -0.0254679 -0.000536833 0.0116318 0.00164561 0.0139558 0.0154573 -0.00687826 -0.0178043 -0.00698623 0.00383244 0.0168485 -0.00164736 -0.0394857 0.0170924 0.00795092 -0.000213829 0.00761865 0.0158683 0.00820027 0.0206102 0.0277429 0.000405183 0.00557128 -0.00473037
internal_weight=0 1620 1013 376 968 945 179 912 607 49 565 545 522 169 114 87 66 353 45 521 390 192 149 198 141 85 56 197 162 107
internal_count=1996 1620 1013 376 968 945 179 912 607 49 565 545 522 169 114 87 66 353 45 521 390 192 149 198 141 85 56 197 162 107
shrinkage=0.1


Tree=11
num_leaves=31
num_cat=0
split_feature=2 0 3 1 0 4 0 13 9 3 8 1 13 7 13 7 9 15 1 9 8 6 2 5 1 8 15 9 1 15
split_gain=5.96673 6.34777 4.30585 3.53472 4.36769 3.94252 3.48116 3.39648 3.73499 4.10972 3.2702 3.10489 2.98298 2.87377 3.1606 2.71453 3.22676 3.08878 5.00395 2.79203 2.68469 4.93227 2.72386 2.64747 3.07882 2.85899 2.546 2.49686 2.52755 2.50044
threshold=33.500000000000007 27.500000000000004 6.5000000000000009 1.0000000180025095e-35 21.500000000000004 2.5000000000000004 41.500000000000007 20.500000000000004 5.5000000000000009 13.500000000000002 5.5000000000000009 9.5000000000000018 11.500000000000002 10.500000000000002 29.500000000000004 6.5000000000000009 3.5000000000000004 12.500000000000002 11.500000000000002 9.5000000000000018 14.500000000000002 2.5000000000000004 25.500000000000004 2.5000000000000004 6.5000000000000009 7.5000000000000009 8.5000000000000018 11.500000000000002 4.5000000000000009 8.5000000000000018
decision_type=2 2 2 2 2 2 2 2 2 2 2 2 2 2 2 2 2 2 2 2 2 2 2 2 2 2 2 2 2 2
left_child=1 2 3 4 12 10 7 8 -2 27 26 -4 -1 -9 -15 -3 -17 -18 19 -19 22 -22 -13 24 -12 -25 -5 28 -10 -29
right_child=6 15 11 5 -6 -7 -8 13 9 -11 23 20 -14 14 -16 16 17 18 -20 -21 21 -23 -24 25 -26 -27 -28 29 -30 -31
leaf_value=-0.014704154211061974 -0.032824563736818274 0.036216618306934838 -0.028611311245532262 -0.0026597223244607449 -0.047719489932060245 0.014835303837870373 0.023354674710167778 -0.057671694071204573 -0.013491277938539332 -0.041108088443676638 -0.0050908576918510815 0.02322164019371601 0.03050529554486275 -0.044111785292625431 -0.0005196730295817058 -0.026234051585197451 0.023228768786047675 0.0062318918250855952 0.016389758207581259 -0.040993062142402899 0.011132172601563592 -0.045930548599272064 -0.016178241904292786 0.047705954597109843 0.018429768543977005 0.008062022902509746 -0.043568825824507357 0.015504293702542783 0.025961966812610628 -0.018238746779305596
leaf_weight=54 49 48 84 32 30 243 27 27 22 24 387 47 20 29 39 22 157 21 99 31 28 33 28 21 65 136 29 32 62 70
leaf_count=54 49 48 84 32 30 243 27 27 22 24 387 47 20 29 39 22 157 21 99 31 28 33 28 21 65 136 29 32 62 70
internal_value=0 0.00265561 -0.000810048 0.00193402 -0.0155337 0.00392377 -0.0112567 -0.0138966 -0.00796424 -0.0021635 -3.36923e-05 -0.0134951 -0.00248538 -0.0300699 -0.0191104 0.0139969 0.010765 0.0134078 0.0031965 -0.0219214 -0.00415868 -0.0197378 0.00851235 0.00217739 -0.00170847 0.0133647 -0.0221083 0.00286161 0.015629 -0.00765269
internal_weight=0 1615 1237 1017 104 913 381 354 259 210 670 220 74 95 68 378 330 308 151 52 136 61 75 609 452 157 61 186 84 102
internal_count=1996 1615 1237 1017 104 913 381 354 259 210 670 220 74 95 68 378 330 308 151 52 136 61 75 609 452 157 61 186 84 102
shrinkage=0.1


Tree=12
num_leaves=31
num_cat=0
split_feature=2 0 3 0 8 11 15 13 9 15 15 10 7 15 10 15 4 6 7 4 9 1 13 15 15 3 1 8 6 11
split_gain=4.87989 4.45222 3.55143 3.30511 2.9142 2.88548 4.3596 2.82483 2.81885 3.82433 3.51815 3.07718 4.82479 2.77894 2.99545 2.5998 2.9382 3.33905 4.51457 3.91128 3.17733 2.47105 4.16393 2.6851 2.53607 2.4951 2.46498 2.56195 4.51934 2.41914
threshold=32.500000000000007 27.500000000000004 6.5000000000000009 30.500000000000004 9.5000000000000018 3.5000000000000004 11.500000000000002 4.5000000000000009 11.500000000000002 8.5000000000000018 4.5000000000000009 2.5000000000000004 10.500000000000002 31.500000000000004 1.5000000000000002 8.5000000000000018 1.5000000000000002 2.5000000000000004 10.500000000000002 2.5000000000000004 26.500000000000004 4.5000000000000009 12.500000000000002 12.500000000000002 7.5000000000000009 2.5000000000000004 9.5000000000000018 14.500000000000002 2.5000000000000004 2.5000000000000004
decision_type=2 2 2 2 2 2 2 2 2 2 2 2 2 2 2 2 2 2 2 2 2 2 2 2 2 2 2 2 2 2
left_child=1 2 4 -2 7 8 -7 -1 9 10 -6 12 -12 14 -5 -3 -17 18 -18 -19 -21 22 -9 24 -23 -26 -4 -28 -29 -10
right_child=3 15 26 13 5 6 -8 21 29 -11 11 -13 -14 -15 -16 16 17 19 -20 20 -22 23 -24 -25 25 -27 27 28 -30 -31
leaf_value=0.014469430959501931 -0.015847515399966924 0.023994001433733973 -0.025520834290837669 0.038719936432661833 0.019049302125588443 0.0094865889776320697 -0.034531590342521672 -0.036455092496342129 0.01587093538045883 0.02081875282206706 -0.00060512498021125793 0.010483279228210449 -0.063376494884490972 -0.028459043995193813 0.00048603348872240854 0.035435941716035209 0.012748881512218053 -0.0097607342004775999 -0.03453194123247396 0.038318601512072385 -0.0071834882100423178 -0.0012010969434465681 0.016958948969841004 0.026613440314928689 -0.00027646112442016605 -0.042439917754381898 0.0088338095191362737 0.010018955490418844 -0.045405778865660391 0.051426459608539456
leaf_weight=86 280 124 83 27 39 63 35 54 50 112 24 25 25 23 85 30 36 50 46 57 21 350 20 30 25 32 74 28 31 31
leaf_count=86 280 124 83 27 39 63 35 54 50 112 24 25 25 23 85 30 36 50 46 57 21 350 20 30 25 32 74 28 31 31
internal_value=0 0.00253328 -0.000368927 -0.00965087 0.00214045 0.00869947 -0.00623419 -0.00229815 0.0134821 0.00772342 -0.00525602 -0.0180656 -0.0326313 0.00320143 0.00970314 0.0122365 0.00616183 0.00197981 -0.0137745 0.0120724 0.026068 -0.00512009 -0.0220189 -0.00225851 -0.00438667 -0.0239472 -0.011998 -0.003559 -0.0191025 0.0294786
internal_weight=0 1581 1217 415 1001 404 98 597 306 225 113 74 49 135 112 364 240 210 82 128 78 511 74 437 407 57 216 133 59 81
internal_count=1996 1581 1217 415 1001 404 98 597 306 225 113 74 49 135 112 364 240 210 82 128 78 511 74 437 407 57 216 133 59 81
shrinkage=0.1


Tree=13
num_leaves=31
num_cat=0
split_feature=11 14 3 1 2 5 0 8 4 13 13 14 14 9 11 10 1 9 3 13 2 0 1 13 7 7 7 0 15 2
split_gain=4.30554 5.01625 4.69352 4.55005 5.1131 5.41346 4.8392 4.74335 4.32089 4.11581 4.04828 4.0142 4.43412 3.78431 3.4624 3.40243 3.88083 3.68745 2.98265 3.71197 3.06453 3.15756 3.43887 2.92756 3.45619 2.86058 2.73488 2.62841 2.50433 2.48344
threshold=1.5000000000000002 10.500000000000002 16.500000000000004 1.0000000180025095e-35 43.500000000000007 2.5000000000000004 10.500000000000002 5.5000000000000009 2.5000000000000004 4.5000000000000009 9.5000000000000018 50.500000000000007 19.500000000000004 8.5000000000000018 4.5000000000000009 3.5000000000000004 16.500000000000004 9.5000000000000018 2.5000000000000004 17.500000000000004 38.500000000000007 35.500000000000007 23.500000000000004 3.5000000000000004 6.5000000000000009 9.5000000000000018 18.500000000000004 27.500000000000004 7.5000000000000009 24.500000000000004
decision_type=2 2 2 2 2 2 2 2 2 2 2 2 2 2 2 2 2 2 2 2 2 2 2 2 2 2 2 2 2 2
left_child=1 -1 3 7 5 18 -7 13 10 -9 -6 12 14 -2 15 28 17 -17 19 25 21 22 23 -20 -25 29 -26 -4 -8 -5
right_child=2 -3 27 4 8 6 11 9 -10 -11 -12 -13 -14 -15 -16 16 -18 -19 20 -21 -22 -23 -24 24 26 -27 -28 -29 -30 -31
leaf_value=0.035513587341164103 -0.015085473230906896 -0.01871757053810617 -0.049026348898487705 0.021522515222250696 0.030959804356098176 -0.034397477656602858 0.026008600271665135 0.016588739128339858 -0.043608633743392099 -0.031491250385586013 -0.028428003067771598 -0.032752421349287034 0.031073822012735071 0.045694517195224764 -0.02669651187383212 -0.054178588092327118 0.024570252115909869 -0.0022131777471966216 0.012146164120539376 0.036070300952384352 -0.039926371574401855 0.028602521440812517 -0.043671882022982056 -0.036668281055785512 -0.0068396320369806182 -0.011691093838762963 0.025381499741758618 -0.0049464037021001188 0.0091149931594177534 -0.010908429189161822
leaf_weight=66 21 23 31 83 22 24 130 21 45 117 24 20 109 20 26 22 26 36 92 38 25 28 23 37 445 87 28 24 270 33
leaf_count=66 21 23 31 83 22 24 130 21 45 117 24 20 109 20 26 22 26 36 92 38 25 28 23 37 445 87 28 24 270 33
internal_value=0 0.0214988 -0.00100335 -0.000148414 0.0014729 0.0027988 0.00968588 -0.0153018 -0.0215774 -0.0241747 -2.51386e-05 0.0113416 0.0127663 0.0145633 0.00885349 0.0107632 -0.00753306 -0.0219242 -0.00216979 0.00738563 -0.00556634 -0.00425087 -0.0057227 -0.00427281 -0.00723467 0.00201609 -0.00493225 -0.0297915 0.0146054 0.0122965
internal_weight=0 89 1907 1852 1673 1582 663 179 91 138 46 639 619 41 510 484 84 58 919 241 678 653 625 602 510 203 473 55 400 116
internal_count=1996 89 1907 1852 1673 1582 663 179 91 138 46 639 619 41 510 484 84 58 919 241 678 653 625 602 510 203 473 55 400 116
shrinkage=0.1


Tree=14
num_leaves=31
num_cat=0
split_feature=13 3 1 15 5 9 15 15 14 9 3 0 1 3 13 10 2 7 0 8 5 7 14 11 0 8 9 11 7 1
split_gain=3.96761 4.19593 6.81119 3.93753 3.99328 4.27137 3.60661 3.53611 3.40821 4.46683 3.13701 2.91487 2.70949 2.49565 3.23234 2.51989 4.2099 4.11926 4.37126 3.09091 2.36822 2.22238 4.24532 3.79982 2.7746 2.34684 2.32719 2.13258 2.05825 2.08514
threshold=55.500000000000007 1.0000000180025095e-35 2.5000000000000004 59.500000000000007 1.5000000000000002 17.500000000000004 11.500000000000002 36.500000000000007 10.500000000000002 34.500000000000007 9.5000000000000018 28.500000000000004 9.5000000000000018 14.500000000000002 27.500000000000004 3.5000000000000004 29.500000000000004 11.500000000000002 15.500000000000002 20.500000000000004 3.5000000000000004 8.5000000000000018 4.5000000000000009 1.5000000000000002 25.500000000000004 5.5000000000000009 5.5000000000000009 3.5000000000000004 27.500000000000004 1.5000000000000002
decision_type=2 2 2 2 2 2 2 2 2 2 2 2 2 2 2 2 2 2 2 2 2 2 2 2 2 2 2 2 2 2
left_child=1 21 10 4 -4 7 12 13 11 -10 -3 -8 -7 14 15 17 -17 18 -6 27 -20 22 -1 -23 28 -24 -26 -19 29 -25
right_child=-2 2 3 -5 5 6 8 -9 9 -11 -12 -13 -14 -15 -16 16 -18 19 20 -21 -22 23 25 24 26 -27 -28 -29 -30 -31
leaf_value=0.039098750568669419 -0.029028376029885335 -0.035492218662710753 -0.023114805835396497 -0.039475854635238651 -0.031883075185444046 0.00083888364689690726 0.0011730486696416682 -0.038797623043258983 0.006566200219094754 -0.053677457123994833 0.00083503488338354862 0.049554098397493362 0.036982490830123428 -0.034846328794956208 0.034944465094142493 -0.0024668569260455197 -0.057245259284973149 0.029915854887864024 -0.001558005992028353 -0.012979354262351989 0.023933758261876228 0.044732199254490082 -0.021527383103966714 -0.028963614864782855 -0.015774654998229103 0.01280095745355655 0.017107672476768494 -0.00059171994527180993 0.019171267002820971 -0.004168782785937593
leaf_weight=58 46 85 67 25 46 28 33 24 32 20 33 20 80 20 27 47 20 97 556 30 39 21 24 44 26 117 125 30 28 148
leaf_count=58 46 85 67 25 46 28 33 24 32 20 33 20 80 20 27 47 20 97 556 30 39 21 24 44 26 117 125 30 28 148
internal_value=0 0.000684772 -0.00237424 -0.000191221 0.00061644 0.00200025 0.0147815 -0.000908298 0.0015844 -0.0166044 -0.0253329 0.01943 0.0276119 8.87895e-05 0.000872088 -0.000191443 -0.0188186 0.00137249 -0.00218324 0.0158898 0.000112883 0.00771894 0.0163255 0.00334977 0.00100737 0.00695784 0.0114458 0.0227093 -0.0061572 -0.00985093
internal_weight=0 1950 1359 1241 1216 1149 213 936 105 52 118 53 108 912 892 865 67 798 641 157 595 591 199 392 371 141 151 127 220 192
internal_count=1996 1950 1359 1241 1216 1149 213 936 105 52 118 53 108 912 892 865 67 798 641 157 595 591 199 392 371 141 151 127 220 192
shrinkage=0.1


Tree=15
num_leaves=31
num_cat=0
split_feature=2 11 13 15 1 3 9 15 0 7 15 14 1 5 11 9 13 3 8 8 8 15 6 9 12 1 9 8 4 1
split_gain=3.54504 3.9995 3.62751 3.93527 3.50594 3.71273 4.27914 4.12674 4.01054 3.64284 5.03125 3.14927 3.07553 4.02147 3.05063 3.02659 2.9371 2.75654 2.64074 2.60783 2.52027 2.41 2.36422 2.33365 2.11322 3.11724 2.09006 3.12264 2.04657 2.09194
threshold=14.500000000000002 1.5000000000000002 55.500000000000007 59.500000000000007 2.5000000000000004 3.5000000000000004 3.5000000000000004 2.5000000000000004 17.500000000000004 17.500000000000004 13.500000000000002 14.500000000000002 4.5000000000000009 1.5000000000000002 4.5000000000000009 7.5000000000000009 3.5000000000000004 12.500000000000002 5.5000000000000009 35.500000000000007 11.500000000000002 2.5000000000000004 2.5000000000000004 10.500000000000002 2.5000000000000004 12.500000000000002 6.5000000000000009 14.500000000000002 1.5000000000000002 14.500000000000002
decision_type=2 2 2 2 2 2 2 2 2 2 2 2 2 2 2 2 2 2 2 2 2 2 2 2 2 2 2 2 2 2
left_child=16 -2 3 4 21 14 -7 -8 11 12 -11 15 -10 -14 18 -9 -1 26 22 23 -16 -3 -6 -20 25 -25 27 -15 -18 -30
right_child=1 2 -4 -5 5 6 7 8 9 10 -12 -13 13 17 20 -17 28 -19 19 -21 -22 -23 -24 24 -26 -27 -28 -29 29 -31
leaf_value=0.035523553920346639 0.023084978945553305 0.0074523548747217937 -0.035209731802795873 -0.045825749859213831 0.012000872088330132 -0.034191383456074913 0.031764435086931504 -0.040841463781320135 -0.039464443380182443 0.051088489928553187 -0.0063577445348103855 -0.05295320091148218 -0.043453169681809171 0.037975877937343389 -0.043336084910801487 -0.00028923423517318 0.035524710303261167 -0.025001431601803476 0.0088678794992821559 -0.016518571476141612 0.0050964095375754621 -0.019231647140574907 -0.0267430663936668 0.031188184742269844 0.035342873123627681 -0.018109187095061593 -0.00017656085009758291 -0.0098444537682966758 -0.0046856491294290335 0.022467473580649027
leaf_weight=43 64 43 33 20 28 43 35 26 22 31 30 24 22 36 21 63 21 41 280 30 22 159 36 29 79 23 520 22 112 38
leaf_count=43 64 43 33 20 28 43 35 26 22 31 30 24 22 36 21 63 21 41 280 30 22 159 36 29 79 23 520 22 112 38
internal_value=0 -0.00146044 -0.00237482 -0.00173176 -0.00120211 0.000502991 -0.00339557 -0.00187697 -0.00328372 -0.000549024 0.0228362 -0.0208051 -0.00270061 -0.00143882 0.00701244 -0.012136 0.0121612 5.44156e-05 0.00918962 0.0119444 -0.0185567 -0.0135514 -0.00979259 0.014022 0.0250384 0.00938358 0.00183173 0.0198371 0.00628649 0.00219314
internal_weight=0 1782 1718 1685 1665 1463 915 872 837 724 61 113 663 641 548 89 214 619 505 441 43 202 64 411 131 52 578 58 171 150
internal_count=1996 1782 1718 1685 1665 1463 915 872 837 724 61 113 663 641 548 89 214 619 505 441 43 202 64 411 131 52 578 58 171 150
shrinkage=0.1


Tree=16
num_leaves=31
num_cat=0
split_feature=8 2 13 11 8 2 9 11 14 13 13 0 6 1 1 15 13 13 7 15 15 1 13 3 1 4 5 13 3 8
split_gain=3.12836 2.81468 3.50737 3.58107 2.76412 3.05118 3.06232 5.5329 3.76623 2.93686 3.48746 3.77385 2.71293 3.66705 4.89785 3.52868 2.60209 4.55482 4.70329 3.11627 2.55036 4.49513 2.30969 2.2372 2.14714 2.09657 2.06056 2.99877 2.55591 2.55451
threshold=66.500000000000014 14.500000000000002 58.500000000000007 1.5000000000000002 9.5000000000000018 31.500000000000004 6.5000000000000009 2.5000000000000004 21.500000000000004 4.5000000000000009 7.5000000000000009 24.500000000000004 4.5000000000000009 13.500000000000002 12.500000000000002 20.500000000000004 1.5000000000000002 4.5000000000000009 10.500000000000002 8.5000000000000018 19.500000000000004 15.500000000000002 3.5000000000000004 9.5000000000000018 4.5000000000000009 1.5000000000000002 2.5000000000000004 12.500000000000002 7.5000000000000009 16.500000000000004
decision_type=2 2 2 2 2 2 2 2 2 2 2 2 2 2 2 2 2 2 2 2 2 2 2 2 2 2 2 2 2 2
left_child=1 22 3 -3 12 20 7 -7 9 -8 -11 -12 13 14 16 23 -5 18 -18 -19 26 -22 -1 -15 -21 -24 27 28 29 -6
right_child=-2 2 -4 4 5 6 8 -9 -10 10 11 -13 -14 15 -16 -17 17 19 -20 24 21 -23 25 -25 -26 -27 -28 -29 -30 -31
leaf_value=0.031971198666927429 -0.038393011405354456 0.023471911129404291 -0.035393906667314727 -0.029040349985277932 -0.0036271451593755371 0.018127229291459789 -0.034010336101055146 -0.040776305244519168 0.028855733229563786 0.036960119550878349 -0.02423630447259971 0.014899292385036296 -0.032725273204200406 0.030341068308957865 -0.052108988425006046 -0.016705143451690673 0.033268212160821688 -0.0029146485707976602 -0.020907692204822192 -0.042666237011100311 -0.030479122802268627 0.019956524819135665 0.036442048698663708 -0.0039453596449815316 -0.012890421983959911 0.0019738276600837711 0.016517185332321448 0.024955404058415842 -0.025648052431643011 0.034344661913134837
leaf_weight=43 21 61 29 43 91 23 30 52 39 22 56 44 34 71 23 33 59 451 22 33 43 30 20 26 91 150 247 47 40 22
leaf_count=43 21 61 29 43 91 23 30 52 39 22 56 44 34 71 23 33 59 451 22 33 43 30 20 26 91 150 247 47 40 22
internal_value=0 0.000408229 -0.000904327 -0.000327178 -0.00119545 0.00312139 -0.00558992 -0.0227126 0.00113362 -0.00597929 0.000913594 -0.00701664 -0.00502506 -0.00391965 -0.00670347 0.0115413 -0.00520944 -0.00364736 0.0185538 -0.00677482 0.00757756 -0.00975214 0.0112661 0.0211509 -0.0208146 0.00602891 0.0104077 0.00286247 -0.00392425 0.0037656
internal_weight=0 1975 1762 1733 1672 786 266 75 191 152 122 100 886 852 722 130 699 656 81 575 520 73 213 97 124 170 447 200 153 113
internal_count=1996 1975 1762 1733 1672 786 266 75 191 152 122 100 886 852 722 130 699 656 81 575 520 73 213 97 124 170 447 200 153 113
shrinkage=0.1


end of trees

feature_importances:
Column_1=69
Column_3=58
Column_15=54
Column_13=52
Column_2=45
Column_0=44
Column_9=44
Column_8=31
Column_11=30
Column_14=26
Column_7=18
Column_4=11
Column_10=10
Column_5=9
Column_6=8
Column_12=1

parameters:
[boosting: gbdt]
[objective: regression]
[metric: l2]
[tree_learner: serial]
[device_type: cpu]
[data: ]
[valid: ]
[num_iterations: 10000]
[learning_rate: 0.1]
[num_leaves: 31]
[num_threads: 0]
[deterministic: 0]
[force_col_wise: 0]
[force_row_wise: 0]
[histogram_pool_size: -1]
[max_depth: -1]
[min_data_in_leaf: 20]
[min_sum_hessian_in_leaf: 0.001]
[bagging_fraction: 1]
[pos_bagging_fraction: 1]
[neg_bagging_fraction: 1]
[bagging_freq: 0]
[bagging_seed: 3]
[feature_fraction: 1]
[feature_fraction_bynode: 1]
[feature_fraction_seed: 2]
[extra_trees: 0]
[extra_seed: 6]
[early_stopping_round: 10]
[first_metric_only: 0]
[max_delta_step: 0]
[lambda_l1: 0]
[lambda_l2: 0]
[min_gain_to_split: 0]
[drop_rate: 0.1]
[max_drop: 50]
[skip_drop: 0.5]
[xgboost_dart_mode: 0]
[uniform_drop: 0]
[drop_seed: 4]
[top_rate: 0.2]
[other_rate: 0.1]
[min_data_per_group: 100]
[max_cat_threshold: 32]
[cat_l2: 10]
[cat_smooth: 10]
[max_cat_to_onehot: 4]
[top_k: 20]
[monotone_constraints: ]
[monotone_constraints_method: basic]
[monotone_penalty: 0]
[feature_contri: ]
[forcedsplits_filename: ]
[refit_decay_rate: 0.9]
[cegb_tradeoff: 1]
[cegb_penalty_split: 0]
[cegb_penalty_feature_lazy: ]
[cegb_penalty_feature_coupled: ]
[path_smooth: 0]
[interaction_constraints: ]
[verbosity: 1]
[saved_feature_importance_type: 0]
[max_bin: 255]
[max_bin_by_feature: ]
[min_data_in_bin: 3]
[bin_construct_sample_cnt: 200000]
[data_random_seed: 1]
[is_enable_sparse: 1]
[enable_bundle: 1]
[use_missing: 1]
[zero_as_missing: 0]
[feature_pre_filter: 1]
[pre_partition: 0]
[two_round: 0]
[header: 0]
[label_column: ]
[weight_column: ]
[group_column: ]
[ignore_column: ]
[categorical_feature: ]
[forcedbins_filename: ]
[objective_seed: 5]
[num_class: 1]
[is_unbalance: 0]
[scale_pos_weight: 1]
[sigmoid: 1]
[boost_from_average: 1]
[reg_sqrt: 0]
[alpha: 0.9]
[fair_c: 1]
[poisson_max_delta_step: 0.7]
[tweedie_variance_power: 1.5]
[lambdarank_truncation_level: 30]
[lambdarank_norm: 1]
[label_gain: ]
[eval_at: ]
[multi_error_top_k: 1]
[auc_mu_weights: ]
[num_machines: 1]
[local_listen_port: 12400]
[time_out: 120]
[machine_list_filename: ]
[machines: ]
[gpu_platform_id: -1]
[gpu_device_id: -1]
[gpu_use_dp: 0]
[num_gpu: 1]

end of parameters

pandas_categorical:null
