tree
version=v3
num_class=1
num_tree_per_iteration=1
label_index=0
max_feature_idx=15
objective=regression
feature_names=Column_0 Column_1 Column_2 Column_3 Column_4 Column_5 Column_6 Column_7 Column_8 Column_9 Column_10 Column_11 Column_12 Column_13 Column_14 Column_15
feature_infos=[1:49] [0:43] [1:49] [0:51] [0:7] [0:7] [0:6] [0:137] [0:164] [0:127] [0:8] [0:6] [0:7] [0:104] [0:90] [0:116]
tree_sizes=1106 1120 1038 1118 957 1200 1028 1034 1127

Tree=0
num_leaves=12
num_cat=0
split_feature=2 0 3 0 3 7 7 14 7 7 0
split_gain=15.4679 12.1305 5.9519 4.23582 3.83068 2.77057 2.34395 2.07361 2.02348 1.69515 1.54917
threshold=34.500000000000007 26.500000000000004 1.0000000180025095e-35 19.500000000000004 11.500000000000002 11.500000000000002 6.5000000000000009 14.500000000000002 8.5000000000000018 7.5000000000000009 25.500000000000004
decision_type=2 2 2 2 2 2 2 2 2 2 2
left_child=1 2 -1 5 9 6 -4 10 -3 -5 -2
right_child=7 8 3 4 -6 -7 -8 -9 -10 -11 -12
leaf_value=-0.1486529675248551 -0.23744084102056393 -0.16024716973233749 -0.20948629723223922 -0.18398629875215766 -0.21912915380033729 -0.18834993485570101 -0.25416020761294478 -0.25506321759256601 -0.12136130248489853 -0.14744084638498195 -0.19898629785808797
leaf_weight=27 22 23 24 30 21 22 23 26 32 22 20
leaf_count=27 22 23 24 30 21 22 23 26 32 22 20
internal_value=-0.191096 -0.178415 -0.19169 -0.199874 -0.183082 -0.217638 -0.231348 -0.232869 -0.137623 -0.168525 -0.219129
internal_weight=0 224 169 142 73 69 47 68 55 52 42
internal_count=292 224 169 142 73 69 47 68 55 52 42
shrinkage=1


Tree=1
num_leaves=12
num_cat=0
split_feature=2 0 3 0 2 7 7 14 7 13 0
split_gain=12.529 9.8257 4.82104 3.43102 3.56062 2.24416 1.8986 1.67962 1.63902 1.25683 1.25483
threshold=34.500000000000007 26.500000000000004 1.0000000180025095e-35 19.500000000000004 20.500000000000004 11.500000000000002 6.5000000000000009 14.500000000000002 8.5000000000000018 6.5000000000000009 25.500000000000004
decision_type=2 2 2 2 2 2 2 2 2 2 2
left_child=1 2 -1 5 9 6 -4 10 -3 -5 -2
right_child=7 8 3 4 -6 -7 -8 -9 -10 -11 -12
leaf_value=0.038198626041412359 -0.041710461269725455 0.027763848201088282 -0.016551370173692705 0.0095462921261787424 -0.017102668502114036 0.0024713602933016691 -0.056757888586624811 -0.057570597529411321 0.062761125527322298 0.044998109042644507 -0.0071013700962066651
leaf_weight=27 22 23 24 20 33 22 23 26 32 20 20
leaf_count=27 22 23 24 20 33 22 23 26 32 20 20
internal_value=0 0.0114129 -0.000535098 -0.00789996 0.00721233 -0.0238883 -0.0362269 -0.0375955 0.0481259 0.0272722 -0.0252299
internal_weight=0 224 169 142 73 69 47 68 55 40 42
internal_count=292 224 169 142 73 69 47 68 55 40 42
shrinkage=0.1


Tree=2
num_leaves=11
num_cat=0
split_feature=2 0 3 9 11 0 0 0 7 0
split_gain=10.1485 7.95882 3.90504 3.15805 4.33698 1.67475 1.61422 1.39309 1.3276 0.962179
threshold=34.500000000000007 26.500000000000004 1.0000000180025095e-35 10.500000000000002 2.5000000000000004 19.500000000000004 19.500000000000004 29.500000000000004 8.5000000000000018 18.500000000000004
decision_type=2 2 2 2 2 2 2 2 2 2
left_child=1 2 -1 4 6 -6 -4 9 -3 -2
right_child=7 8 3 -5 5 -7 -8 -9 -10 -11
leaf_value=0.034378764805970373 -0.027683468840338968 0.02498746384745059 0.0014787358045578005 -0.037201107825551714 -0.03896326262217302 -0.0030707444135959334 0.033766812272369863 -0.011662116646766663 0.056485017389059068 -0.056098656929456273
leaf_weight=27 22 23 30 28 26 26 32 20 32 26
leaf_count=27 22 23 30 28 26 26 32 20 32 26
internal_value=0 0.0102716 -0.000481589 -0.00710997 0.000280841 -0.021017 0.0181435 -0.0338359 0.0433133 -0.043075
internal_weight=0 224 169 142 114 52 62 68 55 48
internal_count=292 224 169 142 114 52 62 68 55 48
shrinkage=0.1


Tree=3
num_leaves=12
num_cat=0
split_feature=2 0 3 13 13 0 2 7 14 7 3
split_gain=8.22025 6.44664 3.25046 3.78289 4.12741 3.44459 1.95939 1.52389 1.38669 1.20943 1.14023
threshold=34.500000000000007 26.500000000000004 11.500000000000002 4.5000000000000009 6.5000000000000009 16.500000000000004 20.500000000000004 9.5000000000000018 14.500000000000002 10.500000000000002 5.5000000000000009
decision_type=2 2 2 2 2 2 2 2 2 2 2
left_child=1 2 3 -1 -5 -6 -7 -4 9 -2 -3
right_child=8 10 7 4 5 6 -8 -9 -10 -11 -12
leaf_value=0.039268612861633301 -0.036186104729062037 0.055346030741930008 -0.04271117557178844 -0.039990107850594953 -0.021212203502655031 0.042580421103371513 0.00331066499153773 -0.0045716631412506111 -0.048602222708555375 -0.0022473028727940151 0.026313037064767654
leaf_weight=29 21 24 22 22 25 27 24 20 26 21 31
leaf_count=29 21 24 22 22 25 27 24 20 26 21 31
internal_value=0 0.00924446 -0.000433429 0.00754197 -0.00184653 0.00919503 0.0241005 -0.0245495 -0.0304523 -0.0192167 0.038982
internal_weight=0 224 169 127 98 76 51 42 68 42 55
internal_count=292 224 169 127 98 76 51 42 68 42 55
shrinkage=0.1


Tree=4
num_leaves=10
num_cat=0
split_feature=2 0 3 9 11 2 0 2 9
split_gain=6.65841 5.22178 2.87687 2.49679 3.43046 1.321 1.29497 1.14484 1.14037
threshold=34.500000000000007 26.500000000000004 1.0000000180025095e-35 10.500000000000002 2.5000000000000004 21.500000000000004 19.500000000000004 24.500000000000004 5.5000000000000009
decision_type=2 2 2 2 2 2 2 2 2
left_child=1 2 -1 4 6 -6 -4 -3 -2
right_child=8 7 3 -5 5 -7 -8 -9 -10
leaf_value=0.02953109211391873 -0.014457165668992437 0.048744677880714682 0.0014527287085851033 -0.032835272593157633 0.0017115214467048646 -0.031049903109669687 0.030372133292257786 0.019846630784181449 -0.040357053981107831
leaf_weight=27 34 29 30 28 20 32 32 26 34
leaf_count=27 34 29 30 28 20 32 32 26 34
internal_value=0 0.00832002 -0.000390086 -0.00607932 0.000492313 -0.0184494 0.0163789 0.0350838 -0.0274071
internal_weight=0 224 169 142 114 52 62 55 68
internal_count=292 224 169 142 114 52 62 55 68
shrinkage=0.1


Tree=5
num_leaves=13
num_cat=0
split_feature=2 3 0 2 9 15 6 7 11 0 0 14
split_gain=5.39331 4.26411 4.25381 2.42979 2.24563 3.57939 2.98283 2.93947 2.51071 1.12271 0.821012 0.0100188
threshold=34.500000000000007 16.500000000000004 26.500000000000004 25.500000000000004 10.500000000000002 11.500000000000002 1.5000000000000002 10.500000000000002 2.5000000000000004 29.500000000000004 18.500000000000004 6.5000000000000009
decision_type=2 2 2 2 2 2 2 2 2 2 2 2
left_child=1 2 4 -4 5 6 -1 8 11 10 -2 -8
right_child=9 -3 3 -5 -6 -7 7 -9 -10 -11 -12 -13
leaf_value=-0.033406310379505158 -0.01874287263913588 -0.036576621532440186 0.058536656544758731 0.013381555676460266 -0.021309773778093274 0.043441741466522216 0.015418588519096374 0.043001080155372622 -0.028222446550022474 -0.0047603780031204232 -0.04499093660941491 0.012253346741199494
leaf_weight=20 22 20 26 22 29 25 20 20 22 20 26 20
leaf_count=20 22 20 26 22 29 25 20 20 22 20 26 20
internal_value=0 0.00748801 0.0118081 0.0378406 0.00379808 0.00953137 0.00122 0.00966544 -0.00108799 -0.0246664 -0.0329606 0.013836
internal_weight=0 224 204 48 156 127 102 82 62 68 48 40
internal_count=292 224 204 48 156 127 102 82 62 68 48 40
shrinkage=0.1


Tree=6
num_leaves=11
num_cat=0
split_feature=3 0 14 4 2 9 2 7 2 8
split_gain=4.67236 4.26627 3.94127 3.7725 8.493 4.20549 3.66341 2.72517 1.35734 0.89441
threshold=6.5000000000000009 22.500000000000004 4.5000000000000009 2.5000000000000004 34.500000000000007 10.500000000000002 27.500000000000004 14.500000000000002 19.500000000000004 14.500000000000002
decision_type=2 2 2 2 2 2 2 2 2 2
left_child=1 2 -1 5 -5 6 9 -3 -4 -2
right_child=3 7 8 4 -6 -7 -8 -9 -10 -11
leaf_value=0.034265399521047422 0.020851159989833834 0.049062142158165956 0.0027641629179318747 0.042921242583543066 -0.029381590178518588 -0.064599958771751051 -0.041774738386825279 0.0036600539088249211 -0.028296645774560814 -0.0090555343031883239
leaf_weight=22 20 39 24 32 33 21 27 20 34 20
leaf_count=22 20 39 24 32 33 21 27 20 34 20
internal_value=0 0.0132713 -0.00177384 -0.012057 0.00621365 -0.0255523 -0.0133135 0.0336716 -0.0154439 0.00589781
internal_weight=0 139 80 153 65 88 67 59 58 40
internal_count=292 139 80 153 65 88 67 59 58 40
shrinkage=0.1


Tree=7
num_leaves=11
num_cat=0
split_feature=3 0 4 2 9 13 0 7 13 8
split_gain=3.78461 3.7186 3.05572 6.87933 3.40645 3.18981 3.15267 2.22405 1.60506 0.334816
threshold=6.5000000000000009 27.500000000000004 2.5000000000000004 34.500000000000007 10.500000000000002 13.500000000000002 20.500000000000004 6.5000000000000009 7.5000000000000009 7.5000000000000009
decision_type=2 2 2 2 2 2 2 2 2 2
left_child=1 7 4 -4 5 6 -2 -1 9 -9
right_child=2 -3 3 -5 -6 -7 -8 8 -10 -11
leaf_value=0.024205162637942548 -0.022974520786242052 0.046042658847111922 0.038629118353128433 -0.026443431594155055 -0.058139962951342265 -0.042161332913067034 0.03056114532730796 -0.0098370693978809196 0.010461747646331787 -0.027694071332613632
leaf_weight=37 22 26 32 33 21 23 22 21 34 21
leaf_count=37 22 26 32 33 21 23 22 21 34 21
internal_value=0 0.0119442 -0.0108513 0.00559229 -0.0229971 -0.0119822 0.00379331 0.00409855 -0.00569019 -0.0187656
internal_weight=0 139 153 65 88 67 44 113 76 42
internal_count=292 139 153 65 88 67 44 113 76 42
shrinkage=0.1


Tree=8
num_leaves=12
num_cat=0
split_feature=15 0 6 3 15 2 3 7 8 1 1
split_gain=3.09 2.48404 3.15049 2.76054 3.85433 2.48072 2.02344 1.58984 1.29153 0.950697 0.776515
threshold=25.500000000000004 32.500000000000007 1.0000000180025095e-35 1.0000000180025095e-35 6.5000000000000009 23.500000000000004 6.5000000000000009 9.5000000000000018 27.500000000000004 2.5000000000000004 5.5000000000000009
decision_type=2 2 2 2 2 2 2 2 2 2 2
left_child=1 2 -1 -4 5 9 10 -8 -2 -5 -6
right_child=8 -3 3 4 6 -7 7 -9 -10 -11 -12
leaf_value=-0.028099410794675352 -0.0082533797732105962 0.031559874018033347 0.033645354708035785 0.01094788554168883 0.016756984023820788 -0.045537768846208401 -0.017463839054107668 0.019395195895975288 -0.040893873572349554 -0.019516206681728362 0.044289263933897018
leaf_weight=32 27 30 30 21 21 22 25 22 22 20 20
leaf_count=32 27 30 30 21 21 22 25 22 22 20 20
internal_value=0 0.00461937 0.000824931 0.00593863 0.000433979 -0.0184484 0.013952 -0.000210674 -0.0229083 -0.00391265 0.0301874
internal_weight=0 243 213 181 151 63 88 47 49 41 41
internal_count=292 243 213 181 151 63 88 47 49 41 41
shrinkage=0.1


end of trees

feature_importances:
Column_0=22
Column_2=16
Column_7=14
Column_3=12
Column_9=6
Column_13=5
Column_14=5
Column_8=3
Column_11=3
Column_15=3
Column_1=2
Column_4=2
Column_6=2

parameters:
[boosting: gbdt]
[objective: regression]
[metric: l2]
[tree_learner: serial]
[device_type: cpu]
[data: ]
[valid: ]
[num_iterations: 10000]
[learning_rate: 0.1]
[num_leaves: 31]
[num_threads: 0]
[deterministic: 0]
[force_col_wise: 0]
[force_row_wise: 0]
[histogram_pool_size: -1]
[max_depth: -1]
[min_data_in_leaf: 20]
[min_sum_hessian_in_leaf: 0.001]
[bagging_fraction: 1]
[pos_bagging_fraction: 1]
[neg_bagging_fraction: 1]
[bagging_freq: 0]
[bagging_seed: 3]
[feature_fraction: 1]
[feature_fraction_bynode: 1]
[feature_fraction_seed: 2]
[extra_trees: 0]
[extra_seed: 6]
[early_stopping_round: 10]
[first_metric_only: 0]
[max_delta_step: 0]
[lambda_l1: 0]
[lambda_l2: 0]
[min_gain_to_split: 0]
[drop_rate: 0.1]
[max_drop: 50]
[skip_drop: 0.5]
[xgboost_dart_mode: 0]
[uniform_drop: 0]
[drop_seed: 4]
[top_rate: 0.2]
[other_rate: 0.1]
[min_data_per_group: 100]
[max_cat_threshold: 32]
[cat_l2: 10]
[cat_smooth: 10]
[max_cat_to_onehot: 4]
[top_k: 20]
[monotone_constraints: ]
[monotone_constraints_method: basic]
[monotone_penalty: 0]
[feature_contri: ]
[forcedsplits_filename: ]
[refit_decay_rate: 0.9]
[cegb_tradeoff: 1]
[cegb_penalty_split: 0]
[cegb_penalty_feature_lazy: ]
[cegb_penalty_feature_coupled: ]
[path_smooth: 0]
[interaction_constraints: ]
[verbosity: 1]
[saved_feature_importance_type: 0]
[max_bin: 255]
[max_bin_by_feature: ]
[min_data_in_bin: 3]
[bin_construct_sample_cnt: 200000]
[data_random_seed: 1]
[is_enable_sparse: 1]
[enable_bundle: 1]
[use_missing: 1]
[zero_as_missing: 0]
[feature_pre_filter: 1]
[pre_partition: 0]
[two_round: 0]
[header: 0]
[label_column: ]
[weight_column: ]
[group_column: ]
[ignore_column: ]
[categorical_feature: ]
[forcedbins_filename: ]
[objective_seed: 5]
[num_class: 1]
[is_unbalance: 0]
[scale_pos_weight: 1]
[sigmoid: 1]
[boost_from_average: 1]
[reg_sqrt: 0]
[alpha: 0.9]
[fair_c: 1]
[poisson_max_delta_step: 0.7]
[tweedie_variance_power: 1.5]
[lambdarank_truncation_level: 30]
[lambdarank_norm: 1]
[label_gain: ]
[eval_at: ]
[multi_error_top_k: 1]
[auc_mu_weights: ]
[num_machines: 1]
[local_listen_port: 12400]
[time_out: 120]
[machine_list_filename: ]
[machines: ]
[gpu_platform_id: -1]
[gpu_device_id: -1]
[gpu_use_dp: 0]
[num_gpu: 1]

end of parameters

pandas_categorical:null
