tree
version=v3
num_class=1
num_tree_per_iteration=1
label_index=0
max_feature_idx=15
objective=regression
feature_names=Column_0 Column_1 Column_2 Column_3 Column_4 Column_5 Column_6 Column_7 Column_8 Column_9 Column_10 Column_11 Column_12 Column_13 Column_14 Column_15
feature_infos=[2:49] [0:57] [1:49] [0:69] [0:7] [0:6] [0:7] [0:185] [0:139] [0:227] [0:9] [0:7] [0:7] [0:162] [0:170] [0:141]
tree_sizes=1523 1859 1542 1540 1529 1704 1612 1533 1715

Tree=0
num_leaves=17
num_cat=0
split_feature=0 8 2 15 10 8 9 8 0 3 0 4 7 14 15 3
split_gain=29.7303 9.61148 8.87402 7.59541 4.35084 5.16868 4.32514 3.9793 3.65929 2.81447 2.72056 2.51738 2.20268 2.05835 2.85794 0.9216
threshold=33.500000000000007 12.500000000000002 36.500000000000007 17.500000000000004 2.5000000000000004 8.5000000000000018 11.500000000000002 7.5000000000000009 22.500000000000004 23.500000000000004 24.500000000000004 3.5000000000000004 21.500000000000004 14.500000000000002 7.5000000000000009 7.5000000000000009
decision_type=2 2 2 2 2 2 2 2 2 2 2 2 2 2 2 2
left_child=1 3 4 6 -2 -6 7 10 13 -7 15 -10 -4 14 -3 -1
right_child=2 8 12 -5 5 9 -8 -9 11 -11 -12 -13 -14 -15 -16 -17
leaf_value=-0.1390646393811108 -0.12326463979966784 -0.15706463884466898 -0.16240256979734952 -0.18923237998760334 -0.12076463986589522 -0.048264641786489343 -0.17540749556121099 -0.099843587788534915 -0.14067843239042482 -0.093047249295807516 -0.16917372949258319 -0.18553736542273122 -0.11926463990563166 -0.21297051977621467 -0.20441848380367128 -0.11026464014405024
leaf_weight=25 36 25 29 31 24 36 21 38 29 23 22 22 20 34 26 20
leaf_count=25 36 25 29 31 24 36 21 38 29 23 22 22 20 34 26 20
internal_value=-0.142516 -0.161746 -0.108979 -0.144889 -0.094231 -0.0816381 -0.133979 -0.125693 -0.181206 -0.0657223 -0.140354 -0.160029 -0.144795 -0.193912 -0.181206 -0.126265
internal_weight=0 293 168 157 119 83 126 105 136 59 67 51 49 85 51 45
internal_count=461 293 168 157 119 83 126 105 136 59 67 51 49 85 51 45
shrinkage=1


Tree=1
num_leaves=21
num_cat=0
split_feature=0 2 2 0 3 8 1 8 15 3 3 2 8 0 1 2 14 10 11 1
split_gain=24.3063 8.5152 8.20287 4.85624 3.31931 4.24659 4.93028 3.14546 3.06598 2.99801 2.92464 3.78105 5.03533 2.44431 2.62057 2.35947 1.86746 1.42551 0.925759 0.320791
threshold=36.500000000000007 36.500000000000007 27.500000000000004 23.500000000000004 2.5000000000000004 8.5000000000000018 4.5000000000000009 8.5000000000000018 31.500000000000004 16.500000000000004 11.500000000000002 43.500000000000007 8.5000000000000018 20.500000000000004 9.5000000000000018 43.500000000000007 9.5000000000000018 3.5000000000000004 2.5000000000000004 5.5000000000000009
decision_type=2 2 2 2 2 2 2 2 2 2 2 2 2 2 2 2 2 2 2 2
left_child=2 7 3 4 -1 6 -6 -2 17 16 19 12 -12 -14 -15 -3 -5 -9 -7 -4
right_child=1 15 10 9 5 18 -8 8 -10 -11 11 -13 13 14 -16 -17 -18 -19 -20 -21
leaf_value=0.021283997459845109 0.024134795069694522 -0.022877415269613267 -0.046336275041103367 0.027218825760341826 -0.033762224515279132 -0.05781527498494024 0.034761555138088408 0.060645934032357268 0.032501364025202671 0.052408178079695937 0.027730685188656762 -0.063112061917781834 -0.054798642967058268 -0.039222315166677749 0.010735435429073516 0.022461257739500567 -0.014953825871149698 0.096251362020319156 -0.028774935858590263 -0.064032402492704851
leaf_weight=22 30 24 20 21 21 23 21 23 22 21 21 20 23 21 21 22 21 22 21 21
leaf_count=22 30 24 20 21 21 23 21 23 22 21 21 20 23 21 21 22 21 22 21 21
internal_value=0 0.0342416 -0.015398 -0.000506751 -0.0133777 -0.0222446 0.000499665 0.051046 0.0630958 0.0215577 -0.0327204 -0.023948 -0.0148401 -0.0285937 -0.0142434 -0.0011937 0.0061325 0.078053 -0.0439551 -0.0554001
internal_weight=0 143 318 171 108 86 42 97 67 63 147 106 86 65 42 46 42 45 44 41
internal_count=461 143 318 171 108 86 42 97 67 63 147 106 86 65 42 46 42 45 44 41
shrinkage=0.1


Tree=2
num_leaves=17
num_cat=0
split_feature=0 2 2 0 14 12 9 1 15 13 14 10 2 7 8 3
split_gain=19.6881 6.89731 6.64432 3.93355 2.78245 2.7185 4.22733 2.70748 2.62099 2.60932 2.87657 2.21612 1.91117 1.72904 0.942074 0.334432
threshold=36.500000000000007 36.500000000000007 27.500000000000004 23.500000000000004 2.5000000000000004 2.5000000000000004 8.5000000000000018 7.5000000000000009 29.500000000000004 21.500000000000004 26.500000000000004 3.5000000000000004 43.500000000000007 8.5000000000000018 9.5000000000000018 14.500000000000002
decision_type=2 2 2 2 2 2 2 2 2 2 2 2 2 2 2 2
left_child=2 8 3 5 -4 6 13 -5 11 10 14 -2 -3 -1 -6 -16
right_child=1 12 4 7 9 -7 -8 -9 -10 -11 -12 -13 -14 -15 15 -17
leaf_value=-0.002867606824094599 0.040902490417162582 -0.020589674015839898 0.00094403481483459483 -0.00036393566565080126 -0.035195555090904239 -0.034952836717878071 -0.032464324986493147 0.041144433617591861 0.022513752244412901 -0.0082439063323868651 -0.013543396256864071 0.078047746214373367 0.020215134729038589 0.035944232344627382 -0.051506023515354507 -0.067856431418451768
leaf_weight=22 36 24 25 33 20 35 27 30 32 27 24 29 22 24 22 29
leaf_count=22 36 24 25 33 20 35 27 30 32 27 24 29 22 24 22 29
internal_value=0 0.0308174 -0.0138582 -0.000456074 -0.0294483 -0.0120399 -0.00105428 0.019402 0.0459414 -0.0356763 -0.0434729 0.057475 -0.00107433 0.017382 -0.0535899 -0.0608033
internal_weight=0 143 318 171 147 108 73 63 97 122 95 65 46 46 71 51
internal_count=461 143 318 171 147 108 73 63 97 122 95 65 46 46 71 51
shrinkage=0.1


Tree=3
num_leaves=17
num_cat=0
split_feature=0 8 15 2 15 1 8 3 10 11 0 4 7 15 3 13
split_gain=16.1055 5.87939 5.46574 4.74774 3.02089 3.01414 2.96142 3.54891 2.87419 2.57097 2.20114 2.69457 1.72895 1.72873 0.424951 0.399927
threshold=33.500000000000007 12.500000000000002 17.500000000000004 36.500000000000007 30.500000000000004 16.500000000000004 7.5000000000000009 8.5000000000000018 2.5000000000000004 2.5000000000000004 21.500000000000004 3.5000000000000004 21.500000000000004 7.5000000000000009 14.500000000000002 6.5000000000000009
decision_type=2 2 2 2 2 2 2 2 2 2 2 2 2 2 2 2
left_child=1 2 6 4 5 8 9 -8 -2 15 13 -12 -5 -3 -15 -1
right_child=3 10 -4 12 -6 -7 7 -9 -10 -11 11 -13 -14 14 -16 -17
leaf_value=0.0033004292845726017 0.0023597118400392079 -0.023765655772553552 -0.038585683607286023 -0.017113252754869131 0.010279240503030666 0.070401668740857043 0.049857911775852075 -0.0041209436598278228 0.049684443979552295 -0.023536618053913119 0.0055312451335691641 -0.038594041109085084 0.021105444431304934 -0.063141384720802315 -0.04348637542941354 0.023298610448837284
leaf_weight=20 21 36 31 29 34 31 29 21 33 36 31 25 20 22 22 20
leaf_count=20 21 36 31 29 34 31 29 21 33 36 31 25 20 22 22 20
internal_value=0 -0.0141533 -0.000969134 0.024684 0.0354713 0.0455481 0.00828573 0.0271868 0.0312804 -0.00414918 -0.0293732 -0.0141675 -0.00151378 -0.0400172 -0.0533139 0.0132995
internal_weight=0 293 157 168 119 85 126 50 54 76 136 56 49 80 44 40
internal_count=461 293 157 168 119 85 126 50 54 76 136 56 49 80 44 40
shrinkage=0.1


Tree=4
num_leaves=17
num_cat=0
split_feature=0 2 2 0 9 3 6 7 8 8 3 2 5 14 2 15
split_gain=13.2284 4.98524 4.61783 3.38764 3.36258 4.04579 2.98478 3.52781 3.856 2.6472 2.30315 2.76645 2.22528 1.9559 1.52252 0.417621
threshold=36.500000000000007 31.500000000000004 36.500000000000007 21.500000000000004 9.5000000000000018 9.5000000000000018 1.5000000000000002 8.5000000000000018 11.500000000000002 8.5000000000000018 12.500000000000002 43.500000000000007 2.5000000000000004 19.500000000000004 43.500000000000007 6.5000000000000009
decision_type=2 2 2 2 2 2 2 2 2 2 2 2 2 2 2 2
left_child=1 3 9 6 5 -5 -1 15 -9 -2 -3 12 -12 -11 -4 -8
right_child=2 10 14 4 -6 -7 7 8 -10 13 11 -13 -14 -15 -16 -17
leaf_value=-0.042992959114221428 0.012947933276494345 -0.050637083500623709 -0.018252583593130114 0.0041544391828424792 -0.014977443629297718 0.057147377729415895 -0.036424378156661989 0.041067921876907353 -0.016335249489003962 0.031347338719801471 -0.02976989581667144 -0.051685026586055761 0.0074520586679379152 0.065522826419157146 0.01816773224960674 -0.015988596081733704
leaf_weight=26 30 32 24 34 29 25 20 25 22 33 29 20 36 34 22 20
leaf_count=26 30 32 24 34 29 25 20 25 22 33 29 20 36 34 22 20
internal_value=0 -0.0113594 0.0252609 -0.00180679 0.0129044 0.0266091 -0.0132633 -0.00437859 0.0141984 0.0376358 -0.0277704 -0.0191618 -0.00915466 0.0486901 -0.000834172 -0.0262065
internal_weight=0 318 143 201 88 59 113 87 47 97 117 85 65 67 46 40
internal_count=461 318 143 201 88 59 113 87 47 97 117 85 65 67 46 40
shrinkage=0.1


Tree=5
num_leaves=19
num_cat=0
split_feature=0 2 2 3 3 1 2 14 3 5 8 8 12 8 3 7 7 7
split_gain=10.715 4.05322 3.74044 3.06652 5.43501 3.54657 2.28963 2.19955 2.22082 2.29402 2.23929 2.14423 1.78381 2.11633 1.55427 1.41782 0.847289 0.214107
threshold=36.500000000000007 27.500000000000004 36.500000000000007 16.500000000000004 11.500000000000002 8.5000000000000018 17.500000000000004 2.5000000000000004 7.5000000000000009 2.5000000000000004 19.500000000000004 8.5000000000000018 3.5000000000000004 23.500000000000004 2.5000000000000004 20.500000000000004 17.500000000000004 7.5000000000000009
decision_type=2 2 2 2 2 2 2 2 2 2 2 2 2 2 2 2 2 2
left_child=1 3 11 4 5 6 -1 -3 -9 16 -11 -2 13 -13 -8 -4 -10 -16
right_child=2 7 15 -5 -6 -7 14 8 9 10 -12 12 -14 -15 17 -17 -18 -19
leaf_value=0.024581765830516817 0.01165313959121704 0.0046219244003295901 -0.016148625199611372 0.026641450268881664 -0.04412643432617188 0.040885977801822487 0.0067860538544862173 -0.05752624670664469 -0.052815403044223788 0.014697672799229622 -0.025447167456150055 0.075638663272062936 0.021252776228863263 0.031593632698059086 -0.018064914345741274 0.019266479015350342 -0.025061789019541311 -0.032360899990255182
leaf_weight=20 30 25 26 35 30 21 23 21 22 24 33 24 23 20 20 20 22 22
leaf_count=20 30 25 26 35 30 21 23 21 22 24 33 24 23 20 20 20 22 22
internal_value=0 -0.0102235 0.0227348 0.000244092 -0.00654935 0.00408568 -0.00500616 -0.0224001 -0.0279374 -0.0217853 -0.00854408 0.0338723 0.0438211 0.0556182 -0.0141101 -0.000750754 -0.0389386 -0.0255533
internal_weight=0 318 143 171 136 106 85 147 122 101 57 97 67 44 65 46 44 42
internal_count=461 318 143 171 136 106 85 147 122 101 57 97 67 44 65 46 44 42
shrinkage=0.1


Tree=6
num_leaves=18
num_cat=0
split_feature=0 8 2 12 2 0 15 7 3 1 5 8 3 0 3 0 1
split_gain=8.78236 4.80866 4.16651 5.56549 4.1352 4.34236 3.53799 3.62812 3.25653 2.14607 2.00117 1.94911 1.82846 2.6276 1.64692 1.42095 0.452594
threshold=31.500000000000004 12.500000000000002 40.500000000000007 2.5000000000000004 24.500000000000004 40.500000000000007 17.500000000000004 15.500000000000002 10.500000000000002 3.5000000000000004 3.5000000000000004 32.500000000000007 13.500000000000002 18.500000000000004 4.5000000000000009 40.500000000000007 11.500000000000002
decision_type=2 2 2 2 2 2 2 2 2 2 2 2 2 2 2 2 2
left_child=1 6 3 10 -5 -6 7 8 9 -1 16 12 14 -14 -3 -4 -2
right_child=2 11 15 4 5 -7 -8 -9 -10 -11 -12 -13 13 -15 -16 -17 -18
leaf_value=-0.008600305246584344 0.023968821167945863 -0.010068475632440477 0.0079012561412084674 0.037811865210533147 -0.035819252154656818 0.020934450167876026 -0.030692162698712847 0.043004692097504932 -0.032366258154312773 0.026049311344440169 0.072727163916542423 -0.048694079035315023 -0.029120501592045739 0.02033256075598977 -0.04633847830757018 -0.028465303236787972 0.045243068039417272
leaf_weight=33 20 21 21 30 28 26 29 24 24 39 21 29 21 22 31 22 20
leaf_count=33 20 21 21 30 28 26 29 24 24 39 21 29 21 22 31 22 20
internal_value=0 -0.0114539 0.0166325 0.0247395 0.0080442 -0.0084934 0.000653441 0.00822863 -0.000465387 0.0101682 0.0477296 -0.0260022 -0.0190752 -0.00381893 -0.031691 -0.0107049 0.0346059
internal_weight=0 273 188 145 84 54 149 120 96 72 61 124 95 43 52 43 40
internal_count=461 273 188 145 84 54 149 120 96 72 61 124 95 43 52 43 40
shrinkage=0.1


Tree=7
num_leaves=17
num_cat=0
split_feature=0 2 8 7 12 3 1 14 2 0 3 7 0 4 3 3
split_gain=7.30775 3.26583 3.0198 3.74711 4.62206 4.41837 3.41145 2.42885 1.87343 2.3161 1.6549 1.60626 1.48985 1.41758 1.18548 0.981514
threshold=36.500000000000007 42.500000000000007 14.500000000000002 14.500000000000002 2.5000000000000004 12.500000000000002 15.500000000000002 12.500000000000002 25.500000000000004 21.500000000000004 12.500000000000002 14.500000000000002 19.500000000000004 2.5000000000000004 23.500000000000004 24.500000000000004
decision_type=2 2 2 2 2 2 2 2 2 2 2 2 2 2 2 2
left_child=1 2 3 5 -5 8 10 11 9 12 -4 -2 -1 -9 -15 -12
right_child=7 -3 6 4 -6 -7 -8 13 -10 -11 15 -13 -14 14 -16 -17
leaf_value=0.021178024858236316 -0.019982320070266724 -0.040434370678046658 -0.04188030400337317 0.063806157410144809 -0.0012852249046166738 -0.035832908919879371 0.017605448040095242 0.042529582036168953 -0.021463861912488939 0.037106321178949797 -0.004092215543443507 0.018682908160345898 -0.014299689695752902 0.034271287918090823 0.0062488855587111581 -0.03174753061362675
leaf_weight=20 22 29 39 20 24 35 22 38 20 26 33 21 29 26 36 21
leaf_count=20 22 29 39 20 24 35 22 38 20 26 33 21 29 26 36 21
internal_value=0 -0.00844298 -0.00523277 0.00307749 0.0283018 -0.00545996 -0.0178066 0.0187753 0.00573007 0.0129818 -0.0261836 -0.0010993 0.00018101 0.0273214 0.0180002 -0.0148471
internal_weight=0 318 289 174 44 130 115 143 95 75 93 43 49 100 62 54
internal_count=461 318 289 174 44 130 115 143 95 75 93 43 49 100 62 54
shrinkage=0.1


Tree=8
num_leaves=19
num_cat=0
split_feature=0 8 2 5 14 15 1 2 3 14 13 3 3 1 11 9 13 8
split_gain=5.99671 3.06323 2.59808 2.89555 4.6764 2.48484 5.07375 3.55805 3.50672 2.85705 2.54028 2.15674 2.87789 2.00046 2.19253 1.05306 0.858199 0.806056
threshold=35.500000000000007 32.500000000000007 24.500000000000004 3.5000000000000004 12.500000000000002 17.500000000000004 15.500000000000002 36.500000000000007 12.500000000000002 3.5000000000000004 13.500000000000002 16.500000000000004 10.500000000000002 3.5000000000000004 2.5000000000000004 6.5000000000000009 15.500000000000002 10.500000000000002
decision_type=2 2 2 2 2 2 2 2 2 2 2 2 2 2 2 2 2 2
left_child=1 5 16 4 -4 6 7 9 -7 -1 -10 12 13 15 -15 -11 -2 -6
right_child=2 -3 3 -5 17 8 -8 -9 10 11 -12 -13 -14 14 -16 -17 -18 -19
leaf_value=0.028616284926732384 0.050774397091432055 -0.034654809142413895 -0.037450452492787292 0.031331277638673785 0.0019281356285015744 -0.055020169842810863 0.048894053995609282 -0.043959422335028649 0.020898318290710451 -0.0031050449325924832 -0.02783165509286134 0.022390919275905776 -0.042761208829672444 0.034116721559654582 -0.0091685467958450319 -0.034773935448555719 0.022512121995290124 0.027585086584091187
leaf_weight=30 22 38 26 36 24 21 20 20 20 21 23 23 23 22 25 21 21 25
leaf_count=30 22 38 26 36 24 21 20 20 20 21 23 23 23 22 25 21 21 25
internal_value=0 -0.00807788 0.0161033 0.00801907 -0.00317079 -0.00432351 0.00104663 -0.00412606 -0.0215248 0.000702227 -0.00516655 -0.0055009 -0.0112287 -0.00307982 0.0110926 -0.0189395 0.0369719 0.0150184
internal_weight=0 307 154 111 75 269 205 185 64 165 43 135 112 89 47 42 43 49
internal_count=461 307 154 111 75 269 205 185 64 165 43 135 112 89 47 42 43 49
shrinkage=0.1


end of trees

feature_importances:
Column_3=24
Column_2=22
Column_0=21
Column_8=19
Column_1=11
Column_7=10
Column_15=10
Column_14=9
Column_5=4
Column_9=4
Column_10=4
Column_12=4
Column_13=4
Column_4=3
Column_11=3
Column_6=1

parameters:
[boosting: gbdt]
[objective: regression]
[metric: l2]
[tree_learner: serial]
[device_type: cpu]
[data: ]
[valid: ]
[num_iterations: 10000]
[learning_rate: 0.1]
[num_leaves: 31]
[num_threads: 0]
[deterministic: 0]
[force_col_wise: 0]
[force_row_wise: 0]
[histogram_pool_size: -1]
[max_depth: -1]
[min_data_in_leaf: 20]
[min_sum_hessian_in_leaf: 0.001]
[bagging_fraction: 1]
[pos_bagging_fraction: 1]
[neg_bagging_fraction: 1]
[bagging_freq: 0]
[bagging_seed: 3]
[feature_fraction: 1]
[feature_fraction_bynode: 1]
[feature_fraction_seed: 2]
[extra_trees: 0]
[extra_seed: 6]
[early_stopping_round: 10]
[first_metric_only: 0]
[max_delta_step: 0]
[lambda_l1: 0]
[lambda_l2: 0]
[min_gain_to_split: 0]
[drop_rate: 0.1]
[max_drop: 50]
[skip_drop: 0.5]
[xgboost_dart_mode: 0]
[uniform_drop: 0]
[drop_seed: 4]
[top_rate: 0.2]
[other_rate: 0.1]
[min_data_per_group: 100]
[max_cat_threshold: 32]
[cat_l2: 10]
[cat_smooth: 10]
[max_cat_to_onehot: 4]
[top_k: 20]
[monotone_constraints: ]
[monotone_constraints_method: basic]
[monotone_penalty: 0]
[feature_contri: ]
[forcedsplits_filename: ]
[refit_decay_rate: 0.9]
[cegb_tradeoff: 1]
[cegb_penalty_split: 0]
[cegb_penalty_feature_lazy: ]
[cegb_penalty_feature_coupled: ]
[path_smooth: 0]
[interaction_constraints: ]
[verbosity: 1]
[saved_feature_importance_type: 0]
[max_bin: 255]
[max_bin_by_feature: ]
[min_data_in_bin: 3]
[bin_construct_sample_cnt: 200000]
[data_random_seed: 1]
[is_enable_sparse: 1]
[enable_bundle: 1]
[use_missing: 1]
[zero_as_missing: 0]
[feature_pre_filter: 1]
[pre_partition: 0]
[two_round: 0]
[header: 0]
[label_column: ]
[weight_column: ]
[group_column: ]
[ignore_column: ]
[categorical_feature: ]
[forcedbins_filename: ]
[objective_seed: 5]
[num_class: 1]
[is_unbalance: 0]
[scale_pos_weight: 1]
[sigmoid: 1]
[boost_from_average: 1]
[reg_sqrt: 0]
[alpha: 0.9]
[fair_c: 1]
[poisson_max_delta_step: 0.7]
[tweedie_variance_power: 1.5]
[lambdarank_truncation_level: 30]
[lambdarank_norm: 1]
[label_gain: ]
[eval_at: ]
[multi_error_top_k: 1]
[auc_mu_weights: ]
[num_machines: 1]
[local_listen_port: 12400]
[time_out: 120]
[machine_list_filename: ]
[machines: ]
[gpu_platform_id: -1]
[gpu_device_id: -1]
[gpu_use_dp: 0]
[num_gpu: 1]

end of parameters

pandas_categorical:null
