tree
version=v3
num_class=1
num_tree_per_iteration=1
label_index=0
max_feature_idx=15
objective=regression
feature_names=Column_0 Column_1 Column_2 Column_3 Column_4 Column_5 Column_6 Column_7 Column_8 Column_9 Column_10 Column_11 Column_12 Column_13 Column_14 Column_15
feature_infos=[4:49] [0:51] [2:49] [0:64] [0:6] [0:7] [0:6] [0:120] [1:72] [0:142] [0:7] [0:7] [0:7] [0:135] [0:83] [0:121]
tree_sizes=1211 1029 1198 1116 1111 1198 1033 1037 1040 1198 1038 1119

Tree=0
num_leaves=13
num_cat=0
split_feature=1 5 12 0 3 13 2 3 2 7 5 1
split_gain=14.3388 12.4926 8.41151 7.82937 6.26806 4.79018 3.90886 3.49792 3.24245 3.21856 4.7456 1.92857
threshold=9.5000000000000018 2.5000000000000004 1.5000000000000002 34.500000000000007 18.500000000000004 3.5000000000000004 27.500000000000004 20.500000000000004 29.500000000000004 12.500000000000002 2.5000000000000004 2.5000000000000004
decision_type=2 2 2 2 2 2 2 2 2 2 2 2
left_child=2 8 -1 4 5 -4 -3 -5 -2 10 11 -7
right_child=1 6 3 7 -6 9 -8 -9 -10 -11 -12 -13
leaf_value=-0.0059417463991923575 -0.025578109470666525 0.048058252214999646 -0.11034174358883336 -0.055578108675937932 -0.13194174301662878 -0.071941744606085961 -0.0092144735405184849 -0.0033703178511798951 -0.080513172950449227 -0.031941745665724094 -0.038341745496181995 -0.11479888632790225
leaf_weight=25 22 26 25 33 20 21 22 21 21 27 25 21
leaf_count=25 22 26 25 33 20 21 22 21 21 27 25 21
internal_value=-0.0466019 -0.0132604 -0.0605197 -0.0675894 -0.0801432 -0.0714375 0.0218083 -0.0352751 -0.0524069 -0.0610907 -0.0728373 -0.0933703
internal_weight=0 91 218 193 139 119 48 54 43 94 67 42
internal_count=309 91 218 193 139 119 48 54 43 94 67 42
shrinkage=1


Tree=1
num_leaves=11
num_cat=0
split_feature=5 1 0 6 2 7 15 1 12 1
split_gain=11.802 13.261 6.23212 4.52955 4.05778 5.74967 5.22353 4.11274 3.68791 2.23623
threshold=2.5000000000000004 8.5000000000000018 35.500000000000007 2.5000000000000004 33.500000000000007 13.500000000000002 7.5000000000000009 4.5000000000000009 2.5000000000000004 5.5000000000000009
decision_type=2 2 2 2 2 2 2 2 2 2
left_child=4 2 8 -3 5 6 7 -1 -2 -7
right_child=1 3 -4 -5 -6 9 -8 -9 -10 -11
leaf_value=-0.027260442740387386 0.0044956302642822268 0.030962743929454258 0.032764658964041508 0.088367504322970358 -0.055214574474554801 -0.0048310965299606327 -0.056307597841535301 0.029297473120968788 -0.04394868070429022 0.041891315721330195
leaf_weight=36 30 28 33 27 26 20 35 20 33 21
leaf_count=36 30 28 33 27 26 20 35 20 33 21
internal_value=0 0.0199912 -0.00243962 0.0591433 -0.0191055 -0.0119932 -0.0260021 -0.00706119 -0.02088 0.0190999
internal_weight=0 151 96 55 158 132 91 56 63 41
internal_count=309 151 96 55 158 132 91 56 63 41
shrinkage=0.1


Tree=2
num_leaves=13
num_cat=0
split_feature=1 5 12 0 3 13 2 3 0 7 8 2
split_gain=9.72464 8.04662 6.04549 5.69837 4.62533 3.71104 3.16618 2.74811 2.74375 3.97917 3.52408 2.27891
threshold=9.5000000000000018 2.5000000000000004 1.5000000000000002 34.500000000000007 18.500000000000004 3.5000000000000004 27.500000000000004 20.500000000000004 17.500000000000004 11.500000000000002 8.5000000000000018 29.500000000000004
decision_type=2 2 2 2 2 2 2 2 2 2 2 2
left_child=2 11 -1 4 5 -4 -3 -5 -7 10 -10 -2
right_child=1 6 3 7 -6 8 -8 -9 9 -11 -12 -13
leaf_value=0.034807927116751673 0.018532163446599786 0.079227662086486822 -0.054929482698440557 -0.0078829404079552856 -0.072661274075508125 -0.042487117648124698 0.027682209556752987 0.03839213535899208 -0.04740149866450917 0.034500060195014594 0.0056744367911897861 -0.027522813138507664
leaf_weight=25 22 26 25 33 20 22 22 21 22 21 29 21
leaf_count=25 22 26 25 33 20 22 22 21 22 21 29 21
internal_value=0 0.0274578 -0.0114617 -0.0174552 -0.0281651 -0.0206868 0.0556027 0.0101129 -0.0115797 -0.00213574 -0.0172211 -0.0039598
internal_weight=0 91 218 193 139 119 48 54 94 72 51 43
internal_count=309 91 218 193 139 119 48 54 94 72 51 43
shrinkage=0.1


Tree=3
num_leaves=12
num_cat=0
split_feature=5 0 1 2 7 15 1 4 12 1 6
split_gain=8.28885 9.30463 7.62482 3.12636 4.06473 4.29929 3.10659 2.32851 2.49334 1.75362 1.56868
threshold=2.5000000000000004 18.500000000000004 8.5000000000000018 33.500000000000007 13.500000000000002 7.5000000000000009 4.5000000000000009 2.5000000000000004 2.5000000000000004 5.5000000000000009 2.5000000000000004
decision_type=2 2 2 2 2 2 2 2 2 2 2
left_child=3 -2 7 4 5 6 -1 8 -3 -6 -4
right_child=1 2 10 -5 9 -7 -8 -9 -10 -11 -12
leaf_value=-0.02191885461409887 -0.041806559718173486 0.042704102396965031 0.038444754210385408 -0.047706363063592182 -0.004817191064357758 -0.049041155406406953 0.027236398700624706 -0.013887043396631877 -0.0024958760842033055 0.036557534195127937 0.074417344949863573
leaf_weight=36 23 26 22 26 20 35 20 30 23 21 27
leaf_count=36 23 26 22 26 20 35 20 30 23 21 27
internal_value=0 0.0167536 0.0272761 -0.0160113 -0.00976839 -0.0215472 -0.00436341 0.00805431 0.0214878 0.0163747 0.0582664
internal_weight=0 151 128 158 132 91 56 79 49 41 49
internal_count=309 151 128 158 132 91 56 79 49 41 49
shrinkage=0.1


Tree=4
num_leaves=12
num_cat=0
split_feature=0 5 1 8 2 1 3 13 8 9 9
split_gain=6.80734 6.34659 3.563 3.83075 2.61319 2.47543 2.75262 2.02119 2.73379 1.44161 0.818268
threshold=27.500000000000004 2.5000000000000004 8.5000000000000018 9.5000000000000018 33.500000000000007 9.5000000000000018 8.5000000000000018 8.5000000000000018 8.5000000000000018 12.500000000000002 14.500000000000002
decision_type=2 2 2 2 2 2 2 2 2 2 2
left_child=5 4 3 -3 9 6 7 8 -1 -2 -8
right_child=1 2 -4 -5 -6 -7 10 -9 -10 -11 -12
leaf_value=-0.018604729856763567 0.023831891729718165 0.039552403935070701 0.055978424645758966 -0.015096409942792811 -0.037944966554641725 0.0096205357349280155 -0.054906132275407964 -0.03106237691024254 0.028501363775946878 -0.012798079340295358 -0.027631964737718756
leaf_weight=28 21 29 37 23 21 33 22 29 22 22 22
leaf_count=28 21 29 37 23 21 33 22 29 22 22 22
internal_value=0 0.0149874 0.0322585 0.0153808 -0.00903019 -0.0146992 -0.021224 -0.0100596 0.00212195 0.00509098 -0.041269
internal_weight=0 153 89 52 64 156 123 79 50 43 44
internal_count=309 153 89 52 64 156 123 79 50 43 44
shrinkage=0.1


Tree=5
num_leaves=13
num_cat=0
split_feature=0 5 1 8 8 7 15 3 2 3 7 7
split_gain=5.68716 4.60515 5.42923 3.45919 3.09249 2.49497 2.39376 1.86957 2.60634 1.73933 0.990075 0.445981
threshold=22.500000000000004 2.5000000000000004 8.5000000000000018 9.5000000000000018 10.500000000000002 5.5000000000000009 8.5000000000000018 3.5000000000000004 23.500000000000004 5.5000000000000009 11.500000000000002 8.5000000000000018
decision_type=2 2 2 2 2 2 2 2 2 2 2 2
left_child=5 3 4 6 11 -1 -2 -7 9 -9 -4 -3
right_child=1 2 10 -5 -6 7 -8 8 -10 -11 -12 -13
leaf_value=0.012663467634807935 0.00063095216093392217 0.03266025006771088 0.034790663285688923 0.024900315950314205 -0.023304366817077003 0.00068649270317771216 -0.039339205141990415 -0.040094083845615386 -0.057883117749140817 -0.00052895307540893558 0.06416012421250343 0.011541984975337982
leaf_weight=22 29 20 22 24 24 22 31 20 26 25 24 20
leaf_count=22 29 20 22 24 24 22 31 20 26 25 24 20
internal_value=0 0.0104452 0.0239089 -0.00718584 0.00507406 -0.0176206 -0.0200203 -0.0247846 -0.032677 -0.0181135 0.0501139 0.0221011
internal_weight=0 194 110 84 64 115 60 93 71 45 46 40
internal_count=309 194 110 84 64 115 60 93 71 45 46 40
shrinkage=0.1


Tree=6
num_leaves=11
num_cat=0
split_feature=0 5 2 6 2 1 3 15 14 1
split_gain=4.70352 4.28357 2.40767 7.92259 2.16346 4.75309 2.32605 2.08439 1.41639 1.48016
threshold=27.500000000000004 2.5000000000000004 24.500000000000004 2.5000000000000004 27.500000000000004 5.5000000000000009 7.5000000000000009 12.500000000000002 9.5000000000000018 2.5000000000000004
decision_type=2 2 2 2 2 2 2 2 2 2
left_child=4 7 -3 -4 5 8 -6 -2 9 -1
right_child=1 2 3 -5 6 -7 -8 -9 -10 -11
leaf_value=0.0030702400207519532 0.0076541662216186527 0.04614566886747206 -0.023364534122603281 0.054933443417151777 -0.0086966253462291889 0.026192412832204033 -0.056348155736923228 -0.029091076438243574 -0.038149553298950201 -0.030511667331059773
leaf_weight=35 38 37 28 24 21 34 20 26 25 21
leaf_count=35 38 37 28 24 21 34 20 26 25 21
internal_value=0 0.012458 0.026647 0.012773 -0.0122184 -0.00518681 -0.0319413 -0.00727359 -0.0183583 -0.00952298
internal_weight=0 153 89 52 156 115 41 64 81 56
internal_count=309 153 89 52 156 115 41 64 81 56
shrinkage=0.1


Tree=7
num_leaves=11
num_cat=0
split_feature=12 5 0 1 7 0 15 3 10 7
split_gain=4.31004 4.6307 5.02868 4.27573 3.97629 2.91229 1.923 1.84253 1.72983 0.844921
threshold=1.5000000000000002 2.5000000000000004 18.500000000000004 7.5000000000000009 20.500000000000004 35.500000000000007 7.5000000000000009 13.500000000000002 2.5000000000000004 7.5000000000000009
decision_type=2 2 2 2 2 2 2 2 2 2
left_child=-1 4 -3 5 6 -4 9 -8 -5 -2
right_child=1 2 3 8 -6 -7 7 -9 -10 -11
leaf_value=0.03107498049353942 -0.024353959848140851 -0.035706500496183124 -0.016153461658037629 0.061829090544155668 0.020902219803436942 0.028712503028952559 -0.050952342716423238 -0.01327945038676262 0.023240862213648284 -0.00060723116320948452
leaf_weight=39 29 21 39 21 23 23 37 20 26 31
leaf_count=39 29 21 39 21 23 23 37 20 26 31
internal_value=0 -0.00448861 0.00910184 0.0177346 -0.0171083 0.000490364 -0.0245805 -0.0377338 0.0404824 -0.0120848
internal_weight=0 270 130 109 140 62 117 57 47 60
internal_count=309 270 130 109 140 62 117 57 47 60
shrinkage=0.1


Tree=8
num_leaves=11
num_cat=0
split_feature=12 5 0 1 7 4 15 4 10 2
split_gain=3.49113 3.75087 4.07323 3.46334 3.22079 2.71313 1.55763 1.58051 1.40117 0.752406
threshold=1.5000000000000002 2.5000000000000004 18.500000000000004 7.5000000000000009 20.500000000000004 2.5000000000000004 7.5000000000000009 2.5000000000000004 2.5000000000000004 20.500000000000004
decision_type=2 2 2 2 2 2 2 2 2 2
left_child=-1 4 -3 5 6 -4 9 -8 -5 -2
right_child=1 2 3 8 -6 -7 7 -9 -10 -11
leaf_value=0.027967481544384588 0.0033269042554108993 -0.032135852177937824 0.017636590551685646 0.055646181248483209 0.018811998159989067 -0.025007661938667297 -0.046678414940834051 -0.012158102506682986 0.020916775327462417 -0.019705374659718694
leaf_weight=39 23 21 37 21 23 25 36 21 26 37
leaf_count=39 23 21 37 21 23 25 36 21 26 37
internal_value=0 -0.00403975 0.00819166 0.0159612 -0.0153975 0.000441327 -0.0221224 -0.0339604 0.0364342 -0.0108763
internal_weight=0 270 130 109 140 62 117 57 47 60
internal_count=309 270 130 109 140 62 117 57 47 60
shrinkage=0.1


Tree=9
num_leaves=13
num_cat=0
split_feature=1 2 12 0 3 13 7 5 1 6 3 4
split_gain=2.89491 3.84016 2.28254 3.07603 1.7967 2.15217 1.44663 2.2971 1.33322 1.32179 1.12891 1.08485
threshold=9.5000000000000018 27.500000000000004 1.5000000000000002 35.500000000000007 18.500000000000004 3.5000000000000004 12.500000000000002 2.5000000000000004 2.5000000000000004 2.5000000000000004 16.500000000000004 2.5000000000000004
decision_type=2 2 2 2 2 2 2 2 2 2 2 2
left_child=2 11 -1 4 5 -4 7 8 -7 -3 -5 -2
right_child=1 9 3 10 -6 6 -8 -9 -10 -11 -12 -13
leaf_value=0.022177231848239901 0.018543315785271779 -0.02111756491661072 -0.037700586364819461 -0.0010243526211491337 -0.042110538358489678 -0.0091356995559874043 0.013863250826086318 0.010960525751113892 -0.044361748478629372 0.013373163491487504 0.030321621000766755 0.049374104380607603
leaf_weight=25 21 25 26 27 24 21 28 25 22 20 20 25
leaf_count=25 21 25 26 27 24 21 28 25 22 20 20 25
internal_value=0 0.0149812 -0.00625361 -0.00993636 -0.0170993 -0.012179 -0.00526692 -0.013144 -0.0271583 -0.00578835 0.0123144 0.0352992
internal_weight=0 91 218 193 146 122 96 68 43 45 47 46
internal_count=309 91 218 193 146 122 96 68 43 45 47 46
shrinkage=0.1


Tree=10
num_leaves=11
num_cat=0
split_feature=8 1 2 2 0 3 8 14 8 11
split_gain=2.54622 3.03044 2.92757 2.87584 2.58502 2.41665 2.70074 1.70775 1.40362 1.1653
threshold=4.5000000000000009 9.5000000000000018 18.500000000000004 27.500000000000004 40.500000000000007 4.5000000000000009 10.500000000000002 8.5000000000000018 7.5000000000000009 2.5000000000000004
decision_type=2 2 2 2 2 2 2 2 2 2
left_child=7 2 -2 -3 5 -4 8 -1 -7 -8
right_child=1 3 4 -5 -6 6 9 -9 -10 -11
leaf_value=0.0025665970075698127 0.027580218293048721 0.039901911601042138 0.0092251905623604285 0.00041692146233149937 0.022035184130072594 -0.022443825109251615 -0.057678224359239853 -0.033912408532518333 0.0095539652384244479 -0.02395060658454895
leaf_weight=21 27 39 34 35 24 29 21 33 26 20
leaf_count=21 27 39 34 35 24 29 21 33 26 20
internal_value=0 0.0041773 -0.00279313 0.0212266 -0.00811832 -0.0136851 -0.0217992 -0.0197261 -0.0073176 -0.0412257
internal_weight=0 255 181 74 154 130 96 54 55 41
internal_count=309 255 181 74 154 130 96 54 55 41
shrinkage=0.1


Tree=11
num_leaves=12
num_cat=0
split_feature=11 0 6 5 9 11 2 14 0 8 15
split_gain=2.28087 2.8272 1.89029 1.91933 1.99145 1.54225 1.4011 2.35029 1.43981 1.25037 0.420434
threshold=1.5000000000000002 27.500000000000004 1.5000000000000002 2.5000000000000004 16.500000000000004 2.5000000000000004 20.500000000000004 11.500000000000002 20.500000000000004 8.5000000000000018 10.500000000000002
decision_type=2 2 2 2 2 2 2 2 2 2 2
left_child=-1 6 -3 4 -4 -5 9 8 -8 -2 -7
right_child=1 2 3 5 -6 10 7 -9 -10 -11 -12
leaf_value=0.031816895093236652 -0.015949392870620447 -0.015227713461579948 0.017953031261761985 0.0055237310904043694 -0.023224856153778409 0.046185432303519479 -0.025143437701113089 -0.049412830670674646 0.0046546647625584758 0.013486071171299106 0.02592650830745697
leaf_weight=21 27 29 24 27 23 21 34 21 31 31 20
leaf_count=21 27 29 24 27 23 21 34 21 31 31 20
internal_value=0 -0.00231998 0.00758793 0.0133414 -0.00219785 0.0240818 -0.0122279 -0.0203285 -0.010932 -0.000216645 0.036303
internal_weight=0 288 144 115 47 68 144 86 65 58 41
internal_count=309 288 144 115 47 68 144 86 65 58 41
shrinkage=0.1


end of trees

feature_importances:
Column_1=19
Column_0=15
Column_2=15
Column_3=12
Column_5=12
Column_7=11
Column_8=9
Column_12=7
Column_15=7
Column_6=5
Column_4=4
Column_13=4
Column_9=3
Column_11=3
Column_14=3
Column_10=2

parameters:
[boosting: gbdt]
[objective: regression]
[metric: l2]
[tree_learner: serial]
[device_type: cpu]
[data: ]
[valid: ]
[num_iterations: 10000]
[learning_rate: 0.1]
[num_leaves: 31]
[num_threads: 0]
[deterministic: 0]
[force_col_wise: 0]
[force_row_wise: 0]
[histogram_pool_size: -1]
[max_depth: -1]
[min_data_in_leaf: 20]
[min_sum_hessian_in_leaf: 0.001]
[bagging_fraction: 1]
[pos_bagging_fraction: 1]
[neg_bagging_fraction: 1]
[bagging_freq: 0]
[bagging_seed: 3]
[feature_fraction: 1]
[feature_fraction_bynode: 1]
[feature_fraction_seed: 2]
[extra_trees: 0]
[extra_seed: 6]
[early_stopping_round: 10]
[first_metric_only: 0]
[max_delta_step: 0]
[lambda_l1: 0]
[lambda_l2: 0]
[min_gain_to_split: 0]
[drop_rate: 0.1]
[max_drop: 50]
[skip_drop: 0.5]
[xgboost_dart_mode: 0]
[uniform_drop: 0]
[drop_seed: 4]
[top_rate: 0.2]
[other_rate: 0.1]
[min_data_per_group: 100]
[max_cat_threshold: 32]
[cat_l2: 10]
[cat_smooth: 10]
[max_cat_to_onehot: 4]
[top_k: 20]
[monotone_constraints: ]
[monotone_constraints_method: basic]
[monotone_penalty: 0]
[feature_contri: ]
[forcedsplits_filename: ]
[refit_decay_rate: 0.9]
[cegb_tradeoff: 1]
[cegb_penalty_split: 0]
[cegb_penalty_feature_lazy: ]
[cegb_penalty_feature_coupled: ]
[path_smooth: 0]
[interaction_constraints: ]
[verbosity: 1]
[saved_feature_importance_type: 0]
[max_bin: 255]
[max_bin_by_feature: ]
[min_data_in_bin: 3]
[bin_construct_sample_cnt: 200000]
[data_random_seed: 1]
[is_enable_sparse: 1]
[enable_bundle: 1]
[use_missing: 1]
[zero_as_missing: 0]
[feature_pre_filter: 1]
[pre_partition: 0]
[two_round: 0]
[header: 0]
[label_column: ]
[weight_column: ]
[group_column: ]
[ignore_column: ]
[categorical_feature: ]
[forcedbins_filename: ]
[objective_seed: 5]
[num_class: 1]
[is_unbalance: 0]
[scale_pos_weight: 1]
[sigmoid: 1]
[boost_from_average: 1]
[reg_sqrt: 0]
[alpha: 0.9]
[fair_c: 1]
[poisson_max_delta_step: 0.7]
[tweedie_variance_power: 1.5]
[lambdarank_truncation_level: 30]
[lambdarank_norm: 1]
[label_gain: ]
[eval_at: ]
[multi_error_top_k: 1]
[auc_mu_weights: ]
[num_machines: 1]
[local_listen_port: 12400]
[time_out: 120]
[machine_list_filename: ]
[machines: ]
[gpu_platform_id: -1]
[gpu_device_id: -1]
[gpu_use_dp: 0]
[num_gpu: 1]

end of parameters

pandas_categorical:null
