tree
version=v3
num_class=1
num_tree_per_iteration=1
label_index=0
max_feature_idx=15
objective=regression
feature_names=Column_0 Column_1 Column_2 Column_3 Column_4 Column_5 Column_6 Column_7 Column_8 Column_9 Column_10 Column_11 Column_12 Column_13 Column_14 Column_15
feature_infos=[1:49] [0:71] [1:49] [0:62] [0:8] [0:7] [0:6] [0:193] [14:208] [0:153] [0:7] [0:7] [0:7] [0:221] [0:157] [0:136]
tree_sizes=2652 2752 2764 2736 2758 2767 2749 2750 2750 2762 2753 2763 2759 2756 2762 2746

Tree=0
num_leaves=31
num_cat=0
split_feature=0 2 0 3 3 0 13 2 15 7 5 14 6 13 3 5 1 15 15 9 7 2 10 8 0 9 11 15 6 3
split_gain=93.9448 75.4181 31.5014 15.9616 9.87023 8.86838 8.66011 8.5058 8.33658 7.67042 7.58767 6.86127 6.30965 6.59666 6.10136 5.83647 7.74153 5.38083 5.14068 5.12397 5.47116 5.01141 4.92652 4.83676 5.94 4.74287 4.69279 7.04133 4.66065 5.52644
threshold=40.500000000000007 32.500000000000007 24.500000000000004 9.5000000000000018 4.5000000000000009 33.500000000000007 6.5000000000000009 26.500000000000004 2.5000000000000004 16.500000000000004 3.5000000000000004 10.500000000000002 1.0000000180025095e-35 9.5000000000000018 12.500000000000002 2.5000000000000004 14.500000000000002 5.5000000000000009 4.5000000000000009 8.5000000000000018 3.5000000000000004 21.500000000000004 2.5000000000000004 25.500000000000004 26.500000000000004 6.5000000000000009 3.5000000000000004 6.5000000000000009 1.5000000000000002 12.500000000000002
decision_type=2 2 2 2 2 2 2 2 2 2 2 2 2 2 2 2 2 2 2 2 2 2 2 2 2 2 2 2 2 2
left_child=1 2 3 7 18 6 28 12 -5 11 19 17 -1 22 -7 16 -10 -9 -3 25 -21 -12 -14 24 -20 -4 -15 -28 -6 -30
right_child=-2 4 10 8 5 14 -8 9 15 -11 21 -13 13 26 -16 -17 -18 -19 23 20 -22 -23 -24 -25 -26 -27 27 -29 29 -31
leaf_value=0.10927741304520638 0.21445713724408833 0.16122161565600215 0.15651588188153562 0.15553219738653151 0.070904341262319814 0.15959999402364095 0.076905692957843524 0.11159999370574951 0.083599993520312832 0.085885707821164808 0.20179779656640776 0.097664509742490704 0.17337272140112792 0.15249940226063927 0.10637418721952746 0.12587218314938292 0.15102856539544604 0.16535341871927861 0.072327266172929242 0.12959999393533778 0.17847416635380675 0.17014053466083767 0.14559999393092263 0.15132413189986657 0.13232726657029353 0.11538946741505673 0.16421537866959204 0.099599993626276653 0.10428749365732073 0.15572902625606908
leaf_weight=31 175 37 107 59 23 33 193 25 90 35 91 31 220 169 62 169 21 73 33 27 151 111 90 29 33 38 26 48 64 31
leaf_count=31 175 37 107 59 23 33 193 25 90 35 91 31 220 169 62 169 21 73 33 27 151 111 90 29 33 38 26 48 64 31
internal_value=0.144 0.138265 0.149085 0.13937 0.105845 0.0981222 0.0899537 0.147528 0.12137 0.127405 0.1692 0.13867 0.153179 0.15564 0.124863 0.114171 0.0963568 0.151641 0.1296 0.159693 0.171061 0.184402 0.16531 0.117284 0.102327 0.145738 0.143304 0.122303 0.111295 0.121074
internal_weight=0 2150 1612 1087 538 406 311 748 339 164 525 129 584 553 95 280 111 98 132 323 178 202 310 95 66 145 243 74 118 95
internal_count=2325 2150 1612 1087 538 406 311 748 339 164 525 129 584 553 95 280 111 98 132 323 178 202 310 95 66 145 243 74 118 95
shrinkage=1


Tree=1
num_leaves=31
num_cat=0
split_feature=0 2 0 3 0 3 2 15 15 8 3 11 7 6 6 7 14 4 15 1 3 6 13 10 5 5 7 11 15 1
split_gain=76.0953 61.0886 25.5161 12.9289 8.5069 9.03303 6.8897 6.75262 6.69163 6.62794 9.16751 8.05765 6.21304 5.79947 5.75191 5.66022 5.55763 5.36328 5.32361 5.06776 4.9354 4.81768 5.90366 4.5585 6.3196 4.39427 4.37439 6.50785 4.35847 3.85202
threshold=40.500000000000007 32.500000000000007 24.500000000000004 9.5000000000000018 27.500000000000004 21.500000000000004 26.500000000000004 2.5000000000000004 12.500000000000002 18.500000000000004 16.500000000000004 2.5000000000000004 16.500000000000004 1.5000000000000002 2.5000000000000004 16.500000000000004 10.500000000000002 1.0000000180025095e-35 16.500000000000004 16.500000000000004 3.5000000000000004 1.0000000180025095e-35 9.5000000000000018 2.5000000000000004 2.5000000000000004 2.5000000000000004 5.5000000000000009 3.5000000000000004 5.5000000000000009 9.5000000000000018
decision_type=2 2 2 2 2 2 2 2 2 2 2 2 2 2 2 2 2 2 2 2 2 2 2 2 2 2 2 2 2 2
left_child=1 2 3 6 20 8 17 -5 13 10 11 15 16 -6 -10 -4 28 -1 -12 25 29 -19 -23 26 -25 -9 -24 -28 -8 -3
right_child=-2 4 9 7 5 -7 12 19 14 -11 18 -13 -14 -15 -16 -17 -18 21 -20 -21 -22 22 23 24 -26 -27 27 -29 -30 -31
leaf_value=-0.042629224658012388 0.063411425181797584 -0.039271457940340045 0.056442828050681529 0.01037898245504347 -0.035524420022964479 -0.055459703583466385 -0.029160001277923588 -0.046783853155895345 -0.0015269814266098871 0.038301438576016346 -0.00026973534603508151 0.008352464391493503 -0.052302854912621634 0.019573407776561788 -0.054895222446192875 0.006445702477808922 -0.041701936529528714 -0.028927738666534426 -0.061492733657360077 0.019225276871161028 -0.052561585805116801 0.021648736684410662 0.016833219173792248 -0.016532599314665185 0.033829040285469833 -0.020135603143322856 -0.0049220718321253045 -0.061190768211118643 0.019218081970737405 0.012823852625760166
leaf_weight=20 175 40 84 59 25 57 25 103 36 179 49 162 35 81 46 31 31 30 20 22 231 297 37 39 69 155 61 31 73 22
leaf_count=20 175 40 84 59 25 57 25 103 36 179 49 162 35 81 46 31 31 30 20 22 231 297 37 39 69 155 61 31 73 22
internal_value=0 -0.0051614 0.0045766 -0.00416699 -0.0343392 -0.0205878 0.00317503 -0.0203671 -0.010015 0.02268 0.0145984 0.0227224 -0.0149356 0.00657864 -0.0314653 0.0429653 -0.00479721 0.00826089 -0.0180155 -0.0268457 -0.0458377 0.0100655 0.0122561 0.00048566 0.0156429 -0.0307742 -0.0122041 -0.0238822 0.00687673 -0.020786
internal_weight=0 2150 1612 1087 538 245 748 339 188 525 346 277 164 106 82 115 129 584 69 280 293 564 534 237 108 258 129 92 98 62
internal_count=2325 2150 1612 1087 538 245 748 339 188 525 346 277 164 106 82 115 129 584 69 280 293 564 534 237 108 258 129 92 98 62
shrinkage=0.1


Tree=2
num_leaves=31
num_cat=0
split_feature=0 2 0 2 1 12 10 4 5 1 3 3 9 14 10 0 13 15 2 11 8 3 0 14 13 1 8 0 15 3
split_gain=61.6372 49.4818 21.259 12.0809 7.98184 7.68544 8.57653 7.4839 9.22974 6.98885 6.92619 6.88724 6.77082 6.46266 6.33857 6.31183 7.02523 6.27175 7.3742 8.63757 5.48441 5.39094 6.59674 4.87502 5.6048 4.62408 4.73088 4.47303 4.41466 4.40747
threshold=40.500000000000007 32.500000000000007 27.500000000000004 25.500000000000004 4.5000000000000009 2.5000000000000004 2.5000000000000004 1.0000000180025095e-35 2.5000000000000004 5.5000000000000009 4.5000000000000009 11.500000000000002 6.5000000000000009 3.5000000000000004 3.5000000000000004 33.500000000000007 6.5000000000000009 6.5000000000000009 16.500000000000004 3.5000000000000004 20.500000000000004 2.5000000000000004 15.500000000000002 8.5000000000000018 9.5000000000000018 1.0000000180025095e-35 17.500000000000004 20.500000000000004 12.500000000000002 12.500000000000002
decision_type=2 2 2 2 2 2 2 2 2 2 2 2 2 2 2 2 2 2 2 2 2 2 2 2 2 2 2 2 2 2
left_child=1 2 3 7 21 13 -7 -1 11 -4 -3 23 -13 -6 -15 16 -12 -10 28 -20 -11 -5 -23 25 -25 -9 -27 -14 -19 -17
right_child=-2 10 9 4 5 6 -8 8 17 20 15 12 27 14 -16 29 -18 18 19 -21 -22 22 -24 24 -26 26 -28 -29 -30 -31
leaf_value=-0.038639814257621766 0.057070283889770514 -0.011006226864728061 0.0077378290930604629 -0.0047745901185113036 0.049707389494468429 -0.0036796937386194863 -0.079922592878341678 0.049410125811894738 0.027026812167682313 0.025233938415607296 -0.025044593417038352 -0.080841162091209784 -0.036627373865672518 -0.016684885323047637 0.045045882747286846 0.014708551493558018 -0.056018140217183168 0.0021265180273489516 0.004249572066160349 -0.051460217645293793 0.058413150151010979 -0.087744717059596897 -0.032084221349043006 0.0031094076456847017 -0.034808703719592486 -0.0062198776145314071 0.041762203419650042 0.020915671912106602 0.045357912077623255 -0.030529487517572219
leaf_weight=40 175 132 153 37 29 36 25 30 227 167 118 21 35 80 21 33 193 44 104 38 71 31 68 108 61 86 27 22 51 62
leaf_count=40 175 132 153 37 29 36 25 30 227 167 118 21 35 80 21 33 193 44 104 38 71 31 68 108 61 86 27 22 51 62
internal_value=0 -0.00464526 0.00411894 -0.00237965 -0.0188267 -0.00564318 -0.0349268 0.0036362 0.00561634 0.0244125 -0.0309053 -0.00572313 -0.032301 0.00809759 -0.00384978 -0.0373749 -0.0442661 0.0151474 0.00376915 -0.0106587 0.0351319 -0.0373417 -0.0495133 0.000921343 -0.010577 0.0145103 0.00524487 -0.0144178 0.025335 -0.0148152
internal_weight=0 2150 1612 1221 327 191 61 894 854 391 538 390 78 130 101 406 311 464 237 142 238 136 99 312 169 143 113 57 95 95
internal_count=2325 2150 1612 1221 327 191 61 894 854 391 538 390 78 130 101 406 311 464 237 142 238 136 99 312 169 143 113 57 95 95
shrinkage=0.1


Tree=3
num_leaves=31
num_cat=0
split_feature=0 2 0 5 2 3 2 1 0 15 4 7 14 10 5 13 0 12 1 9 3 8 1 6 7 3 15 15 1 10
split_gain=49.9261 40.0802 17.4849 7.93651 7.76918 7.74768 7.44054 7.15627 6.39031 7.18042 5.35193 5.87431 5.20494 5.27399 5.1388 5.56452 8.04323 4.99821 5.01159 4.87551 6.96394 4.78551 4.58251 4.45037 4.41061 3.99183 3.85436 5.90598 5.15773 3.6
threshold=40.500000000000007 32.500000000000007 20.500000000000004 3.5000000000000004 25.500000000000004 6.5000000000000009 21.500000000000004 15.500000000000002 27.500000000000004 20.500000000000004 2.5000000000000004 25.500000000000004 15.500000000000002 2.5000000000000004 2.5000000000000004 8.5000000000000018 35.500000000000007 2.5000000000000004 11.500000000000002 9.5000000000000018 2.5000000000000004 18.500000000000004 8.5000000000000018 2.5000000000000004 13.500000000000002 3.5000000000000004 13.500000000000002 21.500000000000004 10.500000000000002 2.5000000000000004
decision_type=2 2 2 2 2 2 2 2 2 2 2 2 2 2 2 2 2 2 2 2 2 2 2 2 2 2 2 2 2 2
left_child=1 2 4 5 17 12 -5 19 -3 14 21 -12 -4 -14 -10 24 -17 18 -1 20 -6 -7 -22 -19 -16 -20 28 -28 -8 -25
right_child=-2 8 3 6 7 10 26 -9 9 -11 11 -13 13 -15 15 16 -18 23 25 -21 22 -23 -24 29 -26 -27 27 -29 -30 -31
leaf_value=0.012981540595305253 0.051363258021218439 -0.037780692085064314 0.031254433548148677 0.047721166182786989 0.03050704289365698 -0.024781305037561013 0.0068508438112442954 0.03015493128610694 -0.03973742246627808 -0.043800145031800915 0.023975445100894343 -0.020719027192127416 0.025451025118430455 -0.042333668741312898 0.0031050773227916046 -0.039671838526823086 0.023093945639474051 0.0012905486992427283 0.018853084399149969 -0.043997527762214744 -0.050778679251670837 0.01627518276910524 0.004493412872155508 -0.013002297282218933 0.058435735940933237 -0.02771883850532865 -0.046056515496710075 0.027293260324568976 0.056527923815178155 -0.04929380678549046
leaf_weight=293 175 293 158 117 27 122 57 23 35 67 104 41 24 22 34 49 35 133 26 101 40 37 24 82 25 63 23 21 33 41
leaf_count=293 175 293 158 117 27 122 57 23 35 67 104 41 24 22 34 49 35 133 26 101 40 37 24 82 25 63 23 21 33 41
internal_value=0 -0.00418073 0.00370705 0.0147479 -0.00611713 0.00756007 0.0292954 -0.0225572 -0.0278147 -0.0158963 -0.00255648 0.0113377 0.0226357 -0.00696774 -0.00539312 0.00301283 -0.0135194 -0.00057697 0.00666881 -0.0288717 -0.0120837 -0.0152273 -0.0300516 -0.011389 0.0265503 -0.0141136 0.0132073 -0.0110487 0.0250658 -0.0250995
internal_weight=0 2150 1612 759 853 508 251 215 538 245 304 145 204 46 178 143 84 638 382 192 91 159 64 256 59 89 134 44 90 123
internal_count=2325 2150 1612 759 853 508 251 215 538 245 304 145 204 46 178 143 84 638 382 192 91 159 64 256 59 89 134 44 90 123
shrinkage=0.1


Tree=4
num_leaves=31
num_cat=0
split_feature=0 2 0 3 15 7 11 0 13 0 3 4 9 2 7 1 1 7 8 7 1 0 11 15 2 14 14 9 7 10
split_gain=41.1087 31.4965 15.4437 8.86638 6.36532 8.43459 6.24943 6.98333 6.52702 6.08954 5.70498 5.60524 7.14247 5.29307 5.28673 4.91538 4.86062 4.83901 4.4075 6.21132 5.06293 4.19181 6.42279 5.83013 3.99269 3.97957 3.84916 3.70673 3.69435 3.50277
threshold=41.500000000000007 32.500000000000007 27.500000000000004 8.5000000000000018 6.5000000000000009 18.500000000000004 2.5000000000000004 23.500000000000004 4.5000000000000009 27.500000000000004 21.500000000000004 3.5000000000000004 5.5000000000000009 45.500000000000007 10.500000000000002 25.500000000000004 5.5000000000000009 22.500000000000004 18.500000000000004 5.5000000000000009 2.5000000000000004 13.500000000000002 2.5000000000000004 10.500000000000002 24.500000000000004 7.5000000000000009 11.500000000000002 4.5000000000000009 13.500000000000002 1.0000000180025095e-35
decision_type=2 2 2 2 2 2 2 2 2 2 2 2 2 2 2 2 2 2 2 2 2 2 2 2 2 2 2 2 2 2
left_child=1 2 3 6 11 21 7 -1 16 -3 13 12 -5 14 26 29 -8 -16 19 -10 -21 -6 23 -23 -24 -22 -11 -20 -14 -4
right_child=-2 9 15 4 5 -7 8 -9 18 10 -12 -13 28 -15 17 -17 -18 -19 27 20 25 22 24 -25 -26 -27 -28 -29 -30 -31
leaf_value=0.0090282602725844634 0.051369786262512207 -0.034002622036396847 0.05635303173746381 -0.049877989850938324 -0.0421755101791648 -0.059356463070099175 -0.0059686010188244763 0.051652620732784274 0.0080166889910112359 0.0030878135561943059 -0.039297422189866343 0.036096952358881634 -0.0050501091371883047 -0.053172224164009102 0.037029439885661285 0.053197097305844467 0.03747004890128186 -0.0078347508202899589 0.040849835717159777 -0.0085709914312524314 -0.024501560955512813 -0.021597444372517722 -0.0060313388109207158 0.03604491429126009 -0.048130810260772705 -0.068045901559120006 -0.041662664832295603 -0.0045177428119153864 0.038253063708543783 0.014294368230472039
leaf_weight=304 146 293 21 32 43 52 47 44 57 40 62 36 110 20 53 41 57 44 23 59 41 28 50 47 41 43 37 83 24 347
leaf_count=304 146 293 21 32 43 52 47 44 57 40 62 36 110 20 53 41 57 44 23 59 41 28 50 47 41 43 37 83 24 347
internal_value=0 -0.00344194 0.00353548 -0.00209812 -0.0130015 -0.0233166 0.00456184 0.0144175 -0.00380349 -0.0241582 -0.0128909 0.000326516 -0.00743093 -0.00445165 0.00114842 0.0203536 0.0178391 0.0166787 -0.0111592 -0.0198964 -0.0310226 -0.0143497 -0.00714185 0.0145251 -0.0249992 -0.0467921 -0.0184157 0.00532617 0.00270568 0.0166945
internal_weight=0 2179 1630 1221 463 261 758 348 410 549 256 202 166 194 174 409 104 97 306 200 143 209 166 75 91 84 77 106 134 368
internal_count=2325 2179 1630 1221 463 261 758 348 410 549 256 202 166 194 174 409 104 97 306 200 143 209 166 75 91 84 77 106 134 368
shrinkage=0.1


Tree=5
num_leaves=31
num_cat=0
split_feature=0 2 1 0 13 1 15 0 15 11 6 3 3 9 14 2 14 0 3 13 2 3 0 4 2 1 2 4 3 14
split_gain=33.2981 26.9184 10.7663 9.19583 8.16736 6.75234 5.81227 6.94571 5.57017 5.11805 5.02775 5.01208 4.77899 4.50754 4.50141 3.91103 3.90163 6.75576 4.58389 4.39795 4.52653 4.38355 4.34 3.76681 3.98358 4.02995 5.11621 5.73646 3.9385 4.33656
threshold=41.500000000000007 27.500000000000004 4.5000000000000009 20.500000000000004 1.0000000180025095e-35 8.5000000000000018 16.500000000000004 27.500000000000004 12.500000000000002 4.5000000000000009 3.5000000000000004 6.5000000000000009 6.5000000000000009 18.500000000000004 10.500000000000002 15.500000000000002 10.500000000000002 26.500000000000004 4.5000000000000009 7.5000000000000009 33.500000000000007 7.5000000000000009 31.500000000000004 1.0000000180025095e-35 12.500000000000002 1.0000000180025095e-35 17.500000000000004 1.5000000000000002 1.0000000180025095e-35 3.5000000000000004
decision_type=2 2 2 2 2 2 2 2 2 2 2 2 2 2 2 2 2 2 2 2 2 2 2 2 2 2 2 2 2 2
left_child=1 3 16 13 -4 9 7 8 10 -5 11 14 -7 23 -6 -14 17 18 -3 -18 -21 -20 -19 -1 -25 26 -26 -28 -27 -30
right_child=-2 2 4 5 6 12 -8 -9 -10 -11 -12 -13 15 -15 -16 -17 19 22 21 20 -22 -23 -24 24 25 28 27 -29 29 -31
leaf_value=-0.034115617645197903 0.046232807636260989 -0.0049453165473007576 0.051731648228385232 0.0016296397730455562 0.0064206316736009393 0.043249498608462306 -0.025790004264673538 0.012370015540212956 0.016298559037121862 0.044343540937669818 0.015767198359524764 -0.049446021530726192 0.042922600805759437 -0.02551064734727564 -0.049649335089183989 0.0066608545081368806 -0.064104910624229308 0.045943362712860113 -0.079049351921787969 0.0026621944705645245 -0.045784582142476687 -0.031522130707035897 -0.013438843376934529 0.024338780641555785 -0.016596642846152896 0.014062575860456986 -0.020289651984753816 0.03567014323340522 0.021084967090023887 -0.016009596543820951
leaf_weight=29 146 41 22 295 45 109 169 159 44 31 27 73 40 71 21 116 59 20 27 30 54 69 32 75 42 77 23 90 36 253
leaf_count=29 146 41 22 295 45 109 169 159 44 31 27 73 40 71 21 116 59 20 27 30 54 69 32 75 42 77 23 90 36 253
internal_value=0 -0.00309775 -0.0164484 0.00615539 -0.00798928 0.0153285 -0.0104314 -0.00339725 -0.0153353 0.00569139 -0.0237202 -0.0313904 0.027184 -0.00163385 -0.0114198 0.0159587 -0.0307168 -0.0212873 -0.0329352 -0.0431797 -0.0284822 -0.0448892 0.00940047 0.00107855 0.00279102 -0.000310862 0.0132038 0.0242801 -0.00603429 -0.0113888
internal_weight=0 2179 892 1287 560 591 538 369 210 326 166 139 265 696 66 156 332 189 137 143 84 96 52 625 596 521 155 113 366 289
internal_count=2325 2179 892 1287 560 591 538 369 210 326 166 139 265 696 66 156 332 189 137 143 84 96 52 625 596 521 155 113 366 289
shrinkage=0.1


Tree=6
num_leaves=31
num_cat=0
split_feature=0 2 0 3 5 2 3 0 9 12 9 1 6 15 1 8 7 13 14 2 13 2 15 1 2 2 6 4 1 15
split_gain=27.3288 22.4481 10.3467 6.77508 5.04243 6.29134 5.43825 5.79861 4.9412 6.33404 6.7917 5.67654 5.32795 4.66162 4.46675 6.57291 6.78871 4.20308 4.1722 3.79478 3.80845 3.63944 3.5645 3.95036 5.1644 3.42234 4.01099 3.6419 3.70479 4.9519
threshold=40.500000000000007 32.500000000000007 27.500000000000004 9.5000000000000018 2.5000000000000004 35.500000000000007 21.500000000000004 29.500000000000004 9.5000000000000018 2.5000000000000004 12.500000000000002 14.500000000000002 1.0000000180025095e-35 15.500000000000002 1.0000000180025095e-35 14.500000000000002 8.5000000000000018 6.5000000000000009 7.5000000000000009 28.500000000000004 10.500000000000002 23.500000000000004 13.500000000000002 21.500000000000004 22.500000000000004 28.500000000000004 2.5000000000000004 2.5000000000000004 14.500000000000002 9.5000000000000018
decision_type=2 2 2 2 2 2 2 2 2 2 2 2 2 2 2 2 2 2 2 2 2 2 2 2 2 2 2 2 2 2
left_child=1 2 3 8 5 -3 7 -6 12 10 21 -11 -1 -9 17 16 -16 -4 -7 20 -12 -10 -17 24 -24 27 -27 -5 29 -29
right_child=-2 4 14 25 6 18 -8 13 9 11 19 -13 -14 -15 15 22 -18 -19 -20 -21 -22 -23 23 -25 -26 26 -28 28 -30 -31
leaf_value=-0.027312106377369652 0.038001375521932335 -0.070837623029947283 0.027177464741247673 -0.016810009326085007 -0.020068694140024233 -0.0029024151464303333 -0.039944657560897205 0.021192231047444228 -0.0009905135347729637 -0.036340142257751958 0.049505038235498511 0.015744410400037413 0.012047331279418509 -0.019459800110306853 -0.043529182230984731 0.040450204523293287 0.018696851015090943 -0.021784867405891417 -0.045285963747236466 -0.015366309632857643 0.0083531171083450328 -0.047534398521695824 0.02690029934048653 0.050391435250639917 -0.027986538211504621 -0.052391812278003227 0.00053705844012173743 0.011783266389692152 0.044306898713111879 -0.034797339367144041
leaf_weight=37 175 40 27 202 207 48 73 82 42 93 46 27 488 43 27 143 50 50 45 24 44 28 40 24 30 41 22 74 20 33
leaf_count=37 175 40 27 202 207 48 73 82 42 93 46 27 488 43 27 143 50 50 45 24 44 28 40 24 30 41 22 74 20 33
internal_value=0 -0.00309313 0.00280995 -0.00172371 -0.0207804 -0.0376744 -0.0152326 -0.00979888 0.00339859 -0.00674711 0.00490985 -0.0246211 0.00927343 0.00720793 0.0169675 0.0222603 -0.00312267 -0.00461626 -0.0234106 0.0199647 0.0293863 -0.0196081 0.0305071 0.015381 0.00337737 -0.0125563 -0.0339087 -0.00846758 0.00480148 -0.00258271
internal_weight=0 2150 1612 1221 538 133 405 332 829 304 184 120 525 125 391 314 77 77 93 114 90 70 237 94 70 392 63 329 127 107
internal_count=2325 2150 1612 1221 538 133 405 332 829 304 184 120 525 125 391 314 77 77 93 114 90 70 237 94 70 392 63 329 127 107
shrinkage=0.1


Tree=7
num_leaves=31
num_cat=0
split_feature=0 2 1 0 13 6 6 0 2 1 11 3 12 14 0 14 3 1 1 9 7 0 15 5 3 9 14 15 8 7
split_gain=22.2699 17.7422 8.16342 6.5399 6.28197 5.16045 6.27171 4.91337 4.72499 4.67064 3.83075 3.66273 3.56187 4.5448 4.20996 4.95567 4.03841 3.90799 4.41809 4.2315 3.46641 4.44102 3.38952 3.74381 4.73831 3.64638 5.92556 3.35099 3.33843 4.83481
threshold=41.500000000000007 27.500000000000004 4.5000000000000009 20.500000000000004 1.0000000180025095e-35 1.5000000000000002 4.5000000000000009 20.500000000000004 38.500000000000007 8.5000000000000018 4.5000000000000009 6.5000000000000009 2.5000000000000004 4.5000000000000009 11.500000000000002 12.500000000000002 1.0000000180025095e-35 14.500000000000002 7.5000000000000009 9.5000000000000018 10.500000000000002 17.500000000000004 1.5000000000000002 3.5000000000000004 12.500000000000002 12.500000000000002 6.5000000000000009 8.5000000000000018 18.500000000000004 35.500000000000007
decision_type=2 2 2 2 2 2 2 2 2 2 2 2 2 2 2 2 2 2 2 2 2 2 2 2 2 2 2 2 2 2
left_child=1 3 -3 12 -4 7 28 -6 -9 10 22 -11 13 -1 -15 16 -16 18 19 -14 21 -18 -5 25 -25 26 -24 -27 -7 -30
right_child=-2 2 4 9 5 6 -8 8 -10 11 -12 -13 17 14 15 -17 20 -19 -20 -21 -22 -23 23 24 -26 27 -28 -29 29 -31
leaf_value=0.027481550659452167 0.037809389829635623 -0.025796664999910148 0.046369935843077581 0.027865413340126596 -0.062611204584439598 -0.007643236092522614 -0.042927910911070337 0.004817499319712322 -0.050899145136708804 0.036639413702378582 0.038139385561789238 0.012747571598260832 0.007705451330442108 0.022520080071229201 0.01355471440723964 0.01020504269620468 -0.060551021954952149 0.015233327417957541 -0.037247505696380842 -0.025027331416036042 0.0018780613938967389 -0.016911428447427421 0.016461683222741792 0.028734110857619618 -0.024528489682985391 0.042158719329606922 -0.032725376235811336 -0.01433396027201698 0.018013651491878748 -0.0288653327868535
leaf_weight=70 146 332 22 41 30 234 37 45 23 109 31 156 89 65 35 116 39 49 68 71 36 58 33 61 23 21 95 21 143 26
leaf_count=70 146 332 22 41 30 234 37 45 23 109 31 156 89 65 35 116 39 49 68 71 36 58 33 61 23 21 95 21 143 26
internal_value=0 -0.00253335 -0.0133722 0.00497887 -0.00600623 -0.008148 -0.0035259 -0.0289003 -0.0140278 0.0127147 0.00469961 0.0225748 -0.00158992 0.00422666 -0.000437643 -0.00569205 -0.0166686 -0.0103883 -0.0158947 -0.00681972 -0.0246221 -0.0344572 0.0011856 -0.00312098 0.0141503 -0.011655 -0.0200443 0.0139124 9.16533e-05 0.0108015
internal_weight=0 2179 892 1287 560 538 440 98 68 591 326 265 696 419 349 284 168 277 228 160 133 97 295 254 84 170 128 42 403 169
internal_count=2325 2179 892 1287 560 538 440 98 68 591 326 265 696 419 349 284 168 277 228 160 133 97 295 254 84 170 128 42 403 169
shrinkage=0.1


Tree=8
num_leaves=31
num_cat=0
split_feature=0 2 0 11 5 15 13 3 1 7 3 1 2 0 3 0 7 1 14 11 7 14 12 2 1 7 2 5 13 8
split_gain=18.1278 15.5362 7.53156 5.45696 5.95963 5.94789 6.02431 5.61243 4.88735 4.76579 4.71795 5.52831 4.62385 6.15379 4.59732 4.50917 4.50814 4.32312 4.26011 4.03757 3.9272 3.89791 3.69958 3.63591 5.7984 3.62598 4.42371 3.52687 3.50585 3.4996
threshold=40.500000000000007 32.500000000000007 27.500000000000004 2.5000000000000004 2.5000000000000004 6.5000000000000009 4.5000000000000009 13.500000000000002 11.500000000000002 6.5000000000000009 3.5000000000000004 5.5000000000000009 24.500000000000004 14.500000000000002 3.5000000000000004 33.500000000000007 14.500000000000002 1.0000000180025095e-35 15.500000000000002 3.5000000000000004 9.5000000000000018 10.500000000000002 2.5000000000000004 39.500000000000007 10.500000000000002 13.500000000000002 37.500000000000007 3.5000000000000004 9.5000000000000018 18.500000000000004
decision_type=2 2 2 2 2 2 2 2 2 2 2 2 2 2 2 2 2 2 2 2 2 2 2 2 2 2 2 2 2 2
left_child=1 2 3 4 7 12 10 17 16 -10 -7 -12 22 -14 25 21 19 -1 -6 -8 -11 27 -5 24 -23 26 -3 -16 -29 -4
right_child=-2 14 29 5 18 6 8 -9 9 20 11 -13 13 -15 15 -17 -18 -19 -20 -21 -22 23 -24 -25 -26 -27 -28 28 -30 -31
leaf_value=0.024702013566576201 0.0309500401701246 -0.048352088034152987 0.0076005046255886556 0.02131443305900603 0.020984917051938116 0.037293534278869632 -0.040180768423220693 -0.039103221747933369 0.032838651657104492 -0.055094535946846018 -0.040941006667686235 0.011010951686788489 0.020626735900129593 -0.0381410795815137 -0.027324119424819951 -0.003586820144097782 -0.057635866133671887 -0.0066701403474280843 -0.010043978359964159 -0.0053250087224520175 0.0010629561814394866 -0.047398345669110616 -0.010177314052214989 -0.05532896051535735 0.010739591409420145 0.021728291362524035 0.0073895243235996798 0.022442846979413716 -0.027816029216932214 0.027498567325097548
leaf_weight=58 175 24 256 132 245 30 68 41 25 20 33 54 28 49 125 103 53 181 54 65 33 42 52 74 29 48 35 35 23 135
leaf_count=58 175 24 256 132 245 30 68 41 25 20 33 54 28 49 125 103 53 181 54 65 33 42 52 74 29 48 35 35 23 135
internal_value=0 -0.00251919 0.00239172 -0.00147632 0.00556325 -0.00782508 -0.0157917 -0.00492075 -0.0241627 -0.00315188 0.00309696 -0.00869496 0.00380429 -0.016771 -0.0172337 -0.0218396 -0.0329738 0.000943186 0.015381 -0.023146 -0.0201286 -0.0275714 0.0124146 -0.0398181 -0.0236519 0.00131908 -0.015285 -0.0178677 0.0025126 0.0144707
internal_weight=0 2150 1612 1221 579 642 381 280 264 78 117 87 261 77 538 431 186 239 299 133 53 328 184 145 71 107 59 183 58 391
internal_count=2325 2150 1612 1221 579 642 381 280 264 78 117 87 261 77 538 431 186 239 299 133 53 328 184 145 71 107 59 183 58 391
shrinkage=0.1


Tree=9
num_leaves=31
num_cat=0
split_feature=0 2 1 8 3 13 0 6 6 0 2 1 1 15 15 14 15 13 0 3 0 2 11 7 14 15 15 3 3 0
split_gain=14.9065 12.116 6.16584 5.95823 4.89938 4.80916 4.80235 4.06131 4.99956 3.72016 3.53289 3.29628 3.27889 4.32535 3.26283 6.67731 6.35049 3.05823 5.09793 4.30211 4.65086 3.32139 5.32556 3.25585 3.53136 3.14443 3.52601 3.01433 4.6295 4.39809
threshold=41.500000000000007 27.500000000000004 4.5000000000000009 42.500000000000007 22.500000000000004 1.0000000180025095e-35 20.500000000000004 1.5000000000000002 4.5000000000000009 20.500000000000004 38.500000000000007 1.5000000000000002 2.5000000000000004 9.5000000000000018 8.5000000000000018 6.5000000000000009 11.500000000000002 16.500000000000004 25.500000000000004 14.500000000000002 16.500000000000004 29.500000000000004 2.5000000000000004 8.5000000000000018 8.5000000000000018 12.500000000000002 20.500000000000004 1.0000000180025095e-35 2.5000000000000004 17.500000000000004
decision_type=2 2 2 2 2 2 2 2 2 2 2 2 2 2 2 2 2 2 2 2 2 2 2 2 2 2 2 2 2 2
left_child=1 3 -3 4 6 -4 12 9 17 -7 -11 -6 13 -1 -8 -16 -17 18 19 20 -9 -19 -23 24 -20 -22 -27 29 -29 -14
right_child=-2 2 5 -5 11 7 14 8 -10 10 -12 -13 27 -15 15 16 -18 21 23 -21 25 22 -24 -25 -26 26 -28 28 -30 -31
leaf_value=0.01325475562021928 0.030933448672294618 -0.021827425394790718 0.041198967126282779 0.037294241728690954 -0.055311286449432374 -0.054245315392812091 0.019387357570524292 0.033347481839797077 -0.037581090024999673 0.0043247343434227835 -0.043853311694186665 -0.005680140294134617 0.025530080209698592 -0.023866226866438585 0.030084574520587923 -0.038401357764783116 0.00403804194848269 0.023107743940570139 0.028934060308066285 -0.045370499206625899 -0.026382587850093842 -0.059860720038414007 -0.0068231060718878722 0.033990646766710889 -0.027106436309607136 0.034757747888565067 -0.021575233042240145 -0.056659087964466642 -0.0081523241618504903 -0.024777285337448121
leaf_weight=207 146 332 22 52 23 30 254 34 37 45 23 32 57 37 70 46 151 22 22 23 52 25 78 79 23 25 20 21 312 25
leaf_count=207 146 332 22 52 23 30 254 34 37 45 23 32 57 37 70 46 151 22 22 23 52 25 78 79 23 25 20 21 312 25
internal_value=0 -0.00207264 -0.0110295 0.00413525 0.00273908 -0.00462794 0.00409889 -0.0065019 -0.00240148 -0.024912 -0.0119708 -0.026435 -0.00157344 0.00762575 0.0112737 0.00355506 -0.00587167 0.000828412 0.00666978 -0.00548158 0.00152182 -0.0121628 -0.0196963 0.021761 0.00029114 -0.00963356 0.00972087 -0.00698213 -0.0112113 0.0101925
internal_weight=0 2179 892 1287 1235 560 1180 538 440 98 68 55 659 244 521 267 197 403 278 154 131 125 103 124 45 97 45 415 333 82
internal_count=2325 2179 892 1287 1235 560 1180 538 440 98 68 55 659 244 521 267 197 403 278 154 131 125 103 124 45 97 45 415 333 82
shrinkage=0.1


Tree=10
num_leaves=31
num_cat=0
split_feature=0 2 14 5 15 11 0 14 8 1 2 15 1 13 0 14 2 9 9 13 14 1 11 0 8 7 3 6 3 7
split_gain=12.5374 11.423 6.0125 5.67304 6.21507 7.23076 6.22778 5.22958 5.17111 4.59001 5.07938 4.96056 4.14549 4.56624 3.76292 4.72505 4.31941 3.68072 4.89047 4.51404 4.33839 4.18379 4.85501 4.62138 3.59729 3.45994 3.48921 3.44343 3.25701 3.42445
threshold=33.500000000000007 33.500000000000007 10.500000000000002 2.5000000000000004 6.5000000000000009 2.5000000000000004 13.500000000000002 8.5000000000000018 44.500000000000007 8.5000000000000018 15.500000000000002 13.500000000000002 9.5000000000000018 10.500000000000002 41.500000000000007 9.5000000000000018 31.500000000000004 3.5000000000000004 9.5000000000000018 13.500000000000002 10.500000000000002 14.500000000000002 2.5000000000000004 14.500000000000002 18.500000000000004 13.500000000000002 11.500000000000002 2.5000000000000004 3.5000000000000004 11.500000000000002
decision_type=2 2 2 2 2 2 2 2 2 2 2 2 2 2 2 2 2 2 2 2 2 2 2 2 2 2 2 2 2 2
left_child=1 3 28 17 7 6 -6 -5 9 -7 -11 -12 -4 -14 15 -2 -17 20 -19 21 -1 22 23 -20 -13 26 -18 -24 29 -3
right_child=14 2 12 4 5 8 -8 -9 -10 10 11 24 13 -15 -16 16 25 18 19 -21 -22 -23 27 -25 -26 -27 -28 -29 -30 -31
leaf_value=-0.0083386919328144616 -0.0097192856097462199 -0.011963453640540441 -0.047792378197545594 0.032646648251804813 -0.025473115841547652 -0.027242761388901745 0.02026549323007118 0.0071580281842344162 0.031607603073120119 0.041078281013861948 0.011019706543611021 -0.060405889749526979 0.0067691200971603388 -0.043911334872245793 0.027840101718902589 0.028234817832708359 0.0068369859740847645 0.0050403092261199116 -0.030348871222564151 -0.037823490942678145 -0.052833882470925658 0.030638350660984331 -0.06418573545912902 0.019714154413452856 -0.0049617748368870132 0.016320646888223187 -0.051525099873542791 -0.014713192161391764 -0.014997024928467185 0.041456683476765954
leaf_weight=56 99 24 92 116 36 155 172 263 25 23 49 25 40 32 146 132 21 273 28 62 36 26 24 54 22 58 20 34 158 24
leaf_count=56 99 24 92 116 36 155 172 263 25 23 49 25 40 32 146 132 21 273 28 62 36 26 24 54 22 58 20 34 158 24
internal_value=0 -0.00372586 -0.0194405 0.00020546 0.00527227 -0.00196912 0.0123492 0.0149593 -0.0119297 -0.0159021 -0.00113059 -0.0112431 -0.0337274 -0.0157555 0.0144729 0.00855897 0.0163925 -0.00736484 -0.00398875 -0.0147999 -0.0257499 -0.00620068 -0.0130422 0.00261946 -0.0344533 0.00060275 -0.0216323 -0.0351846 -0.00806647 0.0147466
internal_weight=0 1849 370 1479 886 507 208 379 299 274 119 96 164 72 476 330 231 593 501 228 92 166 140 82 47 99 41 58 206 48
internal_count=2325 1849 370 1479 886 507 208 379 299 274 119 96 164 72 476 330 231 593 501 228 92 166 140 82 47 99 41 58 206 48
shrinkage=0.1


Tree=11
num_leaves=31
num_cat=0
split_feature=0 2 14 5 4 15 2 7 0 11 14 3 1 13 3 9 15 13 8 11 0 1 0 14 2 7 7 15 9 6
split_gain=10.1553 9.25263 4.87012 4.59516 5.79499 6.22343 7.74394 4.82007 5.44345 4.72564 4.48832 4.10444 3.35785 3.69865 3.3092 4.34189 4.17446 3.61084 4.68593 3.71127 3.47066 3.0832 3.04797 3.82729 3.49872 3.09984 3.16022 2.98403 3.06686 2.9352
threshold=33.500000000000007 33.500000000000007 10.500000000000002 2.5000000000000004 1.0000000180025095e-35 6.5000000000000009 16.500000000000004 13.500000000000002 27.500000000000004 3.5000000000000004 8.5000000000000018 5.5000000000000009 9.5000000000000018 10.500000000000002 9.5000000000000018 6.5000000000000009 13.500000000000002 9.5000000000000018 18.500000000000004 2.5000000000000004 16.500000000000004 16.500000000000004 41.500000000000007 9.5000000000000018 31.500000000000004 22.500000000000004 4.5000000000000009 3.5000000000000004 6.5000000000000009 1.5000000000000002
decision_type=2 2 2 2 2 2 2 2 2 2 2 2 2 2 2 2 2 2 2 2 2 2 2 2 2 2 2 2 2 2
left_child=1 3 -3 14 -5 10 -7 11 9 -9 -6 -8 -4 21 17 -16 -17 27 19 20 -19 -14 23 25 -25 26 -2 28 -1 -29
right_child=22 2 12 4 5 6 7 8 -10 -11 -12 -13 13 -15 15 16 -18 18 -20 -21 -22 -23 -24 24 -26 -27 -28 29 -30 -31
leaf_value=-0.037985968810540664 -0.030577460527420042 -0.0072598213130987965 -0.043013140073289047 -0.030217355026139155 0.033350855735215276 0.020393528730150254 0.017767274552999542 -0.018230140438446632 0.011538932428640479 -0.062621723978142987 0.0091551286311960037 -0.010436167250307956 0.033855506628751753 -0.039520201832056047 -0.041829661265859068 0.00042938581921837544 -0.044124621382126444 -0.029801447432616663 0.020594423483399786 -0.03695219457149506 0.016402403728382007 -0.02167109027504921 0.025056090950965882 0.02541133637229602 0.00054247469613046364 -0.035583251516024275 0.016593028817858017 -0.022849354289826894 0.012312176823616029 0.016858226333449529
leaf_weight=27 20 206 92 45 110 126 86 65 34 38 253 129 20 32 53 110 26 29 34 70 37 20 146 132 99 30 49 21 22 164
leaf_count=27 20 206 92 45 110 126 86 65 34 38 253 129 20 32 53 110 26 29 34 70 37 20 146 132 99 30 49 21 22 164
internal_value=0 -0.00335327 -0.0174965 0.000184914 0.00474504 0.0066158 -0.000880662 -0.00849585 -0.0231552 -0.0346076 0.0164872 0.000845209 -0.0303547 -0.01418 -0.00662836 -0.0175502 -0.00808829 -0.0015189 -0.0126106 -0.0209118 -0.00389929 0.00609221 0.0130256 0.00770307 0.0147533 -0.00874736 0.00292042 0.00653914 -0.0154031 0.0123509
internal_weight=0 1849 370 1479 886 841 478 352 137 103 363 215 164 72 593 189 136 404 170 136 66 40 476 330 231 99 69 234 49 185
internal_count=2325 1849 370 1479 886 841 478 352 137 103 363 215 164 72 593 189 136 404 170 136 66 40 476 330 231 99 69 234 49 185
shrinkage=0.1


Tree=12
num_leaves=31
num_cat=0
split_feature=0 2 14 14 5 15 4 1 0 2 1 7 13 1 5 0 4 15 3 3 15 7 8 9 8 14 7 12 6 13
split_gain=8.22576 7.49463 3.9448 3.93049 3.87511 4.30203 4.20314 3.11713 3.08967 3.16989 2.888 3.85088 2.85885 3.14059 2.81584 5.34548 2.72369 4.03886 2.68566 2.67801 3.31437 2.67705 3.66604 2.66089 2.57741 2.56582 2.68048 2.54386 6.83513 4.30366
threshold=33.500000000000007 33.500000000000007 10.500000000000002 4.5000000000000009 3.5000000000000004 23.500000000000004 1.0000000180025095e-35 11.500000000000002 11.500000000000002 16.500000000000004 4.5000000000000009 22.500000000000004 10.500000000000002 9.5000000000000018 3.5000000000000004 27.500000000000004 1.5000000000000002 4.5000000000000009 7.5000000000000009 15.500000000000002 5.5000000000000009 30.500000000000004 37.500000000000007 12.500000000000002 20.500000000000004 20.500000000000004 7.5000000000000009 1.5000000000000002 2.5000000000000004 10.500000000000002
decision_type=2 2 2 2 2 2 2 2 2 2 2 2 2 2 2 2 2 2 2 2 2 2 2 2 2 2 2 2 2 2
left_child=1 3 14 7 5 6 -5 -1 18 -10 11 19 13 -4 16 -16 -3 -18 -6 20 -2 22 24 -19 -11 26 -12 28 -8 -29
right_child=10 2 12 4 8 -7 27 -9 9 21 25 -13 -14 -15 15 -17 17 23 -20 -21 -22 -23 -24 -25 -26 -27 -28 29 -30 -31
leaf_value=0.005085134026480885 0.042810065448284154 0.015689445018768313 -0.03194627335258559 -0.043411998106883121 0.0041314384766987398 -0.031799401166075374 -0.0078053228118840391 0.030365691520273685 0.028824236022459496 0.0088210053290381576 -0.013759873407643017 -0.026863831510910621 -0.042060409792482038 0.0054829865694046021 -0.0095166368143899116 0.052274946655545919 0.018000270290808244 -0.017174188552364227 -0.043176626023792089 -0.013434842272716411 0.00042139494266265481 -0.025984191894531251 0.045322515070438385 -0.051984950549462262 -0.02680456538995107 0.026286428099678412 0.015485925423471551 0.00076486776704373573 0.043888695210945322 -0.016037360565704213
leaf_weight=205 35 25 51 26 28 59 68 64 74 132 41 39 73 40 42 21 22 62 21 34 39 25 24 34 24 155 133 460 41 228
leaf_count=205 35 25 51 26 28 59 68 64 74 132 41 39 73 40 42 21 22 62 21 34 39 25 24 34 24 155 133 460 41 228
internal_value=0 -0.00301795 -0.0157468 0.000166423 -0.00226423 -0.00571528 -0.00384534 0.0110998 0.00701574 0.0110831 0.0117231 7.01539e-05 -0.0273192 -0.0154939 -0.00653384 0.0110806 -0.014294 -0.0206465 -0.0161434 0.00979632 0.0204701 0.00467902 0.0089378 -0.029503 0.00334015 0.0169297 0.00859467 -0.00255459 0.0116392 -0.00480331
internal_weight=0 1849 370 1479 1210 882 823 269 328 279 476 147 164 91 206 63 143 118 49 108 74 205 180 96 156 329 174 797 109 688
internal_count=2325 1849 370 1479 1210 882 823 269 328 279 476 147 164 91 206 63 143 118 49 108 74 205 180 96 156 329 174 797 109 688
shrinkage=0.1


Tree=13
num_leaves=31
num_cat=0
split_feature=0 2 8 15 15 1 15 0 9 3 1 2 11 7 7 3 15 3 13 15 2 0 0 7 4 0 8 14 8 3
split_gain=7.04637 6.60129 4.59499 4.52703 4.55556 4.41471 3.5474 3.47519 3.33086 3.2195 3.31174 3.78364 3.53185 3.16441 3.64776 4.35626 7.31644 4.26064 4.73322 3.67551 2.95908 3.57098 3.48053 3.41306 2.86851 2.78957 4.1705 2.77939 3.23483 3.44426
threshold=41.500000000000007 23.500000000000004 42.500000000000007 4.5000000000000009 3.5000000000000004 8.5000000000000018 16.500000000000004 20.500000000000004 23.500000000000004 24.500000000000004 3.5000000000000004 32.500000000000007 3.5000000000000004 34.500000000000007 14.500000000000002 10.500000000000002 14.500000000000002 12.500000000000002 5.5000000000000009 6.5000000000000009 40.500000000000007 29.500000000000004 12.500000000000002 13.500000000000002 1.0000000180025095e-35 16.500000000000004 20.500000000000004 6.5000000000000009 27.500000000000004 5.5000000000000009
decision_type=2 2 2 2 2 2 2 2 2 2 2 2 2 2 2 2 2 2 2 2 2 2 2 2 2 2 2 2 2 2
left_child=1 2 7 4 20 6 -5 8 24 10 12 -12 -8 14 15 16 19 -17 -19 -7 21 22 -3 -24 -1 -16 -27 -9 29 -29
right_child=-2 3 -4 5 -6 13 9 27 -10 -11 11 -13 -14 -15 25 17 -18 18 -20 -21 -22 -23 23 -25 -26 26 -28 28 -30 -31
leaf_value=-0.033874749392271045 0.021267842276863857 0.026220005393028264 0.037832817807793621 -0.022293471547245619 0.025933550378760779 -0.010096040844917298 0.042225610758319043 0.027296086458059463 -0.035510486364364623 -0.036330375075340274 0.0099107174202799804 -0.042010789513587957 -0.0095010481097481461 -0.024745288595818638 -0.020901059508323671 -0.057540805523212141 -0.022763794263203938 0.031115153729915621 -0.025557863605873928 0.035120112355798483 -0.035966437061627707 0.02329317443775681 -0.027495578258004905 0.010487351162093027 0.0015203231908231375 0.003485180481391795 0.041753069965206849 0.024629738896163472 -0.027570727009039661 0.0015512242298765281
leaf_weight=24 146 25 40 329 74 25 33 78 28 24 32 25 22 57 20 26 60 20 56 64 24 53 73 35 498 68 49 97 26 194
leaf_count=24 146 25 40 329 74 25 33 78 28 24 32 25 22 57 20 26 60 20 56 64 24 53 73 35 498 68 49 97 26 194
internal_value=0 -0.00142501 0.00463495 -0.00642423 0.00459791 -0.0098641 -0.0166778 0.00322975 -0.00190939 -0.00309289 0.00402942 -0.0128619 0.0215349 -0.00274416 0.000487969 -0.00667546 0.00422455 -0.022598 -0.0106439 0.0224189 -0.00292036 0.00134365 -0.00740316 -0.0151863 -0.000107036 0.0136122 0.0195119 0.0103855 0.00622455 0.00924406
internal_weight=0 2179 985 1194 284 910 465 945 550 136 112 57 55 445 388 251 149 102 76 89 210 186 133 108 522 137 117 395 317 291
internal_count=2325 2179 985 1194 284 910 465 945 550 136 112 57 55 445 388 251 149 102 76 89 210 186 133 108 522 137 117 395 317 291
shrinkage=0.1


Tree=14
num_leaves=31
num_cat=0
split_feature=0 2 6 15 1 8 9 9 3 0 14 1 15 3 2 7 11 4 0 13 1 14 9 14 10 15 15 13 0 0
split_gain=5.70756 5.34705 4.19516 4.19835 3.99567 3.72194 3.16138 4.97731 4.7328 3.94827 3.24596 3.01405 2.96005 4.29933 4.29805 2.95176 3.11863 2.86271 2.8149 2.76298 2.7167 2.76928 2.698 2.65476 3.07739 2.53987 5.6267 4.87963 3.20772 3.02709
threshold=41.500000000000007 23.500000000000004 4.5000000000000009 4.5000000000000009 7.5000000000000009 42.500000000000007 12.500000000000002 9.5000000000000018 2.5000000000000004 24.500000000000004 9.5000000000000018 8.5000000000000018 16.500000000000004 24.500000000000004 24.500000000000004 12.500000000000002 2.5000000000000004 2.5000000000000004 20.500000000000004 15.500000000000002 1.0000000180025095e-35 6.5000000000000009 23.500000000000004 3.5000000000000004 2.5000000000000004 14.500000000000002 12.500000000000002 8.5000000000000018 24.500000000000004 15.500000000000002
decision_type=2 2 2 2 2 2 2 2 2 2 2 2 2 2 2 2 2 2 2 2 2 2 2 2 2 2 2 2 2 2
left_child=1 5 3 6 -4 18 7 8 -3 -10 -8 12 14 23 -5 16 17 -16 22 -18 -20 -22 -1 -14 -25 26 27 28 -13 -27
right_child=-2 2 4 11 -6 -7 10 -9 9 -11 -12 25 13 -15 15 -17 19 -19 20 -21 21 -23 -24 24 -26 29 -28 -29 -30 -31
leaf_value=-9.6332747132385377e-05 0.019141057735844836 0.03564025240066724 -0.063748102991477304 0.025065069539206369 -0.012700381745462834 0.034049535878002649 0.048208494881788889 -0.039452676937497898 -0.0234039534221996 0.016536753310097588 0.0088931847470147263 -0.0014848368167877197 0.040737299919128417 -0.039779003806736157 -0.010174696466752462 -0.035017062403331294 -0.032586595217386882 0.033899707198143003 -0.006373036150322405 0.0069468983195044784 0.031887112580465553 0.0087884023846912778 -0.031959437578916554 0.016553333827427456 -0.0219546790752146 -0.04718258738517761 0.042272971187319076 -0.015847119660872332 0.036002308414095928 -0.0059183443244546653
leaf_weight=522 146 39 23 21 46 40 30 29 55 45 70 50 20 23 56 107 90 20 86 22 66 243 28 49 36 20 35 106 42 160
leaf_count=522 146 39 23 21 46 40 30 29 55 45 70 50 20 23 56 107 90 20 86 22 66 243 28 49 36 20 35 106 42 160
internal_value=0 -0.00128251 -0.00578181 -0.00431382 -0.0297163 0.00417145 0.00661029 -0.00176917 0.00609285 -0.00543064 0.0206878 -0.00773 -0.0134496 -0.000620517 -0.0186462 -0.0217579 -0.0142114 0.00142383 0.00290677 -0.0248211 0.00934696 0.0137221 -0.00171845 0.00795706 0.000244058 -0.00158105 0.00531165 -0.00122192 0.0156289 -0.0105033
internal_weight=0 2179 1194 1125 69 985 268 168 139 100 100 857 444 128 316 295 188 76 945 112 395 309 550 105 85 413 233 198 92 180
internal_count=2325 2179 1194 1125 69 985 268 168 139 100 100 857 444 128 316 295 188 76 945 112 395 309 550 105 85 413 233 198 92 180
shrinkage=0.1


Tree=15
num_leaves=31
num_cat=0
split_feature=0 2 14 11 12 3 1 8 3 8 2 0 7 14 13 7 14 15 12 2 0 3 13 6 9 13 1 8 7 2
split_gain=4.88791 4.57691 3.87711 3.01601 4.94273 2.96805 4.05107 3.55703 2.93343 2.92358 2.95661 4.45941 3.80607 3.3838 5.46296 3.02371 2.77425 4.40587 6.44234 3.8455 3.71937 3.32895 2.92569 3.95953 4.12142 3.02831 2.73372 2.56795 2.72174 2.44478
threshold=33.500000000000007 32.500000000000007 4.5000000000000009 2.5000000000000004 4.5000000000000009 13.500000000000002 11.500000000000002 22.500000000000004 3.5000000000000004 20.500000000000004 12.500000000000002 23.500000000000004 14.500000000000002 8.5000000000000018 10.500000000000002 12.500000000000002 18.500000000000004 10.500000000000002 3.5000000000000004 12.500000000000002 27.500000000000004 16.500000000000004 6.5000000000000009 1.5000000000000002 7.5000000000000009 3.5000000000000004 1.5000000000000002 16.500000000000004 6.5000000000000009 20.500000000000004
decision_type=2 2 2 2 2 2 2 2 2 2 2 2 2 2 2 2 2 2 2 2 2 2 2 2 2 2 2 2 2 2
left_child=1 2 -1 5 16 7 26 9 -3 10 -4 13 -13 -12 15 27 20 19 -19 -18 21 22 23 -5 25 -25 -7 28 -15 -28
right_child=-2 8 3 4 -6 6 -8 -9 -10 -11 11 12 -14 14 -16 -17 17 18 -20 -21 -22 -23 -24 24 -26 -27 29 -29 -30 -31
leaf_value=0.011504135327413678 0.00903680903383163 0.004749722008047433 0.031946643532776257 -0.039130054769061867 -0.053244294497099789 -0.022237297892570496 -0.038439496772156828 0.037092045593906095 -0.015904824299419799 -0.032606139481067657 0.013094511662804804 0.040869555059744392 -0.010897105112671853 0.026659517765045167 -0.041981112749077558 0.0270770925283432 -0.022711270178357761 -0.043404025780527218 0.023650925574095354 0.021077937351875617 0.014527213844386015 -0.043661298896327166 -0.01828290483494497 0.0048679490174566003 -0.0098390204984633647 0.051805532530502046 -0.0060130280944017261 -0.036795161008834835 -0.016052348710395195 0.037352865361250369
leaf_weight=256 476 87 41 21 22 30 36 37 328 20 86 49 20 25 43 30 24 38 23 122 55 33 193 28 61 27 26 25 37 26
leaf_count=256 476 87 41 21 22 30 36 37 328 20 86 49 20 25 43 30 24 38 23 122 55 33 193 28 61 27 26 25 37 26
internal_value=0 -0.0023264 0.000350094 -0.00207387 -0.00665781 0.00351145 -0.0104755 0.00750772 -0.0115748 0.00459649 0.00668653 0.0033987 0.0258647 -0.00290274 -0.0115013 -0.000299275 -0.00501797 0.00444955 -0.018121 0.0138797 -0.00970643 -0.0133782 -0.0103499 0.000825843 0.00805924 0.02791 0.00180142 -0.0097394 0.00117018 0.0156699
internal_weight=0 1849 1434 1178 647 531 118 413 415 376 356 315 69 246 160 117 625 207 61 146 418 363 330 137 116 55 82 87 62 52
internal_count=2325 1849 1434 1178 647 531 118 413 415 376 356 315 69 246 160 117 625 207 61 146 418 363 330 137 116 55 82 87 62 52
shrinkage=0.1


end of trees

feature_importances:
Column_0=68
Column_2=51
Column_3=49
Column_1=46
Column_15=46
Column_7=35
Column_14=35
Column_13=28
Column_8=22
Column_9=21
Column_6=18
Column_11=18
Column_5=15
Column_4=12
Column_10=8
Column_12=8

parameters:
[boosting: gbdt]
[objective: regression]
[metric: l2]
[tree_learner: serial]
[device_type: cpu]
[data: ]
[valid: ]
[num_iterations: 10000]
[learning_rate: 0.1]
[num_leaves: 31]
[num_threads: 0]
[deterministic: 0]
[force_col_wise: 0]
[force_row_wise: 0]
[histogram_pool_size: -1]
[max_depth: -1]
[min_data_in_leaf: 20]
[min_sum_hessian_in_leaf: 0.001]
[bagging_fraction: 1]
[pos_bagging_fraction: 1]
[neg_bagging_fraction: 1]
[bagging_freq: 0]
[bagging_seed: 3]
[feature_fraction: 1]
[feature_fraction_bynode: 1]
[feature_fraction_seed: 2]
[extra_trees: 0]
[extra_seed: 6]
[early_stopping_round: 10]
[first_metric_only: 0]
[max_delta_step: 0]
[lambda_l1: 0]
[lambda_l2: 0]
[min_gain_to_split: 0]
[drop_rate: 0.1]
[max_drop: 50]
[skip_drop: 0.5]
[xgboost_dart_mode: 0]
[uniform_drop: 0]
[drop_seed: 4]
[top_rate: 0.2]
[other_rate: 0.1]
[min_data_per_group: 100]
[max_cat_threshold: 32]
[cat_l2: 10]
[cat_smooth: 10]
[max_cat_to_onehot: 4]
[top_k: 20]
[monotone_constraints: ]
[monotone_constraints_method: basic]
[monotone_penalty: 0]
[feature_contri: ]
[forcedsplits_filename: ]
[refit_decay_rate: 0.9]
[cegb_tradeoff: 1]
[cegb_penalty_split: 0]
[cegb_penalty_feature_lazy: ]
[cegb_penalty_feature_coupled: ]
[path_smooth: 0]
[interaction_constraints: ]
[verbosity: 1]
[saved_feature_importance_type: 0]
[max_bin: 255]
[max_bin_by_feature: ]
[min_data_in_bin: 3]
[bin_construct_sample_cnt: 200000]
[data_random_seed: 1]
[is_enable_sparse: 1]
[enable_bundle: 1]
[use_missing: 1]
[zero_as_missing: 0]
[feature_pre_filter: 1]
[pre_partition: 0]
[two_round: 0]
[header: 0]
[label_column: ]
[weight_column: ]
[group_column: ]
[ignore_column: ]
[categorical_feature: ]
[forcedbins_filename: ]
[objective_seed: 5]
[num_class: 1]
[is_unbalance: 0]
[scale_pos_weight: 1]
[sigmoid: 1]
[boost_from_average: 1]
[reg_sqrt: 0]
[alpha: 0.9]
[fair_c: 1]
[poisson_max_delta_step: 0.7]
[tweedie_variance_power: 1.5]
[lambdarank_truncation_level: 30]
[lambdarank_norm: 1]
[label_gain: ]
[eval_at: ]
[multi_error_top_k: 1]
[auc_mu_weights: ]
[num_machines: 1]
[local_listen_port: 12400]
[time_out: 120]
[machine_list_filename: ]
[machines: ]
[gpu_platform_id: -1]
[gpu_device_id: -1]
[gpu_use_dp: 0]
[num_gpu: 1]

end of parameters

pandas_categorical:null
