tree
version=v3
num_class=1
num_tree_per_iteration=1
label_index=0
max_feature_idx=15
objective=regression
feature_names=Column_0 Column_1 Column_2 Column_3 Column_4 Column_5 Column_6 Column_7 Column_8 Column_9 Column_10 Column_11 Column_12 Column_13 Column_14 Column_15
feature_infos=[1:49] [0:51] [1:49] [0:53] [0:7] [0:7] [0:7] [0:207] [0:126] [5:154] [0:7] [0:7] [0:7] [0:121] [0:107] [0:116]
tree_sizes=2752 2736 2735 2746 2745 2735 2751 2755 2745

Tree=0
num_leaves=31
num_cat=0
split_feature=2 6 0 3 0 2 8 1 0 0 13 3 15 10 13 3 11 7 1 9 14 11 8 14 8 0 11 13 9 2
split_gain=33.8699 29.3793 17.5583 15.9876 14.7904 10.8624 13.8126 9.1946 7.90711 7.80569 7.63245 8.92031 7.40548 7.39555 6.839 6.70708 6.65257 6.06501 5.28324 6.16452 4.90425 4.81625 5.318 4.83246 4.56625 4.7003 8.23091 4.30258 4.28941 4.1472
threshold=25.500000000000004 2.5000000000000004 29.500000000000004 8.5000000000000018 20.500000000000004 38.500000000000007 5.5000000000000009 12.500000000000002 17.500000000000004 39.500000000000007 6.5000000000000009 5.5000000000000009 10.500000000000002 1.5000000000000002 10.500000000000002 1.0000000180025095e-35 2.5000000000000004 15.500000000000002 10.500000000000002 8.5000000000000018 3.5000000000000004 2.5000000000000004 17.500000000000004 6.5000000000000009 11.500000000000002 17.500000000000004 2.5000000000000004 8.5000000000000018 6.5000000000000009 20.500000000000004
decision_type=2 2 2 2 2 2 2 2 2 2 2 2 2 2 2 2 2 2 2 2 2 2 2 2 2 2 2 2 2 2
left_child=1 4 3 14 7 6 27 12 15 13 11 -6 24 -8 20 -3 -13 -15 19 -17 -2 -16 23 -23 -1 26 -26 -4 -10 -14
right_child=2 8 5 -5 10 -7 9 -9 28 -11 -12 16 29 17 21 18 -18 -19 -20 -21 -22 22 -24 -25 25 -27 -28 -29 -30 -31
leaf_value=-0.030858303905392528 0.0014654049038314507 0.023455552104542705 -0.020258732451709914 -0.06984206446118546 0.040709007868680362 -0.050258731656981318 0.042048958205392235 -0.094606556569121647 -0.011549055263082732 0.044026980131014519 -0.019089901313842195 0.018312695097924749 -0.038258731974872756 -0.032100837401159155 -0.026925398941770227 0.0071325711704944145 -0.052658731593403028 0.023074599733682116 0.018312695097924749 -0.052986004312005994 -0.033115874968254799 -0.076925397617222571 -0.092258730544361289 -0.020258732451709914 0.011884123839652302 0.021092617804204725 -0.067058731211933315 -0.075420021313015395 0.017084550141120459 -0.095858730448993845
leaf_weight=467 58 35 26 216 62 81 26 23 62 42 154 28 25 76 54 23 25 27 21 66 140 27 40 34 28 37 25 31 335 25
leaf_count=467 58 35 26 216 62 81 26 23 62 42 154 28 25 76 54 23 25 27 21 66 140 27 40 34 28 37 25 31 335 25
internal_value=-0.0225097 -0.0130762 -0.0379922 -0.0484134 -0.0241631 -0.0188024 -0.00762715 -0.0325444 0.00531322 0.00658337 -0.00453383 0.0149587 -0.0301928 -0.00560757 -0.0353012 -0.0146725 -0.0151644 -0.0176374 -0.0268042 -0.0374497 -0.022986 -0.0510329 -0.0639221 -0.0453407 -0.0268835 -0.00625873 -0.0253531 -0.0502587 0.0126128 -0.0670587
internal_weight=0 1441 878 569 899 309 228 630 542 171 269 115 607 129 353 145 53 103 110 89 198 155 101 61 557 90 53 57 397 50
internal_count=2319 1441 878 569 899 309 228 630 542 171 269 115 607 129 353 145 53 103 110 89 198 155 101 61 557 90 53 57 397 50
shrinkage=1


Tree=1
num_leaves=31
num_cat=0
split_feature=2 0 3 0 6 2 7 13 8 8 15 2 10 2 9 1 9 6 3 0 14 0 0 6 4 0 2 1 3 0
split_gain=27.4346 24.3563 14.715 12.6515 12.2052 10.993 11.7399 9.29776 7.07653 6.59271 7.7439 8.43579 6.00281 5.99093 5.4648 5.25651 4.98653 4.79356 4.59385 4.59297 5.67032 6.2015 5.29014 5.234 4.27926 4.96996 5.40175 4.01801 4.17272 6.39529
threshold=25.500000000000004 23.500000000000004 8.5000000000000018 28.500000000000004 2.5000000000000004 38.500000000000007 11.500000000000002 4.5000000000000009 9.5000000000000018 14.500000000000002 7.5000000000000009 13.500000000000002 1.0000000180025095e-35 43.500000000000007 16.500000000000004 8.5000000000000018 11.500000000000002 3.5000000000000004 13.500000000000002 39.500000000000007 1.5000000000000002 10.500000000000002 17.500000000000004 1.5000000000000002 2.5000000000000004 26.500000000000004 30.500000000000004 13.500000000000002 1.0000000180025095e-35 17.500000000000004
decision_type=2 2 2 2 2 2 2 2 2 2 2 2 2 2 2 2 2 2 2 2 2 2 2 2 2 2 2 2 2 2
left_child=1 4 7 -4 9 6 18 17 -8 10 -1 -12 -3 19 -14 -11 -13 -2 -5 20 -9 -22 -23 -24 25 26 -25 28 -6 -30
right_child=2 12 3 5 27 -7 8 13 -10 15 11 16 14 -15 -16 -17 -18 -19 -20 -21 21 22 23 24 -26 -27 -28 -29 29 -31
leaf_value=-0.00410843289080467 0.0092761421203613279 0.075489746861987644 -0.046299376601900033 -0.059583197534084323 0.036140854320218484 -0.048359044055853576 0.0099513736863931015 0.026143176304666622 0.08757423862167027 0.0057985371664950724 0.02920677125453949 -0.031135836588708977 0.019166939566797176 -0.047972978995396542 0.04714960593926279 0.065384181737899782 -0.083970500664277525 0.055771303375562034 0.0073830221380506243 0.026652477238629315 0.039176249504089357 -0.059720454045704432 -0.057641820430755622 0.0099162690150432099 -0.026800753847583309 0.019229707605129966 -0.042069924604601981 0.050051582582069168 -0.012488116492930149 0.021671365083210051
leaf_weight=524 85 27 201 20 62 42 24 38 23 57 20 95 263 39 95 20 22 30 21 37 20 28 25 39 91 74 41 33 97 126
leaf_count=524 85 27 201 20 62 42 24 38 23 57 20 95 263 39 95 20 22 30 21 37 20 28 25 39 91 74 41 33 97 126
internal_value=0 0.00849013 -0.0139343 -0.0305765 0.000640096 -0.00626661 0.013823 -0.00386371 0.047937 -0.00641699 -0.00964287 -0.0308111 0.0300217 -0.0105904 0.0265925 0.0212753 -0.0410706 0.0214053 -0.0252834 -0.0068807 -0.0103659 -0.0147286 -0.0183464 -0.0140557 -0.00960817 0.000551078 -0.0167267 0.0170179 0.0131929 0.00681276
internal_weight=0 1441 878 331 1056 130 88 547 47 738 661 137 385 432 358 77 117 115 41 393 356 318 298 270 245 154 80 318 285 223
internal_count=2319 1441 878 331 1056 130 88 547 47 738 661 137 385 432 358 77 117 115 41 393 356 318 298 270 245 154 80 318 285 223
shrinkage=0.1


Tree=2
num_leaves=31
num_cat=0
split_feature=2 0 3 0 6 2 7 13 3 8 8 2 15 9 2 13 0 0 14 15 7 9 0 3 7 7 0 4 0 1
split_gain=22.2221 19.7286 11.9192 10.2477 9.88619 8.90437 9.50931 7.89769 6.21119 6.65513 5.73199 5.60618 8.08819 5.46075 5.95694 5.53218 5.37885 4.45117 3.99667 3.96202 3.77842 7.38661 3.9744 3.72102 3.67903 5.20113 4.10074 7.60144 7.42432 4.96845
threshold=25.500000000000004 23.500000000000004 8.5000000000000018 28.500000000000004 2.5000000000000004 38.500000000000007 11.500000000000002 10.500000000000002 9.5000000000000018 17.500000000000004 9.5000000000000018 14.500000000000002 10.500000000000002 6.5000000000000009 17.500000000000004 9.5000000000000018 23.500000000000004 39.500000000000007 14.500000000000002 8.5000000000000018 9.5000000000000018 9.5000000000000018 18.500000000000004 13.500000000000002 28.500000000000004 18.500000000000004 26.500000000000004 2.5000000000000004 14.500000000000002 2.5000000000000004
decision_type=2 2 2 2 2 2 2 2 2 2 2 2 2 2 2 2 2 2 2 2 2 2 2 2 2 2 2 2 2 2
left_child=1 4 7 -4 8 6 23 16 9 11 -8 -1 20 15 -15 -3 -2 24 -18 -10 -13 22 -22 -5 25 26 28 29 -9 -28
right_child=2 13 3 5 -6 -7 10 17 19 -11 -12 12 -14 14 -16 -17 18 -19 -20 -21 21 -23 -24 -25 -26 -27 27 -29 -30 -31
leaf_value=0.02991524474187331 -0.0058398273396999285 0.025066690542259996 -0.04166943682960017 -0.053624877631664285 0.015316074692978049 -0.043523139967804866 0.0089562368889649704 0.016580233687446232 -0.011483267013062822 0.04713066862179683 0.078816816599472705 -0.0073914369207062243 -0.049926847074089981 0.014708730283084219 0.043782961368560795 -0.028391917981207371 0.011305687633844522 0.019570894587424496 0.048500614911317824 -0.054598041528310527 0.0067100551621667275 -0.035239870775313605 0.057822501845657827 0.0066447187037695019 -0.058735903449680493 0.03189418315887451 -0.02426388082296952 -0.049850287820611683 -0.050593218442640808 0.034065424799919135
leaf_weight=44 141 49 201 20 318 42 24 21 47 26 23 459 41 111 193 32 104 31 40 39 29 21 32 21 23 20 23 28 76 40
leaf_count=44 141 49 201 20 318 42 24 21 47 26 23 459 41 111 193 32 104 31 40 39 29 21 32 21 23 20 23 28 76 40
internal_value=0 0.00764112 -0.0125408 -0.0275189 0.000576086 -0.00563995 0.0124407 -0.00347734 -0.00577529 -0.00244345 0.0431433 -0.00450244 -0.00710446 0.0270195 0.033167 0.00394724 0.00804351 -0.0160096 0.0216376 -0.0310353 -0.00385914 0.0159131 0.0335231 -0.0227551 -0.0207844 -0.0165879 -0.0217455 -0.00649737 -0.0360505 0.0127706
internal_weight=0 1441 878 331 1056 130 88 547 738 652 47 626 582 385 304 81 285 262 144 86 541 82 61 41 231 208 188 91 97 63
internal_count=2319 1441 878 331 1056 130 88 547 738 652 47 626 582 385 304 81 285 262 144 86 541 82 61 41 231 208 188 91 97 63
shrinkage=0.1


Tree=3
num_leaves=31
num_cat=0
split_feature=2 6 5 3 13 0 3 13 2 7 13 13 10 0 0 1 13 8 2 13 0 3 0 0 1 13 9 8 0 7
split_gain=17.9999 16.2981 9.73907 9.65452 8.72926 8.30066 7.49361 9.22354 7.21254 7.70254 6.67453 6.65894 6.39349 6.10478 4.93696 4.92556 5.94218 4.64291 4.59908 4.38714 4.26411 4.19704 3.91036 3.92161 3.85695 3.79682 3.76198 3.71212 8.99477 4.31555
threshold=25.500000000000004 2.5000000000000004 2.5000000000000004 8.5000000000000018 12.500000000000002 28.500000000000004 4.5000000000000009 8.5000000000000018 38.500000000000007 11.500000000000002 4.5000000000000009 15.500000000000002 1.0000000180025095e-35 31.500000000000004 37.500000000000007 1.0000000180025095e-35 2.5000000000000004 9.5000000000000018 43.500000000000007 5.5000000000000009 18.500000000000004 2.5000000000000004 28.500000000000004 17.500000000000004 6.5000000000000009 2.5000000000000004 8.5000000000000018 5.5000000000000009 38.500000000000007 2.5000000000000004
decision_type=2 2 2 2 2 2 2 2 2 2 2 2 2 2 2 2 2 2 2 2 2 2 2 2 2 2 2 2 2 2
left_child=1 2 4 10 -1 -5 7 -4 9 -7 20 15 -3 22 -15 -8 -17 -11 27 -18 -2 -22 23 26 -21 -23 -14 -12 29 -29
right_child=3 12 6 5 -6 8 11 -9 -10 17 18 -13 13 14 -16 16 19 -19 -20 24 21 25 -24 -25 -26 -27 -28 28 -30 -31
leaf_value=-0.0061180963670765913 -0.013417364320447368 0.067107897784028744 0.066102417185902596 -0.037502492793756934 -0.058358708199332747 -0.020479576325998075 -0.027300686818180667 0.010109620502120571 -0.039170827787546887 0.0080606127778689082 -0.028474660714467366 0.055280643701553348 0.028055303543806077 0.061696822253557354 0.014967216849327086 -0.038490706682205202 0.056160608063573425 0.070935133747432544 -0.041582425588216537 0.021367960423231126 0.061589547353131435 -0.018198030374266885 -0.022486092920961053 0.022996041708784141 -0.030014641512007941 0.035117468062569115 -0.0082309844493865976 -0.049624869769269775 0.047284974420771883 -0.0036095579178324678
leaf_weight=540 31 28 48 201 34 41 66 76 42 24 60 20 40 52 40 23 23 23 39 48 28 22 29 253 21 34 100 22 34 277
leaf_count=540 31 28 48 201 34 41 66 76 42 24 60 20 40 52 40 23 23 23 39 48 28 22 29 253 21 34 100 22 34 277
internal_value=0 0.00687701 -0.00138064 -0.0112868 -0.00921249 -0.024767 0.0124516 0.0317843 -0.00507596 0.0111966 -0.0031296 0.000525024 0.0205737 0.0180388 0.0413796 -0.00552532 0.00697185 0.038829 -0.00882893 0.0183375 0.0182801 0.0299779 0.0129503 0.0155652 0.00572978 0.0141721 0.00213653 -0.00557859 -0.00145317 -0.0069953
internal_weight=0 1441 899 878 574 331 325 124 130 88 547 201 542 514 92 181 115 47 432 92 115 84 422 393 69 56 140 393 333 299
internal_count=2319 1441 899 878 574 331 325 124 130 88 547 201 542 514 92 181 115 47 432 92 115 84 422 393 69 56 140 393 333 299
shrinkage=0.1


Tree=4
num_leaves=31
num_cat=0
split_feature=2 0 3 0 6 2 7 13 3 8 1 9 2 13 9 2 15 5 14 14 12 8 12 1 2 0 12 3 9 13
split_gain=14.5799 13.7162 7.82016 6.72353 6.50028 5.84215 6.23906 5.79696 4.88032 4.90331 5.09785 4.07135 4.65364 4.40981 5.13283 3.9753 7.44469 3.8897 5.34828 4.90605 3.76376 3.76076 3.44878 3.3086 3.24972 4.26731 6.30345 4.84689 4.56742 3.79347
threshold=25.500000000000004 23.500000000000004 8.5000000000000018 28.500000000000004 2.5000000000000004 38.500000000000007 11.500000000000002 10.500000000000002 9.5000000000000018 17.500000000000004 12.500000000000002 6.5000000000000009 17.500000000000004 11.500000000000002 5.5000000000000009 14.500000000000002 10.500000000000002 1.5000000000000002 15.500000000000002 3.5000000000000004 1.5000000000000002 9.5000000000000018 2.5000000000000004 13.500000000000002 20.500000000000004 17.500000000000004 2.5000000000000004 1.0000000180025095e-35 8.5000000000000018 4.5000000000000009
decision_type=2 2 2 2 2 2 2 2 2 2 2 2 2 2 2 2 2 2 2 2 2 2 2 2 2 2 2 2 2 2
left_child=1 4 7 -4 8 6 -5 17 9 10 15 13 -13 14 -3 -1 -17 -2 19 -19 -9 -8 -10 24 25 27 -27 -6 -29 -26
right_child=2 11 3 5 23 -7 21 20 22 -11 -12 12 -14 -15 -16 16 -18 18 -20 -21 -22 -23 -24 -25 29 26 -28 28 -30 -31
leaf_value=0.027693741520245868 -0.034367934295109343 0.047497035988739562 -0.033752242486868332 -0.018431617719371143 0.038367976427078253 -0.035253746452785673 0.0072545518477757772 0.010825496795130712 -0.0081278316179911308 0.040653787897183352 -0.052102385816119971 0.011340801189611624 0.037038430216398882 -0.037014466807955788 -0.01113030705600977 -0.0012831460212714731 -0.049556793009533605 0.025525504900858954 0.037172736895495447 -0.0076817702739796741 -0.019446089538917723 0.063841620735500176 -0.048222214419667314 0.042226658264795942 0.025554529905319215 0.053067481192675507 0.0034761587778727211 0.026091937791733518 -0.029649332591465544 -0.020589137461877641
leaf_weight=42 21 28 201 41 25 42 24 51 45 26 21 111 193 21 32 529 34 65 58 141 211 23 41 33 25 55 48 21 49 62
leaf_count=42 21 28 201 41 25 42 24 51 45 26 21 111 193 21 32 529 34 65 58 141 211 23 41 33 25 55 48 21 49 62
internal_value=0 0.00618931 -0.0101581 -0.0222903 0.000298393 -0.00456836 0.0100769 -0.00281664 -0.00485175 -0.00189836 -0.0036657 0.0223472 0.0276554 0.00242523 0.0162291 -0.00198443 -0.00419843 0.00705376 0.0103487 0.00279625 -0.0135535 0.0349461 -0.0272426 0.0122506 0.00877971 0.015858 0.029957 0.000571714 -0.012927 -0.00732946
internal_weight=0 1441 878 331 1056 130 88 547 738 652 626 385 304 81 60 605 563 285 264 206 262 47 86 318 285 198 103 95 70 87
internal_count=2319 1441 878 331 1056 130 88 547 738 652 626 385 304 81 60 605 563 285 264 206 262 47 86 318 285 198 103 95 70 87
shrinkage=0.1


Tree=5
num_leaves=31
num_cat=0
split_feature=2 0 0 8 2 8 7 3 14 3 0 9 10 1 14 10 9 11 15 0 0 0 10 3 11 14 14 6 1 15
split_gain=11.8097 11.1101 6.82994 6.03841 7.2972 5.89881 5.64243 6.67449 5.3105 4.68913 4.48831 7.10359 4.12264 3.96472 3.78656 3.73814 3.47449 3.44317 3.43452 3.38093 3.32117 3.16724 4.28243 3.41361 3.00839 2.99102 6.92824 4.39829 2.9187 3.89454
threshold=25.500000000000004 23.500000000000004 30.500000000000004 5.5000000000000009 38.500000000000007 14.500000000000002 11.500000000000002 10.500000000000002 1.5000000000000002 8.5000000000000018 19.500000000000004 8.5000000000000018 2.5000000000000004 11.500000000000002 15.500000000000002 1.0000000180025095e-35 16.500000000000004 2.5000000000000004 6.5000000000000009 36.500000000000007 31.500000000000004 39.500000000000007 1.5000000000000002 7.5000000000000009 2.5000000000000004 18.500000000000004 13.500000000000002 3.5000000000000004 8.5000000000000018 9.5000000000000018
decision_type=2 2 2 2 2 2 2 2 2 2 2 2 2 2 2 2 2 2 2 2 2 2 2 2 2 2 2 2 2 2
left_child=1 5 8 -4 21 6 7 13 18 25 11 -8 -12 14 -1 -3 -17 -13 -2 20 -18 22 -5 -23 -9 26 -10 -27 -7 -30
right_child=2 15 3 4 -6 28 10 24 9 -11 12 17 -14 -15 -16 16 19 -19 -20 -21 -22 23 -24 -25 -26 27 -28 -29 29 -31
leaf_value=-0.0037365473188039075 0.046719566285610199 0.055992915012218342 -0.021785859550748552 0.051169678449630746 -0.01814295505655223 0.0083126336774405323 0.028587136061295221 -0.020569748017523024 -0.009914066936789442 -0.030088916798812922 0.062936939247723284 0.00037172384884046473 0.0091412833758762902 -0.03833769336342812 0.038501642508940268 0.011485549864206931 0.026628184318542483 -0.054346309796623561 -0.0038269211606281558 0.0038595950161969222 0.071313921336469979 0.075401947328022551 0.0042100408296475468 0.018383925869351343 -0.066277111321687704 -0.011333131005889492 -0.062501840506281173 0.044851093129678207 0.070814354717731481 0.015497146674564907
leaf_weight=602 20 27 70 25 58 136 46 36 238 209 29 23 28 32 22 263 39 23 41 27 29 21 87 21 24 38 28 22 20 35
leaf_count=602 20 27 70 25 58 136 46 36 238 209 29 23 28 32 22 263 39 23 41 27 29 21 87 21 24 38 28 22 20 35
internal_value=0 0.00557038 -0.00914227 0.00367985 0.0120883 0.000268553 -0.00324348 -0.00692784 -0.0152091 -0.0183965 0.0144612 0.000799922 0.036511 -0.00400788 -0.00224738 0.0201125 0.0174065 -0.0269873 0.0127457 0.033798 0.0456853 0.0234741 0.0146921 0.0468929 -0.0388527 -0.0109004 -0.0154496 0.00926775 0.0161739 0.0356125
internal_weight=0 1441 878 282 212 1056 865 716 596 535 149 92 57 656 624 385 358 46 61 95 68 154 112 42 60 326 266 60 191 55
internal_count=2319 1441 878 282 212 1056 865 716 596 535 149 92 57 656 624 385 358 46 61 95 68 154 112 42 60 326 266 60 191 55
shrinkage=0.1


Tree=6
num_leaves=31
num_cat=0
split_feature=2 5 7 12 3 1 0 2 6 13 0 8 3 10 13 8 8 12 0 6 13 0 14 11 14 9 2 2 2 14
split_gain=9.9855 10.3079 7.35776 7.21253 5.73859 4.78983 5.52534 9.74608 4.68012 4.66425 4.41666 4.54576 4.39553 4.32229 9.6472 4.10632 4.01408 3.64454 3.91569 4.36413 3.05396 6.50138 3.48406 2.99414 2.85104 4.28492 3.33656 2.88966 3.05289 4.97397
threshold=31.500000000000004 2.5000000000000004 11.500000000000002 1.5000000000000002 9.5000000000000018 1.0000000180025095e-35 32.500000000000007 20.500000000000004 2.5000000000000004 5.5000000000000009 32.500000000000007 8.5000000000000018 10.500000000000002 1.5000000000000002 7.5000000000000009 5.5000000000000009 22.500000000000004 3.5000000000000004 17.500000000000004 2.5000000000000004 13.500000000000002 26.500000000000004 3.5000000000000004 3.5000000000000004 3.5000000000000004 8.5000000000000018 24.500000000000004 14.500000000000002 25.500000000000004 9.5000000000000018
decision_type=2 2 2 2 2 2 2 2 2 2 2 2 2 2 2 2 2 2 2 2 2 2 2 2 2 2 2 2 2 2
left_child=1 4 5 -2 13 8 7 12 -3 15 -5 -12 -7 14 -1 -6 -13 18 19 -15 21 22 -9 -8 25 26 -20 -26 29 -29
right_child=3 2 -4 10 9 6 23 20 -10 -11 11 16 -14 17 -16 -17 -18 -19 24 -21 -22 -23 -24 -25 27 -27 -28 28 -30 -31
leaf_value=0.039441655943359161 0.014493688432181753 -0.024513093997602878 0.024316500483538568 -0.02467083192568055 0.032153090563687411 0.029823396478112291 0.048668429781408874 0.014953098410651797 0.01156943632384478 -0.039797988202836782 -0.026815158647039664 0.032612712545828391 -0.01394801288843155 -0.041259548787412975 -0.032032857491419868 -0.019240363251488164 -0.013935010135173799 0.01665546110896177 0.017573776277335914 0.00078033028646957048 -0.045367081577961266 0.035507677219532151 -0.031727567270620545 0.0052071444366289226 -0.042132495641708373 0.048773425129743725 -0.033121939003467563 -0.0050036939174941423 -0.025478855696591463 0.025479703763174634
leaf_weight=69 82 92 297 291 22 127 51 21 59 72 46 44 28 58 26 53 32 86 37 43 26 27 67 23 20 26 20 356 55 63
leaf_count=69 82 92 297 291 22 127 51 21 59 72 46 44 28 58 26 53 32 86 37 43 26 27 67 23 20 26 20 356 55 63
internal_value=0 0.00341841 0.0117551 -0.0125963 -0.00336035 0.00459444 0.0107198 0.00460966 -0.0104146 -0.0216179 -0.017975 -0.00200376 0.0219163 -0.000235961 0.0198802 -0.00416495 0.0130137 -0.00273732 -0.00519717 -0.0233614 -0.0144154 -0.00741761 -0.0205879 0.0351602 -0.00201764 0.0151313 -0.000214194 -0.00489895 -0.00332791 -0.000420271
internal_weight=0 1824 818 495 1006 521 370 296 151 147 413 122 155 859 95 75 76 764 678 101 141 115 88 74 577 83 57 494 474 419
internal_count=2319 1824 818 495 1006 521 370 296 151 147 413 122 155 859 95 75 76 764 678 101 141 115 88 74 577 83 57 494 474 419
shrinkage=0.1


Tree=7
num_leaves=31
num_cat=0
split_feature=2 5 3 0 12 10 6 2 15 13 5 3 15 7 7 7 13 14 0 15 13 0 15 7 14 8 15 8 3 12
split_gain=8.08826 8.34942 6.02806 6.97951 5.84215 4.89039 6.12458 4.66535 6.03152 4.38054 4.10877 5.84705 4.44069 4.26826 5.33413 3.99054 3.75746 3.82744 4.00247 3.72777 3.72746 3.57749 3.87829 3.50871 4.86546 3.10148 3.02972 4.36924 2.99746 3.03344
threshold=31.500000000000004 2.5000000000000004 1.0000000180025095e-35 33.500000000000007 1.5000000000000002 3.5000000000000004 2.5000000000000004 24.500000000000004 10.500000000000002 12.500000000000002 3.5000000000000004 10.500000000000002 1.5000000000000002 11.500000000000002 3.5000000000000004 13.500000000000002 3.5000000000000004 6.5000000000000009 19.500000000000004 7.5000000000000009 6.5000000000000009 32.500000000000007 6.5000000000000009 9.5000000000000018 13.500000000000002 17.500000000000004 16.500000000000004 16.500000000000004 9.5000000000000018 2.5000000000000004
decision_type=2 2 2 2 2 2 2 2 2 2 2 2 2 2 2 2 2 2 2 2 2 2 2 2 2 2 2 2 2 2
left_child=1 5 16 10 -2 6 9 8 23 28 12 26 -4 14 -14 -10 -3 -18 -19 -7 -9 -6 -23 -8 -25 -15 27 -12 29 -1
right_child=4 2 3 -5 21 19 7 20 15 -11 11 -13 13 25 -16 -17 17 18 -20 -21 -22 22 -24 24 -26 -27 -28 -29 -30 -31
leaf_value=-0.0050591256014362179 0.013044319210982905 0.058185163620979558 0.037422016398473222 0.029465731041772025 -0.022203750227325153 -0.001334072313001079 0.017819097194265814 0.010910256796104965 0.055514864016462252 -0.034851057272331391 -0.0045336607939157735 -0.037045381500803193 0.028774003606093557 0.031083766867717105 -0.012855143826684835 0.0057754993438720705 0.041236058365214961 -0.019480445455102361 0.022752608223394914 -0.046825082912001499 -0.031232190422895479 0.026306936570576263 -0.013112127986447564 -0.037187561743399676 0.024971467554569245 -0.010425809957087041 -0.033571765820185347 0.040372598568598428 -0.026459273750131782 0.016691455602645875
leaf_weight=442 82 31 44 105 291 31 94 43 54 51 78 58 38 72 162 23 55 34 66 43 41 35 87 34 20 24 21 30 55 75
leaf_count=442 82 31 44 105 291 31 94 43 54 51 78 58 38 72 162 23 55 34 66 43 41 35 87 34 20 24 21 30 55 75
internal_value=0 0.00307657 0.0105796 0.00592259 -0.0113367 -0.00302432 -0.00105969 0.0104508 0.0179586 -0.00676876 0.00123183 -0.0106743 0.00778017 0.00337395 -0.00494561 0.0406577 0.0264035 0.0200472 0.00839337 -0.027768 -0.00965927 -0.0161775 -0.00180338 0.00614897 -0.0141657 0.0207064 0.00118252 0.0079403 -0.00426492 -0.00190382
internal_weight=0 1824 818 632 495 1006 932 309 225 623 527 187 340 296 200 77 186 155 100 74 84 413 122 148 54 96 129 108 572 517
internal_count=2319 1824 818 632 495 1006 932 309 225 623 527 187 340 296 200 77 186 155 100 74 84 413 122 148 54 96 129 108 572 517
shrinkage=0.1


Tree=8
num_leaves=31
num_cat=0
split_feature=6 3 4 2 0 2 5 15 8 8 15 3 13 12 2 7 3 4 2 14 13 14 9 9 10 14 0 3 0 1
split_gain=6.81766 6.52841 6.11065 5.37769 6.69712 4.90369 6.42513 4.8616 4.5638 5.98178 5.6092 5.37278 5.73274 5.14139 4.11356 4.52366 4.35592 5.91492 4.06548 3.91268 5.42893 3.65075 3.64301 3.45795 3.32828 3.49524 3.24696 4.98826 7.14723 3.12698
threshold=2.5000000000000004 9.5000000000000018 1.0000000180025095e-35 10.500000000000002 18.500000000000004 28.500000000000004 3.5000000000000004 7.5000000000000009 6.5000000000000009 17.500000000000004 7.5000000000000009 7.5000000000000009 12.500000000000002 2.5000000000000004 41.500000000000007 11.500000000000002 5.5000000000000009 3.5000000000000004 35.500000000000007 8.5000000000000018 6.5000000000000009 13.500000000000002 7.5000000000000009 11.500000000000002 1.0000000180025095e-35 2.5000000000000004 31.500000000000004 6.5000000000000009 35.500000000000007 3.5000000000000004
decision_type=2 2 2 2 2 2 2 2 2 2 2 2 2 2 2 2 2 2 2 2 2 2 2 2 2 2 2 2 2 2
left_child=1 3 -2 -1 -5 24 8 21 10 11 -7 12 -10 -13 15 19 17 -17 -8 -6 -21 -3 -22 -24 -4 -26 -27 28 -28 -18
right_child=2 7 5 4 14 6 18 -9 9 -11 -12 13 -14 -15 -16 16 29 -19 -20 20 22 -23 23 -25 25 26 27 -29 -30 -31
leaf_value=0.044616219520568851 -0.030625401957090511 0.012355449337225695 0.045247405767440796 -0.017287201729827915 -0.0052265449749526157 -0.058807999723487429 0.047053334841857086 -0.030338267777480332 0.059029879740306317 -0.024085865542292598 -0.0021698701031067791 0.015029849677250304 0.00046873651444911957 -0.049940708705357148 -0.040646270459348509 0.04491757202148438 -0.032357009338295981 -0.011248470544815065 0.0033283699750900268 0.033069614433262444 0.020446515397021647 -0.024945629862221805 -0.041073475033044815 0.0097602066786392876 0.038052318277566333 0.0056815827111585428 0.046278502295414609 0.052364130863329264 -0.027495318445666085 0.01740577518939972
leaf_weight=25 43 65 31 232 465 36 37 153 35 72 34 29 32 21 22 75 23 25 50 73 38 44 32 23 46 436 24 41 29 28
leaf_count=25 43 65 31 232 465 36 37 153 35 72 34 29 32 21 22 75 23 25 50 73 38 44 32 23 46 436 24 41 29 28
internal_value=0 -0.00470454 0.0062491 -0.0012138 -0.00231974 0.0079129 -0.00158814 -0.0188407 -0.00948606 -0.00140755 -0.0312981 0.0125483 0.0310604 -0.0122578 0.00199923 0.00319897 0.0187467 0.0308761 0.021924 -0.000521649 0.0126577 -0.00270187 -0.0033645 -0.0198158 0.0133287 0.0116108 0.00931589 0.0261729 0.00591169 -0.00503626
internal_weight=0 1323 996 1061 1036 953 346 262 259 189 70 117 67 50 804 782 151 100 87 631 166 109 93 55 607 576 530 94 53 51
internal_count=2319 1323 996 1061 1036 953 346 262 259 189 70 117 67 50 804 782 151 100 87 631 166 109 93 55 607 576 530 94 53 51
shrinkage=0.1


end of trees

feature_importances:
Column_0=45
Column_2=33
Column_3=27
Column_13=24
Column_8=20
Column_14=18
Column_7=16
Column_9=15
Column_15=14
Column_1=13
Column_6=12
Column_10=9
Column_12=8
Column_5=6
Column_11=6
Column_4=4

parameters:
[boosting: gbdt]
[objective: regression]
[metric: l2]
[tree_learner: serial]
[device_type: cpu]
[data: ]
[valid: ]
[num_iterations: 10000]
[learning_rate: 0.1]
[num_leaves: 31]
[num_threads: 0]
[deterministic: 0]
[force_col_wise: 0]
[force_row_wise: 0]
[histogram_pool_size: -1]
[max_depth: -1]
[min_data_in_leaf: 20]
[min_sum_hessian_in_leaf: 0.001]
[bagging_fraction: 1]
[pos_bagging_fraction: 1]
[neg_bagging_fraction: 1]
[bagging_freq: 0]
[bagging_seed: 3]
[feature_fraction: 1]
[feature_fraction_bynode: 1]
[feature_fraction_seed: 2]
[extra_trees: 0]
[extra_seed: 6]
[early_stopping_round: 10]
[first_metric_only: 0]
[max_delta_step: 0]
[lambda_l1: 0]
[lambda_l2: 0]
[min_gain_to_split: 0]
[drop_rate: 0.1]
[max_drop: 50]
[skip_drop: 0.5]
[xgboost_dart_mode: 0]
[uniform_drop: 0]
[drop_seed: 4]
[top_rate: 0.2]
[other_rate: 0.1]
[min_data_per_group: 100]
[max_cat_threshold: 32]
[cat_l2: 10]
[cat_smooth: 10]
[max_cat_to_onehot: 4]
[top_k: 20]
[monotone_constraints: ]
[monotone_constraints_method: basic]
[monotone_penalty: 0]
[feature_contri: ]
[forcedsplits_filename: ]
[refit_decay_rate: 0.9]
[cegb_tradeoff: 1]
[cegb_penalty_split: 0]
[cegb_penalty_feature_lazy: ]
[cegb_penalty_feature_coupled: ]
[path_smooth: 0]
[interaction_constraints: ]
[verbosity: 1]
[saved_feature_importance_type: 0]
[max_bin: 255]
[max_bin_by_feature: ]
[min_data_in_bin: 3]
[bin_construct_sample_cnt: 200000]
[data_random_seed: 1]
[is_enable_sparse: 1]
[enable_bundle: 1]
[use_missing: 1]
[zero_as_missing: 0]
[feature_pre_filter: 1]
[pre_partition: 0]
[two_round: 0]
[header: 0]
[label_column: ]
[weight_column: ]
[group_column: ]
[ignore_column: ]
[categorical_feature: ]
[forcedbins_filename: ]
[objective_seed: 5]
[num_class: 1]
[is_unbalance: 0]
[scale_pos_weight: 1]
[sigmoid: 1]
[boost_from_average: 1]
[reg_sqrt: 0]
[alpha: 0.9]
[fair_c: 1]
[poisson_max_delta_step: 0.7]
[tweedie_variance_power: 1.5]
[lambdarank_truncation_level: 30]
[lambdarank_norm: 1]
[label_gain: ]
[eval_at: ]
[multi_error_top_k: 1]
[auc_mu_weights: ]
[num_machines: 1]
[local_listen_port: 12400]
[time_out: 120]
[machine_list_filename: ]
[machines: ]
[gpu_platform_id: -1]
[gpu_device_id: -1]
[gpu_use_dp: 0]
[num_gpu: 1]

end of parameters

pandas_categorical:null
