tree
version=v3
num_class=1
num_tree_per_iteration=1
label_index=0
max_feature_idx=15
objective=regression
feature_names=Column_0 Column_1 Column_2 Column_3 Column_4 Column_5 Column_6 Column_7 Column_8 Column_9 Column_10 Column_11 Column_12 Column_13 Column_14 Column_15
feature_infos=[1:49] [0:61] [1:49] [0:74] [0:7] [0:7] [0:8] [0:178] [6:121] [0:202] [0:7] [0:7] [0:8] [0:224] [0:208] [0:156]
tree_sizes=2672 2755 2762 2758 2758 2757 2768 2772 2794 2771 2769 2771 2769 2774 2766 2750 2777 2755 2752 2789

Tree=0
num_leaves=31
num_cat=0
split_feature=0 2 0 8 0 2 5 11 9 6 12 1 15 9 12 4 9 2 0 15 1 12 2 15 13 8 15 3 3 15
split_gain=109.879 33.1353 29.2385 16.3471 15.8587 11.9064 10.8954 9.26874 8.8185 8.70724 8.03647 8.03197 7.94745 7.29575 6.90114 6.41559 6.99911 6.03598 5.64194 5.77178 5.39769 6.89413 5.36912 5.72713 5.29962 5.21309 4.63703 4.59096 4.52014 4.51484
threshold=39.500000000000007 29.500000000000004 24.500000000000004 11.500000000000002 26.500000000000004 40.500000000000007 3.5000000000000004 1.5000000000000002 4.5000000000000009 2.5000000000000004 1.5000000000000002 4.5000000000000009 7.5000000000000009 21.500000000000004 2.5000000000000004 2.5000000000000004 23.500000000000004 23.500000000000004 41.500000000000007 9.5000000000000018 2.5000000000000004 2.5000000000000004 24.500000000000004 1.0000000180025095e-35 17.500000000000004 7.5000000000000009 6.5000000000000009 16.500000000000004 9.5000000000000018 9.5000000000000018
decision_type=2 2 2 2 2 2 2 2 2 2 2 2 2 2 2 2 2 2 2 2 2 2 2 2 2 2 2 2 2 2
left_child=1 2 6 8 9 14 7 -1 26 -3 -10 28 -7 29 -6 16 22 -8 19 -2 -17 -22 23 -9 25 -12 -4 -15 -5 -11
right_child=18 4 3 11 5 12 17 15 10 13 24 -13 -14 27 -16 20 -18 -19 -20 -21 21 -23 -24 -25 -26 -27 -28 -29 -30 -31
leaf_value=0.16121052196674179 0.20734565740741784 0.085151697933612325 0.13721052180779605 0.17067206049094152 0.15493779465247187 0.15221052190713713 0.15627831854424659 0.16554385532877364 0.18397522805829536 0.15002870371086935 0.13235136684603768 0.18541276934315248 0.082610521446194546 0.063067664173910173 0.12142791300761981 0.11338699223825435 0.057924806996993233 0.11910707341203959 0.21221052230450144 0.15221052190713713 0.15596052193197241 0.11895750963871837 0.094210521523018315 0.11818067093549768 0.10188794092870257 0.16017927195991208 0.078662134323271224 0.1222105217794129 0.12221052170845499 0.11096052163394918
leaf_weight=60 37 221 24 39 132 21 177 27 51 55 142 178 75 35 115 102 21 58 158 39 128 83 90 469 31 128 31 21 38 64
leaf_count=60 37 221 24 39 132 21 177 27 51 55 142 178 75 35 115 102 21 58 158 39 128 83 90 469 31 128 31 21 38 64
internal_value=0.135789 0.129917 0.136979 0.153887 0.11198 0.127721 0.127766 0.123129 0.141449 0.0983469 0.147267 0.17374 0.0978355 0.115011 0.139336 0.120645 0.114649 0.147104 0.201441 0.179053 0.132274 0.141405 0.116682 0.120759 0.141048 0.145544 0.104211 0.0852462 0.146756 0.129017
internal_weight=0 2616 1877 662 739 343 1215 980 407 396 352 255 96 175 247 920 607 235 234 76 313 211 586 496 301 270 55 56 77 119
internal_count=2850 2616 1877 662 739 343 1215 980 407 396 352 255 96 175 247 920 607 235 234 76 313 211 586 496 301 270 55 56 77 119
shrinkage=1


Tree=1
num_leaves=31
num_cat=0
split_feature=0 2 0 12 1 6 7 9 9 2 8 2 1 15 5 5 3 6 8 15 7 7 15 0 7 15 15 4 3 11
split_gain=89.0024 26.8396 25.0166 15.3121 13.1898 13.1168 10.4883 9.55889 8.87225 8.73905 7.27461 6.46926 7.67479 6.57974 6.37535 5.82324 6.45152 6.17976 6.62731 7.12254 7.50416 6.35447 5.68326 5.55289 5.8929 5.46465 5.30846 5.24364 4.98482 4.95977
threshold=39.500000000000007 29.500000000000004 20.500000000000004 1.5000000000000002 11.500000000000002 2.5000000000000004 2.5000000000000004 25.500000000000004 19.500000000000004 11.500000000000002 15.500000000000002 42.500000000000007 6.5000000000000009 3.5000000000000004 3.5000000000000004 3.5000000000000004 22.500000000000004 3.5000000000000004 13.500000000000002 3.5000000000000004 13.500000000000002 10.500000000000002 5.5000000000000009 16.500000000000004 7.5000000000000009 2.5000000000000004 13.500000000000002 1.5000000000000002 14.500000000000002 3.5000000000000004
decision_type=2 2 2 2 2 2 2 2 2 2 2 2 2 2 2 2 2 2 2 2 2 2 2 2 2 2 2 2 2 2
left_child=1 2 6 -4 15 7 27 11 -7 -8 -6 12 22 -14 -11 16 17 18 19 -5 -21 -20 -3 -15 -25 -10 -22 -1 -27 -16
right_child=-2 5 3 4 10 8 9 -9 25 14 -12 -13 13 23 29 -17 -18 -19 21 20 26 -23 -24 24 -26 28 -28 -29 -30 -31
leaf_value=-0.078049529367877596 0.059086637109772779 -0.026104952352387568 0.042407835978017727 0.013168659512425813 0.015711128561751646 0.0069341112100161049 0.025028039394198238 0.030346826802600514 0.022804192900657657 -0.01560417477035201 0.05459318532459978 -0.070584648380092541 0.03530435391834804 -0.068515165646870935 0.016768425499272144 0.017028498732960307 -0.060177129507064823 0.022332955026007319 0.044108892795516226 -0.033120284851084758 0.028131707267063422 -0.022511397979476239 -0.063827575406720558 0.013232185488397425 -0.032980746272447951 -0.051777315052116628 -0.033695350942157566 -0.025066841282743092 -0.011682543877446862 -0.030780116937778615
leaf_weight=31 234 70 142 71 159 195 74 22 20 593 69 51 21 24 117 143 21 77 41 181 41 22 93 44 74 68 21 47 57 27
leaf_count=31 234 70 142 71 159 195 74 22 20 593 69 51 21 24 117 143 21 77 41 181 41 22 93 44 74 68 21 47 57 27
internal_value=0 -0.00528527 0.00107037 0.0120214 0.00692105 -0.0214281 -0.0111002 -0.0337264 -0.00699567 -0.00773164 0.0274781 -0.0374654 -0.0322842 -0.0169407 -0.0110209 -0.000663094 -0.00598919 -0.0034827 -0.0087554 -0.0146943 -0.0228353 0.0208447 -0.0476277 -0.0246671 -0.0157488 -0.0257288 0.00719028 -0.0461241 -0.0334941 0.00785307
internal_weight=0 2616 1877 988 846 739 889 399 340 811 228 377 326 163 737 618 475 454 377 314 243 63 163 142 118 145 62 78 125 144
internal_count=2850 2616 1877 988 846 739 889 399 340 811 228 377 326 163 737 618 475 454 377 314 243 63 163 142 118 145 62 78 125 144
shrinkage=0.1


Tree=2
num_leaves=31
num_cat=0
split_feature=0 2 1 0 0 2 3 2 15 15 12 5 2 8 1 14 5 5 12 0 9 1 2 3 15 0 13 15 8 6
split_gain=73.0807 21.9283 21.6298 14.393 13.0933 12.0174 11.662 12.261 9.58204 9.35632 8.2626 7.72104 7.29021 7.47646 8.04429 6.51322 6.48728 6.4446 7.00121 6.00152 5.77468 5.72321 5.46762 5.4635 5.42802 8.07711 5.90932 5.44732 7.0967 5.22855
threshold=36.500000000000007 44.500000000000007 6.5000000000000009 26.500000000000004 41.500000000000007 24.500000000000004 1.0000000180025095e-35 21.500000000000004 12.500000000000002 18.500000000000004 1.0000000180025095e-35 3.5000000000000004 33.500000000000007 12.500000000000002 10.500000000000002 6.5000000000000009 3.5000000000000004 3.5000000000000004 3.5000000000000004 23.500000000000004 4.5000000000000009 2.5000000000000004 25.500000000000004 4.5000000000000009 10.500000000000002 18.500000000000004 5.5000000000000009 3.5000000000000004 9.5000000000000018 2.5000000000000004
decision_type=2 2 2 2 2 2 2 2 2 2 2 2 2 2 2 2 2 2 2 2 2 2 2 2 2 2 2 2 2 2
left_child=1 2 6 5 8 17 19 16 -2 -10 -9 12 13 14 -5 -14 24 18 -4 -1 -7 23 -11 -12 25 -8 -26 -27 -29 -23
right_child=4 -3 3 11 -6 20 7 10 9 22 21 -13 15 -15 -16 -17 -18 -19 -20 -21 -22 29 -24 -25 26 27 -28 28 -30 -31
leaf_value=-0.0036509953401027587 0.043086242370718113 -0.061442715270178666 0.0090607876977023341 -0.024642426859248768 0.062870281934738162 -0.048674732096054975 -0.029595566587110541 0.030749088007470837 -0.059717077314853678 0.043827865939391288 -0.013644311611468977 0.047102374287061793 0.022189727528341887 0.052942999651034675 0.027078127390459967 -0.039733822462035391 0.015050404388970191 0.037276085849964259 -0.031838639658324577 0.029635220686594646 -0.011495766288790352 -0.029781452003790412 -0.010556252466307746 -0.046298591281510586 -0.010192626895326557 0.028633029441364477 -0.071515367229779567 -0.01825906955278837 0.026071952581405641 0.0017354083497349811
leaf_weight=195 127 70 287 44 158 51 113 23 20 38 65 93 29 60 95 41 109 66 49 75 231 147 36 242 33 61 30 130 50 82
leaf_count=195 127 70 287 44 158 51 113 23 20 38 65 93 29 60 95 41 109 66 49 75 231 147 36 242 33 61 30 130 50 82
internal_value=0 -0.00627137 -0.00466287 0.00613988 0.040888 -0.0023938 -0.0130021 -0.01763 0.0251721 0.000969067 -0.0279418 0.0222643 0.0136771 0.0234409 0.0107062 -0.0140798 -0.00667127 0.0087079 0.00309629 0.00559518 -0.0182196 -0.0304603 0.0173707 -0.0393848 -0.0123491 -0.00753606 -0.0393939 0.00280719 -0.0059449 -0.0184959
internal_weight=0 2471 2401 1046 379 684 1355 1085 221 94 559 362 269 199 139 70 526 402 336 270 282 536 74 307 417 354 63 241 180 229
internal_count=2850 2471 2401 1046 379 684 1355 1085 221 94 559 362 269 199 139 70 526 402 336 270 282 536 74 307 417 354 63 241 180 229
shrinkage=0.1


Tree=3
num_leaves=31
num_cat=0
split_feature=0 2 0 2 1 5 8 0 15 1 7 11 3 1 8 9 15 7 12 5 14 12 6 1 0 7 9 2 2 3
split_gain=59.242 19.5347 22.2267 15.6806 13.6211 7.12298 6.8307 6.71688 6.09434 5.87932 5.56282 5.39118 5.16833 5.06725 4.96486 4.73725 6.14685 5.46883 4.76457 4.69853 7.00688 6.98907 7.71103 6.53971 6.47074 5.04442 6.18193 4.61301 5.08608 4.79116
threshold=39.500000000000007 38.500000000000007 26.500000000000004 22.500000000000004 3.5000000000000004 3.5000000000000004 7.5000000000000009 21.500000000000004 4.5000000000000009 11.500000000000002 5.5000000000000009 1.5000000000000002 15.500000000000002 16.500000000000004 10.500000000000002 3.5000000000000004 9.5000000000000018 9.5000000000000018 4.5000000000000009 2.5000000000000004 8.5000000000000018 1.5000000000000002 1.5000000000000002 4.5000000000000009 24.500000000000004 11.500000000000002 7.5000000000000009 21.500000000000004 16.500000000000004 4.5000000000000009
decision_type=2 2 2 2 2 2 2 2 2 2 2 2 2 2 2 2 2 2 2 2 2 2 2 2 2 2 2 2 2 2
left_child=1 2 3 5 14 7 -5 11 -9 10 -10 -1 13 -13 27 -3 17 -17 -18 20 23 -21 -23 -8 -24 26 -22 28 -4 -29
right_child=-2 15 4 6 -6 -7 19 8 9 -11 -12 12 -14 -15 -16 16 18 -19 -20 21 25 22 24 -25 -26 -27 -28 29 -30 -31
leaf_value=0.027395799514409659 0.048206252547410816 -0.062412422436934262 -0.026383077459675927 -0.040841277325448913 0.022388787783053987 0.018377680146233154 -0.06151349264032701 0.037868508312009996 -0.058041665951410928 0.032641118037991405 -0.00056633851107429052 -0.01174435519653818 -0.050409092325152775 0.037382549860260704 0.010834825038909913 0.034037251770496373 -0.028310793403565418 -0.022751623114874199 -0.076894735793272662 0.032234060019254683 -0.059331007550160089 -0.057863247936422182 -0.012576765276953185 -0.019684807148324438 0.034827317613543886 0.031000723921019459 0.0051741670339535452 0.0018311741451422375 0.035672471523284913 -0.051867679644514011
leaf_weight=37 234 39 28 121 498 181 68 62 21 41 85 460 33 22 88 28 127 43 24 40 24 33 226 83 33 29 39 24 25 54
leaf_count=37 234 39 28 121 498 181 68 62 21 41 85 460 33 22 88 28 127 43 24 40 24 33 226 83 33 29 39 24 25 54
internal_value=0 -0.00431203 -0.00143523 -0.00786277 0.0132486 0.000547385 -0.0192455 -0.00369346 0.0115747 0.000484844 -0.011953 -0.00947435 -0.0121233 -0.00950205 -0.00753587 -0.0302694 -0.0246226 -0.00035601 -0.0360327 -0.014701 -0.025267 -0.00696739 -0.0123374 -0.0385216 -0.00653686 -0.00351229 -0.0193992 -0.0198765 0.00288841 -0.035345
internal_weight=0 2616 2355 1638 717 942 696 761 209 147 106 552 515 482 219 261 222 71 151 575 243 332 292 151 259 92 63 131 53 78
internal_count=2850 2616 2355 1638 717 942 696 761 209 147 106 552 515 482 219 261 222 71 151 575 243 332 292 151 259 92 63 131 53 78
shrinkage=0.1


Tree=4
num_leaves=31
num_cat=0
split_feature=0 2 1 0 6 7 15 5 15 3 9 9 3 0 3 7 13 1 14 9 7 14 7 11 0 4 2 6 11 15
split_gain=48.6503 15.8412 14.8174 9.17536 8.7044 8.3248 7.72732 7.61497 7.43751 7.11135 6.80486 6.58634 5.99861 5.7154 5.46936 7.9257 5.2659 4.943 6.70739 5.58006 7.31287 4.83211 4.67121 4.65257 9.10597 4.48406 4.43897 4.39852 4.34508 8.64354
threshold=36.500000000000007 29.500000000000004 13.500000000000002 41.500000000000007 2.5000000000000004 2.5000000000000004 12.500000000000002 3.5000000000000004 18.500000000000004 13.500000000000002 19.500000000000004 25.500000000000004 16.500000000000004 10.500000000000002 1.0000000180025095e-35 12.500000000000002 6.5000000000000009 2.5000000000000004 31.500000000000004 5.5000000000000009 11.500000000000002 17.500000000000004 10.500000000000002 2.5000000000000004 24.500000000000004 2.5000000000000004 25.500000000000004 2.5000000000000004 3.5000000000000004 8.5000000000000018
decision_type=2 2 2 2 2 2 2 2 2 2 2 2 2 2 2 2 2 2 2 2 2 2 2 2 2 2 2 2 2 2
left_child=1 2 5 6 11 9 -2 14 -8 16 -6 -3 -12 -4 15 22 -1 -16 19 20 25 -14 23 27 -25 -19 -10 -7 -9 -30
right_child=3 4 13 -5 10 7 8 28 26 -11 12 -13 21 -15 17 -17 -18 18 -20 -21 -22 -23 -24 24 -26 -27 -28 -29 29 -31
leaf_value=0.0033224855150495261 0.0362920535127009 -0.031460391118955079 -0.029381464557214215 0.051762628555297854 0.0069948234038646005 0.0028158096472422284 -0.055636633932590489 0.019271600001478848 0.036932261366593215 -0.07783597658077876 -0.042206567857000568 0.026170846677961802 -0.021385295463330817 0.023505716924052622 -0.020401840728079053 0.034456411043802898 -0.042072943550475105 -0.023386156872699137 0.052686903178691874 -0.00089265871615636918 -0.061625230939764734 0.040907022003084423 -0.049054325762249176 -0.04401334773662479 0.035086251930757005 0.028923201301823492 -0.012069771687189739 0.058241301491146993 0.022511714696884157 -0.049718952775001525
leaf_weight=56 127 356 22 158 179 45 20 219 38 24 72 21 33 287 283 75 47 57 20 420 38 20 21 43 22 23 36 21 37 30
leaf_count=56 127 356 22 158 179 45 20 219 38 24 72 21 33 287 283 75 47 57 20 420 38 20 21 43 22 23 36 21 37 30
internal_value=0 -0.00511686 -0.000178258 0.0333609 -0.0180979 -0.00433412 0.0202049 -0.00203796 -0.00152998 -0.0288144 -0.00550781 -0.0282502 -0.0234116 0.0197403 -0.00591877 0.00785547 -0.0173919 -0.00963667 -0.00417691 -0.0062908 -0.0255045 0.00212124 -0.00526999 0.00174887 -0.0172412 -0.00834722 0.0130934 0.0204512 0.012454 -0.00983038
internal_weight=0 2471 1790 379 681 1481 221 1354 94 127 304 377 125 309 1068 227 103 841 558 538 118 53 152 131 65 80 74 66 286 67
internal_count=2850 2471 1790 379 681 1481 221 1354 94 127 304 377 125 309 1068 227 103 841 558 538 118 53 152 131 65 80 74 66 286 67
shrinkage=0.1


Tree=5
num_leaves=31
num_cat=0
split_feature=0 2 0 12 0 15 1 11 5 13 7 2 12 8 9 2 14 3 15 2 15 13 14 11 3 1 9 3 9 0
split_gain=39.407 14.4787 14.0119 9.59653 9.21086 9.23281 8.42575 7.23118 6.74176 8.83107 5.85789 5.80938 5.44687 5.50543 5.15065 5.03403 4.95779 6.26402 5.28568 4.87545 6.69433 4.91756 4.67213 4.66547 6.49237 4.51036 4.21099 3.94597 4.80042 3.9198
threshold=39.500000000000007 26.500000000000004 20.500000000000004 1.5000000000000002 26.500000000000004 11.500000000000002 11.500000000000002 1.5000000000000002 3.5000000000000004 6.5000000000000009 2.5000000000000004 16.500000000000004 1.5000000000000002 12.500000000000002 1.5000000000000002 44.500000000000007 38.500000000000007 17.500000000000004 20.500000000000004 15.500000000000002 15.500000000000002 15.500000000000002 2.5000000000000004 2.5000000000000004 11.500000000000002 2.5000000000000004 6.5000000000000009 9.5000000000000018 9.5000000000000018 19.500000000000004
decision_type=2 2 2 2 2 2 2 2 2 2 2 2 2 2 2 2 2 2 2 2 2 2 2 2 2 2 2 2 2 2
left_child=1 2 7 -4 14 8 16 -1 9 -6 -9 29 -11 -14 -3 23 17 18 19 26 21 22 -21 24 -7 -10 -5 28 -25 -12
right_child=-2 4 3 6 5 15 -8 10 25 12 11 -13 13 -15 -16 -17 -18 -19 -20 20 -22 -23 -24 27 -26 -27 -28 -29 -30 -31
leaf_value=0.032779900279155998 0.039316544344282556 -0.067091053972641632 0.037097541242837907 -0.058314919710159299 0.029028490372002128 -0.020298278692996864 0.025554286142190297 -0.037155007452204611 0.00039920353889465339 0.018647355437278749 0.0041035823888711997 -0.011698811375438829 -0.049520321797441556 0.0064885666737189672 -0.019705958783569136 -0.060505482912063605 0.04583328029383784 -0.038134445561919104 0.042364559769630439 -0.043910233378410345 -0.045269730687141421 0.038970530864804294 0.006200135423896018 0.033843885660171512 0.045169966348579955 0.05225021488526288 -0.0064785175380252663 -0.042408814066547458 -0.028243831070986665 0.051368930041790009
leaf_weight=43 234 24 124 25 64 33 180 69 25 30 143 527 54 26 519 25 23 43 30 20 26 43 267 20 28 51 42 59 33 20
leaf_count=43 234 24 124 25 64 33 180 69 25 30 143 527 54 26 519 25 23 43 30 20 26 43 267 20 28 51 42 59 33 20
internal_value=0 -0.00351685 0.00229288 0.0114595 -0.0130434 -0.00242951 0.00691141 -0.00711377 0.0103464 -0.000506613 -0.00937388 -0.00659577 -0.0176907 -0.0313174 -0.0218003 -0.0185607 0.000445668 -0.001659 0.00180335 -0.00107333 0.00358413 0.00743323 0.00270812 -0.0124993 0.00975272 0.035194 -0.0258205 -0.0246186 -0.0048145 0.00990301
internal_weight=0 2616 1625 823 991 448 699 802 250 174 759 690 110 80 543 198 519 496 453 423 356 330 287 173 61 76 67 112 53 163
internal_count=2850 2616 1625 823 991 448 699 802 250 174 759 690 110 80 543 198 519 496 453 423 356 330 287 173 61 76 67 112 53 163
shrinkage=0.1


Tree=6
num_leaves=31
num_cat=0
split_feature=0 2 1 0 3 2 0 2 15 11 12 5 2 15 10 6 15 6 11 0 5 12 0 9 0 1 3 3 6 3
split_gain=32.394 12.5501 12.9219 7.85768 7.59409 6.71255 6.45306 5.99377 5.86988 6.73361 5.71981 5.62839 5.57045 4.62393 5.96542 4.59993 4.52227 4.40076 7.0165 9.38952 4.20424 5.24044 5.5012 4.16219 3.98443 3.90762 4.31284 4.18422 6.27421 5.8266
threshold=36.500000000000007 44.500000000000007 6.5000000000000009 26.500000000000004 1.0000000180025095e-35 21.500000000000004 41.500000000000007 23.500000000000004 12.500000000000002 2.5000000000000004 1.0000000180025095e-35 3.5000000000000004 26.500000000000004 1.5000000000000002 2.5000000000000004 1.5000000000000002 20.500000000000004 2.5000000000000004 2.5000000000000004 21.500000000000004 4.5000000000000009 2.5000000000000004 18.500000000000004 6.5000000000000009 12.500000000000002 2.5000000000000004 4.5000000000000009 12.500000000000002 2.5000000000000004 21.500000000000004
decision_type=2 2 2 2 2 2 2 2 2 2 2 2 2 2 2 2 2 2 2 2 2 2 2 2 2 2 2 2 2 2
left_child=1 2 4 7 17 13 8 -4 -2 -10 -7 15 -11 14 -6 -5 -17 -1 -19 -20 21 22 24 -23 -15 26 -12 28 -27 -29
right_child=6 -3 3 11 5 10 -8 -9 9 12 25 -13 -14 20 -16 16 -18 18 19 -21 -22 23 -24 -25 -26 27 -28 29 -30 -31
leaf_value=-0.0054771139250173202 0.030210394206948168 -0.045913667934281491 0.0077094465171968626 -0.026259767816912746 0.035549002113165681 0.028063378126724908 0.042654711008071902 -0.011075605822216934 0.042955189694960913 0.010601678315330954 -0.0073683337064889762 0.038511828517401092 -0.045840452114741012 0.0055204716222039584 -0.027263297353472028 0.020701446935534478 -0.016930782638098062 0.045770506986549928 -0.040451127476990228 0.038843412058694023 0.034836261896860031 -0.055454940701785839 0.005160194635391236 -0.016295787409732216 -0.039876825542285527 -0.036377164205679526 -0.03638093158725865 0.030852632153601872 0.0049027160594337866 -0.029382595878380997
leaf_weight=154 127 70 370 31 54 23 158 314 24 34 65 93 36 29 21 200 38 56 32 28 21 38 210 95 58 104 242 42 57 26
leaf_count=154 127 70 370 31 54 23 158 314 24 34 65 93 36 29 21 200 38 56 32 28 21 38 210 95 58 104 242 42 57 26
internal_value=0 -0.00417535 -0.00295849 0.00539123 -0.0094041 -0.0131386 0.0272224 -0.000914101 0.0161893 -0.00275399 -0.0207685 0.0173052 -0.0184257 -0.0050301 0.0179616 0.00997348 0.0146929 0.00560316 0.0203132 -0.00344701 -0.00885354 -0.0109872 -0.00359974 -0.0274841 -0.0247444 -0.0228639 -0.0302382 -0.0129778 -0.0217625 0.00782152
internal_weight=0 2471 2401 1046 1355 1085 379 684 221 94 559 362 70 526 75 269 238 270 116 60 451 430 297 133 87 536 307 229 161 68
internal_count=2850 2471 2401 1046 1355 1085 379 684 221 94 559 362 70 526 75 269 238 270 116 60 451 430 297 133 87 536 307 229 161 68
shrinkage=0.1


Tree=7
num_leaves=31
num_cat=0
split_feature=0 2 10 0 11 5 0 1 2 0 15 15 14 10 9 2 15 13 9 4 8 1 15 4 11 14 2 15 9 1
split_gain=26.2652 9.4353 7.72823 7.56927 7.00626 6.25941 6.21807 5.43635 5.26299 4.802 4.97338 5.1333 4.92074 6.22412 4.66142 4.57004 5.65535 6.08578 4.28259 4.25367 4.55604 4.09329 5.33461 6.04351 5.57407 4.29462 4.01774 4.00235 3.98804 3.94897
threshold=35.500000000000007 24.500000000000004 1.0000000180025095e-35 24.500000000000004 1.5000000000000002 3.5000000000000004 41.500000000000007 2.5000000000000004 38.500000000000007 21.500000000000004 9.5000000000000018 20.500000000000004 11.500000000000002 3.5000000000000004 1.5000000000000002 26.500000000000004 7.5000000000000009 11.500000000000002 23.500000000000004 4.5000000000000009 13.500000000000002 13.500000000000002 9.5000000000000018 2.5000000000000004 3.5000000000000004 7.5000000000000009 15.500000000000002 2.5000000000000004 18.500000000000004 1.5000000000000002
decision_type=2 2 2 2 2 2 2 2 2 2 2 2 2 2 2 2 2 2 2 2 2 2 2 2 2 2 2 2 2 2
left_child=1 2 -1 14 26 9 15 -5 19 18 12 29 27 -14 -3 -2 -17 -18 -6 20 -9 22 23 -16 -25 -23 -4 -11 -19 -12
right_child=6 3 4 7 5 -7 -8 8 -10 10 11 -13 13 -15 21 16 17 28 -20 -21 -22 25 -24 24 -26 -27 -28 -29 -30 -31
leaf_value=0.051623217860857655 0.026444670386451614 -0.065434427488417865 0.0060413800618227794 -0.020156470903261441 -0.0089087831107437197 0.012831919950994886 0.038389238715171817 0.0047895111853168129 -0.015864129304885868 0.033997614567096421 -0.059557259082794189 0.022771153029273541 0.036388252661066149 -0.02015967182815075 -0.024491286981179847 0.029215565894512421 0.012723243366117062 -0.01052998161315918 -0.050418819830967833 -0.033483528941869733 0.032983053895248769 0.024342410093130068 -0.035836050690648089 -0.0057488885563863838 0.052897499288831445 -0.015702866416581921 0.053660318335971319 -0.0094465310677238137 -0.068228728874869971 -0.012444563834897934
leaf_weight=30 139 21 34 127 564 247 158 168 100 26 22 34 103 24 161 47 46 25 26 20 87 43 167 71 21 71 37 115 23 93
leaf_count=30 139 21 34 127 564 247 158 168 100 26 22 34 103 24 161 47 46 25 26 20 87 43 167 71 21 71 37 115 23 93
internal_value=0 -0.00409088 0.00143316 -0.0111723 0.000296785 -0.00143349 0.0225279 -0.00227449 0.00378155 -0.00493256 0.00328144 -0.011365 0.0114244 0.025702 -0.0192204 0.0135775 0.00089284 -0.0132685 -0.010738 0.0109254 0.0144085 -0.017403 -0.0219644 -0.012808 0.00763779 -0.000598069 0.0308569 -0.00143555 -0.0381773 -0.0214574
internal_weight=0 2412 1355 1057 1325 1254 438 502 375 1007 417 149 268 127 555 280 141 94 590 275 255 534 420 253 92 114 71 141 48 115
internal_count=2850 2412 1355 1057 1325 1254 438 502 375 1007 417 149 268 127 555 280 141 94 590 275 255 534 420 253 92 114 71 141 48 115
shrinkage=0.1


Tree=8
num_leaves=31
num_cat=0
split_feature=0 2 1 0 3 2 3 1 7 15 2 14 4 0 12 9 8 13 7 15 1 3 14 8 3 14 13 8 2 8
split_gain=21.4541 9.81435 10.5438 6.35959 5.04348 5.7802 4.30766 5.7338 4.29228 4.13409 3.93186 4.72286 4.64792 4.27906 5.20892 4.60829 3.82094 4.20368 3.81851 3.64285 3.58216 5.83968 4.55777 4.43761 7.11646 4.62542 4.3529 3.91713 3.69078 4.41897
threshold=39.500000000000007 38.500000000000007 6.5000000000000009 26.500000000000004 1.0000000180025095e-35 9.5000000000000018 13.500000000000002 9.5000000000000018 9.5000000000000018 10.500000000000002 11.500000000000002 6.5000000000000009 1.5000000000000002 12.500000000000002 2.5000000000000004 13.500000000000002 27.500000000000004 20.500000000000004 21.500000000000004 27.500000000000004 2.5000000000000004 13.500000000000002 6.5000000000000009 9.5000000000000018 14.500000000000002 6.5000000000000009 4.5000000000000009 19.500000000000004 20.500000000000004 14.500000000000002
decision_type=2 2 2 2 2 2 2 2 2 2 2 2 2 2 2 2 2 2 2 2 2 2 2 2 2 2 2 2 2 2
left_child=1 2 4 6 8 -6 10 -8 -1 20 -4 -12 -13 -14 15 -15 -3 -18 -10 -11 21 26 -23 24 25 -22 -7 -25 29 -28
right_child=-2 16 3 -5 5 9 7 -9 18 19 11 12 13 14 -16 -17 17 -19 -20 -21 23 22 -24 27 -26 -27 28 -29 -30 -31
leaf_value=-0.007305475091206208 0.029009732705915076 -0.013525669063840593 0.038766897266561337 0.017194706270682446 0.027336387372598414 0.010094345981876057 -0.047575147685251742 -0.0023560634840314636 0.025002203117899538 -0.027875269072573268 0.016990104678330148 -0.035298175187337966 0.031084877863908428 0.017098881318731215 -0.025280380852614776 -0.028028387653416604 -0.056624757409095762 -0.0041700306263836948 -0.01950741954471754 0.0024749895747827027 0.0012129897008771482 -0.078031611158734276 -0.023660748940089654 0.023056340438348276 0.044914420490915125 -0.029638814636804525 0.0081746710295026951 -0.015864019709474899 -0.026481464917843159 -0.043898743987083433
leaf_weight=131 234 189 33 388 41 96 38 107 119 205 157 42 39 103 79 29 50 22 23 49 92 21 58 108 22 103 88 34 130 20
leaf_count=131 234 189 33 388 41 96 38 107 119 205 157 42 39 103 79 29 50 22 23 49 92 21 58 108 22 103 88 34 130 20
internal_value=0 -0.00259491 -0.000555816 0.00713236 -0.00637932 -0.00948254 0.000905579 -0.0142066 0.00574936 -0.0109539 0.00545177 0.00300322 -0.00451713 0.000654087 -0.00497056 0.00718456 -0.0209936 -0.0405969 0.0177929 -0.0220203 -0.00731283 -0.0136637 -0.0381138 -6.62258e-06 -0.00900039 -0.0150831 -0.00788065 0.0137374 -0.0151311 -0.00146855
internal_weight=0 2616 2355 1015 1340 1067 627 145 273 1026 482 449 292 250 211 132 261 72 142 254 772 413 79 359 217 195 334 142 238 108
internal_count=2850 2616 2355 1015 1340 1067 627 145 273 1026 482 449 292 250 211 132 261 72 142 254 772 413 79 359 217 195 334 142 238 108
shrinkage=0.1


Tree=9
num_leaves=31
num_cat=0
split_feature=0 2 12 1 3 14 0 6 2 15 3 0 0 15 0 0 3 5 0 8 0 14 0 6 2 7 12 11 7 13
split_gain=17.7902 7.51334 8.9846 6.72194 6.19226 7.58871 6.65768 5.96472 5.28752 6.88181 6.55714 5.00477 4.97826 4.61567 4.97267 8.94925 6.10965 4.29626 4.44206 4.6189 4.24723 4.16091 3.80692 3.76411 3.75785 3.44109 3.74894 3.27979 3.27758 2.93051
threshold=35.500000000000007 44.500000000000007 1.5000000000000002 9.5000000000000018 15.500000000000002 31.500000000000004 22.500000000000004 3.5000000000000004 21.500000000000004 1.0000000180025095e-35 1.5000000000000002 10.500000000000002 24.500000000000004 10.500000000000002 20.500000000000004 14.500000000000002 7.5000000000000009 3.5000000000000004 18.500000000000004 11.500000000000002 41.500000000000007 5.5000000000000009 13.500000000000002 2.5000000000000004 42.500000000000007 14.500000000000002 2.5000000000000004 4.5000000000000009 6.5000000000000009 15.500000000000002
decision_type=2 2 2 2 2 2 2 2 2 2 2 2 2 2 2 2 2 2 2 2 2 2 2 2 2 2 2 2 2 2
left_child=1 2 13 4 7 6 -6 8 9 -4 23 -5 21 14 15 -1 -17 18 22 25 24 -9 -11 -10 -2 26 -20 -12 -21 -8
right_child=20 -3 3 11 5 -7 29 12 10 17 27 -13 -14 -15 -16 16 -18 -19 19 28 -22 -23 -24 -25 -26 -27 -28 -29 -30 -31
leaf_value=0.046666446225396521 0.014690395444631577 -0.036904059006617619 0.040372909108797712 -0.031574714989275547 -0.054901698893970924 0.033531051967293023 -0.024733937154581519 -0.026604435994074895 -0.010651986613685702 -0.0070356737221440972 -0.020422459358653864 0.0063723888956855523 0.038141931502186525 -0.017291105687618255 0.030297950568137236 -0.04229641968295688 0.024856440424919132 0.013669187184607629 -0.006019084530267102 -0.008344267379669916 0.031649342179298399 0.012248496933186309 -0.041544026949188934 0.023432631073174656 -0.026692726214726764 0.029906801666532246 -0.039688257909402613 -0.061075331767400112 0.041366845038202073 0.014432282805442809
leaf_weight=29 256 65 36 37 72 20 81 39 81 62 361 573 49 40 154 42 20 101 171 21 158 94 66 54 24 21 41 21 36 25
leaf_count=29 256 65 36 37 72 20 81 39 81 62 361 573 49 40 154 42 20 101 171 21 158 94 66 54 24 21 41 21 36 25
internal_value=0 -0.0033668 -0.00243798 -0.00473821 -0.00843892 -0.0248735 -0.0314358 -0.00584399 -0.00868573 -0.00190733 -0.0159624 0.00407068 0.0108942 0.0142044 0.0193465 0.000813254 -0.0206342 -0.00484006 -0.00931239 -0.00246366 0.0185404 0.000855532 -0.024829 0.00298186 0.0111433 -0.00870575 -0.0125306 -0.0226573 0.0230522 -0.0154966
internal_weight=0 2412 2347 2062 1452 198 178 1254 1072 555 517 610 182 285 245 91 62 519 418 290 438 133 128 135 280 233 212 382 57 106
internal_count=2850 2412 2347 2062 1452 198 178 1254 1072 555 517 610 182 285 245 91 62 519 418 290 438 133 128 135 280 233 212 382 57 106
shrinkage=0.1


Tree=10
num_leaves=31
num_cat=0
split_feature=0 2 0 8 4 7 0 1 2 9 9 5 8 6 8 9 13 5 7 1 15 9 7 2 3 13 15 2 11 8
split_gain=14.4218 8.29758 7.63206 6.91001 6.11785 5.11831 5.54595 3.98462 4.81591 3.56967 3.47938 3.46947 3.51822 3.43704 3.4011 3.33903 3.68891 5.74808 3.64031 4.48073 6.56892 3.92076 3.26637 3.22576 2.94963 3.90555 3.50155 2.99847 2.94813 2.90684
threshold=38.500000000000007 38.500000000000007 24.500000000000004 12.500000000000002 4.5000000000000009 2.5000000000000004 12.500000000000002 24.500000000000004 24.500000000000004 26.500000000000004 7.5000000000000009 3.5000000000000004 15.500000000000002 1.5000000000000002 27.500000000000004 37.500000000000007 17.500000000000004 2.5000000000000004 11.500000000000002 5.5000000000000009 3.5000000000000004 12.500000000000002 7.5000000000000009 21.500000000000004 9.5000000000000018 16.500000000000004 10.500000000000002 25.500000000000004 1.5000000000000002 19.500000000000004
decision_type=2 2 2 2 2 2 2 2 2 2 2 2 2 2 2 2 2 2 2 2 2 2 2 2 2 2 2 2 2 2
left_child=1 2 5 15 13 6 -1 8 11 24 -8 28 -13 29 -3 16 18 -18 19 20 -4 22 -21 -20 27 26 -26 -10 -7 -5
right_child=-2 14 3 4 -6 7 10 -9 9 -11 -12 12 -14 -15 -16 -17 17 -19 23 21 -22 -23 -24 -25 25 -27 -28 -29 -30 -31
leaf_value=-0.064111845224612843 0.021382414832921096 -0.012473022674328715 0.015604929327964784 0.01994040571153164 -0.034866797327995303 0.023235637385670735 0.0054694169876622224 0.038192982259004013 -0.036084292001194423 0.020838508318210471 -0.030791370435194539 0.024764500775383516 -0.0040489941835403446 0.026758835096604268 -0.03856553366218788 0.038339467753063551 -0.062651483217875156 0.0035083799526609222 0.030358728269735975 0.032524314378538442 -0.032483830713495913 -0.012664639992990357 -0.0044130056332319211 0.0021972567967648775 -0.022621524910773003 0.009598583524877375 -0.061831473145220021 -0.0048804366532625735 -0.0043831494600907279 -0.031679377704858784
leaf_weight=27 284 181 40 24 20 41 51 23 36 29 55 103 72 253 69 22 24 29 66 62 98 69 39 106 62 22 36 213 674 20
leaf_count=27 284 181 40 24 20 41 51 23 36 29 55 103 72 253 69 22 24 29 66 62 98 69 39 106 62 22 36 213 674 20
internal_value=0 -0.00236657 -0.000498259 0.00688889 0.0186676 -0.0049592 -0.0236512 -0.00306291 -0.00379962 -0.0129436 -0.0133451 0.000289477 0.0129098 0.0222726 -0.0196746 0.00016123 -0.00141461 -0.0264508 0.00134981 -0.00515805 -0.0185451 0.00570906 0.0182614 0.0130034 -0.0155986 -0.0284775 -0.0370252 -0.00939184 -0.00279941 -0.00352313
internal_weight=0 2566 2316 872 317 1444 133 1311 1288 398 106 890 175 297 250 555 533 53 480 308 138 170 101 172 369 120 98 249 715 44
internal_count=2850 2566 2316 872 317 1444 133 1311 1288 398 106 890 175 297 250 555 533 53 480 308 138 170 101 172 369 120 98 249 715 44
shrinkage=0.1


Tree=11
num_leaves=31
num_cat=0
split_feature=0 12 6 8 8 0 15 1 7 2 3 8 12 11 3 14 6 2 1 11 7 15 3 1 3 14 8 9 0 15
split_gain=11.7901 5.60112 4.76114 4.96487 4.75499 5.78988 5.74821 5.27717 5.70349 4.98241 4.91208 4.71332 4.51463 7.03577 6.1551 6.33202 5.62068 4.90642 4.43267 4.17947 5.91655 4.06464 4.06033 3.9584 3.91189 3.87388 3.75239 3.72759 4.70683 4.27755
threshold=35.500000000000007 1.5000000000000002 1.5000000000000002 13.500000000000002 12.500000000000002 16.500000000000004 1.5000000000000002 18.500000000000004 13.500000000000002 38.500000000000007 20.500000000000004 10.500000000000002 3.5000000000000004 2.5000000000000004 14.500000000000002 3.5000000000000004 3.5000000000000004 15.500000000000002 20.500000000000004 3.5000000000000004 9.5000000000000018 10.500000000000002 1.0000000180025095e-35 8.5000000000000018 10.500000000000002 39.500000000000007 17.500000000000004 7.5000000000000009 24.500000000000004 25.500000000000004
decision_type=2 2 2 2 2 2 2 2 2 2 2 2 2 2 2 2 2 2 2 2 2 2 2 2 2 2 2 2 2 2
left_child=1 21 3 -3 6 12 24 8 11 25 -11 -8 14 -14 15 -6 17 -17 -9 20 -13 -1 -10 26 -4 27 -19 29 -29 -7
right_child=-2 2 4 -5 5 9 7 18 22 10 -12 19 13 -15 -16 16 -18 23 -20 -21 -22 -23 -24 -25 -26 -27 -28 28 -30 -31
leaf_value=0.015060009792506457 0.015093428774239265 -0.0031594438212258478 0.02499409475958491 -0.033628072924570207 0.051582486812884992 0.016921358157817583 -0.011848723702743405 0.049688068032264714 0.030107581886378205 -0.033237220803085638 0.021982017904520035 -0.0091343174915055978 0.0042600231785928045 -0.059935938998272542 -0.044398804035569943 0.024987878478490391 0.038356692040408098 -0.014781846602757774 -0.0017706242013484875 -0.071564294721769256 -0.061173715129975353 -0.018214667120645213 -0.0039753471753176525 0.0061492602030436203 -0.024273090064525604 0.053065189978350774 -0.068007755508789652 -0.0084037502469687629 0.018019108900002072 0.066523709893226632
leaf_weight=251 438 105 83 109 26 133 610 26 44 49 24 74 31 38 28 26 27 27 47 23 31 43 170 27 20 23 26 145 126 20
leaf_count=251 438 105 83 109 26 133 610 26 44 49 24 74 31 38 28 26 27 27 47 23 31 43 170 27 20 23 26 145 126 20
internal_value=0 -0.00274085 -0.00453624 -0.0186785 -0.00294672 0.00307839 -0.00709165 -0.00935457 -0.0113415 0.00913908 -0.015083 -0.0155095 -0.00923239 -0.0310943 -0.00116571 0.00644766 -0.00237568 -0.0127509 0.0165571 -0.0329555 -0.0244983 0.0101933 0.00303236 -0.025016 0.0154277 0.0130948 -0.0408927 0.0109266 0.00388142 0.0234053
internal_weight=0 2412 2118 214 1904 776 1128 1025 952 520 73 738 256 69 187 159 133 106 73 128 105 294 214 80 103 447 53 424 271 153
internal_count=2850 2412 2118 214 1904 776 1128 1025 952 520 73 738 256 69 187 159 133 106 73 128 105 294 214 80 103 447 53 424 271 153
shrinkage=0.1


Tree=12
num_leaves=31
num_cat=0
split_feature=0 11 0 2 12 3 5 10 2 11 15 7 12 8 13 6 3 8 1 7 13 10 13 6 7 9 8 5 15 14
split_gain=10.3186 5.72795 5.10338 4.85363 4.57563 5.87795 4.77087 5.74627 5.05216 4.86154 4.36094 4.34075 3.91145 5.87411 4.05509 4.4924 3.68192 3.59374 3.43768 3.39183 3.33509 3.21543 3.15367 4.96345 4.50151 3.45537 3.12723 3.64147 3.04894 2.96913
threshold=41.500000000000007 1.5000000000000002 24.500000000000004 22.500000000000004 1.5000000000000002 5.5000000000000009 3.5000000000000004 1.5000000000000002 30.500000000000004 2.5000000000000004 3.5000000000000004 10.500000000000002 3.5000000000000004 9.5000000000000018 2.5000000000000004 2.5000000000000004 21.500000000000004 12.500000000000002 10.500000000000002 17.500000000000004 6.5000000000000009 1.5000000000000002 16.500000000000004 2.5000000000000004 4.5000000000000009 12.500000000000002 32.500000000000007 2.5000000000000004 10.500000000000002 6.5000000000000009
decision_type=2 2 2 2 2 2 2 2 2 2 2 2 2 2 2 2 2 2 2 2 2 2 2 2 2 2 2 2 2 2
left_child=1 -1 3 16 28 10 8 -8 17 -10 -6 -9 13 14 -5 -16 -3 21 19 -13 -11 -7 23 24 -23 -25 27 29 -4 -12
right_child=-2 2 4 12 5 6 7 11 9 20 26 18 -14 -15 15 -17 -18 -19 -20 -21 -22 22 -24 25 -26 -27 -28 -29 -30 -31
leaf_value=0.01918731878977269 0.024836824834346773 1.8081511639144451e-05 0.022637910062545227 0.00923428516234121 0.037967363486484607 0.026487508565187459 -0.037739361405372623 0.035130079388618472 0.0026054409710136624 -0.012288270592689514 0.015620063765104428 -0.041103336334228517 -0.027230296076999772 -0.0011244379731167352 -0.043518578435512302 -0.0064187915325164798 -0.042413517407008577 0.015035221789564405 0.026758302790778024 0.0052165086186209391 -0.052406458089600753 -0.06729660898447036 -0.053203793615102773 0.040054153919219973 -0.01374847321477655 -0.0092330913652073267 -0.030540224367922003 0.018725449236389857 -0.016428898987562762 -0.017858364962149358
leaf_weight=128 158 781 152 31 49 20 25 60 37 30 43 25 144 349 94 50 21 70 35 43 67 20 20 25 73 33 22 153 23 69
leaf_count=128 158 781 152 31 49 20 25 60 37 30 43 25 144 349 94 50 21 70 35 43 67 20 20 25 73 33 22 153 23 69
internal_value=0 -0.00145773 -0.00248838 -0.00633713 0.00268316 -0.000138972 -0.0062104 0.00690206 -0.0124513 -0.0282349 0.0103957 0.0137489 -0.0126333 -0.00862185 -0.0235738 -0.0306367 -0.00109297 -0.00434777 0.00129385 -0.0118128 -0.0399988 -0.0114515 -0.0158888 -0.0109464 -0.0252642 0.0120114 0.00568831 0.00869596 0.0175034 -0.00500504
internal_weight=0 2692 2564 1470 1094 919 583 188 395 134 336 163 668 524 175 144 802 261 103 68 97 191 171 151 93 58 287 265 175 112
internal_count=2850 2692 2564 1470 1094 919 583 188 395 134 336 163 668 524 175 144 802 261 103 68 97 191 171 151 93 58 287 265 175 112
shrinkage=0.1


Tree=13
num_leaves=31
num_cat=0
split_feature=0 2 10 5 9 1 7 12 12 11 4 14 1 9 8 15 1 13 2 1 0 13 13 14 3 11 0 13 11 15
split_gain=8.35803 4.83094 5.81179 5.21582 4.38508 4.38293 5.06498 4.47917 3.93174 4.86319 4.64532 5.93886 3.97069 6.21539 3.7385 3.72252 5.95625 4.40848 4.76127 4.20777 3.57831 5.27186 3.77217 3.7598 3.74381 3.20641 4.26818 3.09931 3.5279 3.05619
threshold=41.500000000000007 26.500000000000004 1.0000000180025095e-35 2.5000000000000004 1.5000000000000002 9.5000000000000018 2.5000000000000004 1.5000000000000002 2.5000000000000004 1.5000000000000002 1.5000000000000002 7.5000000000000009 7.5000000000000009 3.5000000000000004 6.5000000000000009 5.5000000000000009 2.5000000000000004 12.500000000000002 38.500000000000007 9.5000000000000018 26.500000000000004 5.5000000000000009 6.5000000000000009 5.5000000000000009 14.500000000000002 3.5000000000000004 17.500000000000004 8.5000000000000018 3.5000000000000004 10.500000000000002
decision_type=2 2 2 2 2 2 2 2 2 2 2 2 2 2 2 2 2 2 2 2 2 2 2 2 2 2 2 2 2 2
left_child=1 2 -1 8 -3 6 -5 -8 9 -4 11 -11 13 -12 -10 -6 27 18 20 29 21 24 -22 -23 -18 26 -14 -17 -29 -19
right_child=-2 4 3 5 15 -7 7 -9 14 10 12 -13 25 -15 -16 16 17 19 -20 -21 22 23 -24 -25 -26 -27 -28 28 -30 -31
leaf_value=0.035944023363444273 0.022353141009807589 -0.040989646646711564 0.043964237843950593 -0.027338420848051711 0.0042097237328408473 0.01797307058532014 0.029854944111808897 0.0016008584064814545 0.014112533588667174 0.0099546580314636233 -0.044436451452119011 -0.053137671383651532 0.061869213481744137 0.00057961841023737386 -0.020289256368522291 -0.039881201321820187 -0.0045288625955581668 -0.069531245458693741 -0.015760349797514769 -0.0071284379992451706 0.04148422697825091 0.047258923522063664 0.0034917049870199085 0.00038370747457851066 -0.054031300815668974 -0.01080077380845041 0.013257583567540941 0.0038859573503335319 -0.044472832537510179 -0.021768026577459798
leaf_weight=49 158 36 24 54 284 234 63 513 37 25 35 37 24 248 216 83 50 21 104 143 56 28 49 44 22 33 73 48 22 37
leaf_count=49 158 36 24 54 284 234 63 513 37 25 35 37 24 248 216 83 50 21 104 143 56 28 49 44 22 33 73 48 22 37
internal_value=0 -0.00131196 0.00201507 0.000986283 -0.00670583 0.00628649 0.00194576 0.00469115 -0.00510331 4.53368e-05 -0.00217372 -0.0276972 0.00165789 -0.00498774 -0.0152582 -0.0054604 -0.00934487 -0.00452131 0.00221001 -0.016343 0.00971571 -0.000520825 0.0237544 0.018613 -0.0196546 0.0161249 0.0252852 -0.0268106 -0.0113125 -0.0390616
internal_weight=0 2692 1665 1616 1027 864 630 576 752 499 475 62 413 283 253 991 707 554 353 201 249 144 105 72 72 130 97 153 70 58
internal_count=2850 2692 1665 1616 1027 864 630 576 752 499 475 62 413 283 253 991 707 554 353 201 249 144 105 72 72 130 97 153 70 58
shrinkage=0.1


Tree=14
num_leaves=31
num_cat=0
split_feature=0 2 5 7 7 2 0 2 0 6 10 7 0 1 8 9 7 14 9 14 0 0 9 10 3 8 14 2 7 9
split_gain=7.03815 4.90456 3.64863 3.59897 3.51599 3.64646 3.5041 5.71114 3.49368 3.37456 3.20959 3.01995 3.48933 4.46734 4.92338 3.20699 3.75729 2.97503 4.55888 2.97501 2.89722 2.86044 2.74391 3.10838 4.50294 2.70997 4.28702 3.46566 4.89245 3.55941
threshold=26.500000000000004 31.500000000000004 3.5000000000000004 2.5000000000000004 19.500000000000004 37.500000000000007 39.500000000000007 40.500000000000007 12.500000000000002 3.5000000000000004 1.0000000180025095e-35 29.500000000000004 36.500000000000007 10.500000000000002 12.500000000000002 15.500000000000002 15.500000000000002 14.500000000000002 10.500000000000002 12.500000000000002 19.500000000000004 33.500000000000007 4.5000000000000009 2.5000000000000004 4.5000000000000009 9.5000000000000018 1.0000000180025095e-35 21.500000000000004 13.500000000000002 6.5000000000000009
decision_type=2 2 2 2 2 2 2 2 2 2 2 2 2 2 2 2 2 2 2 2 2 2 2 2 2 2 2 2 2 2
left_child=1 3 6 8 -3 -6 7 9 -1 11 -5 12 13 14 15 16 22 18 -10 -11 -7 -21 -2 24 -24 27 -27 -12 29 -29
right_child=2 4 -4 10 5 20 -8 -9 17 19 25 -13 -14 -15 -16 -17 -18 -19 -20 21 -22 -23 23 -25 -26 26 -28 28 -30 -31
leaf_value=-0.050783560752868655 -0.0483634909758201 -0.0096873571991404409 0.014599061311956225 0.030865475174152491 -0.066912147402763369 -0.041879647597670558 0.017361159986398349 -0.029157622205093506 -0.0012311005821594827 0.035731781814612597 -0.00030161227260887957 -0.03219177484512329 0.025990892387926581 0.013047819799285824 0.016524165401271745 -0.045845365268843516 0.022315585727875051 0.018124508652193793 -0.050183494488398241 0.020708768400881025 0.0096546456217765815 -0.023860487341880801 0.006325175806328103 0.014852403700351716 -0.048028373633112229 0.043900156736373902 0.00178201568537745 -0.048742942965548972 0.01300796057496752 -0.015131559967994691
leaf_weight=25 26 231 358 33 24 24 127 64 52 51 358 30 48 118 51 35 26 29 30 36 20 24 27 30 35 25 725 46 42 100
leaf_count=25 26 231 358 33 24 24 127 64 52 51 358 30 48 118 51 35 26 29 30 36 20 24 27 30 35 25 725 46 42 100
internal_value=0 -0.00389917 0.00633346 -0.00151703 -0.0155709 -0.0355575 0.00226878 -0.000920454 -0.017011 0.00244487 6.85115e-05 -0.00160162 0.000715817 -0.0027704 -0.0108858 -0.0186954 -0.0120964 -0.00940461 -0.0191405 0.0179746 -0.018455 0.00288107 -0.0196787 -0.0115722 -0.0243583 -0.00071567 0.00318595 -0.00607504 -0.0170691 -0.0257214
internal_weight=0 1764 1086 1465 299 68 728 601 136 537 1329 426 396 348 230 179 144 111 82 111 44 60 118 92 62 1296 750 546 188 146
internal_count=2850 1764 1086 1465 299 68 728 601 136 537 1329 426 396 348 230 179 144 111 82 111 44 60 118 92 62 1296 750 546 188 146
shrinkage=0.1


Tree=15
num_leaves=31
num_cat=0
split_feature=0 11 12 0 5 2 6 13 8 0 1 15 2 1 3 7 14 5 8 8 14 7 14 14 0 0 3 14 8 14
split_gain=5.72962 4.07878 4.09041 4.44666 4.29005 4.42642 3.79157 3.86661 4.31732 4.11964 6.12698 3.76079 3.74911 3.61753 3.52224 3.33403 3.12579 3.09984 3.01845 2.99754 2.79359 2.77294 2.76777 2.68868 2.64847 2.64727 2.58254 3.71872 2.37471 2.34601
threshold=41.500000000000007 1.5000000000000002 2.5000000000000004 6.5000000000000009 3.5000000000000004 39.500000000000007 2.5000000000000004 17.500000000000004 7.5000000000000009 17.500000000000004 5.5000000000000009 6.5000000000000009 36.500000000000007 1.0000000180025095e-35 15.500000000000002 8.5000000000000018 12.500000000000002 4.5000000000000009 19.500000000000004 13.500000000000002 6.5000000000000009 5.5000000000000009 11.500000000000002 8.5000000000000018 23.500000000000004 30.500000000000004 9.5000000000000018 8.5000000000000018 19.500000000000004 14.500000000000002
decision_type=2 2 2 2 2 2 2 2 2 2 2 2 2 2 2 2 2 2 2 2 2 2 2 2 2 2 2 2 2 2
left_child=1 23 4 -4 6 13 14 8 11 10 -10 22 -9 26 18 24 -16 21 19 -3 -21 -15 -8 -1 -11 -17 27 -6 -19 -22
right_child=-2 2 3 -5 5 -7 7 12 9 15 -12 -13 -14 17 16 25 -18 28 -20 20 29 -23 -24 -25 -26 -27 -28 -29 -30 -31
leaf_value=0.025401213149661608 0.018507579421695276 -0.0046546486604993591 -0.037726940350099047 -0.0052783295710692518 0.039668910524674826 -0.024204153303177128 -0.014588563357080734 -0.00063740589788981855 -0.031129625439643861 -0.0084447605907917028 0.02913965179074195 -0.033862028547695704 -0.051075877249240877 0.057685027718544002 -0.044744694232940675 0.046422843151278315 -0.0026649385690689087 0.02353524182524 -0.030726893089319529 0.033864683480489821 -0.015508509592877496 0.023606914689398222 0.037390931546688079 -0.0068339286579026121 0.027945279851555829 0.010516634051288878 -0.021213489191399683 -0.0086340012582572737 -0.024021370779900325 0.027207700759172438
leaf_weight=92 158 535 44 1051 28 31 21 56 37 40 31 35 20 30 41 77 31 21 38 42 36 117 20 36 40 28 36 37 21 20
leaf_count=92 158 535 44 1051 28 31 21 56 37 40 31 35 20 30 41 77 31 21 38 42 36 117 20 36 40 28 36 37 21 20
internal_value=0 -0.00108625 -0.00195596 -0.0065822 0.00149246 0.0117122 -0.00136514 0.0064189 0.0111151 0.0173936 -0.00365393 -0.00978569 -0.0139107 0.0155515 -0.00560813 0.02513 -0.026627 0.0237161 -0.00335275 -0.00170944 0.014369 0.0305616 0.0107673 0.0163351 0.00975026 0.0368479 0.000273127 0.0121734 -0.000243064 -0.00025272
internal_weight=0 2692 2564 1095 1469 321 1148 405 329 253 68 76 76 290 743 185 72 189 671 633 98 147 41 128 80 105 101 65 42 56
internal_count=2850 2692 2564 1095 1469 321 1148 405 329 253 68 76 76 290 743 185 72 189 671 633 98 147 41 128 80 105 101 65 42 56
shrinkage=0.1


Tree=16
num_leaves=31
num_cat=0
split_feature=0 7 2 0 9 5 13 2 0 3 7 1 8 2 5 15 14 2 7 12 2 0 10 0 7 2 1 0 8 3
split_gain=5.32397 3.97504 3.66809 3.19712 3.4068 3.03448 3.00631 4.04416 4.40767 3.62706 4.03032 3.91832 2.8493 3.29155 3.7918 3.61918 3.42833 3.48912 3.52097 3.04117 3.11248 3.00878 4.33533 3.85196 6.58113 2.93146 3.93751 3.98714 3.83519 2.92968
threshold=31.500000000000004 2.5000000000000004 46.500000000000007 16.500000000000004 7.5000000000000009 3.5000000000000004 6.5000000000000009 21.500000000000004 41.500000000000007 3.5000000000000004 12.500000000000002 4.5000000000000009 7.5000000000000009 24.500000000000004 3.5000000000000004 3.5000000000000004 5.5000000000000009 15.500000000000002 11.500000000000002 1.0000000180025095e-35 9.5000000000000018 16.500000000000004 3.5000000000000004 13.500000000000002 9.5000000000000018 35.500000000000007 2.5000000000000004 17.500000000000004 24.500000000000004 5.5000000000000009
decision_type=2 2 2 2 2 2 2 2 2 2 2 2 2 2 2 2 2 2 2 2 2 2 2 2 2 2 2 2 2 2
left_child=1 3 12 -1 -5 6 -2 -8 9 10 -9 -11 13 14 15 -3 -17 -18 -19 -14 -21 22 23 -22 -25 26 29 -28 -27 -23
right_child=5 2 -4 4 -6 -7 7 8 -10 11 -12 -13 19 -15 -16 16 17 18 -20 20 21 25 -24 24 -26 28 27 -29 -30 -31
leaf_value=-0.03857952238370975 0.014291467809596579 0.014652455159846476 -0.040809634457463807 0.010170187343630874 -0.021504018207391104 0.016543216387993897 0.017537601753859454 0.03618832282398058 0.016530953347682953 -0.053367994765977603 -0.025191405862569811 -0.014772769350271959 0.021571541881897083 -0.021085549174374298 0.03792769109660929 0.0055532180927169161 -0.048758591072899954 -0.02319268428761026 0.02127480171620846 0.023497586803776879 0.0050138716944135159 0.0036187652523154458 -0.03471793555296384 0.0054337602209400494 -0.036196465866687975 -0.00077777814985525735 0.042397805434816027 0.0071235917307958148 -0.038149593535222508 -0.017618166145525482
leaf_weight=48 148 68 23 57 84 247 71 23 49 37 20 91 71 131 22 71 35 69 24 56 208 151 52 74 78 99 34 557 38 114
leaf_count=48 148 68 23 57 84 247 71 23 49 37 20 91 71 131 22 71 35 69 24 56 208 151 52 74 78 99 34 557 38 114
internal_value=0 -0.00243349 -0.00110765 -0.0162881 -0.00869955 0.00767648 0.00268767 -0.00321391 -0.00991099 -0.0174879 0.00763961 -0.0259292 -0.00063985 -0.00793667 -0.00197646 -0.00526444 -0.0120702 -0.0218457 -0.0117172 0.00136058 0.000378395 -0.000543081 -0.00772736 -0.00382872 -0.0159291 0.00243771 0.00461137 0.0091529 -0.0111437 -0.00551712
internal_weight=0 2164 1975 189 141 686 439 291 220 171 43 128 1952 420 289 267 199 128 93 1532 1461 1405 412 360 152 993 856 591 137 265
internal_count=2850 2164 1975 189 141 686 439 291 220 171 43 128 1952 420 289 267 199 128 93 1532 1461 1405 412 360 152 993 856 591 137 265
shrinkage=0.1


Tree=17
num_leaves=31
num_cat=0
split_feature=0 2 3 4 11 14 7 15 13 0 13 7 14 3 12 0 15 13 13 9 14 7 10 13 1 4 5 1 7 8
split_gain=4.57611 3.30476 3.25331 3.40125 3.44366 3.54984 6.61546 3.28945 3.76041 3.35015 3.15165 3.9367 3.05895 4.16408 3.27383 4.45045 3.6877 3.20131 3.35458 3.07777 2.87916 2.75878 2.66871 2.64215 2.63543 3.41986 2.52354 2.48784 2.42981 2.34607
threshold=26.500000000000004 31.500000000000004 20.500000000000004 2.5000000000000004 4.5000000000000009 20.500000000000004 11.500000000000002 1.5000000000000002 5.5000000000000009 16.500000000000004 2.5000000000000004 19.500000000000004 11.500000000000002 9.5000000000000018 2.5000000000000004 11.500000000000002 11.500000000000002 1.5000000000000002 12.500000000000002 8.5000000000000018 7.5000000000000009 13.500000000000002 2.5000000000000004 12.500000000000002 3.5000000000000004 4.5000000000000009 3.5000000000000004 14.500000000000002 45.500000000000007 9.5000000000000018
decision_type=2 2 2 2 2 2 2 2 2 2 2 2 2 2 2 2 2 2 2 2 2 2 2 2 2 2 2 2 2 2
left_child=1 2 3 4 5 7 -7 8 -1 -10 -3 21 13 14 15 -5 20 -14 29 -16 -17 -12 -15 -9 25 -2 -20 -4 -13 -19
right_child=24 10 27 12 -6 6 -8 23 9 -11 11 28 17 22 19 16 -18 18 26 -21 -22 -23 -24 -25 -26 -27 -28 -29 -30 -31
leaf_value=0.03866514753964212 6.2816649366002596e-05 0.013783741073730666 -0.035027030110359195 0.059030413769540338 -0.036408693559708133 -0.0028004140388674854 0.066219488921619593 -0.0089647804555438824 -0.029358699459296006 0.017481064715900937 -0.015649745953671728 -0.053933701606897214 -0.020122642666101458 0.0028892832583394547 0.0094559291336271511 0.014227050741513571 0.044322364777326588 0.011988188182154011 0.020371222413248485 -0.028925316838117748 -0.020951569550915771 0.014288331332959628 -0.036552475534734279 0.0083111804955213978 0.0082134935769948882 -0.042695359736680982 -0.022033683113429861 0.0049726246491722439 -0.011742679278055827 0.045772749332130935
leaf_weight=36 289 39 48 21 31 41 21 630 26 37 162 39 20 29 45 60 24 31 36 39 38 38 42 103 777 20 23 23 21 61
leaf_count=36 289 39 48 21 31 41 21 630 26 37 162 39 20 29 45 60 24 31 36 39 38 38 42 103 777 20 23 23 21 61
internal_value=0 -0.00314407 -0.00118866 -0.000125149 -0.0036424 -0.00250621 0.0205773 -0.00422637 0.012883 -0.00184963 -0.0127249 -0.0167012 0.00681186 0.000694139 0.00730515 0.0165094 0.00919017 0.0174731 0.0224527 -0.00836394 0.000586361 -0.00996151 -0.0204425 -0.00653719 0.00510693 -0.0027047 0.0038405 -0.0220694 -0.0391668 0.0343888
internal_weight=0 1764 1465 1394 925 894 62 832 99 63 299 260 469 298 227 143 122 171 151 84 98 200 71 733 1086 309 59 71 60 92
internal_count=2850 1764 1465 1394 925 894 62 832 99 63 299 260 469 298 227 143 122 171 151 84 98 200 71 733 1086 309 59 71 60 92
shrinkage=0.1


Tree=18
num_leaves=31
num_cat=0
split_feature=0 7 2 12 2 15 13 3 13 13 11 6 2 3 3 1 3 7 3 1 13 9 8 13 6 1 7 0 14 7
split_gain=3.97384 4.24277 3.19429 3.10558 2.5747 2.50445 3.94243 3.76962 3.57649 3.29722 2.7703 4.44439 8.06262 4.12354 3.47906 3.33988 4.59101 3.75038 3.23916 3.45105 3.3439 3.06818 2.75591 2.72608 2.59028 2.51497 4.26755 2.47629 3.50148 2.80778
threshold=20.500000000000004 2.5000000000000004 11.500000000000002 1.5000000000000002 43.500000000000007 3.5000000000000004 3.5000000000000004 9.5000000000000018 14.500000000000002 7.5000000000000009 2.5000000000000004 2.5000000000000004 30.500000000000004 11.500000000000002 4.5000000000000009 7.5000000000000009 13.500000000000002 5.5000000000000009 1.0000000180025095e-35 15.500000000000002 4.5000000000000009 17.500000000000004 10.500000000000002 7.5000000000000009 2.5000000000000004 3.5000000000000004 9.5000000000000018 13.500000000000002 6.5000000000000009 10.500000000000002
decision_type=2 2 2 2 2 2 2 2 2 2 2 2 2 2 2 2 2 2 2 2 2 2 2 2 2 2 2 2 2 2
left_child=1 -1 -3 4 -2 6 -4 8 9 -8 11 27 13 14 -13 17 18 -12 -17 20 -20 23 -16 -19 -25 26 -11 -7 -29 -30
right_child=3 2 5 -5 -6 10 7 -9 -10 25 15 12 -14 -15 22 16 -18 21 19 -21 -22 -23 -24 24 -26 -27 -28 28 29 -31
leaf_value=-0.02450402299968564 0.015332241999056504 0.017287140198656032 0.035186931408113901 0.0011318699363037415 -0.020285044339570135 0.013538504062696946 0.01708109050484027 -0.032810621107778243 0.040880738943815234 0.025282320805958342 -0.059864126518368727 0.042870660523573557 -0.042231505513191228 0.067985174953937536 -0.028648787885904317 -0.01908596429754706 -0.029281453453764622 -0.0090106652090043739 -0.00057897510982695083 -0.011456951179674693 0.049381944053881882 0.01548809384306272 0.022107279300689699 -0.023744015734304083 -0.065769016742706299 -0.041153453042109808 -0.029450638335326625 0.0025044411085964591 -0.032945276763704089 -0.00052824334094398904
leaf_weight=98 262 74 36 1441 22 43 59 31 24 28 24 30 20 20 20 34 49 66 21 28 37 24 23 44 22 24 29 89 90 38
leaf_count=98 262 74 36 1441 22 43 59 31 24 28 24 30 20 20 20 34 49 66 21 28 37 24 23 44 22 24 29 89 90 38
internal_value=0 -0.00462382 -0.00272678 0.00301554 0.0125732 -0.00428086 0.00478215 -0.000831044 0.00521388 -0.000900443 -0.00718051 -0.00118877 0.0153689 0.0277561 0.0167344 -0.0135843 -0.00348837 -0.0230632 0.0070438 0.0173742 0.0312926 -0.0174016 -0.00150019 -0.0233815 -0.0377523 -0.0139981 -0.00256427 -0.00838499 -0.0127293 -0.0233215
internal_weight=0 1125 1027 1725 284 953 231 195 164 140 722 373 113 93 73 349 169 180 120 86 58 156 43 132 66 81 57 260 217 128
internal_count=2850 1125 1027 1725 284 953 231 195 164 140 722 373 113 93 73 349 169 180 120 86 58 156 43 132 66 81 57 260 217 128
shrinkage=0.1


Tree=19
num_leaves=31
num_cat=0
split_feature=5 12 1 3 15 13 2 0 4 6 1 13 11 0 2 3 8 9 7 6 7 4 3 14 2 3 1 15 14 2
split_gain=3.59407 3.70878 4.06845 3.58266 4.45489 4.07564 3.60495 3.43521 3.37208 3.90361 3.31336 3.16037 3.10507 4.11854 5.42923 4.1645 3.19753 3.16942 4.22008 3.96305 3.1488 3.8643 3.04566 2.87606 3.06309 3.83742 3.03952 4.58665 3.55989 3.40906
threshold=2.5000000000000004 1.5000000000000002 9.5000000000000018 4.5000000000000009 48.500000000000007 3.5000000000000004 9.5000000000000018 10.500000000000002 2.5000000000000004 1.0000000180025095e-35 30.500000000000004 26.500000000000004 2.5000000000000004 20.500000000000004 16.500000000000004 1.0000000180025095e-35 15.500000000000002 12.500000000000002 5.5000000000000009 2.5000000000000004 6.5000000000000009 1.5000000000000002 6.5000000000000009 31.500000000000004 30.500000000000004 15.500000000000002 1.0000000180025095e-35 4.5000000000000009 6.5000000000000009 25.500000000000004
decision_type=2 2 2 2 2 2 2 2 2 2 2 2 2 2 2 2 2 2 2 2 2 2 2 2 2 2 2 2 2 2
left_child=8 22 3 5 6 -3 -5 -4 9 -1 11 -10 16 14 -14 -16 17 19 -19 -11 21 -15 -2 24 25 26 28 -28 -8 -29
right_child=1 2 7 4 -6 -7 23 -9 10 12 -12 -13 13 20 15 -17 -18 18 -20 -21 -22 -23 -24 -25 -26 -27 27 29 -30 -31
leaf_value=-0.04835245236754418 0.0020350759602942559 0.031796209399516766 -0.031837125718593595 0.029821106099656654 -0.053195792958140378 0.001157266791102551 -0.042311591012724518 0.010517831961313884 0.0017235907199590105 -0.0071053108482649827 -0.037541012763977054 0.034341891296207905 0.010833755594033462 0.039994763831297561 -0.073069865575858525 -0.026719523989965046 0.024557918933934945 0.003536518752574921 -0.052528042731613947 0.021031041621272242 -0.017200386208983568 -0.0059309511853937527 0.024913534649120744 0.014558578426377818 -0.020383659388847696 -0.024660292526086175 0.034084799739659999 -0.0081161274622052401 -0.0025622326548736876 0.031273214850160817
leaf_weight=24 106 52 20 28 20 263 29 450 414 198 20 32 26 27 28 63 43 25 29 67 104 57 129 57 167 75 51 118 101 27
leaf_count=24 106 52 20 28 20 263 29 450 414 198 20 32 26 27 28 63 43 25 29 67 104 57 129 57 167 75 51 118 101 27
internal_value=0 0.00293568 0.00105661 -0.00258678 -0.00670654 0.00621512 -0.00528267 0.00871549 -0.00429569 -0.00872908 0.0022783 0.00406392 -0.00730335 -0.0147366 -0.0294667 -0.0409812 -0.00104056 -0.00449113 -0.0265722 8.40846e-06 -0.00556939 0.00883089 0.0145939 -0.00685532 -0.00900425 -0.0042652 0.000426923 0.00829081 -0.0114294 -0.00078156
internal_weight=0 1693 1458 988 673 315 653 470 1157 691 466 446 667 305 117 91 362 319 54 265 188 84 235 625 568 401 326 196 130 145
internal_count=2850 1693 1458 988 673 315 653 470 1157 691 466 446 667 305 117 91 362 319 54 265 188 84 235 625 568 401 326 196 130 145
shrinkage=0.1


end of trees

feature_importances:
Column_0=81
Column_2=67
Column_15=50
Column_3=49
Column_1=47
Column_7=46
Column_8=38
Column_9=35
Column_14=34
Column_13=32
Column_5=26
Column_12=26
Column_11=24
Column_6=23
Column_4=12
Column_10=10

parameters:
[boosting: gbdt]
[objective: regression]
[metric: l2]
[tree_learner: serial]
[device_type: cpu]
[data: ]
[valid: ]
[num_iterations: 10000]
[learning_rate: 0.1]
[num_leaves: 31]
[num_threads: 0]
[deterministic: 0]
[force_col_wise: 0]
[force_row_wise: 0]
[histogram_pool_size: -1]
[max_depth: -1]
[min_data_in_leaf: 20]
[min_sum_hessian_in_leaf: 0.001]
[bagging_fraction: 1]
[pos_bagging_fraction: 1]
[neg_bagging_fraction: 1]
[bagging_freq: 0]
[bagging_seed: 3]
[feature_fraction: 1]
[feature_fraction_bynode: 1]
[feature_fraction_seed: 2]
[extra_trees: 0]
[extra_seed: 6]
[early_stopping_round: 10]
[first_metric_only: 0]
[max_delta_step: 0]
[lambda_l1: 0]
[lambda_l2: 0]
[min_gain_to_split: 0]
[drop_rate: 0.1]
[max_drop: 50]
[skip_drop: 0.5]
[xgboost_dart_mode: 0]
[uniform_drop: 0]
[drop_seed: 4]
[top_rate: 0.2]
[other_rate: 0.1]
[min_data_per_group: 100]
[max_cat_threshold: 32]
[cat_l2: 10]
[cat_smooth: 10]
[max_cat_to_onehot: 4]
[top_k: 20]
[monotone_constraints: ]
[monotone_constraints_method: basic]
[monotone_penalty: 0]
[feature_contri: ]
[forcedsplits_filename: ]
[refit_decay_rate: 0.9]
[cegb_tradeoff: 1]
[cegb_penalty_split: 0]
[cegb_penalty_feature_lazy: ]
[cegb_penalty_feature_coupled: ]
[path_smooth: 0]
[interaction_constraints: ]
[verbosity: 1]
[saved_feature_importance_type: 0]
[max_bin: 255]
[max_bin_by_feature: ]
[min_data_in_bin: 3]
[bin_construct_sample_cnt: 200000]
[data_random_seed: 1]
[is_enable_sparse: 1]
[enable_bundle: 1]
[use_missing: 1]
[zero_as_missing: 0]
[feature_pre_filter: 1]
[pre_partition: 0]
[two_round: 0]
[header: 0]
[label_column: ]
[weight_column: ]
[group_column: ]
[ignore_column: ]
[categorical_feature: ]
[forcedbins_filename: ]
[objective_seed: 5]
[num_class: 1]
[is_unbalance: 0]
[scale_pos_weight: 1]
[sigmoid: 1]
[boost_from_average: 1]
[reg_sqrt: 0]
[alpha: 0.9]
[fair_c: 1]
[poisson_max_delta_step: 0.7]
[tweedie_variance_power: 1.5]
[lambdarank_truncation_level: 30]
[lambdarank_norm: 1]
[label_gain: ]
[eval_at: ]
[multi_error_top_k: 1]
[auc_mu_weights: ]
[num_machines: 1]
[local_listen_port: 12400]
[time_out: 120]
[machine_list_filename: ]
[machines: ]
[gpu_platform_id: -1]
[gpu_device_id: -1]
[gpu_use_dp: 0]
[num_gpu: 1]

end of parameters

pandas_categorical:null
