tree
version=v3
num_class=1
num_tree_per_iteration=1
label_index=0
max_feature_idx=15
objective=regression
feature_names=Column_0 Column_1 Column_2 Column_3 Column_4 Column_5 Column_6 Column_7 Column_8 Column_9 Column_10 Column_11 Column_12 Column_13 Column_14 Column_15
feature_infos=[1:49] [0:48] [2:49] [0:64] [0:6] [1:7] [0:7] [0:171] [1:146] [0:154] [0:7] [0:6] [0:7] [0:181] [0:108] [0:154]
tree_sizes=1712 1704 1611 1704 1872 1791 1791 1876 1795 1794 1786 1709 1871 1717 1714

Tree=0
num_leaves=19
num_cat=0
split_feature=2 0 9 1 12 1 2 13 13 7 15 1 11 1 15 7 0 7
split_gain=19.8042 16.6008 6.16005 5.55131 5.49207 5.95411 5.19657 5.0591 4.64239 4.39643 4.11447 4.65689 3.888 2.84354 2.60233 2.62957 1.1664 0.971181
threshold=37.500000000000007 33.500000000000007 12.500000000000002 2.5000000000000004 4.5000000000000009 1.5000000000000002 19.500000000000004 9.5000000000000018 6.5000000000000009 9.5000000000000018 10.500000000000002 18.500000000000004 2.5000000000000004 7.5000000000000009 13.500000000000002 7.5000000000000009 31.500000000000004 11.500000000000002
decision_type=2 2 2 2 2 2 2 2 2 2 2 2 2 2 2 2 2 2
left_child=1 4 16 -3 5 7 13 -1 12 -4 17 -12 -8 -7 15 -10 -2 -5
right_child=2 3 9 10 -6 6 8 -9 14 -11 11 -13 -14 -15 -16 -17 -18 -19
leaf_value=-0.068070174657810512 -0.15113683909415968 -0.074736841147870825 -0.11319837859052646 -0.013867277542972317 -0.12012145533020449 -0.057236841611462502 -0.070736841253834629 -0.12773683971901503 -0.046736841889617506 -0.064736841412780355 -0.062429149166221012 -0.01179566634465435 -0.12473683982332316 -0.0074641156572622241 -0.026165413863145685 -0.094736840618051751 -0.11873683998226889 0.016263156441452445
leaf_weight=27 25 27 39 23 26 24 30 30 25 36 39 34 24 22 21 21 20 20
leaf_count=27 25 27 39 23 26 24 30 30 25 36 39 34 24 22 21 21 20 20
internal_value=-0.0719298 -0.0610727 -0.107487 -0.0338977 -0.0766168 -0.0715672 -0.0620422 -0.0994737 -0.0729187 -0.0899368 -0.024392 -0.0388464 -0.0947368 -0.0334325 -0.0553339 -0.0686499 -0.136737 0.000146878
internal_weight=0 393 120 143 250 224 167 57 121 75 116 73 54 46 67 46 45 43
internal_count=513 393 120 143 250 224 167 57 121 75 116 73 54 46 67 46 45 43
shrinkage=1


Tree=1
num_leaves=19
num_cat=0
split_feature=2 0 7 1 8 2 9 2 15 11 10 3 7 6 0 14 15 12
split_gain=16.0414 13.5721 6.69082 6.78673 5.71011 5.00067 4.37892 5.08829 3.95209 3.68002 2.92147 2.64239 2.61747 2.27639 1.54383 1.24975 1.20079 0.851051
threshold=37.500000000000007 41.500000000000007 3.5000000000000004 10.500000000000002 15.500000000000002 31.500000000000004 9.5000000000000018 29.500000000000004 13.500000000000002 3.5000000000000004 2.5000000000000004 5.5000000000000009 1.0000000180025095e-35 2.5000000000000004 19.500000000000004 6.5000000000000009 18.500000000000004 2.5000000000000004
decision_type=2 2 2 2 2 2 2 2 2 2 2 2 2 2 2 2 2 2
left_child=1 2 12 6 -2 16 10 13 -3 17 11 15 -1 -8 -14 -4 -5 -6
right_child=4 8 3 5 9 -7 7 -9 -10 -11 -12 -13 14 -15 -16 -17 -18 -19
leaf_value=0.0034146220982074742 0.0019930701596396309 0.07835552733519982 -0.0095911995931105189 0.037202827083437071 -0.045647014000199063 -0.0055569484233856208 0.055820671807635919 -0.023496592044830324 0.029609776154542584 -0.017084829355108327 -0.049449764327569444 -0.032947876820197473 -0.058292119140210368 0.014770465408052717 -0.02203617890675863 0.024115450815720994 0.066998895860853655 -0.070888847025001755
leaf_weight=20 35 29 22 38 22 25 22 25 39 29 22 26 23 35 24 22 21 34
leaf_count=20 35 29 22 38 22 25 22 25 39 29 22 26 23 35 24 22 21 34
internal_value=0 0.00977139 0.00127097 0.00858279 -0.0320013 0.0319257 -0.00268621 0.0141171 0.0503984 -0.045999 -0.0176631 -0.00767302 -0.026885 0.0306144 -0.0397784 0.00726213 0.0478082 -0.0609724
internal_weight=0 393 325 258 120 84 174 82 68 85 92 70 67 57 47 44 59 56
internal_count=513 393 325 258 120 84 174 82 68 85 92 70 67 57 47 44 59 56
shrinkage=0.1


Tree=2
num_leaves=18
num_cat=0
split_feature=2 0 9 7 2 12 1 13 2 9 8 7 15 6 1 3 7
split_gain=12.9935 11.2246 4.73167 4.22231 7.2662 4.12007 4.43727 4.0631 3.89481 3.74113 4.009 3.53129 2.85094 2.5666 1.60056 1.1077 0.894663
threshold=37.500000000000007 33.500000000000007 12.500000000000002 8.5000000000000018 24.500000000000004 4.5000000000000009 1.5000000000000002 8.5000000000000018 19.500000000000004 11.500000000000002 7.5000000000000009 9.5000000000000018 30.000000000000004 2.5000000000000004 7.5000000000000009 5.5000000000000009 12.500000000000002
decision_type=2 2 2 2 2 2 2 2 2 2 2 2 2 2 2 2 2
left_child=1 5 16 4 -3 6 7 -1 13 10 -10 -4 14 -8 -5 -12 -2
right_child=2 3 11 12 -6 -7 8 -9 9 -11 15 -13 -14 -15 -16 -17 -18
leaf_value=0.0076023350159327195 -0.068226850810258297 0.050991500307012487 -0.034267446169486418 0.038925018480845862 -0.017634841965304484 -0.041668174587763278 0.010761854797601701 -0.04647355951143034 -0.015321208238601686 -0.027826044956843061 0.014505883592825669 0.0091649244228998832 0.020662548499447958 0.058048790422352885 0.074680819434504359 0.044298200557629272 -0.040019607543945318
leaf_weight=24 23 27 39 21 36 26 24 33 35 36 26 36 28 22 31 24 22
leaf_count=24 23 27 39 21 36 26 24 33 35 36 26 36 28 22 31 24 22
internal_value=0 0.00879425 -0.0288012 0.0311398 0.0117764 -0.00398742 0.000386234 -0.0237048 0.00860891 -0.000807191 0.0106361 -0.0134199 0.0463885 0.0333773 0.060241 0.0288062 -0.0544366
internal_weight=0 393 120 143 63 250 224 57 167 121 85 75 80 46 52 50 45
internal_count=513 393 120 143 63 250 224 57 167 121 85 75 80 46 52 50 45
shrinkage=0.1


Tree=3
num_leaves=19
num_cat=0
split_feature=2 0 11 1 7 8 13 11 15 2 2 15 11 1 13 8 15 13
split_gain=10.6046 10.5325 5.56286 5.7655 4.95157 4.63799 2.77144 2.69499 2.67083 2.56963 2.45642 3.61823 2.69818 2.2312 1.72789 2.63103 3.75 0.82294
threshold=38.500000000000007 41.500000000000007 1.5000000000000002 2.5000000000000004 3.5000000000000004 15.500000000000002 8.5000000000000018 3.5000000000000004 13.500000000000002 23.500000000000004 18.500000000000004 4.5000000000000009 3.5000000000000004 12.500000000000002 3.5000000000000004 19.500000000000004 8.5000000000000018 20.500000000000004
decision_type=2 2 2 2 2 2 2 2 2 2 2 2 2 2 2 2 2 2
left_child=1 2 -1 6 -5 -2 -4 17 -3 -8 -6 -12 14 -10 -13 16 -16 -7
right_child=5 8 3 4 10 7 9 -9 13 -11 11 12 -14 -15 15 -17 -18 -19
leaf_value=0.04456442479903882 0.0057937182982762655 0.066151691305226287 -0.0044093939098151956 -0.032035226975717854 0.034189697052981409 -0.043346522027446377 -0.066131532192230225 -0.014759430399647467 0.002675619721412659 -0.020809465903660347 0.034246272549909709 -0.019512325525283813 -0.034361622550270775 0.049911154806613928 2.4015704790751142e-06 -0.011619928170894755 0.057866175685610088 -0.068985180343900415
leaf_weight=26 30 29 37 31 37 31 22 27 20 29 34 23 22 20 24 29 21 21
leaf_count=26 30 29 37 31 37 31 22 27 20 29 34 23 22 20 24 29 21 21
internal_value=0 0.00746813 0.000140267 -0.00359769 0.00502186 -0.02768 -0.0252445 -0.0403916 0.0430454 -0.0403602 0.011068 0.00547649 -0.00274344 0.0262934 0.00442769 0.0118685 0.0270055 -0.0537006
internal_weight=0 404 335 309 221 109 88 79 69 51 190 153 119 40 97 74 45 52
internal_count=513 404 335 309 221 109 88 79 69 51 190 153 119 40 97 74 45 52
shrinkage=0.1


Tree=4
num_leaves=21
num_cat=0
split_feature=0 2 11 7 1 2 10 9 3 11 11 2 1 5 9 8 1 0 3 3
split_gain=8.98167 7.72349 4.02959 5.09463 5.12234 4.01693 3.7973 3.63708 4.48412 4.67042 3.30065 3.88818 3.10634 2.72964 2.46102 2.21909 1.97541 1.56938 1.42175 0.193313
threshold=38.500000000000007 37.500000000000007 1.5000000000000002 3.5000000000000004 10.500000000000002 30.500000000000004 3.5000000000000004 4.5000000000000009 1.5000000000000002 2.5000000000000004 3.5000000000000004 28.500000000000004 13.500000000000002 2.5000000000000004 12.500000000000002 8.5000000000000018 9.5000000000000018 24.500000000000004 13.500000000000002 8.5000000000000018
decision_type=2 2 2 2 2 2 2 2 2 2 2 2 2 2 2 2 2 2 2 2
left_child=1 2 -1 17 7 12 18 -5 -9 15 11 -6 -2 -11 19 -10 -16 -4 -7 -3
right_child=5 14 3 4 10 6 -8 8 9 13 -12 -13 -14 -15 16 -17 -18 -19 -20 -21
leaf_value=0.038512804031372076 0.021272848186821777 -0.045123508870601653 -0.042856117586294817 -0.038885993793092932 0.060228063166141516 0.0075346961617469791 0.037900936126708987 0.038302513599395759 0.030432597228458952 -0.060237458944320678 -0.0091921126842498795 0.0040217891335487367 0.068874315115121695 -0.011098052217410162 -0.036725004434585574 -0.010138636139722971 0.0054398229718208317 -0.0079185904562473295 -0.0297198684442611 -0.059027216583490374
leaf_weight=25 29 20 36 29 32 20 25 25 28 20 20 20 26 26 25 26 20 20 21 20
leaf_count=25 29 20 36 29 32 20 25 25 28 20 20 20 26 26 25 26 20 20 21 20
internal_value=0 -0.00735139 3.45221e-05 -0.00337667 0.00331403 0.0238161 0.00718333 -0.00698001 0.00042218 -0.0090479 0.0253318 0.0386103 0.0437754 -0.032463 -0.0340276 0.0108983 -0.0179851 -0.0303784 -0.0115469 -0.0520754
internal_weight=0 392 307 282 226 121 66 154 125 100 72 52 55 46 85 54 45 56 41 40
internal_count=513 392 307 282 226 121 66 154 125 100 72 52 55 46 85 54 45 56 41 40
shrinkage=0.1


Tree=5
num_leaves=20
num_cat=0
split_feature=0 2 11 1 13 14 9 15 7 10 2 12 1 9 7 9 2 13 6
split_gain=7.27515 6.27749 3.348 3.93039 3.95229 4.095 3.76999 5.44828 3.97519 5.56302 3.25371 3.43453 2.51614 2.41995 1.89634 1.78817 1.24624 0.971153 0.658379
threshold=38.500000000000007 38.500000000000007 1.5000000000000002 1.0000000180025095e-35 1.5000000000000002 18.500000000000004 4.5000000000000009 5.5000000000000009 5.5000000000000009 2.5000000000000004 30.500000000000004 2.5000000000000004 13.500000000000002 23.500000000000004 17.500000000000004 9.5000000000000018 24.500000000000004 14.500000000000002 2.5000000000000004
decision_type=2 2 2 2 2 2 2 2 2 2 2 2 2 2 2 2 2 2 2
left_child=1 2 -1 15 -5 6 -6 17 -9 16 12 -12 -2 -13 18 -4 -10 -8 -3
right_child=10 14 3 4 5 -7 7 8 9 -11 11 13 -14 -15 -16 -17 -18 -19 -20
leaf_value=0.034661525487899782 0.019145563964186044 -0.05607709003531415 -0.044719399567003604 -0.030999950766563419 -0.033536021296794602 0.039526673099573924 0.023346574306488038 -0.039098047751646776 0.012644293904304505 -0.029837493181228636 0.035678485155105591 0.012361101593290057 0.061986883328511169 -0.036242758929729467 -0.0094531320035457621 -0.011241189256692544 0.047946472764015202 0.052910703718662272 -0.033243181875773839
leaf_weight=25 29 23 27 30 26 34 25 26 20 25 25 21 26 20 24 39 20 20 28
leaf_count=25 29 23 27 30 26 34 25 26 20 25 25 21 26 20 24 39 20 20 28
internal_value=0 -0.00661625 -0.000460924 -0.00346798 0.00280168 0.0079754 0.00135352 0.00802358 -0.00605133 0.00716735 0.0214345 0.006465 0.0393978 -0.0113481 -0.0326328 -0.0249368 0.0302954 0.0364862 -0.0435408
internal_weight=0 392 317 292 226 196 162 136 91 65 121 66 55 41 75 66 40 45 51
internal_count=513 392 317 292 226 196 162 136 91 65 121 66 55 41 75 66 40 45 51
shrinkage=0.1


Tree=6
num_leaves=20
num_cat=0
split_feature=2 0 3 14 14 8 14 12 1 4 8 7 1 13 14 9 13 8 9
split_gain=6.06159 6.2892 3.95697 5.19362 3.44773 3.9007 4.50565 3.28204 2.33021 2.40383 2.5795 2.19561 2.01217 1.93035 1.79911 1.49439 1.39616 1.23908 0.696126
threshold=35.500000000000007 41.500000000000007 23.500000000000004 18.500000000000004 40.500000000000007 9.5000000000000018 12.500000000000002 4.5000000000000009 2.5000000000000004 2.5000000000000004 15.500000000000002 13.500000000000002 19.500000000000004 9.5000000000000018 5.5000000000000009 5.5000000000000009 5.5000000000000009 19.500000000000004 22.500000000000004
decision_type=2 2 2 2 2 2 2 2 2 2 2 2 2 2 2 2 2 2 2
left_child=1 2 3 7 5 -2 12 8 13 10 15 -3 14 -1 -7 -10 -17 -11 -8
right_child=4 11 -4 -5 -6 6 18 -9 9 17 -12 -13 -14 -15 -16 16 -18 -19 -20
leaf_value=-0.0025423784341130941 0.014505290985107423 0.018469732649186079 0.039046221971511842 0.031298797405683081 0.021742540821433069 0.017333024062893606 -0.04425337791442871 -0.044873622330752289 -0.017940891683101656 0.0348397848782716 -0.027200960956121747 0.05592469675787564 -0.04068067982083276 -0.039050774971644081 -0.022257453327377639 -0.00040982770068304878 0.033253887566653172 0.0024522219385419573 -0.070637567937374121
leaf_weight=28 23 34 25 39 20 22 20 22 20 27 38 29 21 30 24 28 22 21 20
leaf_count=28 23 34 25 39 20 22 20 22 20 27 38 29 21 30 24 28 22 21 20
internal_value=0 0.00698758 0.000955687 -0.00250709 -0.01691 -0.0228565 -0.0308875 -0.00809366 -0.00431254 0.00205017 -0.00622541 0.0357109 -0.015032 -0.021426 -0.00332288 0.00516132 0.0144022 0.0206702 -0.0574455
internal_weight=0 363 300 275 150 130 107 236 214 156 108 63 67 58 46 70 50 48 40
internal_count=513 363 300 275 150 130 107 236 214 156 108 63 67 58 46 70 50 48 40
shrinkage=0.1


Tree=7
num_leaves=21
num_cat=0
split_feature=0 2 6 13 11 8 10 10 14 14 2 3 0 7 8 9 7 13 15 1
split_gain=4.9764 4.46868 2.71789 2.90723 3.34215 3.25502 3.03178 2.59077 3.66763 2.39287 2.36523 2.1175 2.06941 4.32779 1.95036 1.84019 1.80624 1.53358 0.352295 0.178049
threshold=38.500000000000007 37.500000000000007 1.0000000180025095e-35 16.500000000000004 2.5000000000000004 14.500000000000002 2.5000000000000004 3.5000000000000004 22.500000000000004 18.500000000000004 30.500000000000004 12.500000000000002 23.500000000000004 6.5000000000000009 43.500000000000007 12.500000000000002 9.5000000000000018 9.5000000000000018 9.5000000000000018 13.500000000000002
decision_type=2 2 2 2 2 2 2 2 2 2 2 2 2 2 2 2 2 2 2 2
left_child=1 2 -1 4 6 -5 12 8 10 17 -2 -9 13 -4 -7 19 -17 18 -6 -3
right_child=7 15 3 5 9 14 -8 11 -10 -11 -12 -13 -14 -15 -16 16 -18 -19 -20 -21
leaf_value=-0.033719518238847911 0.016784984350204469 -0.048041137754917147 -0.029243936240673063 -0.0081496832462457508 -0.028649870634078978 0.056708118967387991 -0.016251215253557477 0.013053490221500397 0.043510614037513738 0.012189479307694869 -0.024266492761671546 0.057110697279373804 0.041574267325577917 0.029380066605175243 0.015526043591292008 -0.031485232192537065 0.0085939781232313682 -0.0073071909361872179 -0.046219099987120857 -0.034697649776935582
leaf_weight=22 25 20 20 26 25 23 35 20 20 22 32 24 27 34 23 23 22 29 21 20
leaf_count=22 25 20 20 26 25 23 35 20 20 22 32 24 27 34 23 23 22 29 21 20
internal_value=0 -0.00547203 0.000146036 0.00276022 -0.00311189 0.0201319 0.00834273 0.0177276 0.00666635 -0.0168102 -0.00626146 0.0370847 0.0189697 0.00766747 0.0361171 -0.0257632 -0.011891 -0.0253168 -0.0366706 -0.0413694
internal_weight=0 392 307 285 213 72 116 121 77 97 57 44 81 54 46 85 45 75 46 40
internal_count=513 392 307 285 213 72 116 121 77 97 57 44 81 54 46 85 45 75 46 40
shrinkage=0.1


Tree=8
num_leaves=20
num_cat=0
split_feature=1 14 2 12 15 5 0 8 8 15 9 8 0 2 7 3 8 5 3
split_gain=4.34157 5.37427 4.26756 4.86941 4.71522 6.21 3.28787 2.82462 2.39333 3.73337 1.93997 3.8828 1.86495 2.42271 1.66487 1.59991 1.54922 1.51659 0.0487162
threshold=1.0000000180025095e-35 48.500000000000007 38.500000000000007 1.0000000180025095e-35 5.5000000000000009 2.5000000000000004 34.500000000000007 17.500000000000004 14.500000000000002 13.500000000000002 10.500000000000002 26.500000000000004 18.500000000000004 24.500000000000004 6.5000000000000009 19.500000000000004 7.5000000000000009 3.5000000000000004 13.500000000000002
decision_type=2 2 2 2 2 2 2 2 2 2 2 2 2 2 2 2 2 2 2
left_child=12 2 3 -2 5 -5 8 -4 9 16 -8 18 -1 -14 -7 -9 -6 -10 -12
right_child=1 -3 7 4 6 14 10 15 17 -11 11 -13 13 -15 -16 -17 -18 -19 -20
leaf_value=0.00065614581108093268 -0.038239049911499026 0.051549737997677016 0.012482019549324401 -0.0054921537637710573 -0.028501610864292495 0.031730648279190067 -0.0083286887407302869 -0.016856873801776341 -0.0043913876637816434 0.041450416474115286 0.012769583165645599 0.062380141019821173 -0.0067843319972356172 -0.044799112097213149 0.069506680433239251 -0.050808777239011685 0.0099536031484603882 -0.034511904716491702 0.0057898831367492673
leaf_weight=34 22 23 21 28 22 20 20 35 32 21 20 21 30 38 28 23 20 35 20
leaf_count=34 22 23 21 28 22 20 20 35 32 21 20 21 30 38 28 23 20 35 20
internal_value=0 0.00458294 0.00179882 0.00710166 0.0105773 0.0319345 0.00288461 -0.0189427 -0.00696881 0.00702374 0.0186987 0.0275602 -0.0184665 -0.0280279 0.0537667 -0.0303206 -0.0101896 -0.020126 0.00927973
internal_weight=0 411 388 309 287 76 211 79 130 63 81 61 102 68 48 58 42 67 40
internal_count=513 411 388 309 287 76 211 79 130 63 81 61 102 68 48 58 42 67 40
shrinkage=0.1


Tree=9
num_leaves=20
num_cat=0
split_feature=0 2 11 1 13 7 15 5 10 10 9 9 3 14 1 13 3 3 4
split_gain=3.71514 3.76261 3.64897 4.70626 3.89955 4.14036 2.82648 2.47565 2.42145 2.40249 2.30084 2.16781 2.13061 1.9523 2.52583 2.3205 2.22738 2.23163 1.08902
threshold=46.500000000000007 35.500000000000007 1.5000000000000002 2.5000000000000004 10.500000000000002 3.5000000000000004 14.500000000000002 2.5000000000000004 2.5000000000000004 2.5000000000000004 8.5000000000000018 10.500000000000002 5.5000000000000009 5.5000000000000009 8.5000000000000018 36.500000000000007 20.500000000000004 9.5000000000000018 2.5000000000000004
decision_type=2 2 2 2 2 2 2 2 2 2 2 2 2 2 2 2 2 2 2
left_child=1 2 -1 8 5 -5 7 12 11 -6 -11 -4 -7 14 -3 16 17 -15 -12
right_child=-2 13 3 4 9 6 -8 -9 -10 10 18 -13 -14 15 -16 -17 -18 -19 -20
leaf_value=0.037485645454505397 0.034765831047090988 -0.022361351698637011 -0.025226298826081413 -0.044777102129799982 0.048822943687438967 -7.6515617824736109e-05 0.031103439841951644 0.012389295299847921 -0.043084613581498468 -0.011864385485649109 0.010168820398825187 0.017276714529309952 -0.045122659774053664 -0.037253881593545278 0.027896331846714018 0.005310526625676589 -0.055360890924930573 0.0046776300126856029 0.038076981799355869
leaf_weight=29 29 20 28 21 25 21 28 39 30 25 27 21 21 30 20 22 26 22 29
leaf_count=29 29 20 28 21 25 21 28 39 30 25 27 21 21 30 20 22 26 22 29
internal_value=0 -0.00208308 0.00354172 0.000416723 0.00748869 -0.00411864 0.00371464 -0.00575309 -0.0207097 0.0217241 0.0133603 -0.00701072 -0.0225996 -0.015904 0.00276749 -0.0233726 -0.0314627 -0.0195136 0.0246213
internal_weight=0 484 344 315 236 130 109 81 79 106 81 49 42 140 40 100 78 52 56
internal_count=513 484 344 315 236 130 109 81 79 106 81 49 42 140 40 100 78 52 56
shrinkage=0.1


Tree=10
num_leaves=20
num_cat=0
split_feature=14 2 0 10 8 8 14 8 4 13 7 9 14 14 3 6 7 9 9
split_gain=3.0905 3.91245 3.11716 2.3327 2.14984 3.56405 5.10223 2.28211 2.83498 2.67759 2.95638 1.93482 2.5062 2.88565 2.39502 1.86137 1.31442 1.08449 1.26069
threshold=48.500000000000007 38.500000000000007 14.500000000000002 3.5000000000000004 27.500000000000004 43.500000000000007 13.500000000000002 15.500000000000002 2.5000000000000004 23.500000000000004 12.500000000000002 10.500000000000002 9.5000000000000018 6.5000000000000009 10.500000000000002 2.5000000000000004 11.500000000000002 25.500000000000004 10.500000000000002
decision_type=2 2 2 2 2 2 2 2 2 2 2 2 2 2 2 2 2 2 2
left_child=1 2 15 17 7 16 -7 9 -9 10 11 12 13 -4 -13 -1 -6 18 -3
right_child=-2 3 4 -5 5 6 -8 8 -10 -11 -12 14 -14 -15 -16 -17 -18 -19 -20
leaf_value=-0.042791057987646625 0.032303329876491003 -0.039176851660013202 -0.0084705082756100277 0.0014541594421162325 0.059585493952035912 0.026990702171479503 -0.037793534994125369 -0.034868095639873954 0.008534757517002247 -0.020282764877042465 0.041335104938064304 0.046894539537883945 -0.026100776656981441 0.03966747432947159 0.0010852551460266114 -0.0025213927030563357 0.023330501317977908 -0.048338420106017077 -0.0040959053096317113
leaf_weight=22 28 20 33 34 20 31 20 34 27 31 28 21 31 20 25 24 20 23 21
leaf_count=22 28 20 33 34 20 31 20 34 27 31 28 21 31 20 25 24 20 23 21
internal_value=0 -0.00186493 0.00265478 -0.0197132 0.00595108 0.0191117 0.00158512 0.00116062 -0.015657 0.00658853 0.0118607 0.00551243 -0.00351549 0.00969477 0.0219982 -0.0217808 0.041458 -0.0309584 -0.0212086
internal_weight=0 485 387 98 341 91 51 250 61 189 158 130 84 53 46 46 40 64 41
internal_count=513 485 387 98 341 91 51 250 61 189 158 130 84 53 46 46 40 64 41
shrinkage=0.1


Tree=11
num_leaves=19
num_cat=0
split_feature=2 1 13 8 7 8 3 15 1 11 5 2 4 2 7 3 0 15
split_gain=2.95471 3.83716 3.19073 3.44434 4.20665 4.09568 3.2372 4.54752 4.31007 2.99264 2.43807 2.43637 5.86751 2.42359 1.89505 1.78676 1.42491 1.9027
threshold=11.500000000000002 1.0000000180025095e-35 37.500000000000007 15.500000000000002 11.500000000000002 27.500000000000004 22.500000000000004 8.5000000000000018 13.500000000000002 3.5000000000000004 2.5000000000000004 35.500000000000007 2.5000000000000004 20.500000000000004 15.500000000000002 13.500000000000002 15.500000000000002 9.5000000000000018
decision_type=2 2 2 2 2 2 2 2 2 2 2 2 2 2 2 2 2 2
left_child=-1 16 3 4 9 11 7 -7 -9 10 13 12 -5 -3 -4 -6 -2 -18
right_child=1 2 14 5 15 6 -8 8 -10 -11 -12 -13 -14 -15 -16 -17 17 -19
leaf_value=0.026457902789115906 0.00018713390827178957 0.014473815207128172 0.0047457810329354332 -0.047831020090315084 0.056274485181678428 0.04720261059701443 -0.031928529946700389 -0.034951170132710388 0.019135694906992073 -0.032648665749508407 0.027023497380708396 -0.058391513427098599 0.023631632179021839 -0.028735740423202517 0.043807359757246797 0.014976252466440201 -0.011779204176531898 -0.045022322102026509
leaf_weight=39 25 27 23 27 22 24 23 26 34 23 38 21 20 25 27 20 36 33
leaf_count=39 25 27 23 27 22 24 23 26 34 23 38 21 20 25 27 20 36 33
internal_value=0 -0.00217692 0.00229803 -0.00126879 0.00958669 -0.0108836 0.00131205 0.0104136 -0.00430195 -0.000456875 0.00776992 -0.0300739 -0.0174214 -0.00630001 0.025839 0.0366087 -0.0202671 -0.0276781
internal_weight=0 474 380 330 155 175 107 84 60 113 90 68 47 52 50 42 94 69
internal_count=513 474 380 330 155 175 107 84 60 113 90 68 47 52 50 42 94 69
shrinkage=0.1


Tree=12
num_leaves=21
num_cat=0
split_feature=0 2 1 13 7 8 1 0 13 14 2 8 8 15 0 13 14 0 3 0
split_gain=2.68416 2.31903 3.29368 3.93637 2.87408 3.10942 3.69582 3.0846 3.00919 2.44924 2.33096 1.81404 1.54972 1.5414 1.53547 1.07943 3.3212 0.700665 0.101802 0.0687544
threshold=46.500000000000007 20.500000000000004 14.500000000000002 8.5000000000000018 11.500000000000002 19.500000000000004 4.5000000000000009 25.500000000000004 12.500000000000002 11.500000000000002 35.500000000000007 29.500000000000004 24.500000000000004 15.500000000000002 20.500000000000004 8.5000000000000018 4.5000000000000009 27.500000000000004 17.500000000000004 19.500000000000004
decision_type=2 2 2 2 2 2 2 2 2 2 2 2 2 2 2 2 2 2 2 2
left_child=1 2 3 14 8 6 -6 -7 11 10 -10 15 -5 -9 19 16 -3 -18 -15 -1
right_child=-2 4 -4 12 5 7 -8 13 9 -11 -12 -13 -14 18 -16 -17 17 -19 -20 -21
leaf_value=0.0092674888670444492 0.029550784723512059 0.0097490950709297544 0.040320917963981628 -0.034070516129334767 -0.0064607624303210862 -0.037158281976977986 0.04789306315882453 -0.016196297380057248 0.034965351665461504 -0.019142899683543615 -0.010076866745948793 0.00062033310532569894 0.0018659773468971252 0.02180283308029175 0.035782797248275197 -0.046642324860606876 -0.0495393807888031 -0.025070006061684004 0.011713124662637712 0.0010749677817026774
leaf_weight=20 29 21 27 30 22 24 29 22 27 35 20 24 20 20 27 28 25 22 20 21
leaf_count=20 29 21 27 30 22 24 29 22 27 35 20 24 20 20 27 28 25 22 20 21
internal_value=0 -0.0017706 0.0088133 0.00160393 -0.00629764 0.00488295 0.0244463 -0.00671858 -0.0138805 0.000884459 0.0157985 -0.0239699 -0.0196959 0.00506453 0.0172656 -0.0301175 -0.0233131 -0.0380856 0.016758 0.00507132
internal_weight=0 484 145 118 339 137 51 86 202 82 47 120 50 62 68 96 68 47 40 41
internal_count=513 484 145 118 339 137 51 86 202 82 47 120 50 62 68 96 68 47 40 41
shrinkage=0.1


Tree=13
num_leaves=19
num_cat=0
split_feature=6 14 11 14 14 1 14 9 7 9 2 15 2 4 2 13 7 8
split_gain=2.5492 2.79448 2.78936 2.49136 2.93181 2.78782 2.56155 2.32737 1.98362 1.78974 1.82785 2.3281 1.61465 1.59519 1.1419 1.13883 1.01105 1.00142
threshold=1.0000000180025095e-35 48.500000000000007 2.5000000000000004 18.500000000000004 28.500000000000004 5.5000000000000009 12.500000000000002 15.500000000000002 3.5000000000000004 6.5000000000000009 30.500000000000004 15.500000000000002 23.500000000000004 1.0000000180025095e-35 30.500000000000004 8.5000000000000018 11.500000000000002 9.5000000000000018
decision_type=2 2 2 2 2 2 2 2 2 2 2 2 2 2 2 2 2 2
left_child=-1 2 8 5 -5 16 7 14 13 -10 12 -12 15 -2 -7 -11 17 -4
right_child=1 -3 3 4 -6 6 -8 -9 9 10 11 -13 -14 -15 -16 -17 -18 -19
leaf_value=-0.027330055925995113 0.0085181524130431095 0.033703997731208801 -0.032097218786516495 0.035737998898212726 -0.0097962496742125486 0.0071256499914895931 -0.027036399394273759 0.024412582579411961 -0.0060920261853450054 0.032116187115510307 -0.020771799033338374 0.024730381758316704 0.048174223991540761 -0.029562939297069202 -0.025475091825832019 0.0045622985561688742 -0.046673232742718292 -0.003814667179470971
leaf_weight=32 22 26 31 26 31 21 32 38 37 30 22 23 26 22 22 30 21 21
leaf_count=32 22 26 31 26 31 21 32 38 37 30 22 23 26 22 22 30 21 21
internal_value=0 0.00181822 -3.82889e-06 -0.0073171 0.0109738 -0.0129224 -0.0030823 0.00638105 0.00837884 0.0133292 0.0188145 0.00248487 0.0273591 -0.0105224 -0.0095538 0.0183392 -0.0281542 -0.0206754
internal_weight=0 481 455 243 57 186 113 81 212 168 131 45 86 44 43 60 73 52
internal_count=513 481 455 243 57 186 113 81 212 168 131 45 86 44 43 60 73 52
shrinkage=0.1


Tree=14
num_leaves=19
num_cat=0
split_feature=0 2 11 1 13 14 12 7 1 10 3 15 8 14 13 9 3 7
split_gain=2.06884 1.9027 2.1514 2.75291 2.59882 2.29245 3.34345 2.12181 1.95986 1.9574 1.71443 1.39651 1.3651 1.51551 1.94092 1.32778 0.85165 0.736087
threshold=46.500000000000007 35.500000000000007 1.5000000000000002 2.5000000000000004 10.500000000000002 6.5000000000000009 2.5000000000000004 3.5000000000000004 10.500000000000002 2.5000000000000004 18.500000000000004 5.5000000000000009 9.5000000000000018 6.5000000000000009 32.500000000000007 6.5000000000000009 5.5000000000000009 7.5000000000000009
decision_type=2 2 2 2 2 2 2 2 2 2 2 2 2 2 2 2 2 2
left_child=1 2 -1 5 7 -4 -7 -5 15 -6 11 -11 -3 -14 17 -9 -17 -15
right_child=-2 12 3 4 9 6 -8 8 -10 10 -12 -13 13 14 -16 16 -18 -19
leaf_value=0.028509237488795969 0.025943484234398812 0.010326324899991354 -0.041899610062440237 -0.033127239914167494 0.041536052227020268 0.026513099954241798 -0.024236134834149305 -0.027957527474923569 0.021935814709374401 0.020594462752342224 0.033351413905620575 -0.011220768698163935 0.0015140875748225621 -0.018497320491334665 0.0027776317937033522 0.014219767428361452 -0.010914243012666703 -0.041278460702380622
leaf_weight=29 29 24 24 21 25 21 34 22 33 22 22 37 35 23 21 26 28 37
leaf_count=29 29 24 24 21 25 21 34 22 33 22 22 37 35 23 21 26 28 37
internal_value=0 -0.00155446 0.00244542 4.58966e-05 0.00545467 -0.016112 -0.00485915 -0.00402108 0.00158653 0.0170759 0.00952643 0.000642538 -0.0113828 -0.0158743 -0.0233878 -0.00724935 0.00118732 -0.0325457
internal_weight=0 484 344 315 236 79 55 130 109 106 81 59 140 116 81 76 54 60
internal_count=513 484 344 315 236 79 55 130 109 106 81 59 140 116 81 76 54 60
shrinkage=0.1


end of trees

feature_importances:
Column_2=33
Column_1=27
Column_7=26
Column_8=24
Column_0=23
Column_13=22
Column_14=22
Column_9=21
Column_3=18
Column_15=18
Column_11=14
Column_10=9
Column_12=7
Column_6=6
Column_4=5
Column_5=5

parameters:
[boosting: gbdt]
[objective: regression]
[metric: l2]
[tree_learner: serial]
[device_type: cpu]
[data: ]
[valid: ]
[num_iterations: 10000]
[learning_rate: 0.1]
[num_leaves: 31]
[num_threads: 0]
[deterministic: 0]
[force_col_wise: 0]
[force_row_wise: 0]
[histogram_pool_size: -1]
[max_depth: -1]
[min_data_in_leaf: 20]
[min_sum_hessian_in_leaf: 0.001]
[bagging_fraction: 1]
[pos_bagging_fraction: 1]
[neg_bagging_fraction: 1]
[bagging_freq: 0]
[bagging_seed: 3]
[feature_fraction: 1]
[feature_fraction_bynode: 1]
[feature_fraction_seed: 2]
[extra_trees: 0]
[extra_seed: 6]
[early_stopping_round: 10]
[first_metric_only: 0]
[max_delta_step: 0]
[lambda_l1: 0]
[lambda_l2: 0]
[min_gain_to_split: 0]
[drop_rate: 0.1]
[max_drop: 50]
[skip_drop: 0.5]
[xgboost_dart_mode: 0]
[uniform_drop: 0]
[drop_seed: 4]
[top_rate: 0.2]
[other_rate: 0.1]
[min_data_per_group: 100]
[max_cat_threshold: 32]
[cat_l2: 10]
[cat_smooth: 10]
[max_cat_to_onehot: 4]
[top_k: 20]
[monotone_constraints: ]
[monotone_constraints_method: basic]
[monotone_penalty: 0]
[feature_contri: ]
[forcedsplits_filename: ]
[refit_decay_rate: 0.9]
[cegb_tradeoff: 1]
[cegb_penalty_split: 0]
[cegb_penalty_feature_lazy: ]
[cegb_penalty_feature_coupled: ]
[path_smooth: 0]
[interaction_constraints: ]
[verbosity: 1]
[saved_feature_importance_type: 0]
[max_bin: 255]
[max_bin_by_feature: ]
[min_data_in_bin: 3]
[bin_construct_sample_cnt: 200000]
[data_random_seed: 1]
[is_enable_sparse: 1]
[enable_bundle: 1]
[use_missing: 1]
[zero_as_missing: 0]
[feature_pre_filter: 1]
[pre_partition: 0]
[two_round: 0]
[header: 0]
[label_column: ]
[weight_column: ]
[group_column: ]
[ignore_column: ]
[categorical_feature: ]
[forcedbins_filename: ]
[objective_seed: 5]
[num_class: 1]
[is_unbalance: 0]
[scale_pos_weight: 1]
[sigmoid: 1]
[boost_from_average: 1]
[reg_sqrt: 0]
[alpha: 0.9]
[fair_c: 1]
[poisson_max_delta_step: 0.7]
[tweedie_variance_power: 1.5]
[lambdarank_truncation_level: 30]
[lambdarank_norm: 1]
[label_gain: ]
[eval_at: ]
[multi_error_top_k: 1]
[auc_mu_weights: ]
[num_machines: 1]
[local_listen_port: 12400]
[time_out: 120]
[machine_list_filename: ]
[machines: ]
[gpu_platform_id: -1]
[gpu_device_id: -1]
[gpu_use_dp: 0]
[num_gpu: 1]

end of parameters

pandas_categorical:null
