tree
version=v3
num_class=1
num_tree_per_iteration=1
label_index=0
max_feature_idx=15
objective=regression
feature_names=Column_0 Column_1 Column_2 Column_3 Column_4 Column_5 Column_6 Column_7 Column_8 Column_9 Column_10 Column_11 Column_12 Column_13 Column_14 Column_15
feature_infos=[1:49] [0:47] [1:49] [0:57] [0:7] [0:6] [0:8] [1:123] [0:114] [0:131] [0:7] [0:6] [0:7] [0:96] [0:93] [0:92]
tree_sizes=2703 2715 2722 2727 2719 2729 2725

Tree=0
num_leaves=31
num_cat=0
split_feature=0 2 0 10 2 9 3 14 3 5 14 13 13 14 14 3 15 9 1 10 5 9 2 0 2 14 2 8 13 8
split_gain=25.2318 24.3349 11.8473 10.7208 9.70037 11.3538 9.40916 9.41159 6.93789 5.96932 5.4361 5.26995 5.08625 4.90962 4.88476 4.81263 4.61671 4.51429 4.27214 4.22018 4.08491 6.71336 4.01855 3.76768 3.62333 3.45478 6.94846 3.97636 3.95518 3.89799
threshold=28.500000000000004 22.500000000000004 19.500000000000004 2.5000000000000004 17.500000000000004 11.500000000000002 8.5000000000000018 2.5000000000000004 20.500000000000004 3.5000000000000004 7.5000000000000009 28.500000000000004 16.500000000000004 6.5000000000000009 15.500000000000002 2.5000000000000004 7.5000000000000009 28.500000000000004 4.5000000000000009 2.5000000000000004 2.5000000000000004 7.5000000000000009 16.500000000000004 19.500000000000004 39.500000000000007 6.5000000000000009 18.500000000000004 8.5000000000000018 8.5000000000000018 13.500000000000002
decision_type=2 2 2 2 2 2 2 2 2 2 2 2 2 2 2 2 2 2 2 2 2 2 2 2 2 2 2 2 2 2
left_child=1 2 9 15 -2 8 7 -3 12 25 19 14 20 -5 23 -4 -8 -12 -17 -7 -6 -22 -11 -9 -18 27 28 -1 29 -27
right_child=4 6 3 13 5 10 16 11 -10 22 17 -13 -14 -15 -16 18 24 -19 -20 -21 21 -23 -24 -25 -26 26 -28 -29 -30 -31
leaf_value=-0.14696397823933294 -0.068586357938008491 -0.097663280244656148 -0.067272146760306878 -0.09350943420084934 -0.12950943324717501 -0.04013012527009055 -0.14676716471804011 -0.16484276564449468 -0.17258086057116354 -0.070600343898642087 -0.091753336686394432 -0.09800943393262844 -0.15386237377851297 -0.15150943266437406 -0.19400943153850853 -0.1229639788751158 -0.16533296168072231 -0.13465229025379297 -0.086759434379663269 -0.092418525138839469 -0.1147237193531484 -0.051509435313469368 -0.12817609994916296 -0.13000258391904249 -0.20150943133982641 -0.094634434171047013 -0.1819442144668233 -0.097873070448888821 -0.15887785352180914 -0.15008086127364684
leaf_weight=33 65 52 59 20 65 29 97 54 28 22 82 20 34 54 24 55 102 35 80 33 56 24 27 73 38 32 46 33 38 21
leaf_count=33 65 52 59 20 65 29 97 54 28 22 82 20 34 54 24 55 102 35 80 33 56 24 27 73 38 32 46 33 38 21
internal_value=-0.123899 -0.132907 -0.118086 -0.10345 -0.104325 -0.110344 -0.149662 -0.134918 -0.126292 -0.133652 -0.0919005 -0.146246 -0.119051 -0.135834 -0.152635 -0.0910971 -0.163535 -0.104586 -0.101509 -0.067961 -0.110889 -0.0957594 -0.102326 -0.144817 -0.175152 -0.141214 -0.150269 -0.122419 -0.134257 -0.116604
internal_weight=0 980 520 268 451 386 460 223 207 252 179 171 179 74 151 194 237 117 135 62 145 80 49 127 140 203 137 66 91 53
internal_count=1431 980 520 268 451 386 460 223 207 252 179 171 179 74 151 194 237 117 135 62 145 80 49 127 140 203 137 66 91 53
shrinkage=1


Tree=1
num_leaves=31
num_cat=0
split_feature=0 2 0 10 2 9 3 14 3 5 12 9 1 15 0 13 8 14 13 3 14 0 2 13 5 9 3 4 2 13
split_gain=20.4377 19.7112 9.59631 8.68383 7.8573 9.19654 7.62142 7.62339 5.61969 4.83515 4.64994 6.783 4.59614 6.42956 4.42417 4.20334 4.07694 3.97679 3.90244 3.89823 3.95375 5.82624 3.77568 6.26303 3.71594 5.75295 3.77944 3.38604 3.31775 3.30778
threshold=28.500000000000004 22.500000000000004 19.500000000000004 2.5000000000000004 17.500000000000004 11.500000000000002 8.5000000000000018 2.5000000000000004 20.500000000000004 3.5000000000000004 1.5000000000000002 28.500000000000004 2.5000000000000004 8.5000000000000018 10.500000000000002 15.500000000000002 22.500000000000004 6.5000000000000009 1.5000000000000002 2.5000000000000004 4.5000000000000009 25.500000000000004 17.500000000000004 6.5000000000000009 2.5000000000000004 7.5000000000000009 6.5000000000000009 2.5000000000000004 17.500000000000004 27.500000000000004
decision_type=2 2 2 2 2 2 2 2 2 2 2 2 2 2 2 2 2 2 2 2 2 2 2 2 2 2 2 2 2 2
left_child=1 2 9 19 27 8 7 -3 15 -1 -7 12 13 -12 -9 24 -11 -5 -8 28 -21 22 -22 -24 -6 26 -26 -2 -4 -16
right_child=4 6 3 17 5 10 18 14 -10 16 11 -13 -14 -15 29 -17 -18 -19 -20 20 21 -23 23 -25 25 -27 -28 -29 -30 -31
leaf_value=-0.015583046727579803 0.030542844847628949 0.023612481814164383 0.026012926442282543 0.027350943088531494 -0.0050490546226501475 0.069758769124746323 -0.0019649763902028403 -0.064309054315090181 -0.043813343026808338 0.051371327042579656 0.040494324529872228 -0.013621102999418211 0.053487445682775782 -0.029881405830383304 -0.020041411796598945 -0.024670485655466715 -0.006621223246609723 -0.024849058522118463 -0.040556894401133352 -0.017613482216130134 0.075940716537562292 -0.014641418695449829 0.053357587258021033 -0.010004561910262475 -0.024527626633644106 0.070605487715114254 0.030563279173590918 0.076858633094363749 0.073501404446940269 0.02362087205052376
leaf_weight=203 38 52 28 20 65 24 30 20 28 22 34 39 61 21 131 39 27 54 207 23 22 25 39 26 20 22 33 27 31 20
leaf_count=203 38 52 28 20 65 24 30 20 28 22 34 39 61 21 131 39 27 54 207 23 22 25 39 26 20 22 33 27 31 20
internal_value=0 -0.00810722 0.00523171 0.0184047 0.0176166 0.0122002 -0.023186 -0.00991632 -0.0021534 -0.00877763 0.028799 0.0224568 0.0345865 0.0136236 -0.0201122 0.00436323 0.0194162 -0.0107409 -0.0356718 0.0295221 0.0201509 0.0279061 0.0401324 0.0280127 0.0124512 0.0276181 0.00977426 0.0497817 0.0509645 -0.0142583
internal_weight=0 980 520 268 451 386 460 223 207 252 179 155 116 55 171 179 49 74 237 194 135 112 87 65 140 75 53 65 59 151
internal_count=1431 980 520 268 451 386 460 223 207 252 179 155 116 55 171 179 49 74 237 194 135 112 87 65 140 75 53 65 59 151
shrinkage=0.1


Tree=2
num_leaves=31
num_cat=0
split_feature=0 2 0 2 2 10 9 3 14 9 0 15 3 2 12 11 14 14 14 0 14 7 14 2 13 15 3 8 7 3
split_gain=16.5546 15.9661 7.77301 7.06372 7.05311 7.0339 6.4112 5.90658 5.69551 5.79763 5.42435 5.24791 4.6676 4.60765 4.02709 4.30011 4.00251 3.73343 3.70157 3.60773 4.90353 3.57881 3.2212 3.21417 3.16102 3.43831 3.15757 3.66631 4.62712 4.4368
threshold=28.500000000000004 22.500000000000004 19.500000000000004 10.500000000000002 42.500000000000007 2.5000000000000004 11.500000000000002 11.500000000000002 7.5000000000000009 28.500000000000004 10.500000000000002 10.500000000000002 8.5000000000000018 14.500000000000002 2.5000000000000004 3.5000000000000004 6.5000000000000009 4.5000000000000009 2.5000000000000004 19.500000000000004 14.500000000000002 11.500000000000002 6.5000000000000009 24.500000000000004 13.500000000000002 12.500000000000002 2.5000000000000004 4.5000000000000009 5.5000000000000009 10.500000000000002
decision_type=2 2 2 2 2 2 2 2 2 2 2 2 2 2 2 2 2 2 2 2 2 2 2 2 2 2 2 2 2 2
left_child=1 2 13 -2 10 26 7 17 -8 11 -3 -10 14 -1 15 18 -15 -5 -12 20 21 -14 -7 -9 25 -19 -4 -28 -29 -30
right_child=3 4 5 6 -6 22 8 23 9 -11 12 -13 19 16 -16 -17 -18 24 -20 -21 -22 -23 -24 -25 -26 -27 27 28 29 -31
leaf_value=0.011747070447898206 0.073951716423034664 -0.051770769096002346 0.045868050850043862 -0.016437663137912752 -0.062735273548074663 0.024615846872329712 0.050136163430427441 0.014618467716943652 0.046616810978504647 -0.018013578653335572 0.050738410596494324 -0.0030237949946347407 -0.015399979398800777 0.00282501739168924 -0.018591852092194831 -0.031433286368846895 -0.028891246738257232 0.040184962668934385 0.0061527578035990398 -0.035885155932945119 -0.044685335891942186 0.038150304680069289 -0.022364148497581483 -0.030556079958166393 -0.013102975345793225 -0.0040818984093873396 -0.020260561931700935 -0.015990028869022021 0.047739642426587535 -0.0029758030953614609
leaf_weight=81 20 41 59 32 37 20 67 21 57 39 27 34 26 63 87 20 108 74 60 114 24 24 54 63 21 23 21 22 69 23
leaf_count=81 20 41 59 32 37 20 67 21 57 39 27 34 26 63 87 20 108 74 60 114 24 24 54 63 21 23 21 22 69 23
internal_value=0 -0.0072965 0.00470854 0.0158549 -0.0208674 0.0165642 0.013159 0.00196834 0.0264515 0.0142448 -0.0172052 0.0280698 -0.0134953 -0.00789986 -0.00261368 0.0103779 -0.0172063 0.0138576 0.0199897 -0.0247242 -0.00753027 0.0103042 -0.00966685 -0.0192624 0.0220732 0.0296887 0.0265699 0.0181358 0.0252089 0.0350608
internal_weight=0 980 520 451 460 268 431 234 197 130 423 91 382 252 194 107 171 150 87 188 74 50 74 84 118 97 194 135 114 92
internal_count=1431 980 520 451 460 268 431 234 197 130 423 91 382 252 194 107 171 150 87 188 74 50 74 84 118 97 194 135 114 92
shrinkage=0.1


Tree=3
num_leaves=31
num_cat=0
split_feature=0 2 0 15 8 2 2 14 13 11 1 0 10 13 11 9 3 5 6 1 8 12 8 4 3 6 14 3 3 7
split_gain=13.4092 12.9325 6.29614 6.69902 6.25099 5.71302 4.99494 6.94501 5.82194 5.52933 4.85481 4.39373 4.24422 4.17639 5.92266 3.98287 4.29586 3.96078 3.78394 3.72188 3.23251 2.89219 3.77045 2.68175 2.60819 5.66808 4.1181 2.41686 7.79924 2.41162
threshold=28.500000000000004 22.500000000000004 19.500000000000004 15.500000000000002 26.500000000000004 42.500000000000007 23.500000000000004 9.5000000000000018 4.5000000000000009 2.5000000000000004 1.0000000180025095e-35 10.500000000000002 2.5000000000000004 37.500000000000007 3.5000000000000004 12.500000000000002 9.5000000000000018 3.5000000000000004 1.5000000000000002 4.5000000000000009 22.500000000000004 3.5000000000000004 4.5000000000000009 2.5000000000000004 8.5000000000000018 2.5000000000000004 3.5000000000000004 11.500000000000002 5.5000000000000009 9.5000000000000018
decision_type=2 2 2 2 2 2 2 2 2 2 2 2 2 2 2 2 2 2 2 2 2 2 2 2 2 2 2 2 2 2
left_child=1 2 17 12 6 11 8 15 -2 -9 -10 -3 19 14 18 27 -17 -1 23 -4 -19 22 -20 -13 26 -26 -24 28 -8 -14
right_child=4 5 3 -5 -6 -7 7 9 10 -11 -12 13 29 -15 -16 16 -18 20 21 -21 -22 -23 24 -25 25 -27 -28 -29 -30 -31
leaf_value=-0.013269298887017915 -0.011944645302636283 -0.046593692826061718 0.012328086220301114 -0.028807326670615904 0.042703851244666358 -0.056461747755875459 -0.01999941361801965 0.013356875146136565 0.004306746853722467 -0.036156233989480722 0.04870234460402758 -0.052548044494220195 -0.020345310189507224 0.032338655889034278 -0.038054771990661165 0.071915115061260401 0.012943937977155049 0.046861680800264538 -0.036548326015472414 0.04166854533952536 -0.0047769890891181102 -0.023895627260208132 0.048381093319724594 -0.0098531990762679815 -0.033121944155011858 0.023392812369598281 0.0030861277969516055 -0.019288241682630599 0.058590759660886685 0.019181712331442998
leaf_weight=203 35 41 78 31 66 37 28 34 36 67 78 28 33 20 83 21 30 22 20 97 27 46 34 31 35 36 49 33 23 29
leaf_count=203 35 41 78 31 66 37 28 34 36 67 78 28 33 20 83 21 30 22 20 97 27 46 34 31 35 36 49 33 23 29
internal_value=0 -0.00656685 0.00423769 0.0149078 0.0142694 -0.0187807 0.00939495 0.000344464 0.02373 -0.0194885 0.0346827 -0.0154847 0.0206258 -0.0121458 -0.0146035 0.0151824 0.0372262 -0.00710988 -0.00762691 0.0285911 0.0184077 -0.00159598 0.00429933 -0.0301152 0.00960422 -0.00446657 0.0216407 0.00179871 0.0154432 -0.00185686
internal_weight=0 980 520 268 451 460 385 236 149 101 114 423 237 382 362 135 51 252 279 175 49 220 174 59 154 71 83 84 51 62
internal_count=1431 980 520 268 451 460 385 236 149 101 114 423 237 382 362 135 51 252 279 175 49 220 174 59 154 71 83 84 51 62
shrinkage=0.1


Tree=4
num_leaves=31
num_cat=0
split_feature=0 2 0 10 2 0 3 14 8 14 3 9 15 2 7 4 2 14 9 14 7 9 1 6 2 1 10 12 9 8
split_gain=10.8615 10.4754 5.59327 5.24636 5.59028 5.09987 5.44974 4.93585 4.60548 4.97611 3.82711 3.80072 5.77717 3.76442 3.61424 3.61184 3.30951 3.1876 3.06704 4.18547 3.87319 2.89799 3.46832 2.82245 2.788 2.74113 3.92348 2.67317 3.62935 3.78347
threshold=28.500000000000004 22.500000000000004 44.500000000000007 2.5000000000000004 22.500000000000004 19.500000000000004 14.500000000000002 15.500000000000002 24.500000000000004 20.500000000000004 9.5000000000000018 13.500000000000002 6.5000000000000009 14.500000000000002 2.5000000000000004 1.5000000000000002 32.500000000000007 6.5000000000000009 7.5000000000000009 10.500000000000002 13.500000000000002 5.5000000000000009 1.5000000000000002 3.5000000000000004 26.500000000000004 9.5000000000000018 3.5000000000000004 2.5000000000000004 8.5000000000000018 6.5000000000000009
decision_type=2 2 2 2 2 2 2 2 2 2 2 2 2 2 2 2 2 2 2 2 2 2 2 2 2 2 2 2 2 2
left_child=1 5 3 8 25 13 14 10 9 -2 23 -6 -13 21 -7 -16 24 -15 20 -20 -17 -1 -23 27 -9 26 -5 28 29 -3
right_child=2 7 -4 4 11 6 -8 16 -10 -11 -12 12 -14 17 15 18 -18 -19 19 -21 -22 22 -24 -25 -26 -27 -28 -29 -30 -31
leaf_value=-0.012662544173579064 0.023089411006068553 -0.036848963158471242 0.057867343379901008 -0.017532510416848317 -0.027817892796033389 -0.019233937696977097 -0.021137609695776917 -0.04300814248048343 0.059046879410743713 -0.020322296209633352 -0.023738750876629189 0.04800661944207691 -0.017348859655229667 0.0030654383084130665 0.051254210503477809 0.037436541807220641 -0.05496708519604742 -0.025238556166489918 -0.024126055661369772 0.026262226328253747 -0.011586345434188842 0.051557464553759647 -0.0011597521603107454 -0.030516535235989479 0.0020883068956177812 0.05232142269611359 0.034516201217969264 -0.012224414229393006 0.036660616214458756 0.014741045642982831
leaf_weight=31 151 21 26 28 77 22 39 26 28 32 146 21 38 63 38 83 49 108 34 32 20 26 24 31 29 20 30 75 39 44
leaf_count=31 151 21 26 28 77 22 39 26 28 32 146 21 38 63 38 83 49 108 34 32 20 26 24 31 29 20 30 75 39 44
internal_value=0 -0.00591016 0.0128425 0.010088 -0.000944351 0.00381392 0.013417 -0.0169026 0.0212773 0.0154983 -0.0113038 -0.0131845 0.00591326 -0.00639889 0.0193019 0.0233974 -0.0360677 -0.0148108 0.0171338 0.000304627 0.0279175 0.0113595 0.0262532 -0.00265858 -0.01923 0.0203975 0.00938924 0.00216598 0.0125437 -0.0019265
internal_weight=0 980 451 425 214 520 268 460 211 183 356 136 59 252 229 207 104 171 169 66 103 81 50 210 55 78 58 179 104 65
internal_count=1431 980 451 425 214 520 268 460 211 183 356 136 59 252 229 207 104 171 169 66 103 81 50 210 55 78 58 179 104 65
shrinkage=0.1


Tree=5
num_leaves=31
num_cat=0
split_feature=0 2 2 10 7 8 4 14 11 3 15 3 15 15 2 9 0 13 3 1 4 7 3 0 1 2 13 6 0 1
split_gain=8.79778 8.63152 5.12421 4.3906 6.26591 4.05063 5.10174 4.34538 4.69945 4.14804 3.80385 3.77191 4.88798 4.15423 3.45085 3.79057 3.43145 3.41483 3.39342 3.24914 4.73158 3.64025 3.35799 4.1002 3.21892 3.14422 2.99706 2.8714 2.62504 3.38054
threshold=28.500000000000004 27.500000000000004 10.500000000000002 2.5000000000000004 8.5000000000000018 24.500000000000004 3.5000000000000004 6.5000000000000009 2.5000000000000004 3.5000000000000004 15.500000000000002 5.5000000000000009 7.5000000000000009 11.500000000000002 22.500000000000004 20.500000000000004 10.500000000000002 10.500000000000002 1.5000000000000002 3.5000000000000004 2.5000000000000004 11.500000000000002 3.5000000000000004 23.500000000000004 3.5000000000000004 16.500000000000004 9.5000000000000018 3.5000000000000004 24.500000000000004 7.5000000000000009
decision_type=2 2 2 2 2 2 2 2 2 2 2 2 2 2 2 2 2 2 2 2 2 2 2 2 2 2 2 2 2 2
left_child=1 10 -2 5 17 6 7 -4 -9 -10 16 13 -13 -3 -6 24 26 -5 27 20 22 -22 -20 -24 -16 -12 -1 -18 29 -21
right_child=2 11 3 4 14 -7 -8 8 9 -11 25 12 -14 -15 15 -17 18 -19 19 28 21 -23 23 -25 -26 -27 -28 -29 -30 -31
leaf_value=-0.00049210488796234129 0.061040395200252534 -0.019932868815304941 0.041196305950482688 -0.052761754062440658 0.036813040574391685 0.054105870477084463 -0.033789933919906617 0.034698860347270967 0.029526177644729614 -0.024848275996269067 0.008153493942752962 -0.0072435600842748376 -0.040545788344715825 0.024233236908912659 -0.032638574668339325 0.03035134505480528 0.013472907802333005 -0.0081376093499203953 -0.052608675023783816 0.027183246966635828 0.036941145658493039 -0.0056568834375827874 -0.020379844151045146 0.025135844707489016 0.010249447481972832 -0.030647930875420573 -0.046646882841984434 0.053685126701990764 -0.017590792532320376 -0.0031079776328185511
leaf_weight=34 20 57 60 27 39 29 20 40 20 47 31 70 119 34 35 32 115 47 23 101 35 47 95 25 35 64 24 21 27 58
leaf_count=34 20 57 60 27 39 29 20 40 20 47 31 70 119 34 35 32 115 47 23 101 35 47 95 25 35 64 24 21 27 58
internal_value=0 -0.00531915 0.0115582 0.00926208 -0.000854432 0.0193318 0.013939 0.019655 0.00757578 -0.0086171 0.000616397 -0.020158 -0.0282116 -0.00343125 0.011513 0.00183945 0.0035375 -0.0244194 0.00598984 0.00145906 -0.00662499 0.0125252 -0.0176062 -0.0108974 -0.0111946 -0.0179864 -0.0195906 0.0196821 0.0112381 0.0161336
internal_weight=0 980 451 431 215 216 187 167 107 67 700 280 189 91 141 102 605 74 547 411 225 82 143 120 70 95 58 136 186 159
internal_count=1431 980 451 431 215 216 187 167 107 67 700 280 189 91 141 102 605 74 547 411 225 82 143 120 70 95 58 136 186 159
shrinkage=0.1


Tree=6
num_leaves=31
num_cat=0
split_feature=0 2 0 3 14 12 7 4 10 1 2 7 2 1 9 9 8 10 0 15 5 3 12 0 12 2 7 15 8 5
split_gain=7.54192 6.90366 7.04447 7.86468 4.01318 3.4278 5.64 3.47397 5.89282 4.28739 3.97325 4.03399 3.94448 4.41924 3.73098 3.42531 3.38559 3.11567 2.94857 2.85749 2.80135 2.58594 2.49164 2.55606 2.89647 2.52539 3.17763 2.48456 2.43676 3.63651
threshold=10.500000000000002 14.500000000000002 39.500000000000007 15.500000000000002 34.500000000000007 3.5000000000000004 12.500000000000002 2.5000000000000004 2.5000000000000004 4.5000000000000009 18.500000000000004 7.5000000000000009 25.500000000000004 1.5000000000000002 4.5000000000000009 3.5000000000000004 6.5000000000000009 2.5000000000000004 21.500000000000004 5.5000000000000009 3.5000000000000004 35.500000000000007 1.5000000000000002 26.500000000000004 2.5000000000000004 10.500000000000002 10.500000000000002 2.5000000000000004 16.500000000000004 3.5000000000000004
decision_type=2 2 2 2 2 2 2 2 2 2 2 2 2 2 2 2 2 2 2 2 2 2 2 2 2 2 2 2 2 2
left_child=20 22 3 4 5 7 18 8 9 15 -9 19 14 -14 -13 -3 -5 -4 -7 -12 -1 28 -2 25 -25 -24 -27 -11 -18 -30
right_child=1 2 17 16 -6 6 -8 10 -10 27 11 12 13 -15 -16 -17 21 -19 -20 -21 -22 -23 23 24 -26 26 -28 -29 29 -31
leaf_value=-0.035620550327486809 0.049742068923436682 -0.036347047411478484 0.048329941431681317 -0.041642042219638825 -0.030358735451827181 -0.044212726468131659 0.016319384327474633 0.058505415064947941 -0.017185355368696278 -0.010744187106256901 0.065396689517157422 0.020446797907352449 0.053620026350021367 0.0022954578493155687 -0.032236110437207109 0.0033145995282415131 -0.00527530633237051 0.0083577255407969158 -0.0095457427582498339 0.01535962677001953 0.0048411781137639824 0.019799390164288611 -0.012949960354046944 0.0094543627717278214 0.060207790913789173 0.044387727975845337 -0.0056213580071926119 0.024650451954868105 -0.049688999425797242 -0.0083182745894720394
leaf_weight=77 26 26 39 50 37 42 53 21 122 23 21 20 25 51 41 134 92 39 59 25 22 22 39 22 23 27 24 144 42 43
leaf_count=77 26 26 39 50 37 42 53 21 122 23 21 20 25 51 41 134 92 39 59 25 22 22 39 22 23 27 24 144 42 43
internal_value=0 0.00197919 -0.000690265 -0.00276223 0.0018452 0.00332171 -0.0100987 0.00648672 0.00157031 0.00856783 0.0173076 0.01258 0.00397682 0.0191785 -0.014963 -0.00313042 -0.0183794 0.0283438 -0.0239617 0.0382026 -0.0266291 -0.0125345 0.0213949 0.0159354 0.035395 0.00620564 0.020854 0.0197757 -0.0165534 -0.0287603
internal_weight=0 1332 1171 1093 844 807 154 653 449 327 204 183 137 76 61 160 249 78 101 46 99 199 161 135 45 90 51 167 177 85
internal_count=1431 1332 1171 1093 844 807 154 653 449 327 204 183 137 76 61 160 249 78 101 46 99 199 161 135 45 90 51 167 177 85
shrinkage=0.1


end of trees

feature_importances:
Column_2=30
Column_0=25
Column_3=23
Column_14=22
Column_9=16
Column_8=12
Column_13=12
Column_1=11
Column_15=11
Column_7=10
Column_10=10
Column_5=7
Column_12=7
Column_4=6
Column_6=4
Column_11=4

parameters:
[boosting: gbdt]
[objective: regression]
[metric: l2]
[tree_learner: serial]
[device_type: cpu]
[data: ]
[valid: ]
[num_iterations: 10000]
[learning_rate: 0.1]
[num_leaves: 31]
[num_threads: 0]
[deterministic: 0]
[force_col_wise: 0]
[force_row_wise: 0]
[histogram_pool_size: -1]
[max_depth: -1]
[min_data_in_leaf: 20]
[min_sum_hessian_in_leaf: 0.001]
[bagging_fraction: 1]
[pos_bagging_fraction: 1]
[neg_bagging_fraction: 1]
[bagging_freq: 0]
[bagging_seed: 3]
[feature_fraction: 1]
[feature_fraction_bynode: 1]
[feature_fraction_seed: 2]
[extra_trees: 0]
[extra_seed: 6]
[early_stopping_round: 10]
[first_metric_only: 0]
[max_delta_step: 0]
[lambda_l1: 0]
[lambda_l2: 0]
[min_gain_to_split: 0]
[drop_rate: 0.1]
[max_drop: 50]
[skip_drop: 0.5]
[xgboost_dart_mode: 0]
[uniform_drop: 0]
[drop_seed: 4]
[top_rate: 0.2]
[other_rate: 0.1]
[min_data_per_group: 100]
[max_cat_threshold: 32]
[cat_l2: 10]
[cat_smooth: 10]
[max_cat_to_onehot: 4]
[top_k: 20]
[monotone_constraints: ]
[monotone_constraints_method: basic]
[monotone_penalty: 0]
[feature_contri: ]
[forcedsplits_filename: ]
[refit_decay_rate: 0.9]
[cegb_tradeoff: 1]
[cegb_penalty_split: 0]
[cegb_penalty_feature_lazy: ]
[cegb_penalty_feature_coupled: ]
[path_smooth: 0]
[interaction_constraints: ]
[verbosity: 1]
[saved_feature_importance_type: 0]
[max_bin: 255]
[max_bin_by_feature: ]
[min_data_in_bin: 3]
[bin_construct_sample_cnt: 200000]
[data_random_seed: 1]
[is_enable_sparse: 1]
[enable_bundle: 1]
[use_missing: 1]
[zero_as_missing: 0]
[feature_pre_filter: 1]
[pre_partition: 0]
[two_round: 0]
[header: 0]
[label_column: ]
[weight_column: ]
[group_column: ]
[ignore_column: ]
[categorical_feature: ]
[forcedbins_filename: ]
[objective_seed: 5]
[num_class: 1]
[is_unbalance: 0]
[scale_pos_weight: 1]
[sigmoid: 1]
[boost_from_average: 1]
[reg_sqrt: 0]
[alpha: 0.9]
[fair_c: 1]
[poisson_max_delta_step: 0.7]
[tweedie_variance_power: 1.5]
[lambdarank_truncation_level: 30]
[lambdarank_norm: 1]
[label_gain: ]
[eval_at: ]
[multi_error_top_k: 1]
[auc_mu_weights: ]
[num_machines: 1]
[local_listen_port: 12400]
[time_out: 120]
[machine_list_filename: ]
[machines: ]
[gpu_platform_id: -1]
[gpu_device_id: -1]
[gpu_use_dp: 0]
[num_gpu: 1]

end of parameters

pandas_categorical:null
