tree
version=v3
num_class=1
num_tree_per_iteration=1
label_index=0
max_feature_idx=15
objective=regression
feature_names=Column_0 Column_1 Column_2 Column_3 Column_4 Column_5 Column_6 Column_7 Column_8 Column_9 Column_10 Column_11 Column_12 Column_13 Column_14 Column_15
feature_infos=[1:49] [0:47] [2:49] [0:54] [0:7] [0:7] [0:7] [0:179] [0:112] [0:106] [0:7] [0:6] [0:6] [0:120] [0:114] [0:112]
tree_sizes=1679 1868 1707 1789 1545 1715 1711 1706 1701 1711

Tree=0
num_leaves=19
num_cat=0
split_feature=0 8 12 0 9 6 7 3 3 5 3 15 7 13 2 2 13 15
split_gain=22.101 7.12829 6.29731 10.3277 5.26629 4.59733 4.58354 4.23284 4.09739 3.46484 3.3415 2.9284 3.50587 2.4793 1.69467 2.31527 1.05852 0.86132
threshold=36.500000000000007 7.5000000000000009 2.5000000000000004 25.500000000000004 18.500000000000004 2.5000000000000004 6.5000000000000009 7.5000000000000009 2.5000000000000004 3.5000000000000004 4.5000000000000009 22.500000000000004 9.5000000000000018 6.5000000000000009 22.500000000000004 18.500000000000004 10.500000000000002 11.500000000000002
decision_type=2 2 2 2 2 2 2 2 2 2 2 2 2 2 2 2 2 2
left_child=2 -2 3 5 -3 14 16 -7 -8 11 -5 12 -10 -12 15 -1 -4 -14
right_child=1 4 6 10 -6 7 8 -9 9 -11 13 -13 17 -15 -16 -17 -18 -19
leaf_value=-0.31685949541813085 -0.17892471646345909 -0.27935949641154162 -0.31123449556714244 -0.27675080082847453 -0.21078806965663555 -0.23935949747117974 -0.24935949720627021 -0.29845040499671432 -0.27635949649101443 -0.26109862733007205 -0.20631602008566341 -0.27078806806717837 -0.31503517114213464 -0.24935949720627021 -0.32248449526911926 -0.27548852877215174 -0.33935949482208438 -0.33935949482208438
leaf_weight=24 23 24 32 23 21 27 22 22 20 23 23 21 37 32 32 31 23 24
leaf_count=24 23 24 32 23 21 27 22 22 20 23 23 21 37 32 32 31 23 24
internal_value=-0.277066 -0.224212 -0.285706 -0.273752 -0.247359 -0.290389 -0.298369 -0.26589 -0.289155 -0.296159 -0.244744 -0.304065 -0.312693 -0.231359 -0.304187 -0.293541 -0.322996 -0.324605
internal_weight=0 68 416 214 45 136 202 49 147 125 78 102 81 55 87 55 55 61
internal_count=484 68 416 214 45 136 202 49 147 125 78 102 81 55 87 55 55 61
shrinkage=1


Tree=1
num_leaves=21
num_cat=0
split_feature=0 15 10 2 12 10 0 7 5 4 14 2 9 14 8 2 3 13 9 2
split_gain=17.9018 5.85152 5.7313 5.40294 4.12358 4.50102 5.71556 4.16774 4.35693 3.90386 3.38923 3.22234 3.14534 1.60057 2.58101 1.48841 1.10604 0.744595 0.669309 0.0949354
threshold=36.500000000000007 7.5000000000000009 1.5000000000000002 11.500000000000002 2.5000000000000004 2.5000000000000004 25.500000000000004 8.5000000000000018 3.5000000000000004 2.5000000000000004 16.500000000000004 22.500000000000004 11.500000000000002 3.5000000000000004 7.5000000000000009 22.500000000000004 5.5000000000000009 10.500000000000002 15.500000000000002 25.500000000000004
decision_type=2 2 2 2 2 2 2 2 2 2 2 2 2 2 2 2 2 2 2 2
left_child=2 -2 9 -4 5 13 15 18 12 11 -3 -1 -9 -5 -15 -7 -16 -14 -6 -8
right_child=1 10 3 4 7 6 19 8 -10 -11 -12 -13 17 14 16 -17 -18 -19 -20 -21
leaf_value=0.0080814651080540253 0.088600270903628819 0.00092508022983868931 0.027808736761411032 -0.045123303207484165 -0.058571820749956018 0.0037042452530427414 0.033172904849052436 -0.0050793323251936175 0.025933775305747989 -0.016881087422370912 0.055935058849198485 0.062261362697767178 -0.032179298400878908 0.01483166984149388 -0.012632577798583292 -0.03351561796097529 -0.045125152468681339 -0.059466557800769808 -0.036760477224985759 0.042916383147239688
leaf_weight=21 23 24 30 22 34 22 20 36 20 20 21 23 20 21 22 21 20 20 24 20
leaf_count=21 23 24 30 22 34 22 20 36 20 20 21 23 20 21 22 21 20 20 24 20
internal_value=0 0.0475683 -0.00777559 -0.0127805 -0.0165621 -0.00572748 0.0108368 -0.0283818 -0.0155948 0.0197516 0.0265964 0.0364028 -0.0265233 -0.021902 -0.0137929 -0.0144729 -0.0281052 -0.0458229 -0.0495464 0.0380446
internal_weight=0 68 416 352 322 168 83 154 96 64 45 44 76 85 63 43 42 40 58 40
internal_count=484 68 416 352 322 168 83 154 96 64 45 44 76 85 63 43 42 40 58 40
shrinkage=0.1


Tree=2
num_leaves=19
num_cat=0
split_feature=0 0 8 8 10 8 12 14 2 5 8 1 12 1 7 0 13 7
split_gain=14.6005 5.12286 6.3521 6.29479 5.71185 6.52579 4.85911 3.42395 3.71828 6.66108 4.48059 2.99388 2.85304 2.60656 2.5848 2.08502 1.79289 0.629936
threshold=39.500000000000007 24.500000000000004 4.5000000000000009 4.5000000000000009 1.5000000000000002 14.500000000000002 3.5000000000000004 25.500000000000004 22.500000000000004 2.5000000000000004 9.5000000000000018 13.500000000000002 2.5000000000000004 1.5000000000000002 10.500000000000002 19.500000000000004 7.5000000000000009 9.5000000000000018
decision_type=2 2 2 2 2 2 2 2 2 2 2 2 2 2 2 2 2 2
left_child=1 2 -1 -3 -5 6 11 8 9 10 -4 13 -2 -6 -15 16 -10 -17
right_child=12 3 7 4 5 -7 -8 -9 15 -11 -12 -13 -14 14 -16 17 -18 -19
leaf_value=-0.053003740471762588 0.030280660731451855 0.052720444019024197 0.046869770942195771 0.049878515601158142 -0.0052446788007562816 -0.049557898167906136 -0.036593374858299894 0.029237251119180158 0.0067046197752157859 -0.036457592435181145 -0.0049950472182697728 -0.020295662581920625 0.082407278106326157 0.016712305669126841 0.062779323543821069 -0.055516699382237022 -0.03085964454544915 -0.031023053612027854
leaf_weight=37 21 26 31 20 22 29 24 22 24 32 36 20 21 29 21 21 27 21
leaf_count=37 21 26 31 20 22 29 24 22 24 32 36 20 21 29 21 21 27 21
internal_value=0 -0.00535395 -0.0147452 0.00698748 -0.000218929 -0.00712892 0.00347832 -0.00813045 -0.0124122 0.00107574 0.0190021 0.0139318 0.056344 0.0234394 0.0360605 -0.0267703 -0.0131823 -0.0432699
internal_weight=0 442 251 191 165 145 116 214 192 99 67 92 42 72 50 93 51 42
internal_count=484 442 251 191 165 145 116 214 192 99 67 92 42 72 50 93 51 42
shrinkage=0.1


Tree=3
num_leaves=20
num_cat=0
split_feature=0 8 10 9 2 14 1 12 0 9 9 5 7 2 14 0 13 8 14
split_gain=12.1331 5.14406 4.14037 4.13141 4.00314 3.59221 3.40203 2.97645 3.08085 4.03525 3.80862 3.44042 3.04248 2.78275 3.44328 2.25855 1.24175 0.914515 0.0950315
threshold=36.500000000000007 7.5000000000000009 1.5000000000000002 16.500000000000004 11.500000000000002 9.5000000000000018 7.5000000000000009 3.5000000000000004 24.500000000000004 6.5000000000000009 18.500000000000004 2.5000000000000004 12.500000000000002 23.500000000000004 11.500000000000002 20.500000000000004 6.5000000000000009 11.500000000000002 9.5000000000000018
decision_type=2 2 2 2 2 2 2 2 2 2 2 2 2 2 2 2 2 2 2
left_child=2 -2 5 -3 -4 -1 -7 8 13 -10 11 -11 18 14 15 16 -6 -15 -9
right_child=1 3 4 -5 7 6 -8 12 9 10 -12 -13 -14 17 -16 -17 -18 -19 -20
leaf_value=0.049729714068499485 0.077632863560448517 -0.014378542304039003 0.024282586971918745 0.04659905505180359 0.0019254292547702789 -0.028611875148046584 0.028309354895637153 -0.053091065650400907 -0.033181076205295063 0.054226609425885343 -0.014627993702888489 0.0041970953897193623 -0.0067944477344381408 -0.046471847593784338 -0.040545093742283905 -0.020953955820628575 0.037163887023925778 -0.021481939156850181 -0.043665898889303209
leaf_weight=22 23 20 30 25 20 21 21 23 23 28 30 27 29 32 22 21 20 27 20
leaf_count=22 23 20 30 25 20 21 21 23 23 28 30 27 29 32 22 21 20 27 20
internal_value=0 0.0391612 -0.00640135 0.0194979 -0.0106553 0.0169953 -0.00015126 -0.0139104 -0.00875075 0.00397835 0.0140333 0.0296667 -0.0318257 -0.018432 -0.00662938 0.00560251 0.0195447 -0.0350358 -0.0487073
internal_weight=0 68 416 45 352 64 42 322 250 108 85 55 72 142 83 61 40 59 43
internal_count=484 68 416 45 352 64 42 322 250 108 85 55 72 142 83 61 40 59 43
shrinkage=0.1


Tree=4
num_leaves=17
num_cat=0
split_feature=0 0 10 2 3 15 13 4 13 8 12 15 8 2 9 2
split_gain=10.0548 4.3486 4.87335 3.69005 3.5934 2.93737 3.40402 3.03192 3.25248 2.51006 2.28194 1.97034 1.56933 2.26659 4.35285 1.96357
threshold=39.500000000000007 12.500000000000002 1.5000000000000002 11.500000000000002 5.5000000000000009 9.5000000000000018 19.500000000000004 2.5000000000000004 12.500000000000002 9.5000000000000018 2.5000000000000004 11.500000000000002 9.5000000000000018 20.500000000000004 9.5000000000000018 25.500000000000004
decision_type=2 2 2 2 2 2 2 2 2 2 2 2 2 2 2 2
left_child=1 4 11 -4 -1 6 12 9 -9 -7 -2 -3 13 -5 -15 -14
right_child=10 2 3 5 -6 7 -8 8 -10 -11 -12 -13 15 14 -16 -17
leaf_value=0.0011399240791797637 0.023448226849238078 0.040426077031426963 0.033229848872060368 0.025304370025793711 -0.053227939624940192 -0.014004536213413363 0.031489709019660951 0.014220358545963581 -0.030000860423877326 -0.053079534939357215 0.070066623460678823 0.0012791101494804026 -0.031803009525323528 -0.036696348918808831 0.022504215784694838 0.0022264288862546286
leaf_weight=20 21 36 23 30 31 31 29 39 29 35 21 20 39 27 23 30
leaf_count=20 21 36 23 30 31 31 29 39 29 35 21 20 39 27 23 30
internal_value=0 -0.00444301 -0.000860727 -0.00542527 -0.0319072 -0.00827484 0.000143841 -0.0194579 -0.00463869 -0.0347261 0.0467574 0.026445 -0.00595703 0.00357408 -0.00946409 -0.0170076
internal_weight=0 442 391 335 51 312 178 134 68 66 42 56 149 80 50 69
internal_count=484 442 391 335 51 312 178 134 68 66 42 56 149 80 50 69
shrinkage=0.1


Tree=5
num_leaves=19
num_cat=0
split_feature=0 15 0 13 2 10 1 3 3 12 12 6 8 1 0 15 13 9
split_gain=8.34087 4.81459 3.18519 4.39707 3.64857 3.00789 3.435 3.34741 2.91066 2.66618 2.63626 2.1971 1.63538 3.58867 1.90102 1.77035 1.67078 0.971022
threshold=36.500000000000007 7.5000000000000009 12.500000000000002 1.0000000180025095e-35 13.500000000000002 1.5000000000000002 13.500000000000002 19.500000000000004 5.5000000000000009 2.5000000000000004 3.5000000000000004 2.5000000000000004 7.5000000000000009 7.5000000000000009 26.500000000000004 7.5000000000000009 8.5000000000000018 14.500000000000002
decision_type=2 2 2 2 2 2 2 2 2 2 2 2 2 2 2 2 2 2
left_child=2 -2 8 -4 -5 9 7 10 -1 -6 12 -3 14 15 -7 16 -14 -8
right_child=1 11 3 4 5 6 17 -9 -10 -11 -12 -13 13 -15 -16 -17 -18 -19
leaf_value=0.0010259322822093965 0.069688710440760068 -0.0072228563328584038 0.043549132794141771 0.024550720108182808 0.042868020534515383 -0.00666931461204182 -0.023356323440869652 0.028746032066967176 -0.047905145922014794 -0.0065687514841556551 -0.034856962469907909 0.037068208213895559 -0.034122992008924484 0.013028138790811812 0.031818486111504694 -0.04566640619720732 0.0058124256404963413 -0.053766568785622006
leaf_weight=20 23 24 20 38 20 33 21 23 31 24 39 21 20 35 21 28 22 21
leaf_count=20 23 24 20 38 20 33 21 23 31 24 39 21 20 35 21 28 22 21
internal_value=0 0.0324695 -0.00530751 -0.00203667 -0.00467932 -0.00829737 -0.012346 -0.0073639 -0.0287165 0.0159025 -0.0115585 0.0134463 -0.00584377 -0.0131168 0.00829816 -0.0261892 -0.0132044 -0.0385614
internal_weight=0 68 416 365 345 307 263 221 51 44 198 45 159 105 54 70 42 42
internal_count=484 68 416 365 345 307 263 221 51 44 198 45 159 105 54 70 42 42
shrinkage=0.1


Tree=6
num_leaves=19
num_cat=0
split_feature=0 0 13 3 7 14 8 8 0 5 0 9 5 12 7 6 13 3
split_gain=7.00408 2.82513 3.64672 2.35763 1.96301 3.65872 3.25611 3.18748 2.87025 2.80457 2.63859 1.93001 2.41228 1.91245 1.79473 1.33519 0.910498 0.738112
threshold=39.500000000000007 12.500000000000002 1.5000000000000002 5.5000000000000009 10.500000000000002 21.500000000000004 8.5000000000000018 6.5000000000000009 24.500000000000004 2.5000000000000004 27.500000000000004 14.500000000000002 2.5000000000000004 2.5000000000000004 14.500000000000002 2.5000000000000004 8.5000000000000018 9.5000000000000018
decision_type=2 2 2 2 2 2 2 2 2 2 2 2 2 2 2 2 2 2
left_child=1 3 17 -1 6 8 7 -4 14 -10 11 12 15 -2 -6 -8 -12 -3
right_child=13 2 4 -5 5 -7 10 -9 9 -11 16 -13 -14 -15 -16 -17 -18 -19
leaf_value=0.00092333868145942687 0.017685841094879879 0.014202981293201447 -0.014238003832665651 -0.043114631214449486 0.004420394450426102 0.031889796498659494 -0.022080052417257561 0.027557850711875494 0.038668409767358199 -0.0074193443982831899 -0.024675804376602176 0.014851706831351572 -0.047685446143150331 0.060363501878011795 -0.032588552173815281 0.013248605132102968 -0.053849727951962016 0.041371197849512098
leaf_weight=20 21 20 37 31 20 37 23 36 23 31 20 23 20 21 38 20 23 20
leaf_count=20 21 20 37 31 20 37 23 36 23 31 20 23 20 21 38 20 23 20
internal_value=0 -0.00370823 -0.000820842 -0.0258448 -0.00408101 0.00462644 -0.0105038 0.00637365 -0.00438021 0.0122106 -0.0200546 -0.00994173 -0.0189933 0.0390247 -0.0198268 -0.00564812 -0.0402805 0.0277871
internal_weight=0 442 391 51 351 149 202 73 112 54 129 86 63 42 58 43 43 40
internal_count=484 442 391 51 351 149 202 73 112 54 129 86 63 42 58 43 43 40
shrinkage=0.1


Tree=7
num_leaves=19
num_cat=0
split_feature=0 15 1 4 12 8 11 14 14 11 14 0 3 14 3 7 3 2
split_gain=5.6733 2.56786 2.7683 2.8444 2.28931 2.59853 2.65906 2.2163 2.95069 2.37564 2.11648 1.92667 1.82796 1.17357 1.62114 1.63502 1.72733 1.05319
threshold=39.500000000000007 11.500000000000002 5.5000000000000009 3.5000000000000004 2.5000000000000004 13.500000000000002 2.5000000000000004 2.5000000000000004 10.500000000000002 2.5000000000000004 30.500000000000004 12.500000000000002 9.5000000000000018 21.500000000000004 14.500000000000002 7.5000000000000009 6.5000000000000009 20.500000000000004
decision_type=2 2 2 2 2 2 2 2 2 2 2 2 2 2 2 2 2 2
left_child=1 2 11 4 5 6 -4 -3 9 -9 -10 -1 -2 14 15 -13 17 -17
right_child=12 7 3 -5 -6 -7 -8 8 10 -11 -12 13 -14 -15 -16 16 -18 -19
leaf_value=-0.032220550417900083 0.057002578377723691 -0.044404520874931699 0.0098528562223210055 0.047481450438499453 -0.016064983420073987 -0.011947415396571161 0.054470584609291772 0.02710697178182931 -0.03919056269683336 -0.012711679070226609 -0.00075646515773690264 0.0059280409983226232 0.015230955860831522 0.019114844230088322 0.018560600280761719 0.0070705297589302067 -0.045320966094732289 -0.024000746880968413
leaf_weight=25 20 21 34 20 32 24 22 29 38 31 23 35 22 22 22 20 20 24
leaf_count=25 20 21 34 20 32 24 22 29 38 31 23 35 22 22 22 20 20 24
internal_value=0 -0.0033374 0.00190654 0.0127436 0.00654047 0.0155827 0.0273812 -0.0144162 -0.00921157 0.006534 -0.024699 -0.00660833 0.0351222 -0.00213067 -0.00599349 -0.01145 -0.0209535 -0.00987744
internal_weight=0 442 300 132 112 80 56 142 121 60 61 168 42 143 121 99 64 44
internal_count=484 442 300 132 112 80 56 142 121 60 61 168 42 143 121 99 64 44
shrinkage=0.1


Tree=8
num_leaves=19
num_cat=0
split_feature=0 15 12 0 6 13 7 3 11 14 10 9 14 3 8 13 7 14
split_gain=4.70157 3.86625 2.08722 4.36832 3.23215 2.59992 2.8385 2.41949 3.6795 2.03395 1.65065 1.92558 1.7991 1.60349 0.974073 1.74964 1.24857 0.554315
threshold=36.500000000000007 7.5000000000000009 2.5000000000000004 25.500000000000004 2.5000000000000004 3.5000000000000004 7.5000000000000009 14.500000000000002 2.5000000000000004 16.500000000000004 2.5000000000000004 7.5000000000000009 10.500000000000002 7.5000000000000009 6.5000000000000009 8.5000000000000018 7.5000000000000009 9.5000000000000018
decision_type=2 2 2 2 2 2 2 2 2 2 2 2 2 2 2 2 2 2
left_child=2 -2 3 4 14 -4 17 8 -5 -3 12 -12 -8 -6 -1 16 -16 -7
right_child=1 9 5 7 13 6 10 -9 -10 -11 11 -13 -14 -15 15 -17 -18 -19
leaf_value=-0.038250976659002761 0.057730456020521084 -0.012556335578362146 0.013942998822997599 -0.011384476814419031 0.028948021928469344 -0.023750276863574983 0.024341387244371269 0.050779054420334958 0.039817521333694456 0.03005853569401162 0.0057286320626735686 -0.032971109284294975 -0.011884815528475007 -0.0074215739965438846 -0.008486029009024303 0.011168745309114457 -0.041467434438792146 -0.04354950261692847
leaf_weight=21 23 24 34 32 27 26 26 21 25 21 20 36 29 22 24 20 22 31
leaf_count=21 23 24 34 32 27 26 26 21 25 21 20 36 29 22 24 20 22 31
internal_value=0 0.0243776 -0.0039848 0.00289707 -0.00792296 -0.0112755 -0.0163792 0.0217628 0.0110725 0.0073306 -0.0070646 -0.0191498 0.0052403 0.0126188 -0.0194925 -0.0135238 -0.0242597 -0.0345183
internal_weight=0 68 416 214 136 202 168 78 57 45 111 56 55 49 87 66 46 57
internal_count=484 68 416 214 136 202 168 78 57 45 111 56 55 49 87 66 46 57
shrinkage=0.1


Tree=9
num_leaves=19
num_cat=0
split_feature=0 10 0 7 13 9 13 13 2 13 9 1 2 14 7 9 9 9
split_gain=4.03965 2.27934 2.64915 2.38164 1.59377 4.23446 2.84864 2.15682 2.04898 2.05704 3.12086 2.63504 2.39975 2.08834 1.98276 1.75066 0.873819 0.371349
threshold=42.500000000000007 1.5000000000000002 26.500000000000004 10.500000000000002 18.500000000000004 23.500000000000004 12.500000000000002 30.500000000000004 12.500000000000002 10.500000000000002 10.500000000000002 8.5000000000000018 22.500000000000004 11.500000000000002 8.5000000000000018 17.500000000000004 9.5000000000000018 6.5000000000000009
decision_type=2 2 2 2 2 2 2 2 2 2 2 2 2 2 2 2 2 2
left_child=1 2 3 -1 6 7 8 -6 -3 10 11 12 17 14 -12 -15 -8 -10
right_child=-2 4 -4 -5 5 -7 16 -9 9 -11 13 -13 -14 15 -16 -17 -18 -19
leaf_value=0.02184829471202997 0.039996526638666791 0.025280482118779965 0.043263675306331031 -0.022857220199975103 0.037985193984849119 -0.024515044894711725 -0.044272171638228677 -0.00093668140470981598 0.01222227258341653 0.019169428282313879 -0.0032591588222063506 -0.053035676343874495 -0.03171538802293631 0.0067035277684529618 0.035794634200059454 -0.034128982538268682 -0.018838868141174317 -0.0068173494935035708
leaf_weight=26 24 22 22 22 35 29 22 24 21 27 26 22 39 21 26 21 35 20
leaf_count=26 24 22 22 22 35 29 22 24 21 27 26 22 39 21 26 21 35 20
internal_value=0 -0.00208678 0.0145285 0.00135827 -0.00506901 0.00677347 -0.0085198 0.0221526 -0.00383523 -0.00670763 -0.0102723 -0.0223859 -0.0139572 0.00287221 0.0162677 -0.0137127 -0.0286552 0.00293465
internal_weight=0 460 70 48 390 88 302 59 245 223 196 102 80 94 52 42 57 41
internal_count=484 460 70 48 390 88 302 59 245 223 196 102 80 94 52 42 57 41
shrinkage=0.1


end of trees

feature_importances:
Column_0=25
Column_13=17
Column_2=16
Column_8=15
Column_9=15
Column_14=15
Column_3=14
Column_7=13
Column_12=11
Column_15=9
Column_10=8
Column_1=7
Column_5=6
Column_6=4
Column_4=3
Column_11=3

parameters:
[boosting: gbdt]
[objective: regression]
[metric: l2]
[tree_learner: serial]
[device_type: cpu]
[data: ]
[valid: ]
[num_iterations: 10000]
[learning_rate: 0.1]
[num_leaves: 31]
[num_threads: 0]
[deterministic: 0]
[force_col_wise: 0]
[force_row_wise: 0]
[histogram_pool_size: -1]
[max_depth: -1]
[min_data_in_leaf: 20]
[min_sum_hessian_in_leaf: 0.001]
[bagging_fraction: 1]
[pos_bagging_fraction: 1]
[neg_bagging_fraction: 1]
[bagging_freq: 0]
[bagging_seed: 3]
[feature_fraction: 1]
[feature_fraction_bynode: 1]
[feature_fraction_seed: 2]
[extra_trees: 0]
[extra_seed: 6]
[early_stopping_round: 10]
[first_metric_only: 0]
[max_delta_step: 0]
[lambda_l1: 0]
[lambda_l2: 0]
[min_gain_to_split: 0]
[drop_rate: 0.1]
[max_drop: 50]
[skip_drop: 0.5]
[xgboost_dart_mode: 0]
[uniform_drop: 0]
[drop_seed: 4]
[top_rate: 0.2]
[other_rate: 0.1]
[min_data_per_group: 100]
[max_cat_threshold: 32]
[cat_l2: 10]
[cat_smooth: 10]
[max_cat_to_onehot: 4]
[top_k: 20]
[monotone_constraints: ]
[monotone_constraints_method: basic]
[monotone_penalty: 0]
[feature_contri: ]
[forcedsplits_filename: ]
[refit_decay_rate: 0.9]
[cegb_tradeoff: 1]
[cegb_penalty_split: 0]
[cegb_penalty_feature_lazy: ]
[cegb_penalty_feature_coupled: ]
[path_smooth: 0]
[interaction_constraints: ]
[verbosity: 1]
[saved_feature_importance_type: 0]
[max_bin: 255]
[max_bin_by_feature: ]
[min_data_in_bin: 3]
[bin_construct_sample_cnt: 200000]
[data_random_seed: 1]
[is_enable_sparse: 1]
[enable_bundle: 1]
[use_missing: 1]
[zero_as_missing: 0]
[feature_pre_filter: 1]
[pre_partition: 0]
[two_round: 0]
[header: 0]
[label_column: ]
[weight_column: ]
[group_column: ]
[ignore_column: ]
[categorical_feature: ]
[forcedbins_filename: ]
[objective_seed: 5]
[num_class: 1]
[is_unbalance: 0]
[scale_pos_weight: 1]
[sigmoid: 1]
[boost_from_average: 1]
[reg_sqrt: 0]
[alpha: 0.9]
[fair_c: 1]
[poisson_max_delta_step: 0.7]
[tweedie_variance_power: 1.5]
[lambdarank_truncation_level: 30]
[lambdarank_norm: 1]
[label_gain: ]
[eval_at: ]
[multi_error_top_k: 1]
[auc_mu_weights: ]
[num_machines: 1]
[local_listen_port: 12400]
[time_out: 120]
[machine_list_filename: ]
[machines: ]
[gpu_platform_id: -1]
[gpu_device_id: -1]
[gpu_use_dp: 0]
[num_gpu: 1]

end of parameters

pandas_categorical:null
