tree
version=v3
num_class=1
num_tree_per_iteration=1
label_index=0
max_feature_idx=15
objective=regression
feature_names=Column_0 Column_1 Column_2 Column_3 Column_4 Column_5 Column_6 Column_7 Column_8 Column_9 Column_10 Column_11 Column_12 Column_13 Column_14 Column_15
feature_infos=[1:49] [0:69] [1:49] [0:57] [0:6] [1:6] [0:7] [0:141] [1:131] [2:116] [0:7] [0:6] [0:7] [0:143] [0:121] [0:134]
tree_sizes=2045 2203 2359 2277 2039 2041

Tree=0
num_leaves=23
num_cat=0
split_feature=2 0 0 3 8 1 15 14 13 7 7 2 14 7 0 8 15 8 15 13 3 1
split_gain=27.7412 16.0034 13.5328 6.82944 5.90035 4.58581 4.06599 4.0172 4.85655 6.2448 6.05273 5.1138 4.26035 3.43263 3.91762 3.0276 2.37483 1.9598 2.74334 1.95395 1.76033 1.5581
threshold=24.500000000000004 27.500000000000004 40.500000000000007 1.5000000000000002 13.500000000000002 3.5000000000000004 18.500000000000004 1.5000000000000002 5.5000000000000009 5.5000000000000009 13.500000000000002 33.500000000000007 12.500000000000002 18.500000000000004 15.500000000000002 8.5000000000000018 10.500000000000002 16.500000000000004 7.5000000000000009 14.500000000000002 6.5000000000000009 5.5000000000000009
decision_type=2 2 2 2 2 2 2 2 2 2 2 2 2 2 2 2 2 2 2 2 2 2
left_child=1 3 7 4 -1 -3 19 -2 10 -10 21 16 -13 14 -5 -8 20 18 -16 -7 -11 -9
right_child=2 5 -4 13 -6 6 15 8 9 11 -12 12 -14 -15 17 -17 -18 -19 -20 -21 -22 -23
leaf_value=0.058685062393481605 0.0015882897124811853 0.014838909708854162 0.031842957841396659 -0.055314934586549735 -0.0094967539821352275 0.088685061598753001 0.0094850636968364984 -0.010314935778642629 -0.091314933632875434 -0.010314935778642629 -0.051314934692513546 -0.083133115637815641 -0.029007242975773277 0.021185063386892345 -0.017468781742976579 0.061685062314008741 0.0061850637842566433 -0.037314935063386886 0.026076367605143119 0.051185062592163745 -0.049776473194807318 0.028685063188210198
leaf_weight=30 31 39 38 25 22 33 25 20 26 20 27 33 26 24 39 20 24 20 23 24 26 21
leaf_count=30 31 39 38 25 22 33 25 20 26 20 27 33 26 24 39 20 24 20 23 24 26 21
internal_value=-0.00146104 0.0186851 -0.0238149 -0.000823133 0.0298389 0.0440042 0.0551557 -0.0321417 -0.0368306 -0.0466053 -0.0145502 -0.037594 -0.059281 -0.0129943 -0.0206607 0.0326851 -0.0193149 -0.0100954 -0.00131494 0.0728956 -0.0326193 0.00966067
internal_weight=0 324 292 183 52 141 102 254 223 155 68 129 59 131 107 45 70 82 62 57 46 41
internal_count=616 324 292 183 52 141 102 254 223 155 68 129 59 131 107 45 70 82 62 57 46 41
shrinkage=1


Tree=1
num_leaves=25
num_cat=0
split_feature=2 0 0 2 15 12 0 14 12 13 4 9 1 9 13 1 13 6 1 8 9 10 10 15
split_gain=23.0811 10.5142 8.56302 7.31577 6.82876 6.09955 5.62395 5.03668 4.00098 4.81799 3.66546 3.84883 3.65813 3.64181 5.49842 4.34883 3.11119 3.09462 3.062 2.2866 1.94083 1.85681 1.73276 0.806061
threshold=19.500000000000004 37.500000000000007 27.500000000000004 28.500000000000004 7.5000000000000009 2.5000000000000004 30.500000000000004 3.5000000000000004 3.5000000000000004 8.5000000000000018 3.5000000000000004 15.500000000000002 11.500000000000002 8.5000000000000018 5.5000000000000009 7.5000000000000009 8.5000000000000018 2.5000000000000004 5.5000000000000009 10.500000000000002 6.5000000000000009 2.5000000000000004 2.5000000000000004 10.500000000000002
decision_type=2 2 2 2 2 2 2 2 2 2 2 2 2 2 2 2 2 2 2 2 2 2 2 2
left_child=2 3 8 6 -3 7 13 -5 9 -1 11 16 21 15 -15 20 -4 -6 -9 -16 -2 23 -20 -7
right_child=1 4 10 5 17 12 -8 18 -10 -11 -12 -13 -14 14 19 -17 -18 -19 22 -21 -22 -23 -24 -25
leaf_value=-0.0049633491980402098 0.04238713901975881 0.070590765987123757 0.050001162574404769 0.028590056002140048 0.027278254713330952 -0.062756032564423303 0.040402802695398747 0.003971791565418244 -0.023961148063341778 0.046853135613834161 0.085974067151546485 0.064297011669944323 -0.014428820908069613 0.0098993575131451645 -0.025540546647139957 -0.033967055380344391 -0.00053932975078451221 -0.027684827148914338 -0.062305066637370898 -0.066724302677007824 0.00084158751097592453 -0.081794692625602086 -0.023488253614176877 -0.03536570214089893
leaf_weight=38 23 21 21 20 21 22 23 20 30 34 20 34 20 27 28 20 29 20 23 26 22 30 23 21
leaf_count=38 23 21 21 20 21 22 23 20 30 34 20 34 20 27 28 20 29 20 23 26 22 30 23 21
internal_value=0 -0.0137208 0.0273084 -0.0204801 0.0242186 -0.0345684 -0.00555824 -0.0153722 0.00672122 0.0195055 0.0474996 0.0383391 -0.0523197 -0.0127987 -0.0269467 0.00483197 0.0206877 0.000466995 -0.0286941 -0.0453698 0.022076 -0.0627007 -0.0428967 -0.0493794
internal_weight=0 410 206 348 62 179 169 86 102 72 104 84 93 146 81 65 50 41 66 54 45 73 46 43
internal_count=616 410 206 348 62 179 169 86 102 72 104 84 93 146 81 65 50 41 66 54 45 73 46 43
shrinkage=0.1


Tree=2
num_leaves=27
num_cat=0
split_feature=2 0 0 2 15 12 5 14 14 7 1 2 13 4 1 1 13 2 6 14 15 1 8 8 13 9
split_gain=18.6957 8.51652 6.93605 5.92577 5.5313 4.94064 4.80758 4.79847 4.07971 3.77914 4.24341 3.51562 3.58263 2.96902 3.37247 2.96308 2.85984 2.79512 2.50664 2.4802 2.46649 2.25358 1.75332 3.00149 1.02813 0.191747
threshold=19.500000000000004 37.500000000000007 27.500000000000004 28.500000000000004 7.5000000000000009 2.5000000000000004 2.5000000000000004 8.5000000000000018 3.5000000000000004 4.5000000000000009 8.5000000000000018 24.500000000000004 8.5000000000000018 3.5000000000000004 3.5000000000000004 11.500000000000002 8.5000000000000018 37.500000000000007 2.5000000000000004 14.500000000000002 21.500000000000004 9.5000000000000018 17.500000000000004 8.5000000000000018 15.500000000000002 7.5000000000000009
decision_type=2 2 2 2 2 2 2 2 2 2 2 2 2 2 2 2 2 2 2 2 2 2 2 2 2 2
left_child=2 3 9 6 -3 8 11 -8 -5 -1 16 12 25 14 -4 22 -11 21 -6 -9 24 -10 23 -7 -16 -2
right_child=1 4 13 5 18 15 7 19 17 10 -12 -13 -14 -15 20 -17 -18 -19 -20 -21 -22 -23 -24 -25 -26 -27
leaf_value=-0.030656316334551032 0.016803326308727266 0.063531687429973061 -0.0002000547590709868 0.025731048882007602 0.024550430263791764 -0.072465684362079785 0.048604013140384969 -0.025705601618840147 0.0082494795322418223 -0.01944825456988427 0.05030356884002686 -0.049021112918853763 -0.039972626350142738 0.077376662194728857 0.077109648287296301 -0.012985938787460329 0.026531412700812024 -0.055949526173727851 -0.024916345775127413 0.019375088163044143 0.019979885868404226 -0.036786322593688962 -0.079280891366626915 -0.023306174962608905 0.045045244693756106 0.003415209314097529
leaf_weight=22 20 21 21 20 21 23 26 26 25 31 25 29 22 20 20 20 24 21 20 23 23 20 23 27 20 23
leaf_count=22 20 21 21 20 21 23 26 26 25 31 25 29 22 20 20 20 24 21 20 23 23 20 23 27 20 23
internal_value=0 -0.0123487 0.0245776 -0.0184321 0.0217967 -0.0311115 -0.00500241 0.0138798 -0.013835 0.0060491 0.0161431 -0.020068 -0.00715048 0.0427497 0.0345052 -0.0470877 0.0006156 -0.0258247 0.000420296 -0.00454528 0.0460736 -0.0117664 -0.0564307 -0.0459195 0.0610774 0.00964224
internal_weight=0 410 206 348 62 179 169 75 86 102 80 94 65 104 84 93 55 66 41 49 63 45 73 50 40 43
internal_count=616 410 206 348 62 179 169 75 86 102 80 94 65 104 84 93 55 66 41 49 63 45 73 50 40 43
shrinkage=0.1


Tree=3
num_leaves=26
num_cat=0
split_feature=2 0 0 4 2 5 14 15 15 0 2 9 0 12 14 9 9 13 2 6 1 9 8 5 2
split_gain=15.1435 6.89838 5.6678 5.4174 4.8672 5.63846 5.47647 4.48035 3.99102 4.5108 4.02849 3.65055 3.89385 3.17043 3.1793 3.13645 2.60171 2.24513 2.06117 2.03038 1.97279 1.95041 1.61632 1.14459 1.11209
threshold=19.500000000000004 37.500000000000007 15.500000000000002 1.0000000180025095e-35 28.500000000000004 2.5000000000000004 8.5000000000000018 7.5000000000000009 2.5000000000000004 39.500000000000007 12.500000000000002 6.5000000000000009 23.500000000000004 2.5000000000000004 3.5000000000000004 13.500000000000002 14.500000000000002 6.5000000000000009 35.500000000000007 2.5000000000000004 11.500000000000002 12.500000000000002 17.500000000000004 2.5000000000000004 21.500000000000004
decision_type=2 2 2 2 2 2 2 2 2 2 2 2 2 2 2 2 2 2 2 2 2 2 2 2 2
left_child=2 3 -1 -2 5 11 -7 -3 -4 10 16 -5 24 14 -6 -8 -10 -12 -16 -9 22 -19 23 -15 -13
right_child=1 7 8 4 13 6 15 19 9 -11 17 12 -14 20 18 -17 -18 21 -20 -21 -22 -23 -24 -25 -26
leaf_value=-0.016559037379920483 -0.067116389274597163 0.057178517466499691 0.070112423385892603 0.015960473070542016 0.02315794497728348 0.06039972434873167 -0.02329525923728943 0.022095386471067156 0.018862835245747722 0.066670817136764524 0.02009730113519205 -0.0323505100996598 0.0036288082599639894 -0.053833513813359407 -0.0074252905029999587 0.029127315680185957 0.063252493609552804 -0.035164082617986772 -0.043561287720998126 -0.022424710988998415 -0.011687344312667847 0.0084704759716987613 -0.071239918172359459 -0.021542794030645622 -0.064592790603637693
leaf_weight=32 20 21 21 24 20 23 25 21 31 21 37 23 23 21 38 21 23 21 27 20 20 20 20 23 20
leaf_count=32 20 21 21 24 20 23 25 21 31 21 37 23 23 21 38 21 23 21 27 20 20 20 20 23 20
internal_value=0 -0.0111138 0.0221198 -0.0165889 -0.013508 -0.000949169 0.0205578 0.0196171 0.0292331 0.0236223 0.0167736 -0.0174378 -0.0295827 -0.0253236 -0.0117077 0.000636786 0.0377695 0.002238 -0.0224356 0.000378266 -0.0391016 -0.0138789 -0.0476685 -0.0369543 -0.0473469
internal_weight=0 410 206 348 328 159 69 62 174 153 132 90 66 169 85 46 54 78 65 41 84 41 64 44 43
internal_count=616 410 206 348 328 159 69 62 174 153 132 90 66 169 85 46 54 78 65 41 84 41 64 44 43
shrinkage=0.1


Tree=4
num_leaves=23
num_cat=0
split_feature=2 0 0 3 8 13 8 4 12 12 1 14 7 3 1 9 2 7 8 13 3 14
split_gain=12.4986 7.46806 6.9054 4.99173 4.06253 3.53299 3.7897 3.57726 3.51193 3.44632 3.22928 3.00229 2.68981 2.68304 2.65458 4.30086 2.61396 2.46635 3.00869 3.10676 1.88553 1.08328
threshold=24.500000000000004 27.500000000000004 43.500000000000007 1.5000000000000002 13.500000000000002 5.5000000000000009 8.5000000000000018 2.5000000000000004 3.5000000000000004 1.5000000000000002 5.5000000000000009 4.5000000000000009 12.500000000000002 16.500000000000004 10.500000000000002 10.500000000000002 33.500000000000007 18.500000000000004 18.500000000000004 9.5000000000000018 8.5000000000000018 13.500000000000002
decision_type=2 2 2 2 2 2 2 2 2 2 2 2 2 2 2 2 2 2 2 2 2 2
left_child=1 3 5 4 -1 6 -2 -8 11 -3 12 -7 -11 16 -12 -16 -13 18 19 20 -5 -10
right_child=2 9 -4 17 -6 8 7 -9 21 10 14 13 -14 -15 15 -17 -18 -19 -20 -21 -22 -23
leaf_value=0.0503458728392919 -0.035245953748623535 0.063698503375053409 0.041707218885421754 -0.0063125282526016241 -0.0062295745719562878 0.0060702620368254818 0.035995445847511291 -0.013703772425651552 -0.058653861985487103 -0.025373834669589996 0.064061658537906158 -0.022624727395864633 0.025868416116351173 -0.0025621665020783744 -0.013015242218971252 0.046464207287757631 -0.064047294855117801 0.018762458612521491 -0.047077143669128421 0.023726223862689477 -0.043649691343307498 -0.030905437469482423
leaf_weight=30 24 26 20 38 22 38 30 28 34 20 23 39 21 30 20 31 25 24 25 23 21 24
leaf_count=30 24 26 20 38 22 38 30 28 34 20 23 39 21 30 20 31 25 24 25 23 21 24
internal_value=0 0.0135225 -0.0150045 0.000196063 0.0264101 -0.0191744 -0.00182616 0.0120027 -0.0266616 0.0308186 0.0233849 -0.0176496 0.000872196 -0.0272384 0.0358582 0.0231389 -0.0388054 -0.0102095 -0.0167079 -0.00744898 -0.019602 -0.0471718
internal_weight=0 324 292 183 52 272 82 58 190 141 115 132 41 94 74 51 64 131 107 82 59 58
internal_count=616 324 292 183 52 272 82 58 190 141 115 132 41 94 74 51 64 131 107 82 59 58
shrinkage=0.1


Tree=5
num_leaves=23
num_cat=0
split_feature=2 0 0 9 7 3 12 4 15 5 3 2 14 13 15 13 4 0 15 0 11 14
split_gain=10.1238 6.74855 5.59338 4.71472 4.08251 3.66266 3.4692 3.34332 3.15167 3.19201 4.69003 3.70651 3.74286 2.97946 3.20237 2.84265 3.93346 3.21666 2.36213 0.828777 0.808469 0.553369
threshold=24.500000000000004 12.500000000000002 43.500000000000007 17.500000000000004 6.5000000000000009 1.5000000000000002 1.5000000000000002 2.5000000000000004 30.500000000000004 2.5000000000000004 2.5000000000000004 29.500000000000004 10.500000000000002 5.5000000000000009 5.5000000000000009 3.5000000000000004 2.5000000000000004 21.500000000000004 10.500000000000002 30.500000000000004 3.5000000000000004 13.500000000000002
decision_type=2 2 2 2 2 2 2 2 2 2 2 2 2 2 2 2 2 2 2 2 2 2
left_child=1 -1 8 5 -5 7 -7 -3 9 10 -2 12 -11 -13 -15 -8 17 -17 -12 -16 -6 -9
right_child=2 3 -4 4 20 6 15 21 -10 11 18 13 -14 14 19 16 -18 -19 -20 -21 -22 -23
leaf_value=-0.036689788561600906 0.0094302475452423106 0.0036668339196373433 0.037536496222019197 0.0082283700666119976 0.065655120355742322 0.035787757689302618 0.019248650272687278 0.034556553959846498 -0.046736244857311253 0.045341488838195804 -0.059946213832923347 0.012427241637788971 -0.011925057570139569 0.009100393652915954 -0.046938695056097851 -0.021385915018618109 -0.043771258448109487 0.02648757386207581 -0.021706536610921225 -0.02181004598027184 0.040352011763531231 0.058080359697341925
leaf_weight=26 24 34 20 31 28 22 30 20 32 25 35 29 21 20 35 32 33 25 30 21 23 20
leaf_count=26 24 34 20 31 28 22 30 20 32 25 35 29 21 20 35 32 33 25 30 21 23 20
internal_value=0 0.0121703 -0.013504 0.0164332 0.0368478 0.00868328 -0.000717051 0.0267218 -0.017257 -0.0133264 -0.0283482 -0.00447256 0.0191981 -0.0148425 -0.0252481 -0.0074096 -0.0162957 -0.000388771 -0.0422971 -0.0375155 0.0542439 0.0463185
internal_weight=0 324 292 298 82 216 142 74 272 240 89 151 46 105 76 120 90 57 65 56 51 40
internal_count=616 324 292 298 82 216 142 74 272 240 89 151 46 105 76 120 90 57 65 56 51 40
shrinkage=0.1


end of trees

feature_importances:
Column_0=18
Column_2=17
Column_13=13
Column_1=12
Column_14=12
Column_15=12
Column_8=10
Column_9=10
Column_3=7
Column_7=7
Column_12=7
Column_4=6
Column_5=4
Column_6=3
Column_10=2
Column_11=1

parameters:
[boosting: gbdt]
[objective: regression]
[metric: l2]
[tree_learner: serial]
[device_type: cpu]
[data: ]
[valid: ]
[num_iterations: 10000]
[learning_rate: 0.1]
[num_leaves: 31]
[num_threads: 0]
[deterministic: 0]
[force_col_wise: 0]
[force_row_wise: 0]
[histogram_pool_size: -1]
[max_depth: -1]
[min_data_in_leaf: 20]
[min_sum_hessian_in_leaf: 0.001]
[bagging_fraction: 1]
[pos_bagging_fraction: 1]
[neg_bagging_fraction: 1]
[bagging_freq: 0]
[bagging_seed: 3]
[feature_fraction: 1]
[feature_fraction_bynode: 1]
[feature_fraction_seed: 2]
[extra_trees: 0]
[extra_seed: 6]
[early_stopping_round: 10]
[first_metric_only: 0]
[max_delta_step: 0]
[lambda_l1: 0]
[lambda_l2: 0]
[min_gain_to_split: 0]
[drop_rate: 0.1]
[max_drop: 50]
[skip_drop: 0.5]
[xgboost_dart_mode: 0]
[uniform_drop: 0]
[drop_seed: 4]
[top_rate: 0.2]
[other_rate: 0.1]
[min_data_per_group: 100]
[max_cat_threshold: 32]
[cat_l2: 10]
[cat_smooth: 10]
[max_cat_to_onehot: 4]
[top_k: 20]
[monotone_constraints: ]
[monotone_constraints_method: basic]
[monotone_penalty: 0]
[feature_contri: ]
[forcedsplits_filename: ]
[refit_decay_rate: 0.9]
[cegb_tradeoff: 1]
[cegb_penalty_split: 0]
[cegb_penalty_feature_lazy: ]
[cegb_penalty_feature_coupled: ]
[path_smooth: 0]
[interaction_constraints: ]
[verbosity: 1]
[saved_feature_importance_type: 0]
[max_bin: 255]
[max_bin_by_feature: ]
[min_data_in_bin: 3]
[bin_construct_sample_cnt: 200000]
[data_random_seed: 1]
[is_enable_sparse: 1]
[enable_bundle: 1]
[use_missing: 1]
[zero_as_missing: 0]
[feature_pre_filter: 1]
[pre_partition: 0]
[two_round: 0]
[header: 0]
[label_column: ]
[weight_column: ]
[group_column: ]
[ignore_column: ]
[categorical_feature: ]
[forcedbins_filename: ]
[objective_seed: 5]
[num_class: 1]
[is_unbalance: 0]
[scale_pos_weight: 1]
[sigmoid: 1]
[boost_from_average: 1]
[reg_sqrt: 0]
[alpha: 0.9]
[fair_c: 1]
[poisson_max_delta_step: 0.7]
[tweedie_variance_power: 1.5]
[lambdarank_truncation_level: 30]
[lambdarank_norm: 1]
[label_gain: ]
[eval_at: ]
[multi_error_top_k: 1]
[auc_mu_weights: ]
[num_machines: 1]
[local_listen_port: 12400]
[time_out: 120]
[machine_list_filename: ]
[machines: ]
[gpu_platform_id: -1]
[gpu_device_id: -1]
[gpu_use_dp: 0]
[num_gpu: 1]

end of parameters

pandas_categorical:null
