tree
version=v3
num_class=1
num_tree_per_iteration=1
label_index=0
max_feature_idx=15
objective=regression
feature_names=Column_0 Column_1 Column_2 Column_3 Column_4 Column_5 Column_6 Column_7 Column_8 Column_9 Column_10 Column_11 Column_12 Column_13 Column_14 Column_15
feature_infos=[1:49] [0:52] [1:49] [0:56] [0:7] [0:7] [0:7] [0:239] [0:122] [18:131] [0:7] [0:6] [0:7] [0:168] [0:136] [0:141]
tree_sizes=2630 2733 2726 2740 2730 2741 2759 2737 2749 2741 2747 2739 2742 2758

Tree=0
num_leaves=31
num_cat=0
split_feature=2 0 0 12 1 15 1 2 7 9 0 7 0 8 8 11 4 11 0 15 2 1 0 13 15 15 13 2 13 15
split_gain=58.0388 41.3361 17.9163 11.5486 10.8656 11.0674 7.32488 7.33176 7.04024 7.90914 6.19331 5.82661 5.77618 6.12549 5.94384 4.77984 5.83474 4.374 4.31294 4.08738 4.03793 5.69653 4.8738 4.9811 3.87492 3.76116 3.68293 3.55476 5.25974 3.35614
threshold=12.500000000000002 28.500000000000004 13.500000000000002 1.5000000000000002 10.500000000000002 5.5000000000000009 11.500000000000002 38.500000000000007 8.5000000000000018 18.500000000000004 24.500000000000004 3.5000000000000004 41.500000000000007 15.500000000000002 25.500000000000004 2.5000000000000004 4.5000000000000009 3.5000000000000004 24.500000000000004 13.500000000000002 22.500000000000004 3.5000000000000004 7.5000000000000009 14.500000000000002 8.5000000000000018 34.500000000000007 4.5000000000000009 40.500000000000007 13.500000000000002 6.5000000000000009
decision_type=2 2 2 2 2 2 2 2 2 2 2 2 2 2 2 2 2 2 2 2 2 2 2 2 2 2 2 2 2 2
left_child=-1 2 20 18 5 26 7 25 9 -6 19 -7 14 -14 27 -10 -17 -9 29 -8 21 -2 -22 -24 -11 -5 -3 28 -13 -4
right_child=1 4 3 6 8 11 10 17 15 24 -12 12 13 -15 -16 16 -18 -19 -20 -21 22 -23 23 -25 -26 -27 -28 -29 -30 -31
leaf_value=0.28662136314532283 0.15804993797987399 0.27995469665526251 0.2724108372059838 0.19710523648443237 0.17412136612555509 0.17090708049641887 0.22801671353502523 0.18312136588713651 0.28051966839170833 0.2722213635267926 0.24556873265389884 0.20480318349458265 0.27210523449761087 0.20112136541029935 0.25389409128502677 0.25473160021058555 0.19662136552950865 0.12912136731764798 0.20412136533082648 0.18762136576792721 0.12404072229094878 0.23262136457583432 0.18956254218709184 0.13765584985018209 0.22431367248822071 0.24162136433741574 0.23647850733079778 0.23123674922789872 0.15804993797987399 0.22401266915171297
leaf_weight=116 21 27 38 372 24 35 43 40 59 25 57 77 31 20 22 127 20 24 24 60 31 20 51 29 52 20 70 26 35 23
leaf_count=116 21 27 38 372 24 35 43 40 59 25 57 77 31 20 22 127 20 24 24 60 31 20 51 29 52 20 70 26 35 23
internal_value=0.218468 0.213208 0.198732 0.20548 0.232206 0.219974 0.200712 0.194253 0.245872 0.224245 0.219121 0.208695 0.214963 0.244268 0.205621 0.256476 0.246825 0.162871 0.240033 0.204485 0.167608 0.194426 0.157702 0.170746 0.239868 0.199376 0.24858 0.197926 0.190193 0.254162
internal_weight=0 1503 853 701 650 343 616 456 307 101 160 246 211 51 160 206 147 64 85 103 152 41 111 80 77 392 97 138 112 61
internal_count=1619 1503 853 701 650 343 616 456 307 101 160 246 211 51 160 206 147 64 85 103 152 41 111 80 77 392 97 138 112 61
shrinkage=1


Tree=1
num_leaves=31
num_cat=0
split_feature=2 0 0 12 1 15 1 2 7 9 2 7 10 8 15 11 4 2 4 13 15 11 15 13 3 3 8 7 14 11
split_gain=47.0114 33.4822 14.5122 9.35433 8.80112 8.96458 5.93315 5.93873 5.70259 6.4064 5.12763 5.81193 5.02373 4.04717 4.36746 3.87167 4.72614 3.82932 3.72528 3.63824 3.62254 3.54294 3.45849 3.42155 8.73578 4.74875 7.07969 5.29524 4.15769 4.07429
threshold=12.500000000000002 28.500000000000004 13.500000000000002 1.5000000000000002 10.500000000000002 5.5000000000000009 11.500000000000002 38.500000000000007 8.5000000000000018 18.500000000000004 40.500000000000007 4.5000000000000009 1.5000000000000002 11.500000000000002 13.500000000000002 2.5000000000000004 4.5000000000000009 26.500000000000004 2.5000000000000004 9.5000000000000018 6.5000000000000009 3.5000000000000004 20.500000000000004 7.5000000000000009 10.500000000000002 14.500000000000002 4.5000000000000009 13.500000000000002 7.5000000000000009 3.5000000000000004
decision_type=2 2 2 2 2 2 2 2 2 2 2 2 2 2 2 2 2 2 2 2 2 2 2 2 2 2 2 2 2 2
left_child=-1 2 -2 20 5 -3 7 23 9 -6 11 19 -8 17 -15 -10 -17 -14 -16 -7 -4 -9 -11 24 29 26 -25 -28 -26 -5
right_child=1 4 3 6 8 10 12 21 15 22 -12 -13 13 14 18 16 -18 -19 -20 -21 -22 -23 -24 25 28 -27 27 -29 -30 -31
leaf_value=0.061337858438491821 -0.045773978521557235 0.027100750650327233 0.0362643345898273 -0.0165420671304067 -0.039912137389183047 -0.078218246925444837 0.037474078734715782 -0.031812134534120566 0.055846336231393338 0.032663736018267546 0.022137994793328373 -0.0069746457271694408 -0.0031956187316349578 0.043338498343592102 -0.041570406300680984 0.032637074096935004 -0.01966213881969452 -0.056491309862870431 0.012633750587701798 -0.018622821569442751 -0.0058753706076565913 -0.080412139743566521 -0.014249546961350876 -0.073710526227951045 -0.02201821819329873 0.014553782343864442 -0.023768730720748074 0.01809162497520447 -0.064098716287289637 0.035367815267472041
leaf_weight=116 152 97 51 54 24 21 30 40 59 55 44 161 28 23 21 127 20 26 32 20 34 24 22 20 39 62 92 45 59 21
leaf_count=116 152 97 51 54 24 21 30 40 59 55 44 161 28 23 21 127 20 26 32 20 34 24 22 20 39 62 92 45 59 21
internal_value=0 -0.00473399 -0.017763 -0.0116892 0.012364 0.00135536 -0.0159803 -0.0217937 0.0246636 0.00519925 -0.00879628 -0.0155344 0.000587862 -0.00792434 0.00694851 0.0342068 0.0255215 -0.0288565 -0.00884337 -0.0491473 0.0194085 -0.0500371 0.0192599 -0.0171825 -0.0276941 -0.00887889 -0.0181326 -0.010019 -0.0473524 -0.0020073
internal_weight=0 1503 853 701 650 343 616 456 307 101 246 202 160 130 76 206 147 54 53 41 85 64 77 392 173 219 157 137 98 75
internal_count=1619 1503 853 701 650 343 616 456 307 101 246 202 160 130 76 206 147 54 53 41 85 64 77 392 173 219 157 137 98 75
shrinkage=0.1


Tree=2
num_leaves=31
num_cat=0
split_feature=2 0 0 12 1 15 2 15 14 13 2 4 0 0 14 5 2 3 0 5 14 13 3 2 8 8 8 8 2 0
split_gain=38.0792 27.1206 11.7549 7.577 7.16614 7.17455 4.92429 4.94453 4.91857 5.64174 4.58494 4.29874 4.25951 3.94563 3.50067 5.70274 5.29099 4.10556 3.44055 3.43471 7.18245 4.27727 5.79398 6.02995 5.27096 3.97461 3.39597 3.3286 3.33794 3.29649
threshold=12.500000000000002 28.500000000000004 13.500000000000002 1.5000000000000002 9.5000000000000018 5.5000000000000009 38.500000000000007 35.500000000000007 19.500000000000004 6.5000000000000009 40.500000000000007 4.5000000000000009 17.500000000000004 31.500000000000004 14.500000000000002 2.5000000000000004 36.500000000000007 9.5000000000000018 24.500000000000004 2.5000000000000004 5.5000000000000009 7.5000000000000009 9.5000000000000018 24.500000000000004 28.500000000000004 18.500000000000004 15.500000000000002 10.500000000000002 25.500000000000004 34.500000000000007
decision_type=2 2 2 2 2 2 2 2 2 2 2 2 2 2 2 2 2 2 2 2 2 2 2 2 2 2 2 2 2 2
left_child=-1 2 27 18 5 13 7 11 10 -10 26 19 -8 -3 15 17 29 -6 -4 -5 -21 22 -22 -24 25 -23 -7 -2 -29 -16
right_child=1 4 3 6 14 8 12 -9 9 -11 -12 -13 -14 -15 16 -17 -18 -19 -20 20 21 24 23 -25 -26 -27 -28 28 -30 -31
leaf_value=0.055204075574874882 -0.06113198774832266 -0.014328900973002115 0.030087187935094364 -0.024946938544511799 -0.023574719062218301 -0.01822489997552287 -0.076398205459117893 0.029540229049222225 -0.032052891552448275 0.030789916694164279 0.014676941372454167 0.029262958920520284 -0.024385107771770373 0.034934400518735247 4.6877041459083561e-05 0.04369137502518021 -0.021465399861335756 0.025252231897092331 -0.014607166747252147 0.019136427934855635 -0.003284657484776265 -0.0068665138033569845 -0.019154872417449953 -0.086723585639681133 -0.04898660977681478 0.040477115154266358 -0.056443103090409313 -0.0075120797524085422 -0.045216639744023152 0.037775963002985177
leaf_weight=116 54 21 61 200 26 93 20 29 20 50 32 23 74 72 40 119 40 51 24 73 37 61 25 28 21 25 31 39 59 55
leaf_count=116 54 21 61 200 26 93 20 29 20 50 32 23 74 72 40 119 40 51 24 73 37 61 25 28 21 25 31 39 59 55
internal_value=0 -0.00426059 -0.0159867 -0.0105203 0.0111276 0.000432032 -0.0143823 -0.0105882 -0.00918828 0.0128348 -0.0190704 -0.0129487 -0.0354517 0.0238104 0.0214354 0.0299704 0.00904398 0.00876521 0.0174676 -0.0150143 -0.00765687 -0.0175853 -0.0336518 -0.0548516 -0.00407148 0.00689617 -0.0277795 -0.0411966 -0.0302118 0.02189
internal_weight=0 1503 853 701 650 319 616 522 226 70 156 493 94 93 331 196 135 77 85 470 270 197 90 53 107 86 124 152 98 95
internal_count=1619 1503 853 701 650 319 616 522 226 70 156 493 94 93 331 196 135 77 85 470 270 197 90 53 107 86 124 152 98 95
shrinkage=0.1


Tree=3
num_leaves=31
num_cat=0
split_feature=2 0 0 12 1 15 2 3 3 3 4 13 3 13 7 2 2 12 8 0 14 6 14 3 9 1 14 10 13 14
split_gain=30.8442 21.9677 9.52144 6.46205 5.89586 5.92773 4.76016 5.17251 6.21364 6.03177 5.85554 6.13047 5.83468 5.73144 4.72006 6.09149 4.70297 4.69159 4.48282 6.38985 4.00619 3.7727 5.91847 4.64497 3.76549 3.7537 4.29221 3.6117 3.25174 3.23081
threshold=12.500000000000002 28.500000000000004 13.500000000000002 1.0000000180025095e-35 10.500000000000002 5.5000000000000009 38.500000000000007 10.500000000000002 15.500000000000002 5.5000000000000009 1.5000000000000002 6.5000000000000009 4.5000000000000009 9.5000000000000018 11.500000000000002 35.500000000000007 39.500000000000007 2.5000000000000004 29.500000000000004 41.500000000000007 15.500000000000002 2.5000000000000004 11.500000000000002 7.5000000000000009 18.500000000000004 7.5000000000000009 5.5000000000000009 3.5000000000000004 13.500000000000002 8.5000000000000018
decision_type=2 2 2 2 2 2 2 2 2 2 2 2 2 2 2 2 2 2 2 2 2 2 2 2 2 2 2 2 2 2
left_child=-1 2 -2 -4 5 -3 7 9 27 12 -10 29 13 17 15 24 -8 -5 19 21 -13 -7 -23 -24 -6 26 -18 -9 -17 -12
right_child=1 4 3 6 14 18 16 8 10 -11 11 20 -14 -15 -16 28 25 -19 -20 -21 -22 22 23 -25 -26 -27 -28 -29 -30 -31
leaf_value=0.049683669209480287 -0.037076921427720476 0.021939843862327106 0.031797079410817886 -0.010839136838912964 -0.012939880381930958 -0.044762051449372224 -0.075058181583881389 -0.040091930783313252 -0.04230241179466248 0.016688688800615425 0.0034499858816464746 0.04417155276645314 -0.056701941013336178 -0.024481318990389508 0.031434721004463241 0.011631312668323518 -0.073544542562393914 0.048761241350855147 0.023849615760338616 0.019307044116740533 -0.0047597189744313564 -0.031761907537778217 -0.01712887395511974 0.04714323645052703 0.034923398403021007 0.0020480127711045115 -0.01101386547088623 -4.2556864874703549e-05 -0.039469007831631292 -0.050259008861723402
leaf_weight=116 152 97 36 25 22 52 20 115 30 136 24 44 25 60 167 20 21 28 39 47 27 63 22 23 65 38 23 28 33 21
leaf_count=116 152 97 36 25 22 52 20 115 30 136 24 44 25 60 167 20 21 28 39 47 27 63 22 23 65 38 23 28 33 21
internal_value=0 -0.00383453 -0.014388 -0.00946829 0.0100149 0.00100456 -0.0117022 -0.00810101 -0.017434 0.00174296 -0.00292244 0.00726204 -0.0129862 -0.00331454 0.0200817 0.00653923 -0.0315793 0.0206479 -0.00725041 -0.0131098 0.0255639 -0.0226323 -0.0119772 0.0157213 0.02282 -0.0209748 -0.0408581 -0.0322501 -0.0201859 -0.0216142
internal_weight=0 1503 853 701 650 343 665 563 289 274 146 116 138 113 307 140 102 53 246 207 71 160 108 45 87 82 44 143 53 45
internal_count=1619 1503 853 701 650 343 665 563 289 274 146 116 138 113 307 140 102 53 246 207 71 160 108 45 87 82 44 143 53 45
shrinkage=0.1


Tree=4
num_leaves=31
num_cat=0
split_feature=2 0 0 7 12 12 1 11 14 15 9 2 1 8 0 7 8 0 2 3 0 0 12 15 13 3 8 1 0 3
split_gain=24.9838 17.7938 7.71236 5.55919 5.3182 5.06902 4.60168 4.91458 4.77006 6.20191 6.57863 4.73873 4.53321 4.51697 4.51681 4.03425 3.99744 3.89149 3.6358 3.41933 3.22859 5.85018 3.85897 3.32496 3.15904 3.37261 3.10475 3.91697 2.94275 2.82236
threshold=12.500000000000002 28.500000000000004 13.500000000000002 5.5000000000000009 1.5000000000000002 2.5000000000000004 4.5000000000000009 2.5000000000000004 21.500000000000004 4.5000000000000009 20.500000000000004 27.500000000000004 11.500000000000002 42.500000000000007 24.500000000000004 2.5000000000000004 3.5000000000000004 34.500000000000007 30.500000000000004 9.5000000000000018 43.500000000000007 37.500000000000007 2.5000000000000004 20.500000000000004 9.5000000000000018 5.5000000000000009 11.500000000000002 19.500000000000004 10.500000000000002 11.500000000000002
decision_type=2 2 2 2 2 2 2 2 2 2 2 2 2 2 2 2 2 2 2 2 2 2 2 2 2 2 2 2 2 2
left_child=-1 2 24 5 -4 19 8 -8 9 -5 -11 17 13 15 26 -6 -17 -9 -13 -3 21 22 -20 -23 28 -26 29 -28 -2 -14
right_child=1 3 4 6 12 -7 7 11 -10 10 -12 18 14 -15 -16 16 -18 -19 20 -21 -22 23 -24 -25 25 -27 27 -29 -30 -31
leaf_value=0.04471530020236969 -0.036109845222132966 -0.0108276326337765 0.014926468204049505 0.023597670532763005 -0.048321872227119679 -0.024877497884962296 0.038011646967067901 0.0053429468985526796 0.024691485404968263 -0.0018540798089443111 -0.063031278178095826 -0.033875445373680278 -0.0040598574138823009 -0.063308105468750001 0.025311123174533514 -0.04586597066372633 -0.0090292067219304908 0.050986085293140818 0.0011042240120115736 0.03732687453428904 0.040132566293080651 0.004252204298973084 0.048532908743825459 -0.047061725812298914 -0.014986997065336807 -0.060468906483479912 0.025068876066723384 -0.027482706567515499 0.0043543851003050808 -0.055312888459725817
leaf_weight=116 41 29 85 32 33 81 107 31 50 39 32 23 21 20 57 32 371 47 42 30 27 23 29 28 23 56 37 23 32 22
leaf_count=116 41 29 85 32 33 81 107 31 50 39 32 23 21 20 57 32 371 47 42 30 27 23 29 28 23 56 37 23 32 22
internal_value=0 -0.00345108 -0.0129492 0.00901337 -0.00852146 -0.00863766 0.0138587 0.0200772 -0.000651048 -0.0129532 -0.0294269 0.0124013 -0.011757 -0.0168384 0.00272525 -0.0147068 -0.0119542 0.0328459 0.00312993 0.0136577 0.00884217 0.00191725 0.0204765 -0.0239201 -0.0333692 -0.0472273 -0.00977373 0.0049241 -0.0183721 -0.0302823
internal_weight=0 1503 853 650 701 140 510 357 153 103 71 250 616 456 160 436 403 78 172 59 149 122 71 51 152 79 103 60 73 43
internal_count=1619 1503 853 650 701 140 510 357 153 103 71 250 616 456 160 436 403 78 172 59 149 122 71 51 152 79 103 60 73 43
shrinkage=0.1


Tree=5
num_leaves=31
num_cat=0
split_feature=2 0 1 2 5 9 4 13 3 6 8 7 14 13 3 1 7 7 14 9 8 12 15 0 7 4 3 1 14 10
split_gain=20.2369 14.6797 9.05856 6.91304 5.0599 5.1458 7.18791 6.31025 7.79502 6.14805 4.75631 7.11591 4.6204 4.49318 4.36641 3.86345 5.65854 7.60141 3.76848 3.49473 3.48052 4.34027 3.37268 3.27623 3.58894 4.01681 3.26979 3.20695 3.19941 3.07609
threshold=12.500000000000002 17.500000000000004 14.500000000000002 38.500000000000007 1.5000000000000002 22.500000000000004 4.5000000000000009 4.5000000000000009 14.500000000000002 3.5000000000000004 11.500000000000002 10.500000000000002 5.5000000000000009 8.5000000000000018 10.500000000000002 15.500000000000002 9.5000000000000018 6.5000000000000009 11.500000000000002 28.500000000000004 13.500000000000002 2.5000000000000004 6.5000000000000009 25.500000000000004 8.5000000000000018 4.5000000000000009 9.5000000000000018 19.500000000000004 6.5000000000000009 1.5000000000000002
decision_type=2 2 2 2 2 2 2 2 2 2 2 2 2 2 2 2 2 2 2 2 2 2 2 2 2 2 2 2 2 2
left_child=-1 3 4 10 -3 6 14 -7 9 -9 11 -2 -11 -10 20 16 17 18 -12 -14 29 -22 -4 28 27 -26 -13 -25 -24 -6
right_child=1 2 22 -5 5 7 -8 8 13 12 15 26 19 -15 -16 -17 -18 -19 -20 -21 21 -23 23 24 25 -27 -28 -29 -30 -31
leaf_value=0.040243771672248844 -0.0060020930913029895 -0.043895122011502585 0.034988067340519693 -0.059794332299294865 -0.032683034099283671 0.038312272265039644 0.047003227601880616 -0.04006677120923996 -0.012025018674986704 -0.033749536673227949 0.020686933127316565 -0.037120120922724403 0.052848454174541294 0.035184742096397617 -0.019185707108540971 0.030245533227920535 0.0079696861260077547 -0.07961717066557511 -0.036611831436554595 -0.0030111562460660938 0.040162484615277022 -0.0047498013824224476 -0.039047584067220281 0.019995832070708278 0.03406182740415846 -0.010270648837089539 -0.087235795414966094 -0.024433625466895828 0.0077594985067844392 -0.0016396968912585339
leaf_weight=116 49 30 72 43 42 58 23 56 28 21 22 30 21 72 264 25 68 23 24 24 39 48 23 32 112 25 23 33 40 133
leaf_count=116 49 30 72 43 42 58 23 56 28 21 22 30 21 72 264 25 68 23 24 24 39 48 23 32 112 25 23 33 40 133
internal_value=0 -0.00310597 0.00190109 -0.0226123 -0.00354999 -0.00208998 -0.00771653 0.00894208 0.00126879 -0.0156961 -0.0165561 -0.0334719 0.00498196 0.021966 -0.0101092 -0.00590549 -0.0125024 -0.0326778 -0.00920807 0.0230567 -0.000963438 0.0153833 0.0157957 0.0105811 0.0167907 0.025972 -0.0588684 -0.00256066 -0.0093288 -0.0090901
internal_weight=0 1503 1196 307 859 829 549 280 222 122 264 102 66 100 526 162 137 69 46 45 262 87 337 265 202 137 53 65 63 175
internal_count=1619 1503 1196 307 859 829 549 280 222 122 264 102 66 100 526 162 137 69 46 45 262 87 337 265 202 137 53 65 63 175
shrinkage=0.1


Tree=6
num_leaves=31
num_cat=0
split_feature=2 0 0 8 9 10 1 15 13 9 10 2 7 7 9 15 4 8 1 0 14 3 6 13 8 3 0 6 13 15
split_gain=16.3919 11.9771 5.62611 4.66712 4.07619 4.01669 3.94502 4.77143 3.67726 3.60747 3.68047 3.59874 5.64139 6.0354 5.70267 6.66671 3.53698 3.30757 4.51193 4.55611 3.52236 4.11401 3.18698 5.55782 4.97244 3.03265 2.91407 3.14821 5.32971 2.82571
threshold=12.500000000000002 28.500000000000004 7.5000000000000009 23.500000000000004 60.500000000000007 1.0000000180025095e-35 11.500000000000002 5.5000000000000009 4.5000000000000009 22.500000000000004 1.5000000000000002 35.500000000000007 9.5000000000000018 7.5000000000000009 18.500000000000004 5.5000000000000009 1.0000000180025095e-35 18.500000000000004 9.5000000000000018 41.500000000000007 14.500000000000002 19.500000000000004 2.5000000000000004 6.5000000000000009 20.500000000000004 9.5000000000000018 13.500000000000002 2.5000000000000004 11.500000000000002 10.500000000000002
decision_type=2 2 2 2 2 2 2 2 2 2 2 2 2 2 2 2 2 2 2 2 2 2 2 2 2 2 2 2 2 2
left_child=-1 2 -2 4 16 -4 9 -8 -9 11 -11 12 13 14 -7 -16 -3 18 19 -18 -20 -22 -12 -24 25 -25 -14 -28 -29 -13
right_child=1 3 5 -5 -6 6 7 8 -10 10 22 29 26 -15 15 -17 17 -19 20 -21 21 -23 23 24 -26 -27 27 28 -30 -31
leaf_value=0.036219394207000731 -0.047201721817255023 -0.028325660328070323 0.026516475504444494 0.024378023961415658 -0.041074540168046958 0.018666051915197664 0.039730395163808552 0.022100998279525014 -0.01166908314685948 0.034700352471807729 0.017584790620538925 -0.012471927702426911 -0.026823492303039088 -0.062095464804233648 -0.065967876622171115 -0.010633543878793717 -0.007147919530140572 -0.021195288551481149 0.030965261497805197 0.027466473728418352 0.01788932787520545 -0.034011521935462953 -0.055201584273683171 0.037946893026431401 -0.047279774397611621 -0.0070172025263309486 -0.015505308955907821 -0.0062508022314623785 0.048247974059161022 -0.052979579743217022
leaf_weight=116 40 30 31 130 20 33 28 41 151 23 36 26 33 39 33 64 183 38 124 48 56 21 28 24 20 40 40 38 34 51
leaf_count=116 40 30 31 130 20 33 28 41 151 23 36 26 33 39 33 64 183 38 124 48 56 21 28 24 20 40 40 38 34 51
internal_value=0 -0.00279538 -0.0105879 0.00743082 0.00319402 -0.00878649 -0.010186 0.00116618 -0.00445776 -0.0146299 -0.00251487 -0.0199283 -0.0151774 -0.0275931 -0.0172424 -0.0294586 0.00496477 0.00708969 0.00957772 4.46817e-05 0.0205336 0.00373455 -0.00829831 -0.0166179 -0.00375664 0.00984433 -0.000706807 0.00698829 0.0194847 -0.0393017
internal_weight=0 1503 853 650 520 813 782 220 192 562 171 391 314 169 130 97 500 470 432 231 201 77 148 112 84 64 145 112 72 77
internal_count=1619 1503 853 650 520 813 782 220 192 562 171 391 314 169 130 97 500 470 432 231 201 77 148 112 84 64 145 112 72 77
shrinkage=0.1


Tree=7
num_leaves=31
num_cat=0
split_feature=2 0 1 2 7 9 13 10 1 15 8 7 4 14 5 4 8 2 7 1 3 13 9 0 11 1 4 1 15 7
split_gain=13.2774 10.007 6.24735 5.26309 4.29913 4.38092 5.31868 4.10698 4.50208 4.36999 3.72152 5.88583 3.65789 6.57074 3.65713 3.36478 3.35629 4.04419 3.02508 2.98099 5.69 3.69746 2.9547 5.95737 4.15843 4.27579 3.09271 3.7304 2.94577 2.67436
threshold=12.500000000000002 17.500000000000004 14.500000000000002 38.500000000000007 6.5000000000000009 22.500000000000004 7.5000000000000009 1.5000000000000002 2.5000000000000004 6.5000000000000009 11.500000000000002 10.500000000000002 1.5000000000000002 11.500000000000002 2.5000000000000004 4.5000000000000009 10.500000000000002 30.500000000000004 15.500000000000002 5.5000000000000009 12.500000000000002 7.5000000000000009 19.500000000000004 24.500000000000004 3.5000000000000004 5.5000000000000009 2.5000000000000004 1.0000000180025095e-35 9.5000000000000018 51.500000000000007
decision_type=2 2 2 2 2 2 2 2 2 2 2 2 2 2 2 2 2 2 2 2 2 2 2 2 2 2 2 2 2 2
left_child=-1 3 4 10 5 6 -3 8 -6 16 11 -2 13 -7 -8 22 17 18 -9 20 -12 -21 23 -11 25 -25 -24 -28 -13 -4
right_child=1 2 29 -5 7 12 14 9 -10 15 19 28 -14 -15 -16 -17 -18 -19 -20 21 -22 -23 26 24 -26 -27 27 -29 -30 -31
leaf_value=0.03259745538234711 -0.0033168824351563746 -0.038424459968350436 0.010746132160068318 -0.051064024120569235 -0.0082209476166301317 0.026410798941339766 -0.030371074641452118 -0.0046683777903401575 0.035860877862343425 -0.060859846882522106 0.0042503359771910165 -0.029120505068983352 0.030979801714420319 -0.052695739127340768 0.011206387196268354 0.026799670457839965 0.028014698539461411 -0.036333430434266727 0.039075606942176822 -0.013230736033861027 -0.053341595468849971 0.027144740708172323 0.008194453733982426 0.031145357092221576 -0.043039970993995674 -0.02689604312181473 -0.045429579673274878 -0.0036684711342272556 -0.076347246885299688 0.046072256953819946
leaf_weight=116 49 95 314 43 36 21 34 43 65 32 42 28 34 21 56 25 70 24 25 43 29 48 101 30 25 22 31 69 25 23
leaf_count=116 49 95 314 43 36 21 34 43 65 32 42 28 34 21 56 25 70 24 25 43 29 48 101 30 25 22 31 69 25 23
internal_value=0 -0.00251584 0.00161823 -0.0186212 -0.00290867 -0.0136171 -0.021921 0.00176506 0.0201485 -0.00197082 -0.0133369 -0.0282998 0.00659644 -0.0131425 -0.00450065 -0.00849157 0.0115134 -0.00104187 0.011414 -0.00391584 -0.0192731 0.00806622 -0.0113376 -0.0245951 -0.00952405 0.00658938 -0.00414827 -0.0166144 -0.0513973 0.0131571
internal_weight=0 1503 1196 307 859 261 185 598 101 497 264 102 76 42 90 335 162 92 68 162 71 91 310 109 77 52 201 100 53 337
internal_count=1619 1503 1196 307 859 261 185 598 101 497 264 102 76 42 90 335 162 92 68 162 71 91 310 109 77 52 201 100 53 337
shrinkage=0.1


Tree=8
num_leaves=31
num_cat=0
split_feature=2 0 0 15 14 1 14 8 4 11 11 15 8 1 0 4 15 5 3 13 4 14 9 9 10 0 2 14 14 8
split_gain=10.7547 8.13967 4.30231 3.60681 3.97161 3.97323 3.83428 4.12026 3.95645 3.5659 3.52901 3.35792 4.82315 5.03887 4.5799 6.35571 4.45468 3.97902 3.53149 3.28407 3.29059 3.15683 4.11958 3.53099 3.36348 3.14849 4.77938 3.90164 3.00847 4.51722
threshold=12.500000000000002 28.500000000000004 7.5000000000000009 5.5000000000000009 1.0000000180025095e-35 9.5000000000000018 15.500000000000002 15.500000000000002 3.5000000000000004 2.5000000000000004 1.5000000000000002 13.500000000000002 22.500000000000004 5.5000000000000009 13.500000000000002 4.5000000000000009 35.500000000000007 2.5000000000000004 11.500000000000002 4.5000000000000009 1.5000000000000002 11.500000000000002 23.500000000000004 19.500000000000004 3.5000000000000004 20.500000000000004 32.500000000000007 24.500000000000004 10.500000000000002 7.5000000000000009
decision_type=2 2 2 2 2 2 2 2 2 2 2 2 2 2 2 2 2 2 2 2 2 2 2 2 2 2 2 2 2 2
left_child=-1 2 -2 19 -5 6 7 -6 -8 -7 -4 12 14 -14 18 17 25 28 -12 -3 -21 24 23 -23 -19 27 -27 -13 29 -16
right_child=1 3 10 4 5 9 8 -9 -10 -11 11 16 13 -15 15 -17 -18 21 -20 20 -22 22 -24 -25 -26 26 -28 -29 -30 -31
leaf_value=0.029337710142135622 -0.040706052929162982 0.045078669880565844 0.019789967329605765 0.041718261223286396 -0.010693377763667007 0.026410660612118709 -0.0069427363918377798 -0.052237419039011003 0.040567319219311081 0.00071797500987079259 -0.013250183562437692 -0.04448134512691708 -0.0076472773745253284 0.043253111294130002 -0.06128847394138575 0.04973686876751128 0.010037860091851682 0.02507216040241091 -0.06217426419258118 -0.020925178408622742 0.02008529633283615 -0.0032297555477388447 0.025788047200157527 -0.053200740424486304 -0.017869801819324495 0.0068714215420186521 -0.033730871047613756 -0.00055660788829510032 -0.0030196802224963905 -0.013173267185688021
leaf_weight=116 40 38 46 24 94 77 65 32 24 181 36 91 37 41 32 21 49 76 25 25 90 31 21 26 24 64 53 26 64 50
leaf_count=116 40 38 46 24 94 77 65 32 24 181 36 91 37 41 32 21 49 76 25 25 90 31 21 26 24 64 53 26 64 50
internal_value=0 -0.00226425 -0.00868826 0.00616602 0.00203295 1.93176e-05 -0.0100206 -0.0212442 0.00586896 0.00838595 -0.00711297 -0.00872644 -0.00366694 0.0191081 -0.00804243 -0.00357642 -0.0173794 -0.00703191 -0.033301 0.0195917 0.01117 0.00300459 -0.0120743 -0.0260235 0.0147661 -0.0231207 -0.0115211 -0.0347203 -0.0192682 -0.0319499
internal_weight=0 1503 853 650 497 473 215 126 89 258 813 767 484 78 406 345 283 324 61 153 115 178 78 57 100 234 117 117 146 82
internal_count=1619 1503 853 650 497 473 215 126 89 258 813 767 484 78 406 345 283 324 61 153 115 178 78 57 100 234 117 117 146 82
shrinkage=0.1


Tree=9
num_leaves=31
num_cat=0
split_feature=2 0 15 0 11 4 13 6 15 3 0 3 14 2 15 15 4 0 8 7 13 5 13 3 3 9 9 8 8 1
split_gain=8.7113 6.77357 4.11663 3.83788 3.2782 3.64656 7.27412 6.3169 5.85839 4.59565 4.16629 3.61973 3.53069 3.4697 3.55073 4.66029 5.08287 4.30395 4.0498 4.03498 3.25287 3.00929 2.91388 2.73187 5.23308 4.88095 4.51398 3.72359 2.68338 2.56811
threshold=12.500000000000002 33.500000000000007 5.5000000000000009 7.5000000000000009 1.5000000000000002 1.5000000000000002 6.5000000000000009 2.5000000000000004 23.500000000000004 14.500000000000002 13.500000000000002 11.500000000000002 9.5000000000000018 16.500000000000004 37.500000000000007 13.500000000000002 4.5000000000000009 20.500000000000004 21.500000000000004 7.5000000000000009 3.5000000000000004 2.5000000000000004 9.5000000000000018 11.500000000000002 2.5000000000000004 21.500000000000004 19.500000000000004 13.500000000000002 10.500000000000002 8.5000000000000018
decision_type=2 2 2 2 2 2 2 2 2 2 2 2 2 2 2 2 2 2 2 2 2 2 2 2 2 2 2 2 2 2
left_child=-1 3 -3 -2 -5 6 9 -8 11 12 -7 -9 -6 -12 15 16 18 22 23 -19 29 -21 -17 24 -15 26 28 -26 -25 -4
right_child=1 2 20 4 5 10 7 8 -10 -11 13 -13 -14 14 -16 17 -18 19 -20 21 -22 -23 -24 25 27 -27 -28 -29 -30 -31
leaf_value=0.02640393674373627 -0.036635447740554813 0.027019561811497339 -0.037639520725896283 0.016854741936549546 -0.0028163603373936247 -0.02479041414778857 -0.075505500415275845 0.015771884066717964 -0.065993221175102965 -0.032063681781291965 -0.032938489588824192 -0.035992360385981477 0.055171255838303339 -0.024572076754910605 0.027094491214855861 -0.014372148062731769 0.046394752573083953 0.028914232651392618 0.024837879008717006 0.005953490032869227 0.0081398209215103462 -0.026496836267984832 -0.054925296236487002 -0.028819159730788205 0.026435333712303895 0.010285780266407998 -0.050474829687958668 -0.011774713737624032 0.01278868067649103 0.0034026417819162207
leaf_weight=116 40 95 31 64 21 84 29 35 21 20 33 22 21 42 46 37 27 30 63 51 267 65 34 31 94 62 42 35 31 30
leaf_count=116 40 95 31 64 21 84 29 35 21 20 33 22 21 42 46 37 27 30 63 51 267 65 34 31 94 62 42 35 31 30
internal_value=0 -0.00203783 0.00868899 -0.00623917 -0.00507008 -0.00650777 -0.0198648 -0.0356573 -0.020842 0.00738999 -0.00371057 -0.0042073 0.0261774 -0.00126146 0.000253525 -0.00166369 0.0044006 -0.0135966 0.00156599 -0.00377561 0.00337984 -0.0122299 -0.033792 -0.00278454 0.00608643 -0.0119227 -0.0251624 0.0160683 -0.00801524 -0.0174549
internal_weight=0 1503 423 1080 1040 976 169 107 78 62 807 57 42 723 690 644 427 217 400 146 328 116 71 337 171 166 104 129 62 61
internal_count=1619 1503 423 1080 1040 976 169 107 78 62 807 57 42 723 690 644 427 217 400 146 328 116 71 337 171 166 104 129 62 61
shrinkage=0.1


Tree=10
num_leaves=31
num_cat=0
split_feature=2 1 14 0 10 15 0 13 1 15 0 14 8 6 12 14 15 9 11 2 4 2 11 9 14 4 5 14 1 5
split_gain=7.05616 5.53746 3.98522 5.1484 3.9445 3.81162 3.81516 3.37471 3.3199 3.14097 3.22713 3.72692 3.06365 2.76826 2.69002 2.32725 4.07312 2.76346 2.37298 2.30126 3.23865 4.04969 2.49969 2.14868 2.93254 3.66853 3.48865 4.72168 2.00085 3.93663
threshold=12.500000000000002 11.500000000000002 51.500000000000007 7.5000000000000009 1.0000000180025095e-35 6.5000000000000009 23.500000000000004 9.5000000000000018 16.500000000000004 12.500000000000002 41.500000000000007 22.500000000000004 9.5000000000000018 3.5000000000000004 1.5000000000000002 15.500000000000002 25.500000000000004 33.500000000000007 3.5000000000000004 17.500000000000004 1.5000000000000002 34.500000000000007 2.5000000000000004 49.500000000000007 14.500000000000002 2.5000000000000004 2.5000000000000004 6.5000000000000009 2.5000000000000004 2.5000000000000004
decision_type=2 2 2 2 2 2 2 2 2 2 2 2 2 2 2 2 2 2 2 2 2 2 2 2 2 2 2 2 2 2
left_child=-1 2 3 -2 -5 -3 7 8 -7 10 11 14 -13 -9 -6 17 18 28 -17 22 21 -21 -16 24 26 -26 27 -8 29 -11
right_child=1 5 -4 4 9 6 23 13 -10 15 -12 12 -14 -15 19 16 -18 -19 -20 20 -22 -23 -24 -25 25 -27 -28 -29 -30 -31
leaf_value=0.023763544857501984 -0.048958692468445877 0.023488442712235002 0.025553296741686372 0.024153087560723471 0.019307654264762445 -0.01552622988820076 -0.019320429364840189 -0.0424958621236411 0.034282449535701587 -0.068524974355330837 0.026321135929652625 -0.045648588083292307 -0.0049394206040435373 0.0023737347126007082 0.037950370311737064 0.041491141267444777 -0.027636648621410131 0.011883591860532762 -0.0044474947181614962 -0.043639284113179085 -0.0026021538992653361 0.0093587707905542286 -0.0082675936547192668 -0.020896395522615185 -0.031252951006735523 0.010451165293202256 0.032058081451965419 0.030808810451451469 -0.016859674348797597 -0.020551907718181613
leaf_weight=116 29 106 38 41 54 32 42 44 23 26 35 38 36 20 25 23 32 24 22 46 286 21 22 23 31 66 92 34 142 50
leaf_count=116 29 106 38 41 54 32 42 44 23 26 35 38 36 20 25 23 32 24 22 46 286 21 22 23 31 66 92 34 142 50
internal_value=0 -0.00183405 -0.0062034 -0.007471 -0.00616748 0.00659804 0.00219906 -0.0128629 0.00530285 -0.00757694 -0.00308495 -0.00503422 -0.0258441 -0.0284741 -0.0016423 -0.0155048 -0.000362615 -0.0203228 0.0190323 -0.00447054 -0.00723821 -0.027028 0.0163164 0.00842258 0.0109672 -0.00287695 0.0189606 0.00310581 -0.0238684 -0.0369637
internal_weight=0 1503 990 952 923 513 407 119 55 882 563 528 74 64 454 319 77 242 45 400 353 67 47 288 265 97 168 76 218 76
internal_count=1619 1503 990 952 923 513 407 119 55 882 563 528 74 64 454 319 77 242 45 400 353 67 47 288 265 97 168 76 218 76
shrinkage=0.1


Tree=11
num_leaves=31
num_cat=0
split_feature=2 0 7 8 8 0 12 2 15 14 13 3 9 8 13 9 1 7 0 14 3 5 12 2 13 2 2 15 1 14
split_gain=5.71549 4.69346 3.34134 3.10226 5.15015 3.31428 2.97382 2.83276 5.15061 3.53731 4.02883 3.25064 3.22836 3.3976 3.27579 3.62952 3.1071 3.19164 4.0659 3.04398 2.97341 3.14974 3.42867 2.66519 2.90258 2.74385 5.39266 4.02065 6.13185 2.9491
threshold=12.500000000000002 28.500000000000004 6.5000000000000009 23.500000000000004 20.500000000000004 44.500000000000007 2.5000000000000004 38.500000000000007 5.5000000000000009 24.500000000000004 4.5000000000000009 10.500000000000002 35.500000000000007 5.5000000000000009 17.500000000000004 21.500000000000004 12.500000000000002 3.5000000000000004 23.500000000000004 10.500000000000002 15.500000000000002 3.5000000000000004 2.5000000000000004 23.500000000000004 13.500000000000002 29.500000000000004 33.500000000000007 16.500000000000004 4.5000000000000009 6.5000000000000009
decision_type=2 2 2 2 2 2 2 2 2 2 2 2 2 2 2 2 2 2 2 2 2 2 2 2 2 2 2 2 2 2
left_child=-1 7 6 4 5 23 -3 11 -9 10 -10 12 13 19 16 -16 17 -15 -19 -2 21 22 -13 24 -4 27 -27 28 -25 -28
right_child=1 2 3 -5 -6 -7 -8 8 9 -11 -12 20 -14 14 15 -17 -18 18 -20 -21 -22 -23 -24 25 -26 26 29 -29 -30 -31
leaf_value=0.021387189626693726 -0.042648533545434478 0.0075767617329562977 0.034274744227820751 0.02481433145626627 -0.0444537927210331 0.034082655608654026 -0.018900859262794258 0.02417303188280626 0.0022979660332202909 0.0092095482349395762 -0.048593694865703585 -0.0096704471569794889 0.03655722771699612 -0.029783089210589725 0.0017637056383219632 -0.047256110025488816 0.033303479785504547 -0.00055732721531832668 0.036764869242906575 0.0070830638706684121 -0.0019618397335643355 0.0081460933201014992 -0.040859711402422422 -0.036180960138638814 -0.0062735100587209061 0.04135404518421959 0.018552957717762438 -0.053202023695815698 0.03690899759531021 -0.013063063995635255
leaf_weight=116 32 76 51 99 20 42 96 22 20 20 70 65 26 24 44 23 46 108 40 20 184 32 77 24 27 34 43 22 22 94
leaf_count=116 32 76 51 99 20 42 96 22 20 20 70 65 26 24 44 23 46 108 40 20 184 32 77 24 27 34 43 22 22 94
internal_value=0 -0.00165064 0.00475091 0.00905175 0.00493435 0.00768578 -0.00720145 -0.00652873 -0.019997 -0.028831 -0.0372844 -0.00406297 0.00260517 -1.42728e-05 0.00427467 -0.015064 0.0102182 0.00404424 0.00952975 -0.023521 -0.0108242 -0.020196 -0.0265829 0.0041884 0.0202388 -0.0010498 0.00570694 -0.018041 -0.00122489 -0.00313979
internal_weight=0 1503 650 478 379 359 172 853 132 110 90 721 363 337 285 67 218 172 148 52 358 174 142 317 78 239 171 68 46 137
internal_count=1619 1503 650 478 379 359 172 853 132 110 90 721 363 337 285 67 218 172 148 52 358 174 142 317 78 239 171 68 46 137
shrinkage=0.1


Tree=12
num_leaves=31
num_cat=0
split_feature=2 1 15 0 14 0 10 13 9 7 10 0 14 10 1 15 11 5 7 6 9 11 15 6 13 6 0 9 12 9
split_gain=4.62955 3.92653 2.92922 2.9115 2.89615 4.05382 2.83541 2.56408 2.51144 3.57655 3.48871 2.84236 4.3293 2.55274 2.48862 2.48106 3.74567 3.2069 5.19437 3.6813 2.35537 3.39683 2.94401 2.49568 2.29071 2.17838 2.8539 4.27135 3.80267 2.29934
threshold=12.500000000000002 11.500000000000002 6.5000000000000009 23.500000000000004 51.500000000000007 7.5000000000000009 1.0000000180025095e-35 9.5000000000000018 22.500000000000004 3.5000000000000004 1.5000000000000002 13.500000000000002 17.500000000000004 2.5000000000000004 16.500000000000004 6.5000000000000009 3.5000000000000004 2.5000000000000004 13.500000000000002 2.5000000000000004 24.500000000000004 2.5000000000000004 12.500000000000002 3.5000000000000004 10.500000000000002 2.5000000000000004 23.500000000000004 20.500000000000004 3.5000000000000004 19.500000000000004
decision_type=2 2 2 2 2 2 2 2 2 2 2 2 2 2 2 2 2 2 2 2 2 2 2 2 2 2 2 2 2 2
left_child=-1 4 -3 7 5 -2 -7 14 9 13 -10 12 -11 -8 -4 17 25 18 -13 -19 21 -12 -22 -24 -18 -17 28 29 -27 -28
right_child=1 2 3 -5 -6 6 8 -9 10 11 20 15 -14 -15 -16 16 24 19 -20 -21 22 -23 23 -25 -26 26 27 -29 -30 -31
leaf_value=0.019248470664024353 -0.043059699597029849 0.020421652256880168 -0.013598732464015485 0.0071952514971296002 0.021907065651918713 0.020618068663085382 -0.017162288872835538 -0.025006951158866288 0.030171858136718341 -0.054294216831525167 -0.012390211309705463 -0.034955869576869872 0.00090131693416171596 -0.056569361329078673 0.029525568692580512 -0.01780001272016497 -0.045192528076660937 -0.0045226715859912692 0.020391641060511272 0.035282391424362479 0.0019699878417528591 0.028949410824672034 -0.044715435320840165 -0.0066749693666185647 -0.012997518625913883 -0.031099034249782567 0.01413353443145752 -0.021512242779135705 0.021450577321506681 0.052461374178528787
leaf_weight=116 29 106 32 288 38 41 48 64 37 30 35 39 27 25 23 67 39 42 30 52 91 46 34 35 51 40 45 24 21 24
leaf_count=116 29 106 32 288 38 41 48 64 37 30 35 39 27 25 23 67 39 42 30 52 91 46 34 35 51 40 45 24 21 24
internal_value=0 -0.00148558 0.00561484 0.00175852 -0.00516488 -0.00624549 -0.00508881 -0.0113993 -0.0062838 -0.00990398 0.00158163 -0.00705081 -0.028149 -0.0306579 0.00443507 -0.0045137 -0.00975143 0.00547977 -0.0108917 0.0174972 -0.00280774 0.0110866 -0.00984175 -0.0254195 -0.0269487 -0.00274802 0.00380058 0.0148257 -0.0130082 0.027465
internal_weight=0 1503 513 407 990 952 923 119 882 604 278 531 57 73 55 474 311 163 69 94 241 81 160 69 90 221 154 93 61 69
internal_count=1619 1503 513 407 990 952 923 119 882 604 278 531 57 73 55 474 311 163 69 94 241 81 160 69 90 221 154 93 61 69
shrinkage=0.1


Tree=13
num_leaves=31
num_cat=0
split_feature=2 0 15 13 8 1 2 9 2 5 5 15 15 13 9 3 0 3 15 8 13 6 13 5 2 2 13 3 11 13
split_gain=3.74993 3.3931 2.61032 2.74331 2.43973 2.56857 3.68105 5.55549 3.20136 4.28462 3.07359 2.73582 8.04983 2.99338 6.54611 4.29245 4.08926 4.22034 3.42945 2.99424 4.56734 2.78578 2.68194 3.01251 3.79157 2.72312 2.57219 2.43669 2.34797 3.90205
threshold=12.500000000000002 33.500000000000007 5.5000000000000009 3.5000000000000004 63.500000000000007 4.5000000000000009 28.500000000000004 35.500000000000007 25.500000000000004 2.5000000000000004 4.5000000000000009 36.500000000000007 23.500000000000004 13.500000000000002 21.500000000000004 19.500000000000004 25.500000000000004 10.500000000000002 9.5000000000000018 13.500000000000002 20.500000000000004 3.5000000000000004 5.5000000000000009 3.5000000000000004 36.500000000000007 37.500000000000007 11.500000000000002 18.500000000000004 3.5000000000000004 4.5000000000000009
decision_type=2 2 2 2 2 2 2 2 2 2 2 2 2 2 2 2 2 2 2 2 2 2 2 2 2 2 2 2 2 2
left_child=-1 4 27 -4 5 6 7 8 28 -10 11 12 13 14 15 16 17 21 -19 20 -15 -7 -8 25 -25 26 -24 -3 29 -2
right_child=1 2 3 -5 -6 10 22 -9 9 -11 -12 -13 -14 19 -16 -17 -18 18 -20 -21 -22 -23 23 24 -26 -27 -28 -29 -30 -31
leaf_value=0.017323623597621917 -0.036276750967783093 0.0309433979804025 -0.017105995314043079 0.0063986763079068188 -0.038912276774644851 0.021570682339370251 0.00065058445443912441 0.044532282774647075 0.051479969620704648 -0.0091214618512562348 0.033363821440272862 0.02383657432183987 -0.032318888939917093 -0.042368474354346597 0.028561325816839352 0.035789019671770249 0.013379365590310867 -0.060091048677762354 -0.014862334885095297 0.0047972401907277664 0.0027867110712187634 -0.023499269907673204 -0.064538901730587614 0.027920243740081785 -0.032918049607958112 -0.014375826120376587 -0.02536888321240743 -0.0045645825288913866 -0.039090950324617589 0.0035490479027287347
leaf_weight=116 34 68 61 267 20 32 49 24 20 28 27 41 80 48 102 26 62 30 38 86 42 24 38 20 21 40 30 27 29 89
leaf_count=116 34 68 61 267 20 32 49 24 20 28 27 41 80 48 102 26 62 30 38 86 42 24 38 20 21 40 30 27 29 89
internal_value=0 -0.00133702 0.00625505 0.00202738 -0.00431058 -0.00365772 -0.00971038 -0.000929503 -0.00638492 0.0161291 0.000345766 -0.0011133 -0.00290794 0.00189385 0.00774544 -0.00226974 -0.00758979 -0.0180744 -0.0348162 -0.00854592 -0.0212961 0.00225499 -0.0196443 -0.0263185 -0.00324083 -0.0350794 -0.047258 0.0208517 -0.0134946 -0.00745971
internal_weight=0 1503 423 328 1080 1060 422 224 200 48 638 611 570 490 314 212 186 124 68 176 90 56 198 149 41 108 68 95 152 123
internal_count=1619 1503 423 328 1080 1060 422 224 200 48 638 611 570 490 314 212 186 124 68 176 90 56 198 149 41 108 68 95 152 123
shrinkage=0.1


end of trees

feature_importances:
Column_0=52
Column_2=46
Column_15=39
Column_13=34
Column_1=32
Column_8=31
Column_14=30
Column_3=28
Column_9=25
Column_7=23
Column_4=18
Column_11=15
Column_5=13
Column_12=13
Column_10=11
Column_6=10

parameters:
[boosting: gbdt]
[objective: regression]
[metric: l2]
[tree_learner: serial]
[device_type: cpu]
[data: ]
[valid: ]
[num_iterations: 10000]
[learning_rate: 0.1]
[num_leaves: 31]
[num_threads: 0]
[deterministic: 0]
[force_col_wise: 0]
[force_row_wise: 0]
[histogram_pool_size: -1]
[max_depth: -1]
[min_data_in_leaf: 20]
[min_sum_hessian_in_leaf: 0.001]
[bagging_fraction: 1]
[pos_bagging_fraction: 1]
[neg_bagging_fraction: 1]
[bagging_freq: 0]
[bagging_seed: 3]
[feature_fraction: 1]
[feature_fraction_bynode: 1]
[feature_fraction_seed: 2]
[extra_trees: 0]
[extra_seed: 6]
[early_stopping_round: 10]
[first_metric_only: 0]
[max_delta_step: 0]
[lambda_l1: 0]
[lambda_l2: 0]
[min_gain_to_split: 0]
[drop_rate: 0.1]
[max_drop: 50]
[skip_drop: 0.5]
[xgboost_dart_mode: 0]
[uniform_drop: 0]
[drop_seed: 4]
[top_rate: 0.2]
[other_rate: 0.1]
[min_data_per_group: 100]
[max_cat_threshold: 32]
[cat_l2: 10]
[cat_smooth: 10]
[max_cat_to_onehot: 4]
[top_k: 20]
[monotone_constraints: ]
[monotone_constraints_method: basic]
[monotone_penalty: 0]
[feature_contri: ]
[forcedsplits_filename: ]
[refit_decay_rate: 0.9]
[cegb_tradeoff: 1]
[cegb_penalty_split: 0]
[cegb_penalty_feature_lazy: ]
[cegb_penalty_feature_coupled: ]
[path_smooth: 0]
[interaction_constraints: ]
[verbosity: 1]
[saved_feature_importance_type: 0]
[max_bin: 255]
[max_bin_by_feature: ]
[min_data_in_bin: 3]
[bin_construct_sample_cnt: 200000]
[data_random_seed: 1]
[is_enable_sparse: 1]
[enable_bundle: 1]
[use_missing: 1]
[zero_as_missing: 0]
[feature_pre_filter: 1]
[pre_partition: 0]
[two_round: 0]
[header: 0]
[label_column: ]
[weight_column: ]
[group_column: ]
[ignore_column: ]
[categorical_feature: ]
[forcedbins_filename: ]
[objective_seed: 5]
[num_class: 1]
[is_unbalance: 0]
[scale_pos_weight: 1]
[sigmoid: 1]
[boost_from_average: 1]
[reg_sqrt: 0]
[alpha: 0.9]
[fair_c: 1]
[poisson_max_delta_step: 0.7]
[tweedie_variance_power: 1.5]
[lambdarank_truncation_level: 30]
[lambdarank_norm: 1]
[label_gain: ]
[eval_at: ]
[multi_error_top_k: 1]
[auc_mu_weights: ]
[num_machines: 1]
[local_listen_port: 12400]
[time_out: 120]
[machine_list_filename: ]
[machines: ]
[gpu_platform_id: -1]
[gpu_device_id: -1]
[gpu_use_dp: 0]
[num_gpu: 1]

end of parameters

pandas_categorical:null
