tree
version=v3
num_class=1
num_tree_per_iteration=1
label_index=0
max_feature_idx=15
objective=regression
feature_names=Column_0 Column_1 Column_2 Column_3 Column_4 Column_5 Column_6 Column_7 Column_8 Column_9 Column_10 Column_11 Column_12 Column_13 Column_14 Column_15
feature_infos=[1:49] [0:51] [2:49] [0:44] [0:6] [0:6] [0:6] [0:94] [0:96] [0:83] [0:7] [1:7] [0:7] [0:132] [0:132] [0:120]
tree_sizes=1433 1535 1530 1617 1365 1371 1535 1629 1462 1533

Tree=0
num_leaves=16
num_cat=0
split_feature=0 2 2 14 11 6 9 0 9 2 8 3 9 14 0
split_gain=17.7414 11.8535 6.06289 5.88246 5.0567 6.3076 3.54388 3.49609 4.23376 2.65745 2.27528 2.66406 1.82971 1.38186 1.12835
threshold=25.500000000000004 33.500000000000007 40.500000000000007 3.5000000000000004 2.5000000000000004 2.5000000000000004 15.500000000000002 32.500000000000007 7.5000000000000009 20.500000000000004 31.500000000000004 10.500000000000002 7.5000000000000009 7.5000000000000009 18.500000000000004
decision_type=2 2 2 2 2 2 2 2 2 2 2 2 2 2 2
left_child=2 7 4 -3 12 14 -7 8 -2 -9 11 -5 -1 -14 -6
right_child=1 3 -4 10 5 6 -8 9 -10 -11 -12 -13 13 -15 -16
leaf_value=-0.18637781678136428 -0.11309210443705843 -0.13354664934974347 -0.23445573754050134 -0.16338622075177814 -0.23647919794261016 -0.15166353198669308 -0.20154037790466495 -0.086092105152314163 -0.16993420815520119 -0.13133534719702078 -0.22109210157603548 -0.20464382614969701 -0.17445573917511356 -0.1400921037218027 -0.20991028369043432
leaf_weight=35 20 22 33 34 31 28 29 20 38 37 20 29 22 25 33
leaf_count=35 20 22 33 34 31 28 29 20 38 37 20 29 22 25 33
internal_value=-0.175658 -0.155228 -0.194702 -0.179521 -0.18824 -0.201233 -0.177039 -0.133049 -0.150333 -0.115461 -0.191707 -0.182378 -0.169068 -0.156177 -0.22278
internal_weight=0 220 236 105 203 121 57 115 58 57 83 63 82 47 64
internal_count=456 220 236 105 203 121 57 115 58 57 83 63 82 47 64
shrinkage=1


Tree=1
num_leaves=17
num_cat=0
split_feature=0 2 0 14 11 6 9 15 3 8 9 12 11 9 1 8
split_gain=14.3705 9.60137 5.58106 4.76479 4.1608 3.72097 4.04932 3.14921 5.87724 2.30596 2.14108 2.06904 1.73017 1.29869 0.929626 0.350666
threshold=25.500000000000004 33.500000000000007 12.500000000000002 3.5000000000000004 2.5000000000000004 2.5000000000000004 15.500000000000002 9.5000000000000018 9.5000000000000018 15.500000000000002 24.500000000000004 3.5000000000000004 3.5000000000000004 7.5000000000000009 10.500000000000002 12.500000000000002
decision_type=2 2 2 2 2 2 2 2 2 2 2 2 2 2 2 2
left_child=2 7 -1 -3 9 14 -7 8 -2 13 12 15 -5 -4 -6 -9
right_child=1 3 4 10 5 6 -8 11 -10 -11 -12 -13 -14 -15 -16 -17
leaf_value=-0.053992396252495904 -0.0054741467490340727 0.037900115143169058 -0.020962218284606936 0.010406390103426847 -0.029018401938515744 0.026297522783279421 -0.026718542330405295 0.049463640153408053 0.06322518974542618 0.033020249505837755 -0.042949559688568117 0.07828082306818529 -0.022775169213612875 0.0098983027537663786 -0.053692253277851987 0.030737559199333193
leaf_weight=35 33 22 25 33 37 25 34 20 20 24 20 22 30 30 26 20
leaf_count=35 33 22 25 33 37 25 34 20 20 24 20 22 30 30 26 20
internal_value=0 0.0183865 -0.0171399 -0.0034765 -0.0107228 -0.0223006 -0.00425411 0.0383483 0.0204501 0.0071567 -0.0144438 0.0536484 -0.00539435 -0.00412921 -0.0392013 0.0401006
internal_weight=0 220 236 105 201 122 59 115 53 79 83 62 63 55 63 40
internal_count=456 220 236 105 201 122 59 115 53 79 83 62 63 55 63 40
shrinkage=0.1


Tree=2
num_leaves=17
num_cat=0
split_feature=0 2 0 10 3 6 9 3 0 9 7 11 0 2 8 9
split_gain=11.6401 7.77711 4.52066 4.08545 3.87254 3.59732 4.48297 4.1664 2.70659 3.40363 2.6168 2.76327 2.5199 2.20798 1.31997 1.28964
threshold=25.500000000000004 33.500000000000007 12.500000000000002 3.5000000000000004 4.5000000000000009 3.5000000000000004 21.500000000000004 15.500000000000002 32.500000000000007 7.5000000000000009 5.5000000000000009 2.5000000000000004 18.500000000000004 20.500000000000004 7.5000000000000009 12.500000000000002
decision_type=2 2 2 2 2 2 2 2 2 2 2 2 2 2 2 2
left_child=2 8 -1 4 -3 7 -7 10 9 -2 -4 14 -13 -10 -12 -6
right_child=1 3 5 -5 15 6 -8 -9 13 -11 11 12 -14 -15 -16 -17
leaf_value=-0.048593156337738037 0.052696363925933846 0.024320124983787536 -0.03724581948642073 0.033109000325202941 -0.041659757597693081 0.047512704404917637 -0.01498226753125588 -0.059534300863742833 0.076758647859096529 0.0017306463106682426 -0.0028568469342731295 -0.040021213999500982 0.00089877738672144286 0.035518604839170305 0.031473123282194142 -0.012544217519462109
leaf_weight=35 20 20 29 24 29 22 24 20 20 38 21 27 34 37 24 32
leaf_count=35 20 20 29 24 29 22 24 20 20 38 21 27 34 37 24 32
internal_value=0 0.0165478 -0.0154259 -0.00312885 -0.013866 -0.00965056 0.0149066 -0.0169385 0.0345135 0.019305 -0.010628 -0.00334578 -0.0172133 0.0499888 0.0154525 -0.026386
internal_weight=0 220 236 105 81 201 46 155 115 58 135 106 61 57 45 61
internal_count=456 220 236 105 81 201 46 155 115 58 135 106 61 57 45 61
shrinkage=0.1


Tree=3
num_leaves=18
num_cat=0
split_feature=0 2 2 11 3 2 6 3 9 15 3 5 0 12 2 3 8
split_gain=9.42851 6.29946 4.22877 3.83404 4.35778 4.42497 3.13219 4.00215 3.6977 2.45362 4.77658 2.31318 3.1923 1.65127 1.1548 0.79701 0.307074
threshold=25.500000000000004 33.500000000000007 40.500000000000007 2.5000000000000004 10.500000000000002 41.500000000000007 3.5000000000000004 8.5000000000000018 21.500000000000004 9.5000000000000018 9.5000000000000018 2.5000000000000004 18.500000000000004 3.5000000000000004 20.500000000000004 15.500000000000002 12.500000000000002
decision_type=2 2 2 2 2 2 2 2 2 2 2 2 2 2 2 2 2
left_child=2 9 6 -3 5 -5 7 11 -8 10 -2 14 -13 16 -1 -9 -11
right_child=1 3 -4 4 -6 -7 8 15 -10 13 -12 12 -14 -15 -16 -17 -18
leaf_value=-0.0079796249525887625 -0.0081073069211208462 0.030492956592486454 -0.047083657979965214 0.034684237957000728 -0.040798436718828546 -0.028422629833221438 0.041590193907419845 -0.028200257235559925 -0.016629716455936434 0.041225937008857731 0.053826062940061092 -0.013588167301246099 0.034603547166894982 0.066572773727503684 -0.038101692795753483 -0.054148982465267184 0.023702399134635926
leaf_weight=35 33 26 33 25 34 20 24 29 20 20 20 28 27 22 20 20 20
leaf_count=35 33 26 33 25 34 20 24 29 20 20 20 28 27 22 20 20 20
internal_value=0 0.0148931 -0.0138834 -0.00281597 -0.0137784 0.00663674 -0.00848626 -0.0150206 0.0151266 0.0310622 0.0152638 -0.00443176 0.0100696 0.0445672 -0.0189331 -0.0387916 0.0324642
internal_weight=0 220 236 105 79 45 203 159 44 115 53 110 55 62 55 49 40
internal_count=456 220 236 105 79 45 203 159 44 115 53 110 55 62 55 49 40
shrinkage=0.1


Tree=4
num_leaves=15
num_cat=0
split_feature=0 10 1 2 13 2 11 6 3 0 4 15 15 15
split_gain=7.63709 5.84916 4.7 4.2431 4.75276 3.4253 2.77941 3.45852 3.10676 2.33653 1.92452 1.55931 5.20401 0.879706
threshold=25.500000000000004 3.5000000000000004 18.500000000000004 30.500000000000004 14.500000000000002 40.500000000000007 2.5000000000000004 2.5000000000000004 4.5000000000000009 31.500000000000004 2.5000000000000004 6.5000000000000009 3.5000000000000004 9.5000000000000018
decision_type=2 2 2 2 2 2 2 2 2 2 2 2 2 2
left_child=5 3 -3 10 9 6 11 13 -9 -5 -2 12 -1 -8
right_child=1 2 -4 4 -6 -7 7 8 -10 -11 -12 -13 -14 -15
leaf_value=-0.017597309947013858 0.0080114072714096464 0.020127234550622795 0.079752160701900721 0.030272430419921878 -0.039449856110981535 -0.042375293193441452 -0.043240541541898575 0.031211678187052411 -0.017186669094694986 -0.010257224422512633 0.042027461939844593 -0.0079034615785647661 0.052149481877036719 -0.019500795117130987
leaf_weight=20 39 39 20 25 35 33 37 21 36 33 29 39 23 27
leaf_count=20 39 39 20 25 35 33 37 21 36 33 29 39 23 27
internal_value=0 0.0134037 0.0403391 0.00353304 -0.0103486 -0.012495 -0.00763763 -0.0172702 0.000644301 0.00721245 0.0225183 0.0065763 0.0197091 -0.0332253
internal_weight=0 220 59 161 93 236 203 121 57 58 68 82 43 64
internal_count=456 220 59 161 93 236 203 121 57 58 68 82 43 64
shrinkage=0.1


Tree=5
num_leaves=15
num_cat=0
split_feature=0 10 9 2 13 0 0 6 9 3 5 0 13 5
split_gain=6.18604 4.73782 4.11484 3.43691 3.84973 3.20714 3.31463 2.48928 3.96052 2.67676 3.19324 1.89259 1.75768 2.6759
threshold=25.500000000000004 3.5000000000000004 13.500000000000002 30.500000000000004 14.500000000000002 12.500000000000002 23.500000000000004 3.5000000000000004 11.500000000000002 7.5000000000000009 2.5000000000000004 31.500000000000004 12.500000000000002 2.5000000000000004
decision_type=2 2 2 2 2 2 2 2 2 2 2 2 2 2
left_child=5 3 -3 12 11 -1 7 8 9 10 -7 -5 13 -2
right_child=1 2 -4 4 -6 6 -8 -9 -10 -11 -12 -13 -14 -15
leaf_value=-0.039181684340749472 0.034339194677092809 0.06227019747098287 0.0094447900765928725 0.027245187759399415 -0.03550487075533186 -0.0053910412286457265 -0.036453067679559033 0.021655879052061785 -0.036226245846067158 -0.022422443278904622 0.038252266744772598 -0.0092315018177032467 0.043514284220608795 -0.013944139579931895
leaf_weight=35 22 30 29 25 35 38 31 38 35 29 30 33 22 24
leaf_count=35 22 30 29 25 35 38 31 38 35 29 30 33 22 24
internal_value=0 0.0120634 0.0363052 0.00317973 -0.00931377 -0.0112455 -0.00638101 -0.00089728 -0.00738986 0.00301503 0.0138634 0.00649121 0.0202664 0.00914789
internal_weight=0 220 59 161 93 236 201 170 132 97 68 58 68 46
internal_count=456 220 59 161 93 236 201 170 132 97 68 58 68 46
shrinkage=0.1


Tree=6
num_leaves=17
num_cat=0
split_feature=0 10 1 2 7 14 3 14 0 14 1 0 15 1 9 15
split_gain=5.01069 3.83763 3.76006 2.82873 2.76435 2.91418 2.68304 2.55601 1.86411 1.86325 1.80384 2.51934 1.73157 1.18571 0.994328 0.461283
threshold=25.500000000000004 3.5000000000000004 18.500000000000004 33.500000000000007 20.500000000000004 7.5000000000000009 4.5000000000000009 10.500000000000002 17.500000000000004 16.500000000000004 4.5000000000000009 20.500000000000004 9.5000000000000018 5.5000000000000009 12.500000000000002 7.5000000000000009
decision_type=2 2 2 2 2 2 2 2 2 2 2 2 2 2 2 2
left_child=4 3 -3 12 5 10 -5 -7 -9 -10 -1 15 13 -2 -8 -12
right_child=1 2 -4 6 -6 7 14 8 9 -11 11 -13 -14 -15 -16 -17
leaf_value=-0.043732100589708854 -0.014745316051301503 0.014596487314273149 0.067927069310098884 0.021473640799522402 -0.034445334627078127 0.028795897057562164 -0.034143992641876487 -0.023421608440337645 -0.014642292708158495 0.0259564886872585 0.013596764613281598 -0.038128376955335795 0.031284077045245044 0.019276389479637147 -0.0085784068331122409 -0.007123588380359468
leaf_weight=22 21 39 20 20 39 33 29 31 20 26 22 22 39 20 32 21
leaf_count=22 21 39 20 20 39 33 29 31 20 26 22 22 39 20 32 21
internal_value=0 0.010857 0.0326747 0.00286176 -0.010121 -0.00530548 -0.0103113 0.00551107 -0.00446814 0.00830484 -0.0189816 -0.0106045 0.0161994 0.00185064 -0.0207325 0.00347752
internal_weight=0 220 59 161 236 197 81 110 77 46 87 65 80 41 61 43
internal_count=456 220 59 161 236 197 81 110 77 46 87 65 80 41 61 43
shrinkage=0.1


Tree=7
num_leaves=18
num_cat=0
split_feature=7 0 2 3 7 6 15 15 9 12 11 0 8 5 3 9 8
split_gain=4.13691 4.58751 3.57307 3.01956 2.51906 2.67521 2.13356 5.2589 2.60504 2.01618 1.88004 2.39456 1.49868 1.47312 1.39157 2.32802 1.89891
threshold=1.0000000180025095e-35 25.500000000000004 33.500000000000007 4.5000000000000009 20.500000000000004 3.5000000000000004 1.5000000000000002 6.5000000000000009 11.500000000000002 2.5000000000000004 2.5000000000000004 34.500000000000007 13.500000000000002 2.5000000000000004 1.0000000180025095e-35 11.500000000000002 14.500000000000002
decision_type=2 2 2 2 2 2 2 2 2 2 2 2 2 2 2 2 2
left_child=-1 4 14 -4 5 6 -2 13 9 -9 -5 -12 -7 -8 -3 -16 -17
right_child=1 2 3 10 -6 12 7 8 -10 -11 11 -13 -14 -15 15 16 -18
leaf_value=-0.044471731185913091 -0.039667733609676362 0.0024635304104198112 0.029844670742750171 0.015475500524044037 -0.031000801309561118 0.039220452830195429 0.0032691031694412234 -0.02563508669535319 -0.04794838167726994 0.013251066952943803 -0.044119478141268098 -0.0023339023813605309 0.000507672131061554 0.038336737394332888 0.049287305693877376 -0.0023312117044742291 0.036268191754817963
leaf_weight=20 20 22 24 20 39 20 23 30 24 24 24 32 20 25 38 26 25
leaf_count=20 20 22 24 20 39 20 23 30 24 24 24 32 20 25 38 26 25
internal_value=0 0.00203999 0.0126324 -0.0010777 -0.00789335 -0.00304824 -0.00932558 -0.00450937 -0.0205357 -0.00835235 -0.0108427 -0.020242 0.0198641 0.0215335 0.0249839 0.0305507 0.0165901
internal_weight=0 436 211 100 225 186 146 126 78 54 76 56 40 48 111 89 51
internal_count=456 436 211 100 225 186 146 126 78 54 76 56 40 48 111 89 51
shrinkage=0.1


Tree=8
num_leaves=16
num_cat=0
split_feature=0 15 7 15 11 13 8 13 1 8 12 15 2 14 3
split_gain=3.68196 3.52717 6.17552 3.01932 3.68306 3.29662 3.24993 2.79554 2.53337 5.6448 2.24895 4.08339 1.50724 1.86485 1.25946
threshold=12.500000000000002 30.500000000000004 20.500000000000004 21.500000000000004 2.5000000000000004 8.5000000000000018 15.500000000000002 33.500000000000007 4.5000000000000009 17.500000000000004 2.5000000000000004 6.5000000000000009 23.500000000000004 8.5000000000000018 7.5000000000000009
decision_type=2 2 2 2 2 2 2 2 2 2 2 2 2 2 2
left_child=-1 3 -3 4 6 8 10 12 -6 -10 11 -2 -7 -14 -15
right_child=1 2 -4 -5 5 7 -8 -9 9 -11 -12 -13 13 14 -16
leaf_value=-0.031164792861257281 0.014414650457245963 0.06692672128027137 -0.0071817262017208608 -0.029465856515999995 -0.013501569163054228 -0.0012233864068984985 0.042716477675871417 0.017249250695818948 0.045692092056075738 -0.019545951911381313 0.025016676281627855 -0.041363102481478738 -0.0084365508386066972 -0.057285957659284271 -0.026317087432433817
leaf_weight=35 35 22 23 33 32 25 33 21 36 21 38 21 28 24 29
leaf_count=35 35 22 23 33 32 25 33 21 36 21 38 21 28 24 29
internal_value=0 0.0025909 0.0290491 -0.000575639 0.00220389 -0.00574182 0.0157178 -0.0160837 0.00901573 0.021657 0.00623959 -0.00650201 -0.0226874 -0.0293121 -0.0403407
internal_weight=0 421 45 376 343 216 127 127 89 57 94 56 106 81 53
internal_count=456 421 45 376 343 216 127 127 89 57 94 56 106 81 53
shrinkage=0.1


Tree=9
num_leaves=17
num_cat=0
split_feature=7 2 15 15 0 5 7 9 8 7 10 15 0 8 9 10
split_gain=3.29084 3.89171 6.4133 3.28149 3.32263 3.86172 2.89555 2.16947 1.94683 3.95298 3.4802 2.66203 2.57251 3.2222 1.26388 0.891712
threshold=1.0000000180025095e-35 40.500000000000007 30.500000000000004 21.500000000000004 19.500000000000004 3.5000000000000004 7.5000000000000009 8.5000000000000018 8.5000000000000018 13.500000000000002 3.5000000000000004 6.5000000000000009 32.500000000000007 5.5000000000000009 11.500000000000002 2.5000000000000004
decision_type=2 2 2 2 2 2 2 2 2 2 2 2 2 2 2 2
left_child=-1 2 3 4 5 6 -2 -3 12 11 -11 -10 13 -6 -13 -9
right_child=1 7 -4 -5 8 -7 -8 15 9 10 -12 14 -14 -15 -16 -17
leaf_value=-0.039664245098829272 0.0051702557504177092 0.00080160516681093165 0.05306340235250967 -0.03172343304524055 -0.013568244397640228 0.019331456082207817 -0.041629600372069919 -0.019514126103857291 0.041111080258181602 -0.034282426453298993 0.014878615240255992 0.018526421321762934 0.053500066155737096 0.034684231973463493 -0.014183700368517922 -0.048015449302537101
leaf_weight=20 20 33 27 26 25 28 39 23 33 36 24 27 22 31 21 21
leaf_count=20 20 33 27 26 25 28 39 23 33 36 24 27 22 31 21 21
internal_value=0 0.00181946 0.00619493 0.00238334 0.0052813 -0.0112514 -0.0257652 -0.0185805 0.0118491 0.00483646 -0.014618 0.0192472 0.0245257 0.0131429 0.00421574 -0.033117
internal_weight=0 436 359 332 306 87 59 77 219 141 60 81 78 56 48 44
internal_count=456 436 359 332 306 87 59 77 219 141 60 81 78 56 48 44
shrinkage=0.1


end of trees

feature_importances:
Column_0=25
Column_2=17
Column_9=17
Column_15=15
Column_3=14
Column_8=11
Column_7=8
Column_11=8
Column_6=7
Column_14=7
Column_1=6
Column_10=6
Column_5=5
Column_13=5
Column_12=4
Column_4=1

parameters:
[boosting: gbdt]
[objective: regression]
[metric: l2]
[tree_learner: serial]
[device_type: cpu]
[data: ]
[valid: ]
[num_iterations: 10000]
[learning_rate: 0.1]
[num_leaves: 31]
[num_threads: 0]
[deterministic: 0]
[force_col_wise: 0]
[force_row_wise: 0]
[histogram_pool_size: -1]
[max_depth: -1]
[min_data_in_leaf: 20]
[min_sum_hessian_in_leaf: 0.001]
[bagging_fraction: 1]
[pos_bagging_fraction: 1]
[neg_bagging_fraction: 1]
[bagging_freq: 0]
[bagging_seed: 3]
[feature_fraction: 1]
[feature_fraction_bynode: 1]
[feature_fraction_seed: 2]
[extra_trees: 0]
[extra_seed: 6]
[early_stopping_round: 10]
[first_metric_only: 0]
[max_delta_step: 0]
[lambda_l1: 0]
[lambda_l2: 0]
[min_gain_to_split: 0]
[drop_rate: 0.1]
[max_drop: 50]
[skip_drop: 0.5]
[xgboost_dart_mode: 0]
[uniform_drop: 0]
[drop_seed: 4]
[top_rate: 0.2]
[other_rate: 0.1]
[min_data_per_group: 100]
[max_cat_threshold: 32]
[cat_l2: 10]
[cat_smooth: 10]
[max_cat_to_onehot: 4]
[top_k: 20]
[monotone_constraints: ]
[monotone_constraints_method: basic]
[monotone_penalty: 0]
[feature_contri: ]
[forcedsplits_filename: ]
[refit_decay_rate: 0.9]
[cegb_tradeoff: 1]
[cegb_penalty_split: 0]
[cegb_penalty_feature_lazy: ]
[cegb_penalty_feature_coupled: ]
[path_smooth: 0]
[interaction_constraints: ]
[verbosity: 1]
[saved_feature_importance_type: 0]
[max_bin: 255]
[max_bin_by_feature: ]
[min_data_in_bin: 3]
[bin_construct_sample_cnt: 200000]
[data_random_seed: 1]
[is_enable_sparse: 1]
[enable_bundle: 1]
[use_missing: 1]
[zero_as_missing: 0]
[feature_pre_filter: 1]
[pre_partition: 0]
[two_round: 0]
[header: 0]
[label_column: ]
[weight_column: ]
[group_column: ]
[ignore_column: ]
[categorical_feature: ]
[forcedbins_filename: ]
[objective_seed: 5]
[num_class: 1]
[is_unbalance: 0]
[scale_pos_weight: 1]
[sigmoid: 1]
[boost_from_average: 1]
[reg_sqrt: 0]
[alpha: 0.9]
[fair_c: 1]
[poisson_max_delta_step: 0.7]
[tweedie_variance_power: 1.5]
[lambdarank_truncation_level: 30]
[lambdarank_norm: 1]
[label_gain: ]
[eval_at: ]
[multi_error_top_k: 1]
[auc_mu_weights: ]
[num_machines: 1]
[local_listen_port: 12400]
[time_out: 120]
[machine_list_filename: ]
[machines: ]
[gpu_platform_id: -1]
[gpu_device_id: -1]
[gpu_use_dp: 0]
[num_gpu: 1]

end of parameters

pandas_categorical:null
