tree
version=v3
num_class=1
num_tree_per_iteration=1
label_index=0
max_feature_idx=15
objective=regression
feature_names=Column_0 Column_1 Column_2 Column_3 Column_4 Column_5 Column_6 Column_7 Column_8 Column_9 Column_10 Column_11 Column_12 Column_13 Column_14 Column_15
feature_infos=[1:49] [0:52] [1:49] [0:49] [0:7] [0:6] [0:7] [0:193] [0:104] [1:135] [0:7] [0:6] [0:7] [0:172] [0:116] [0:128]
tree_sizes=2733 2755 2732 2742 2733 2742 2735 2742 2737 2741 2744 2732 2745 2749

Tree=0
num_leaves=31
num_cat=0
split_feature=2 5 9 0 0 13 3 0 1 7 15 13 11 2 7 13 15 2 13 13 1 2 7 7 15 2 8 1 15 8
split_gain=25.3989 17.1651 9.13217 8.69558 8.3408 7.71346 9.27551 10.11 6.33858 7.77607 7.20997 6.19148 7.20931 6.04828 6.21548 6.00558 4.69092 4.49426 4.36783 4.1283 5.30619 4.11587 3.99262 5.08685 3.969 3.68643 3.78657 3.66549 3.64898 5.72681
threshold=36.500000000000007 1.5000000000000002 8.5000000000000018 42.500000000000007 34.500000000000007 12.500000000000002 2.5000000000000004 18.500000000000004 14.500000000000002 10.500000000000002 9.5000000000000018 13.500000000000002 2.5000000000000004 21.500000000000004 9.5000000000000018 12.500000000000002 7.5000000000000009 22.500000000000004 8.5000000000000018 25.500000000000004 7.5000000000000009 23.500000000000004 21.500000000000004 12.500000000000002 8.5000000000000018 21.500000000000004 15.500000000000002 18.500000000000004 5.5000000000000009 9.5000000000000018
decision_type=2 2 2 2 2 2 2 2 2 2 2 2 2 2 2 2 2 2 2 2 2 2 2 2 2 2 2 2 2 2
left_child=1 17 -2 5 15 6 -3 18 9 28 21 -7 13 14 -13 22 19 24 25 20 -14 -11 23 -4 -1 -8 -27 -10 -9 -30
right_child=2 3 4 -5 -6 11 7 8 27 10 -12 12 16 -15 -16 -17 -18 -19 -20 -21 -22 -23 -24 -25 -26 26 -28 -29 29 -31
leaf_value=-0.061494877635415501 -0.13049487580753974 -0.055140547095086354 -0.095879492185565851 -0.025494878624568763 -0.053352020708270401 -0.12946039307632348 -0.092313058637194301 -0.069894877422825602 -0.014244878887113038 -0.019066307330817371 -0.082847818246226321 0.0038529467204148349 -0.083619877080347238 -0.080822745975860838 -0.070494877396996919 -0.12500191820657452 -0.11061535826187796 -0.1395646430091334 -0.064494877555942631 -0.11203333783506503 -0.023352021502999004 -0.062780591887069984 -0.12449487596648545 -0.038094878255303805 -0.12449487596648545 -0.10289487653869003 -0.16049487501281112 -0.0665818340223963 -0.075439932211052649 -0.11413123987739168
leaf_weight=20 96 381 39 42 42 29 66 150 32 56 51 23 48 61 22 71 83 43 30 26 21 35 20 25 20 25 21 23 91 66
leaf_count=20 96 381 39 42 42 29 66 150 32 56 51 23 48 61 22 71 83 43 30 26 21 35 20 25 20 25 21 23 91 66
internal_value=-0.0783276 -0.0729522 -0.105205 -0.0702995 -0.0928807 -0.0717038 -0.0675153 -0.0748138 -0.0681734 -0.0720984 -0.0527484 -0.085447 -0.0809526 -0.0603062 -0.0324949 -0.103592 -0.0932477 -0.117121 -0.0983822 -0.0780738 -0.0652775 -0.0358795 -0.0854949 -0.0733074 -0.0929949 -0.107459 -0.129191 -0.0361312 -0.0810486 -0.0917051
internal_weight=0 1465 293 1382 197 1340 1027 646 504 449 142 313 284 106 45 155 178 83 142 95 69 91 84 64 40 112 46 55 307 157
internal_count=1758 1465 293 1382 197 1340 1027 646 504 449 142 313 284 106 45 155 178 83 142 95 69 91 84 64 40 112 46 55 307 157
shrinkage=1


Tree=1
num_leaves=31
num_cat=0
split_feature=2 5 0 0 11 15 1 9 9 10 9 6 4 3 12 10 14 4 1 1 15 2 3 13 13 7 1 9 11 0
split_gain=20.5731 13.9037 7.55613 7.13142 7.15622 5.85504 7.23051 7.69159 5.74431 5.53145 8.34744 5.46674 6.59635 5.41397 6.22337 4.77403 4.14659 3.96551 4.72112 6.03191 3.94428 3.64035 3.28716 3.45584 4.33873 6.08511 5.56713 3.86275 4.90204 3.80652
threshold=36.500000000000007 1.5000000000000002 25.500000000000004 44.500000000000007 4.5000000000000009 4.5000000000000009 13.500000000000002 25.500000000000004 6.5000000000000009 3.5000000000000004 15.500000000000002 1.5000000000000002 4.5000000000000009 5.5000000000000009 1.5000000000000002 1.0000000180025095e-35 13.500000000000002 1.5000000000000002 8.5000000000000018 1.5000000000000002 2.5000000000000004 22.500000000000004 8.5000000000000018 1.5000000000000002 11.500000000000002 8.5000000000000018 11.500000000000002 6.5000000000000009 2.5000000000000004 23.500000000000004
decision_type=2 2 2 2 2 2 2 2 2 2 2 2 2 2 2 2 2 2 2 2 2 2 2 2 2 2 2 2 2 2
left_child=1 21 9 4 5 6 7 13 -4 10 -2 -7 15 17 -15 -13 20 -3 19 -19 -16 -1 23 -17 25 -25 27 -26 -29 -27
right_child=2 3 8 -5 -6 11 -8 -9 -10 -11 -12 12 -14 14 16 22 -18 18 -20 -21 -22 -23 -24 24 26 29 -28 28 -30 -31
leaf_value=-0.013200511932373047 -0.055582342440621893 -0.0081032180508901902 -0.041828559230013593 0.060149485848844053 -0.024655730644582024 -0.022963710517099459 0.062515396421605904 0.07418790325522423 0.0015738064000586503 -0.078034012578427792 0.0023970435966144911 0.041260618152040428 0.058407404889231143 0.036942497668442903 0.019000193879411029 -0.018742371657315425 -0.047581748424037812 0.014503164869723934 -0.020666097700595857 0.051659384098919958 -0.027493394911289215 -0.055113302275191914 -0.0097602360081254398 0.003319488609990766 0.0086987978219985971 0.042070062122037337 0.022163331111272177 -0.0029973606268564861 -0.059708477599280219 0.010234349682217554
leaf_weight=40 57 43 41 25 71 73 33 20 119 32 44 33 23 27 37 51 31 101 20 77 36 43 171 217 30 93 45 27 35 63
leaf_count=40 57 43 41 25 71 73 33 20 119 32 44 33 23 27 37 51 31 101 20 77 36 43 171 217 30 93 45 27 35 63
internal_value=0 0.00483788 -0.0241894 0.00722532 0.0062503 0.00795662 0.0175606 0.0137761 -0.00954805 -0.0418031 -0.030324 0.00321598 0.00564125 0.0105282 -0.00583467 0.00405482 -0.0169403 0.0194225 0.0254004 0.0305764 -0.00392815 -0.0349144 0.00237751 0.00607725 0.00855921 0.0141491 -0.00665994 -0.0207583 -0.0350117 0.0292133
internal_weight=0 1465 293 1382 1357 1286 425 392 160 133 101 861 788 372 131 765 104 241 198 178 73 83 732 561 510 373 137 92 62 156
internal_count=1758 1465 293 1382 1357 1286 425 392 160 133 101 861 788 372 131 765 104 241 198 178 73 83 732 561 510 373 137 92 62 156
shrinkage=0.1


Tree=2
num_leaves=31
num_cat=0
split_feature=2 5 0 6 2 0 9 13 0 15 9 0 4 3 11 15 2 6 15 14 9 2 2 3 13 7 2 14 0 11
split_gain=16.6642 11.262 6.41625 6.5078 6.30811 6.84451 6.27387 6.19376 8.36417 7.51526 7.58816 6.12595 6.11082 5.85062 5.91641 5.79569 5.40999 6.69851 5.21555 4.92785 4.40841 4.03207 4.00796 3.73032 6.31004 5.01452 5.72908 4.28809 3.63493 6.06805
threshold=36.500000000000007 1.5000000000000002 18.500000000000004 3.5000000000000004 24.500000000000004 22.500000000000004 8.5000000000000018 12.500000000000002 28.500000000000004 9.5000000000000018 6.5000000000000009 34.500000000000007 1.5000000000000002 2.5000000000000004 3.5000000000000004 7.5000000000000009 21.500000000000004 2.5000000000000004 2.5000000000000004 8.5000000000000018 13.500000000000002 18.500000000000004 26.500000000000004 1.5000000000000002 9.5000000000000018 10.500000000000002 23.500000000000004 13.500000000000002 22.500000000000004 2.5000000000000004
decision_type=2 2 2 2 2 2 2 2 2 2 2 2 2 2 2 2 2 2 2 2 2 2 2 2 2 2 2 2 2 2
left_child=1 -1 13 7 -5 -6 -2 8 12 -10 -11 15 -4 14 -3 -8 17 -9 -15 -17 21 -20 -12 28 25 27 -27 -25 -14 -30
right_child=6 2 3 4 5 -7 11 16 9 10 22 -13 23 18 -16 19 -18 -19 20 -21 -22 -23 -24 24 -26 26 -28 -29 29 -31
leaf_value=-0.031422929304191868 -0.042732419756551586 0.018596349079762736 -0.024436784815043213 0.045310135954304748 -0.034849367921168987 0.025236317257929061 0.009978108683770354 0.04381659365155631 0.048991311286625115 -0.031389745012406378 0.054430144640707202 0.022320676417577835 0.037818451391326058 0.015056271327508464 -0.027453358305825126 -0.013128636827913383 -0.019443334026116851 -0.02356366586685181 -0.007255539999288671 -0.05535294780364404 0.009808546992448661 -0.048602206366402764 0.0017298524026517518 -0.005941096103260283 -0.043371038745950774 0.052069557932290171 -0.0104299472136931 0.040931028398600494 0.038770270606745844 -0.033109048008918764
leaf_weight=83 96 124 64 95 26 70 44 36 95 31 31 42 72 37 36 59 141 25 34 52 26 77 27 173 27 44 22 22 23 24
leaf_count=83 96 124 64 95 26 70 44 36 95 31 31 42 72 37 36 59 141 25 34 52 26 77 27 173 27 44 22 22 23 24
internal_value=0 0.0043541 0.00650279 0.0103494 0.0270415 0.00896311 -0.0217705 0.00662924 0.0113503 0.0294301 0.00855009 -0.0115555 0.00428732 -0.00556685 0.00823516 -0.0207349 -0.00867923 0.0162017 -0.0182584 -0.0329094 -0.0272557 -0.0359375 0.0298972 0.00880414 0.0026502 0.00741101 0.0312364 -0.000652959 0.0236977 0.00206594
internal_weight=0 1465 1382 1048 191 96 293 857 655 184 89 197 471 334 160 155 202 61 174 111 137 111 58 407 288 261 66 195 119 47
internal_count=1758 1465 1382 1048 191 96 293 857 655 184 89 197 471 334 160 155 202 61 174 111 137 111 58 407 288 261 66 195 119 47
shrinkage=0.1


Tree=3
num_leaves=31
num_cat=0
split_feature=2 5 0 0 11 10 9 1 2 3 7 4 2 15 8 10 13 12 6 9 11 15 11 11 1 2 7 2 7 9
split_gain=13.498 9.12223 5.60249 5.42514 4.76799 4.57026 6.27107 4.53332 7.87658 6.19605 5.38573 6.11167 6.52258 4.96133 4.35195 7.80644 5.07217 4.08431 3.95238 3.83809 3.69991 3.4393 3.28977 3.1109 3.03917 2.98935 3.01313 2.98265 2.89143 2.8126
threshold=36.500000000000007 1.5000000000000002 25.500000000000004 42.500000000000007 4.5000000000000009 3.5000000000000004 15.500000000000002 13.500000000000002 18.500000000000004 6.5000000000000009 19.500000000000004 2.5000000000000004 31.500000000000004 7.5000000000000009 14.500000000000002 1.5000000000000002 8.5000000000000018 1.5000000000000002 2.5000000000000004 6.5000000000000009 3.5000000000000004 23.500000000000004 2.5000000000000004 2.5000000000000004 19.500000000000004 30.500000000000004 13.500000000000002 22.500000000000004 9.5000000000000018 20.500000000000004
decision_type=2 2 2 2 2 2 2 2 2 2 2 2 2 2 2 2 2 2 2 2 2 2 2 2 2 2 2 2 2 2
left_child=1 22 5 4 7 6 -2 9 -9 14 11 12 24 17 -3 -16 18 -11 -17 -4 29 25 28 -21 -10 26 -15 -18 -1 -19
right_child=2 3 19 -5 -6 -7 -8 8 10 13 -12 -13 -14 21 15 16 27 20 -20 23 -22 -23 -24 -25 -26 -27 -28 -29 -30 -31
leaf_value=0.016406652331352235 -0.046218623613056384 0.013259329158128256 -0.033372460196657877 0.04124238757150514 -0.020664585041148324 -0.067693043313920495 0.0040350410917943174 0.06437160653226516 0.0037567878141999246 0.033958107895321318 -0.029421707877406368 0.053530165472546146 0.050677200442268734 -0.0091699850412062661 0.028987853527069091 -0.07481516816399314 0.017351270791811823 -0.015342379278606839 -0.016134987274805706 0.025261971278068347 0.035761114813032603 0.016384116086092863 -0.048430693149566655 -0.0091840460151433947 -0.04593549340963364 -0.057472834348678593 -0.046269412239392599 -0.020432246790991891 -0.036129039227962498 0.024403401783534461
leaf_weight=22 57 566 41 42 70 32 44 34 32 36 27 37 21 81 50 22 39 117 24 39 21 22 41 80 20 25 30 45 20 21
leaf_count=22 57 566 41 42 70 32 44 34 32 36 27 37 21 81 50 22 39 117 24 39 21 22 41 80 20 25 30 45 20 21
internal_value=0 0.00391869 -0.0195934 0.00585251 0.00474327 -0.0347601 -0.0243259 0.00614371 0.02129 0.003787 0.0105982 0.0204213 0.00364012 -0.00712842 0.00895208 -0.00459185 -0.0175071 0.00354302 -0.0441994 -0.00698611 -0.00334342 -0.0202989 -0.0282806 0.00210498 -0.0153556 -0.0262329 -0.0191969 -0.0028899 -0.00861034 -0.00929411
internal_weight=0 1465 293 1382 1340 133 101 1270 171 1099 137 110 73 353 746 180 130 195 46 160 159 158 83 119 52 136 111 84 42 138
internal_count=1758 1465 293 1382 1340 133 101 1270 171 1099 137 110 73 353 746 180 130 195 46 160 159 158 83 119 52 136 111 84 42 138
shrinkage=0.1


Tree=4
num_leaves=31
num_cat=0
split_feature=2 0 2 1 15 8 3 11 13 9 7 7 0 9 10 3 3 5 15 14 3 12 8 1 7 14 8 9 15 10
split_gain=10.9334 7.85859 6.01287 5.82566 6.84635 6.96285 5.37331 5.64792 5.07788 5.98155 6.0355 5.47305 4.78551 5.26116 5.4158 4.77841 4.14873 4.56113 4.05376 5.56096 4.03315 7.03134 4.004 3.86549 4.27105 4.06829 3.40249 5.39041 3.26373 3.20135
threshold=36.500000000000007 18.500000000000004 19.500000000000004 13.500000000000002 7.5000000000000009 9.5000000000000018 2.5000000000000004 3.5000000000000004 9.5000000000000018 13.500000000000002 4.5000000000000009 3.5000000000000004 30.500000000000004 15.500000000000002 3.5000000000000004 3.5000000000000004 4.5000000000000009 2.5000000000000004 2.5000000000000004 11.500000000000002 6.5000000000000009 1.5000000000000002 8.5000000000000018 4.5000000000000009 4.5000000000000009 12.500000000000002 13.500000000000002 9.5000000000000018 9.5000000000000018 3.5000000000000004
decision_type=2 2 2 2 2 2 2 2 2 2 2 2 2 2 2 2 2 2 2 2 2 2 2 2 2 2 2 2 2 2
left_child=1 6 3 4 23 -6 7 -1 9 11 -11 -4 13 -2 -15 -7 26 28 19 -8 -13 -22 -19 24 -3 -26 27 -10 -18 -14
right_child=12 2 8 -5 5 15 18 -9 16 10 -12 20 29 14 -16 -17 17 22 -20 -21 21 -23 -24 -25 25 -27 -28 -29 -30 -31
leaf_value=0.014221398830413817 -0.041388462169454736 -0.020489071445031603 0.031879801948865256 0.06169698719055422 -0.028898468782316968 0.048470457196235661 0.044071311326253984 -0.02874878227710724 0.039745642214405297 -0.014737152758364878 0.041702231897248164 0.0059155523307680147 -0.0089306705687419493 0.0070657695048168059 -0.05289869457483292 -0.013724689256577266 -0.020711491753657663 0.033539800281110019 -0.027529969207848178 -0.026392439504464467 0.03072462885276131 -0.03228542046113448 -0.01628340041195905 0.052034637016745711 0.058232016222817568 0.0032985244805996232 -0.013150752714422884 -0.0097284585237503059 -0.064702656406622677 0.035638137161731719
leaf_weight=130 109 22 60 31 53 30 21 40 49 24 90 254 83 61 20 21 48 23 158 24 23 77 54 52 28 26 61 40 26 20
leaf_count=130 109 22 60 31 53 30 21 40 49 24 90 254 83 61 20 21 48 23 158 24 23 77 54 52 28 26 61 40 26 20
internal_value=0 0.00352682 0.00780734 0.0209817 0.0155413 -0.00351657 -0.00900489 0.00411077 0.00362778 0.009537 0.0298203 0.00395176 -0.0176341 -0.0270437 -0.00774027 0.0228607 -0.0067379 -0.0184391 -0.0199885 0.00649064 -0.00078181 -0.0177931 -0.00140115 0.0310258 0.0166513 0.0317826 0.00504135 0.0175101 -0.0361678 -0.000276533
internal_weight=0 1465 1092 263 232 104 373 170 829 528 114 414 293 190 81 51 301 151 203 45 354 100 77 128 76 54 150 89 74 103
internal_count=1758 1465 1092 263 232 104 373 170 829 528 114 414 293 190 81 51 301 151 203 45 354 100 77 128 76 54 150 89 74 103
shrinkage=0.1


Tree=5
num_leaves=31
num_cat=0
split_feature=2 5 0 6 11 14 15 12 1 1 4 10 1 14 0 6 3 11 8 9 8 4 11 15 14 9 10 9 9 14
split_gain=8.85604 6.65053 4.35181 4.39919 5.35176 4.60331 5.4314 4.42353 4.57818 4.77446 4.54161 6.24588 8.6004 5.7316 3.94182 3.46727 3.60164 3.3671 3.21525 5.24963 4.28535 3.57463 3.53982 3.19952 3.69091 4.83705 3.19716 4.04949 3.04809 3.66241
threshold=36.500000000000007 1.5000000000000002 44.500000000000007 3.5000000000000004 4.5000000000000009 4.5000000000000009 9.5000000000000018 2.5000000000000004 13.500000000000002 21.500000000000004 1.5000000000000002 1.5000000000000002 9.5000000000000018 8.5000000000000018 25.500000000000004 4.5000000000000009 5.5000000000000009 3.5000000000000004 5.5000000000000009 18.500000000000004 9.5000000000000018 2.5000000000000004 2.5000000000000004 6.5000000000000009 8.5000000000000018 9.5000000000000018 3.5000000000000004 15.500000000000002 9.5000000000000018 15.500000000000002
decision_type=2 2 2 2 2 2 2 2 2 2 2 2 2 2 2 2 2 2 2 2 2 2 2 2 2 2 2 2 2 2
left_child=1 -1 3 4 7 6 -5 8 10 -10 13 -12 28 -3 26 16 17 -7 -9 20 -20 -22 -23 -16 25 -25 27 -2 29 -13
right_child=14 2 -4 5 -6 15 -8 18 9 -11 11 12 -14 -15 23 -17 -18 -19 19 -21 21 22 -24 24 -26 -27 -28 -29 -30 -31
leaf_value=-0.02431900659239436 -0.037457914938006487 0.012125822274308456 0.046168214797973638 -0.043496723033487797 -0.029274406532446548 0.065332793496375871 0.025488366683324177 -0.02477652430534363 0.046890791257222494 -0.0093027032556987944 0.037700113467872144 0.011909835360266947 -0.029960585208166215 -0.040355774371520332 0.016630997556321164 0.0032847062746683762 0.016251914290820853 0.01648173417363848 0.010524004292719574 0.035893013547448553 -0.027196711070329241 0.029649793037346436 -0.015265399978515951 -0.030642738013431942 -0.036632123125924003 0.023285143191997822 -0.05613744277507067 0.0029249595139514317 -0.0054410186957339858 0.056231217384338388
leaf_weight=83 57 38 25 25 54 43 21 71 54 21 64 275 63 46 47 60 68 21 103 34 103 28 47 29 45 39 32 44 98 20
leaf_count=83 57 38 25 25 54 43 21 71 54 21 64 275 63 46 47 60 68 21 103 34 103 28 47 29 45 39 32 44 98 20
internal_value=0 0.00317414 0.00482532 0.00406366 0.00143781 0.0164096 -0.0120035 0.00299504 0.00785429 0.0311566 0.00496079 0.00844596 0.00434011 -0.0166141 -0.0158707 0.0232169 0.0322769 0.0493035 -0.00555269 -0.0012197 -0.00571021 -0.0151042 0.00150294 -0.00529567 -0.0144156 0.000286488 -0.0285925 -0.0198654 0.0098387 0.0149147
internal_weight=0 1465 1382 1357 1119 238 46 1065 679 75 604 520 456 84 293 192 132 64 386 315 281 178 75 160 113 68 133 101 393 295
internal_count=1758 1465 1382 1357 1119 238 46 1065 679 75 604 520 456 84 293 192 132 64 386 315 281 178 75 160 113 68 133 101 393 295
shrinkage=0.1


Tree=6
num_leaves=31
num_cat=0
split_feature=15 0 2 0 9 4 9 10 11 8 0 3 11 2 2 9 2 12 0 5 1 15 8 13 1 7 14 7 14 6
split_gain=7.89576 7.7138 7.47373 5.79728 5.77975 6.38549 4.6665 4.76958 5.94809 4.97225 4.07801 4.28838 3.91134 4.56287 3.8381 3.80958 4.39282 3.66808 3.88592 6.53442 3.09232 3.30123 4.66965 3.06769 3.16989 2.8132 2.74603 2.7135 2.8147 2.9955
threshold=4.5000000000000009 45.500000000000007 36.500000000000007 25.500000000000004 4.5000000000000009 2.5000000000000004 14.500000000000002 3.5000000000000004 3.5000000000000004 19.500000000000004 18.500000000000004 2.5000000000000004 3.5000000000000004 21.500000000000004 17.500000000000004 13.500000000000002 23.500000000000004 1.5000000000000002 30.500000000000004 2.5000000000000004 13.500000000000002 7.5000000000000009 9.5000000000000018 5.5000000000000009 3.5000000000000004 18.500000000000004 14.500000000000002 2.5000000000000004 1.0000000180025095e-35 3.5000000000000004
decision_type=2 2 2 2 2 2 2 2 2 2 2 2 2 2 2 2 2 2 2 2 2 2 2 2 2 2 2 2 2 2
left_child=3 2 10 4 23 26 -4 8 9 -8 11 12 13 -2 20 16 -13 -5 -19 -20 21 -12 -23 24 -1 -7 -6 -16 -29 -30
right_child=1 -3 6 17 5 25 7 -9 -10 -11 14 15 -14 -15 27 -17 -18 18 19 -21 -22 22 -24 -25 -26 -27 -28 28 29 -31
leaf_value=-0.014093034608023509 -0.011281273010614757 0.055709467047736765 -0.033543869720564952 0.046478516982668749 -0.011135456743447679 0.032043898701667788 0.047882078303133742 -0.047672729123206366 -0.034750574111938479 -0.013130570541728627 0.040704350339041823 -0.018418619036674501 -0.03129448409263904 0.038053929335192638 0.021686278159419696 0.0070863278848784308 -0.061959053535719177 0.037861730986171301 -0.038143456865240032 0.025525690726935862 0.052147635275667362 -0.025955185790856677 0.024303931782120154 0.037584952444865788 0.032529235363006594 -0.0090404016971588133 -0.046007174694979634 0.029754060506820681 -0.0081811758250199922 0.010462095024429749
leaf_weight=35 37 21 135 56 138 50 34 21 25 22 27 62 26 38 48 28 37 45 27 40 22 36 38 58 25 25 27 25 443 107
leaf_count=35 37 21 135 56 138 50 34 21 25 22 27 62 26 38 48 28 37 45 27 40 22 36 38 58 25 25 27 25 443 107
internal_value=0 -0.004379 -0.005421 0.0102565 0.0030648 -0.00584459 -0.0213468 -0.00520366 0.00580684 0.0239128 -0.00154582 -0.0132502 0.00212857 0.0137152 0.00203137 -0.0254805 -0.0346913 0.0255817 0.0151333 -0.000132025 0.0181742 0.0107741 -0.00014645 0.0211856 0.00533291 0.0183491 -0.0168417 -0.00115574 -0.00306255 -0.00455421
internal_weight=0 1232 1211 526 358 240 237 102 81 56 974 228 101 75 746 127 99 168 112 67 123 101 74 118 60 75 165 623 575 550
internal_count=1758 1232 1211 526 358 240 237 102 81 56 974 228 101 75 746 127 99 168 112 67 123 101 74 118 60 75 165 623 575 550
shrinkage=0.1


Tree=7
num_leaves=31
num_cat=0
split_feature=15 0 2 0 9 4 9 8 6 5 14 11 15 15 7 7 3 0 4 7 13 7 12 13 8 8 6 11 3 14
split_gain=6.39557 6.24817 6.05372 4.6958 4.68159 5.17224 3.77987 3.88769 3.60613 3.0793 3.06582 6.80961 6.59432 4.36016 4.12278 4.05395 3.14765 4.78371 4.29904 3.89356 5.27041 3.50993 2.97114 3.16946 3.60167 3.50206 2.90753 3.30275 4.44457 2.78798
threshold=4.5000000000000009 45.500000000000007 36.500000000000007 25.500000000000004 4.5000000000000009 2.5000000000000004 14.500000000000002 16.500000000000004 1.5000000000000002 2.5000000000000004 17.500000000000004 3.5000000000000004 29.500000000000004 13.500000000000002 21.500000000000004 5.5000000000000009 2.5000000000000004 19.500000000000004 3.5000000000000004 4.5000000000000009 14.500000000000002 10.500000000000002 1.5000000000000002 10.500000000000002 5.5000000000000009 8.5000000000000018 2.5000000000000004 3.5000000000000004 1.5000000000000002 7.5000000000000009
decision_type=2 2 2 2 2 2 2 2 2 2 2 2 2 2 2 2 2 2 2 2 2 2 2 2 2 2 2 2 2 2
left_child=3 2 8 4 -1 -6 -4 -8 9 -2 12 15 13 16 26 -12 19 -18 21 -10 -21 -19 -5 24 -24 -25 27 28 -15 -14
right_child=1 -3 6 22 5 -7 7 -9 10 -11 11 -13 29 14 -16 -17 17 18 -20 20 -22 -23 23 25 -26 -27 -28 -29 -30 -31
leaf_value=0.019067048369827918 -0.036636345643623204 0.050138520626794726 -0.030189483187816765 0.041830665874294938 -0.015157564088250653 0.016514219204584759 0.015226286932826042 -0.023827125533269003 0.039718333128336315 0.00042589217424392705 -0.0014793517589569093 -0.0097648230620792937 0.061711701892671139 0.023961390483947027 -0.05332269349268505 0.046450145840644837 -0.027852978150049848 -0.0024108583615584812 -0.043630409538745883 0.011806017918101812 -0.040521082152491034 0.025773040520942821 -0.0022519209384918213 0.023575240657443094 0.04590539612421176 -0.031818571388721469 0.0027290613683935718 -0.057877169414000076 -0.035244971513748169 0.011315519654232524
leaf_weight=118 51 21 135 56 165 75 50 52 37 40 25 70 21 21 28 60 75 176 20 118 23 59 25 21 41 25 73 22 32 23
leaf_count=118 51 21 135 56 165 75 50 52 37 40 25 70 21 21 28 60 75 176 20 118 23 59 25 21 41 25 73 22 32 23
internal_value=0 -0.0039411 -0.0048789 0.00923087 0.00275832 -0.00526013 -0.0192121 -0.0046833 -0.00139124 -0.0203453 0.000562116 0.0133322 -0.00215678 -0.00457067 -0.018135 0.0323532 0.00012878 -0.00565237 0.000877216 0.0108466 0.00327039 0.0046651 0.0230235 0.01362 0.027664 -0.00653009 -0.0114779 -0.025306 -0.0117858 0.0353682
internal_weight=0 1232 1211 526 358 240 237 102 974 91 883 155 728 684 176 85 508 330 255 178 141 235 168 112 66 46 148 75 53 44
internal_count=1758 1232 1211 526 358 240 237 102 974 91 883 155 728 684 176 85 508 330 255 178 141 235 168 112 66 46 148 75 53 44
shrinkage=0.1


Tree=8
num_leaves=31
num_cat=0
split_feature=11 3 13 14 5 3 8 15 15 12 9 14 13 1 14 8 0 9 7 2 9 9 13 3 2 15 2 1 0 1
split_gain=6.09199 6.85617 6.63171 4.77986 7.74636 5.10643 4.56862 4.42567 4.37257 4.36435 4.2186 4.21482 4.16247 4.14063 4.99307 4.0154 3.84166 3.81305 6.27602 3.72833 3.72403 3.23086 3.84475 3.14996 2.99136 2.91766 2.78929 2.54081 5.66877 2.50373
threshold=1.5000000000000002 6.5000000000000009 12.500000000000002 18.500000000000004 2.5000000000000004 1.0000000180025095e-35 11.500000000000002 1.5000000000000002 9.5000000000000018 1.0000000180025095e-35 4.5000000000000009 23.500000000000004 2.5000000000000004 9.5000000000000018 14.500000000000002 8.5000000000000018 38.500000000000007 2.5000000000000004 6.5000000000000009 23.500000000000004 8.5000000000000018 14.500000000000002 5.5000000000000009 8.5000000000000018 36.500000000000007 3.5000000000000004 20.500000000000004 2.5000000000000004 19.500000000000004 4.5000000000000009
decision_type=2 2 2 2 2 2 2 2 2 2 2 2 2 2 2 2 2 2 2 2 2 2 2 2 2 2 2 2 2 2
left_child=1 -1 3 5 12 6 7 -2 13 -4 19 -6 -5 14 21 -3 24 -9 -19 -10 -20 22 -7 -23 -11 27 -13 28 -24 -28
right_child=2 15 9 4 11 8 -8 17 10 16 -12 26 -14 -15 -16 -17 -18 18 20 -21 -22 23 25 -25 -26 -27 29 -29 -30 -31
leaf_value=0.059349430766370559 -0.011103797568516299 -0.030996959550040112 0.025437981088956198 0.027369325186895291 0.064060802983515186 -0.0064463192891133468 -0.003713112498323123 7.3620586684255894e-05 -0.0083092033863067637 -0.011637187406682133 -0.00857705750295195 0.053630914986133572 -0.024033620417118075 -0.019699119069153753 -0.031933018836108128 0.031611310839653017 0.015521627627313137 0.070801769005946633 0.036016756163703076 -0.063247118393580118 -0.015844359397888183 0.062014368602207728 0.057404634058475491 0.0094790198802948006 -0.031180407520797516 0.0037935902054111164 -0.018315714895725251 0.054651790636557118 -0.011798910642492361 0.025396308930296648
leaf_weight=36 33 21 30 23 33 152 120 33 21 285 211 20 50 79 33 20 40 39 45 30 20 21 20 25 108 96 20 27 29 38
leaf_count=36 33 21 30 23 33 152 120 33 21 285 211 20 50 79 33 20 40 39 45 30 20 21 20 25 108 96 20 27 29 38
internal_value=0 0.0275048 -0.00125989 0.00261265 0.017463 -2.9957e-05 0.0112261 0.0217714 -0.0044174 -0.0114473 -0.0148155 0.0341024 -0.00783817 0.0012347 0.00533835 -0.00045634 -0.0140028 0.0296903 0.0390878 -0.0406256 0.0200595 0.00866255 0.00514156 0.0334625 -0.0170078 0.015382 0.0214277 0.03002 0.0164474 0.0103232
internal_weight=0 77 1681 1218 184 1034 290 170 744 463 262 111 73 482 403 41 433 137 104 51 65 370 324 46 393 172 78 76 49 58
internal_count=1758 77 1681 1218 184 1034 290 170 744 463 262 111 73 482 403 41 433 137 104 51 65 370 324 46 393 172 78 76 49 58
shrinkage=0.1


Tree=9
num_leaves=31
num_cat=0
split_feature=2 0 4 8 15 0 7 1 9 3 1 14 12 13 11 14 13 1 9 3 1 5 0 12 14 2 3 0 3 15
split_gain=5.22401 9.18073 6.09252 4.77939 5.08644 5.49956 3.76919 4.18849 4.13246 3.90152 3.63577 3.2855 4.87498 3.0496 2.93569 7.34847 4.81981 3.52968 4.11783 5.00085 3.00286 2.87976 2.79802 2.72251 3.58165 2.70981 2.5955 2.41187 3.63038 3.53395
threshold=23.500000000000004 33.500000000000007 4.5000000000000009 4.5000000000000009 20.500000000000004 10.500000000000002 21.500000000000004 12.500000000000002 14.500000000000002 11.500000000000002 11.500000000000002 6.5000000000000009 2.5000000000000004 11.500000000000002 2.5000000000000004 3.5000000000000004 12.500000000000002 5.5000000000000009 4.5000000000000009 1.5000000000000002 8.5000000000000018 2.5000000000000004 18.500000000000004 2.5000000000000004 13.500000000000002 19.500000000000004 2.5000000000000004 19.500000000000004 2.5000000000000004 5.5000000000000009
decision_type=2 2 2 2 2 2 2 2 2 2 2 2 2 2 2 2 2 2 2 2 2 2 2 2 2 2 2 2 2 2
left_child=1 2 3 -1 5 -5 9 8 21 27 14 -11 -13 -3 15 -7 23 18 19 -17 -19 -8 -12 24 25 26 -16 28 -2 -30
right_child=6 13 -4 4 -6 10 7 -9 -10 11 22 12 -14 -15 16 17 -18 20 -20 -21 -22 -23 -24 -25 -26 -27 -28 -29 29 -31
leaf_value=-0.018561746290436498 0.0073544986107770133 0.057011007015095205 0.049240539029792502 -0.038436882541729861 -0.030311354994773866 0.055535088391865009 -0.042982967495918276 -0.03583882067884718 0.021156528199973861 0.002829925498028971 0.00023633042971293132 -0.049370769500732423 -0.0025333818793296815 0.013627425122719545 0.048460365235805519 0.056626362562179566 -0.034940253347158438 0.057466540011492644 -0.0083082420031229658 -0.0049070102827889588 0.0080966217177254815 0.00014296779409050941 0.041272816061973576 -0.019154250163298386 0.047727646069093188 -0.011136704369595178 -0.00079637066177699878 0.0050667202731980105 0.00037410548504661118 -0.042142318837020715
leaf_weight=108 68 43 27 26 40 34 30 77 38 53 24 50 40 26 20 25 40 22 150 28 28 32 54 39 22 57 23 454 34 46
leaf_count=108 68 43 27 26 40 34 30 77 38 53 24 50 40 26 20 25 40 22 150 28 28 32 54 39 22 57 23 454 34 46
internal_value=0 0.00572473 0.0025816 0.000879178 0.00420136 0.0065333 -0.00519075 -0.0183082 -0.00480966 -0.00207425 0.00859907 -0.0169223 -0.0285542 0.0406636 0.00539482 0.0118857 -0.00387323 0.00601975 0.000157766 0.0241182 0.0298194 -0.0207244 0.0286462 0.00384529 0.0111976 0.00316099 0.0221137 0.00145277 -0.00963325 -0.0240728
internal_weight=0 836 767 740 632 592 922 177 100 745 566 143 90 69 488 287 201 253 203 53 50 62 78 161 122 100 43 602 148 80
internal_count=1758 836 767 740 632 592 922 177 100 745 566 143 90 69 488 287 201 253 203 53 50 62 78 161 122 100 43 602 148 80
shrinkage=0.1


Tree=10
num_leaves=31
num_cat=0
split_feature=11 3 13 0 9 12 1 10 9 7 15 12 15 8 1 8 2 14 8 4 6 0 13 5 1 15 0 1 8 8
split_gain=4.61232 5.40407 4.66836 4.05339 5.36611 6.18965 3.89228 3.86644 4.47417 5.15234 4.73343 3.52621 3.25167 3.24932 3.24696 5.56855 4.21452 5.39181 4.16014 6.27738 5.52533 4.83356 4.42611 5.71058 4.22636 5.49525 4.14482 3.24109 3.08098 3.01878
threshold=1.5000000000000002 6.5000000000000009 12.500000000000002 28.500000000000004 6.5000000000000009 2.5000000000000004 5.5000000000000009 1.0000000180025095e-35 19.500000000000004 7.5000000000000009 8.5000000000000018 1.0000000180025095e-35 20.500000000000004 8.5000000000000018 8.5000000000000018 14.500000000000002 22.500000000000004 13.500000000000002 9.5000000000000018 2.5000000000000004 2.5000000000000004 21.500000000000004 6.5000000000000009 2.5000000000000004 1.5000000000000002 4.5000000000000009 16.500000000000004 17.500000000000004 8.5000000000000018 20.500000000000004
decision_type=2 2 2 2 2 2 2 2 2 2 2 2 2 2 2 2 2 2 2 2 2 2 2 2 2 2 2 2 2 2
left_child=1 -1 3 14 5 -5 -7 -6 9 -9 -10 -4 13 -11 15 18 17 -16 20 22 24 26 23 -20 -2 -26 -22 29 -3 -18
right_child=2 28 11 4 7 6 -8 8 10 12 -12 -13 -14 -15 16 -17 27 -19 19 -21 21 -23 -24 -25 25 -27 -28 -29 -30 -31
leaf_value=0.052204477952586287 -0.019871215669958444 -0.027643708388010665 0.023511245449384054 0.017977748696620648 0.057838853696982065 -0.0068148159980773925 -0.069202965348958964 0.049568825960159303 0.023896452185830901 0.01777545213699341 -0.031266223362513952 -0.011940710769652219 0.045629792809486397 -0.027122009793917341 -0.0087722420692443858 -0.01528203688285969 -0.020136814214745349 0.041294900476932531 -0.039030194667077835 0.054992341122976164 0.039047583341598517 0.056936157159507277 0.03080104546887534 0.025206498742103581 0.033871049185593922 -0.0061637148757775623 -0.022028938770294191 0.0030036405722300213 0.027198104858398436 -0.057900634628755082
leaf_weight=36 111 21 30 39 24 20 20 54 28 40 35 433 20 27 76 135 98 30 31 41 20 30 49 25 48 120 25 45 20 27
leaf_count=36 111 21 30 39 24 20 20 54 28 40 35 433 20 27 76 135 98 30 31 41 20 30 49 25 48 120 25 45 20 27
internal_value=0 0.0239325 -0.00109626 0.00215286 0.0120903 -0.0103699 -0.0380089 0.0198726 0.015406 0.0253052 -0.00674948 -0.00964361 0.0102451 -0.000317555 -0.00119599 0.00273994 -0.0102515 0.0053977 0.00760587 0.0218093 0.00174795 0.0258442 0.00885217 -0.0103531 -0.00472954 0.00527479 0.00511618 -0.0200092 -0.000891604 -0.0282938
internal_weight=0 77 1681 1218 307 79 40 228 204 141 63 463 87 67 911 635 276 106 500 146 354 75 105 56 279 168 45 170 41 125
internal_count=1758 77 1681 1218 307 79 40 228 204 141 63 463 87 67 911 635 276 106 500 146 354 75 105 56 279 168 45 170 41 125
shrinkage=0.1


Tree=11
num_leaves=31
num_cat=0
split_feature=2 0 4 8 15 0 7 1 13 7 3 9 14 12 1 14 15 4 11 0 3 15 8 8 13 3 5 13 0 7
split_gain=3.8675 6.6632 4.60587 3.81837 3.97209 4.51286 2.99177 3.20985 3.79678 3.23045 3.01856 2.97615 3.56178 4.28042 2.84225 2.72748 6.25086 3.90361 3.06849 4.67049 4.25652 3.07316 2.99128 2.44785 2.35564 4.27427 2.21266 2.19166 2.18292 2.11718
threshold=23.500000000000004 33.500000000000007 4.5000000000000009 4.5000000000000009 20.500000000000004 10.500000000000002 21.500000000000004 12.500000000000002 10.500000000000002 29.500000000000004 11.500000000000002 6.5000000000000009 8.5000000000000018 2.5000000000000004 11.500000000000002 12.500000000000002 2.5000000000000004 2.5000000000000004 2.5000000000000004 19.500000000000004 4.5000000000000009 8.5000000000000018 8.5000000000000018 15.500000000000002 5.5000000000000009 5.5000000000000009 2.5000000000000004 11.500000000000002 18.500000000000004 9.5000000000000018
decision_type=2 2 2 2 2 2 2 2 2 2 2 2 2 2 2 2 2 2 2 2 2 2 2 2 2 2 2 2 2 2
left_child=1 2 3 -1 5 -5 10 8 9 -8 -2 -12 29 -14 15 16 -7 23 20 -20 21 -18 -21 -17 -22 -26 -10 -3 -16 -13
right_child=6 27 -4 4 -6 14 7 -9 26 -11 11 12 13 -15 28 17 18 -19 19 22 24 -23 -24 -25 25 -27 -28 -29 -30 -31
leaf_value=-0.016609021496993524 0.0014126624955340874 0.048549510018770087 0.042816781776922719 -0.034938832888236418 -0.026761521846055986 0.03689429243998741 -0.012390760494315107 -0.031499446444697196 -0.048542157099360515 0.038609289681469955 -0.042171243602229708 -0.0078691137063762427 -0.043955240124150328 0.0081193808052274913 0.00030063092708587646 -0.02804898196372433 0.017134606567296116 0.020009047759545817 -0.037252134531736376 0.027013402651338017 -0.013885568181673686 0.064410650730133065 -0.012886444443748112 0.0084736120700836179 -0.0093765597918937949 0.049862394162586761 -0.0059201478958129886 0.011771339693894753 0.036546919853598987 0.034588736295700077
leaf_weight=108 602 43 27 26 40 67 23 77 21 27 31 23 38 27 24 69 44 37 40 34 60 20 42 25 29 21 29 26 54 24
leaf_count=108 602 43 27 26 40 67 23 77 21 27 31 23 38 27 24 69 44 37 40 34 60 20 42 25 29 21 29 26 54 24
internal_value=0 0.0049257 0.00224798 0.000767768 0.00373722 0.00579794 -0.00446625 -0.0161529 -0.00433606 0.0151493 -0.00168969 -0.01475 -0.00716014 -0.0223242 0.00766925 0.00483616 0.00936484 -0.00750538 0.00300459 -0.00959362 0.0114034 0.0319084 0.00496349 -0.0183355 -0.000526764 0.0155038 -0.0238214 0.0346911 0.0253942 0.0138115
internal_weight=0 836 767 740 632 592 922 177 100 50 745 143 112 65 566 488 357 131 290 116 174 64 76 94 110 50 50 69 78 47
internal_count=1758 836 767 740 632 592 922 177 100 50 745 143 112 65 566 488 357 131 290 116 174 64 76 94 110 50 50 69 78 47
shrinkage=0.1


Tree=12
num_leaves=31
num_cat=0
split_feature=15 0 6 4 7 6 2 10 0 13 3 0 7 7 9 10 10 15 1 14 3 1 12 11 9 4 8 9 2 7
split_gain=3.59379 3.73668 3.56979 3.5471 3.46106 6.10772 3.25984 3.26823 3.07484 3.36334 5.18172 2.87821 2.4687 3.88862 2.40585 6.4526 5.50192 3.48101 3.57394 5.45555 3.27882 3.53948 3.1365 3.10615 2.39602 2.35093 4.17438 3.07094 2.97616 2.27197
threshold=4.5000000000000009 44.500000000000007 1.5000000000000002 2.5000000000000004 18.500000000000004 3.5000000000000004 23.500000000000004 4.5000000000000009 28.500000000000004 11.500000000000002 6.5000000000000009 25.500000000000004 20.500000000000004 10.500000000000002 12.500000000000002 3.5000000000000004 3.5000000000000004 9.5000000000000018 3.5000000000000004 8.5000000000000018 2.5000000000000004 17.500000000000004 2.5000000000000004 2.5000000000000004 19.500000000000004 2.5000000000000004 13.500000000000002 6.5000000000000009 29.500000000000004 6.5000000000000009
decision_type=2 2 2 2 2 2 2 2 2 2 2 2 2 2 2 2 2 2 2 2 2 2 2 2 2 2 2 2 2 2
left_child=3 2 12 24 -5 -6 8 14 11 10 -10 -4 13 -2 15 20 17 22 -19 23 21 25 -16 -20 -1 26 28 -27 -8 -22
right_child=1 -3 6 4 5 -7 7 -9 9 -11 -12 -13 -14 -15 16 -17 -18 18 19 -21 29 -23 -24 -25 -26 27 -28 -29 -30 -31
leaf_value=0.0039677370878661179 -0.026082177646458149 0.031905830502510071 0.0033534945820418885 0.029103481583297255 -0.021082095259969888 0.044466011297135129 0.04004676163196564 -0.038597941879303231 0.054959734454751025 -0.010778857519229253 -0.0046082948860914812 -0.023491966459486219 -0.047595234903005455 0.019170744772310611 0.0087612117330233257 0.026267729154447229 -0.038489986185369821 -0.028272559898240224 0.05370953636510032 -0.014003128185868264 -0.0063197222195173573 -0.043749107207570762 0.054341898285425627 0.0073983694395671293 -0.022632528802281934 0.045660592073743997 -0.033689706105934948 -0.0071765254844318744 -0.012184899051984152 -0.035004820918092636
leaf_weight=311 64 30 355 112 44 21 20 31 40 24 23 45 26 27 36 41 29 35 28 56 38 21 26 30 38 22 38 22 24 101
leaf_count=311 64 30 355 112 44 21 20 31 40 24 23 45 26 27 36 41 29 35 28 56 38 21 26 30 38 22 38 22 24 101
internal_value=0 -0.0029543 -0.00382435 0.00691957 0.0184506 9.49853e-05 -0.00203479 -0.00698127 0.00403913 0.0210771 0.0332127 0.00033338 -0.0204199 -0.0126555 -0.00525267 -0.0108332 0.00235078 0.00796396 -0.000321454 0.00826003 -0.0161519 -0.00574009 0.0278757 0.0297555 0.00107143 0.000594748 -0.00941111 0.019242 0.0115568 -0.0271629
internal_weight=0 1232 1202 526 177 65 1085 598 487 87 63 400 117 91 567 327 240 211 149 114 286 147 62 58 349 126 82 44 44 139
internal_count=1758 1232 1202 526 177 65 1085 598 487 87 63 400 117 91 567 327 240 211 149 114 286 147 62 58 349 126 82 44 44 139
shrinkage=0.1


Tree=13
num_leaves=31
num_cat=0
split_feature=11 3 5 2 0 6 14 8 12 0 11 7 10 8 1 4 7 0 1 8 14 15 6 2 8 12 3 1 14 15
split_gain=3.16826 3.93875 3.34164 3.45591 2.53336 2.42694 4.91629 3.33988 2.36227 4.66307 4.40171 3.53199 3.51913 3.55687 6.57297 3.18559 6.41228 3.21818 3.67378 2.94166 2.4646 2.43881 2.3387 3.15501 2.26206 2.23689 2.61172 2.63985 2.45633 2.17855
threshold=1.5000000000000002 6.5000000000000009 1.5000000000000002 36.500000000000007 25.500000000000004 3.5000000000000004 6.5000000000000009 7.5000000000000009 2.5000000000000004 39.500000000000007 4.5000000000000009 4.5000000000000009 1.5000000000000002 14.500000000000002 13.500000000000002 2.5000000000000004 13.500000000000002 28.500000000000004 8.5000000000000018 15.500000000000002 10.500000000000002 1.0000000180025095e-35 4.5000000000000009 25.500000000000004 8.5000000000000018 4.5000000000000009 7.5000000000000009 11.500000000000002 2.5000000000000004 6.5000000000000009
decision_type=2 2 2 2 2 2 2 2 2 2 2 2 2 2 2 2 2 2 2 2 2 2 2 2 2 2 2 2 2 2
left_child=1 -1 -2 5 -5 8 7 -7 9 10 12 -10 19 15 29 17 -17 18 21 -4 -19 -14 23 -8 -3 26 28 -28 -13 -15
right_child=2 24 3 4 -6 6 22 -9 11 -11 -12 25 13 14 -16 16 -18 20 -20 -21 -22 -23 -24 -25 -26 -27 27 -29 -30 -31
leaf_value=0.04397183954715729 -0.02085415840148926 -0.02428040916011447 0.010930020001626784 -0.021275090867191808 -0.0018357777481625794 0.019340990305594778 0.018612260942335253 -0.027869549878807954 -0.024549966057141624 0.044483122615902509 -0.034096368681639434 0.030636729796727498 -0.03229203224182129 -0.012891527197577739 0.033155597204511819 0.035227375543570215 -0.015217922023824743 0.047729899313138882 -0.028872091307932019 0.05156405639648437 0.00034649116652352472 0.0041670260128674206 0.0039690945987348207 0.05639434860598657 0.022711146175861358 0.024369318831351499 -0.028080471682904375 0.01057111844420433 -0.0018859111760036057 -0.045136847347021107
leaf_weight=36 80 21 62 117 157 23 77 43 81 27 32 27 20 44 22 79 37 23 49 25 21 222 54 31 20 31 67 24 166 40
leaf_count=36 80 21 62 117 157 23 77 43 81 27 32 27 20 44 22 79 37 23 49 25 21 222 54 31 20 31 67 24 166 40
internal_value=0 0.0198353 -0.000908579 8.80775e-05 -0.0101365 0.00219926 0.0115884 -0.0114174 0.000251376 0.00373103 0.00210336 -0.00592589 0.0039021 0.000980597 -0.0155026 0.0048547 0.0191371 -9.08339e-05 -0.00390204 0.0226065 0.0251151 0.00115388 0.0209611 0.0294571 -0.0013577 -0.00113684 -0.00392097 -0.0178866 0.00266389 -0.0282464
internal_weight=0 77 1681 1601 274 1327 228 66 1099 703 676 396 644 557 106 451 116 335 291 87 44 242 162 108 41 315 284 91 193 84
internal_count=1758 77 1681 1601 274 1327 228 66 1099 703 676 396 644 557 106 451 116 335 291 87 44 242 162 108 41 315 284 91 193 84
shrinkage=0.1


end of trees

feature_importances:
Column_0=43
Column_2=37
Column_15=36
Column_9=35
Column_1=34
Column_7=30
Column_3=29
Column_8=29
Column_14=26
Column_13=25
Column_11=24
Column_4=16
Column_12=15
Column_6=14
Column_10=14
Column_5=13

parameters:
[boosting: gbdt]
[objective: regression]
[metric: l2]
[tree_learner: serial]
[device_type: cpu]
[data: ]
[valid: ]
[num_iterations: 10000]
[learning_rate: 0.1]
[num_leaves: 31]
[num_threads: 0]
[deterministic: 0]
[force_col_wise: 0]
[force_row_wise: 0]
[histogram_pool_size: -1]
[max_depth: -1]
[min_data_in_leaf: 20]
[min_sum_hessian_in_leaf: 0.001]
[bagging_fraction: 1]
[pos_bagging_fraction: 1]
[neg_bagging_fraction: 1]
[bagging_freq: 0]
[bagging_seed: 3]
[feature_fraction: 1]
[feature_fraction_bynode: 1]
[feature_fraction_seed: 2]
[extra_trees: 0]
[extra_seed: 6]
[early_stopping_round: 10]
[first_metric_only: 0]
[max_delta_step: 0]
[lambda_l1: 0]
[lambda_l2: 0]
[min_gain_to_split: 0]
[drop_rate: 0.1]
[max_drop: 50]
[skip_drop: 0.5]
[xgboost_dart_mode: 0]
[uniform_drop: 0]
[drop_seed: 4]
[top_rate: 0.2]
[other_rate: 0.1]
[min_data_per_group: 100]
[max_cat_threshold: 32]
[cat_l2: 10]
[cat_smooth: 10]
[max_cat_to_onehot: 4]
[top_k: 20]
[monotone_constraints: ]
[monotone_constraints_method: basic]
[monotone_penalty: 0]
[feature_contri: ]
[forcedsplits_filename: ]
[refit_decay_rate: 0.9]
[cegb_tradeoff: 1]
[cegb_penalty_split: 0]
[cegb_penalty_feature_lazy: ]
[cegb_penalty_feature_coupled: ]
[path_smooth: 0]
[interaction_constraints: ]
[verbosity: 1]
[saved_feature_importance_type: 0]
[max_bin: 255]
[max_bin_by_feature: ]
[min_data_in_bin: 3]
[bin_construct_sample_cnt: 200000]
[data_random_seed: 1]
[is_enable_sparse: 1]
[enable_bundle: 1]
[use_missing: 1]
[zero_as_missing: 0]
[feature_pre_filter: 1]
[pre_partition: 0]
[two_round: 0]
[header: 0]
[label_column: ]
[weight_column: ]
[group_column: ]
[ignore_column: ]
[categorical_feature: ]
[forcedbins_filename: ]
[objective_seed: 5]
[num_class: 1]
[is_unbalance: 0]
[scale_pos_weight: 1]
[sigmoid: 1]
[boost_from_average: 1]
[reg_sqrt: 0]
[alpha: 0.9]
[fair_c: 1]
[poisson_max_delta_step: 0.7]
[tweedie_variance_power: 1.5]
[lambdarank_truncation_level: 30]
[lambdarank_norm: 1]
[label_gain: ]
[eval_at: ]
[multi_error_top_k: 1]
[auc_mu_weights: ]
[num_machines: 1]
[local_listen_port: 12400]
[time_out: 120]
[machine_list_filename: ]
[machines: ]
[gpu_platform_id: -1]
[gpu_device_id: -1]
[gpu_use_dp: 0]
[num_gpu: 1]

end of parameters

pandas_categorical:null
