tree
version=v3
num_class=1
num_tree_per_iteration=1
label_index=0
max_feature_idx=15
objective=regression
feature_names=Column_0 Column_1 Column_2 Column_3 Column_4 Column_5 Column_6 Column_7 Column_8 Column_9 Column_10 Column_11 Column_12 Column_13 Column_14 Column_15
feature_infos=[3:49] [0:48] [1:48] [0:45] [0:8] [0:5] [0:7] [0:111] [1:49] [0:149] [0:6] [1:6] [0:7] [0:141] [0:110] [0:132]
tree_sizes=1188 1363 1201 1129 1124

Tree=0
num_leaves=13
num_cat=0
split_feature=0 2 0 2 15 13 15 13 14 3 2 14
split_gain=26.6163 5.91258 4.914 4.78239 4.56151 4.38888 3.97425 3.70292 2.63457 1.84943 1.40504 1.01904
threshold=32.500000000000007 24.500000000000004 19.500000000000004 16.500000000000004 3.5000000000000004 17.500000000000004 11.500000000000002 5.5000000000000009 19.500000000000004 6.5000000000000009 30.500000000000004 8.5000000000000018
decision_type=2 2 2 2 2 2 2 2 2 2 2 2
left_child=1 2 3 -1 -4 8 11 -3 10 -9 -2 -6
right_child=5 7 4 -5 6 -7 -8 9 -10 -11 -12 -13
leaf_value=-0.17413377113767547 -0.085269821315165362 -0.18361764154013466 -0.12689037219407087 -0.22844116828020883 -0.17918285919577265 -0.16779946066478996 -0.14161764404352972 -0.24381118633941634 -0.14611764377530884 -0.21069872100705753 -0.12104621669825386 -0.20807917854365182
leaf_weight=31 23 30 22 34 23 22 20 31 20 37 21 26
leaf_count=31 23 30 22 34 23 22 20 31 20 37 21 26
internal_value=-0.177353 -0.193633 -0.181541 -0.202541 -0.166541 -0.129269 -0.179183 -0.212883 -0.116024 -0.225794 -0.102345 -0.194516
internal_weight=0 254 156 65 91 86 69 98 64 68 44 49
internal_count=340 254 156 65 91 86 69 98 64 68 44 49
shrinkage=1


Tree=1
num_leaves=15
num_cat=0
split_feature=0 2 0 13 12 9 14 3 15 15 0 11 7 0
split_gain=21.5592 4.78919 3.99159 3.55499 3.26757 5.6844 3.08198 2.52206 2.49615 2.41421 2.23303 2.00446 1.25776 1.10383
threshold=32.500000000000007 24.500000000000004 26.500000000000004 17.500000000000004 2.5000000000000004 9.5000000000000018 11.500000000000002 6.5000000000000009 5.5000000000000009 14.500000000000002 19.500000000000004 2.5000000000000004 7.5000000000000009 38.500000000000007
decision_type=2 2 2 2 2 2 2 2 2 2 2 2 2 2
left_child=1 2 6 7 5 -3 8 -2 10 -6 -1 -8 -10 -9
right_child=3 4 -4 -5 9 -7 11 13 12 -11 -12 -13 -14 -15
leaf_value=-0.0060566410422325141 0.081700406709442966 -0.047088870286941531 0.032847461938858034 0.0085981293158097702 -0.068670358945583473 0.021045241008202237 -0.049621961208490224 0.024315180381139122 -0.034510644078254701 -0.023508531451225282 0.040111812136389993 -0.0090947545093038804 0.00095425516366958634 0.057141234576702116
leaf_weight=20 23 25 25 22 29 24 26 21 20 20 22 23 20 20
leaf_count=20 23 25 25 22 29 24 26 21 20 20 22 23 20 20
internal_value=0 -0.0146524 -0.003769 0.0432757 -0.031977 -0.0137171 -0.0107569 0.0551961 0.00109999 -0.050237 0.0181268 -0.030599 -0.0167782 0.0403279
internal_weight=0 254 156 86 98 49 131 64 82 49 42 49 40 41
internal_count=340 254 156 86 98 49 131 64 82 49 42 49 40 41
shrinkage=0.1


Tree=2
num_leaves=13
num_cat=0
split_feature=0 2 0 8 13 13 2 0 15 14 5 3
split_gain=17.4629 3.87924 3.43207 3.44665 2.88832 2.87955 2.41193 2.72268 3.02204 2.16438 1.65719 1.19396
threshold=32.500000000000007 24.500000000000004 22.500000000000004 8.5000000000000018 5.5000000000000009 17.500000000000004 16.500000000000004 19.500000000000004 6.5000000000000009 19.500000000000004 2.5000000000000004 11.500000000000002
decision_type=2 2 2 2 2 2 2 2 2 2 2 2
left_child=1 2 6 -4 -3 9 -1 -8 -9 11 -6 -2
right_child=5 4 3 -5 10 -7 7 8 -10 -11 -12 -13
leaf_value=0.0087663781993529387 0.077815275347751123 -0.0029327217737833661 -0.0079397713144620258 0.045653226971626285 -0.054471556399319623 0.0077383171428333638 -0.044215374659089479 0.021760896444320679 -0.033212166428565983 0.022400054298341274 -0.023127197642480175 0.044835482041041062
leaf_weight=34 23 30 24 24 37 22 34 20 20 20 31 21
leaf_count=34 23 30 24 24 37 22 34 20 20 20 31 21
internal_value=0 -0.0131872 -0.0033921 0.0188567 -0.0287793 0.0389481 -0.0132805 -0.0234101 -0.00572563 0.0496765 -0.0401822 0.0620749
internal_weight=0 254 156 48 98 86 108 74 40 64 68 44
internal_count=340 254 156 48 98 86 108 74 40 64 68 44
shrinkage=0.1


Tree=3
num_leaves=12
num_cat=0
split_feature=0 12 10 7 15 9 14 14 15 11 7
split_gain=14.791 6.16628 3.71532 5.27895 3.39757 2.80882 2.30304 2.59174 2.04417 1.35646 1.04538
threshold=36.500000000000007 1.5000000000000002 2.5000000000000004 4.5000000000000009 12.500000000000002 8.5000000000000018 11.500000000000002 7.5000000000000009 11.500000000000002 2.5000000000000004 7.5000000000000009
decision_type=2 2 2 2 2 2 2 2 2 2 2
left_child=1 -1 3 -3 6 -4 7 10 -2 -7 -5
right_child=8 2 5 4 -6 9 -8 -9 -10 -11 -12
leaf_value=0.028918921625291978 0.068597553104162212 -0.04608101403271711 -0.052323318655426443 0.0064282428650628961 0.032032528718312581 -0.032762553930282594 -0.027510454724816714 0.030826207747062045 0.029879863262176516 -0.00013890816615178036 -0.024122988432645799
leaf_weight=37 25 27 37 21 30 25 34 24 30 26 24
leaf_count=37 25 27 37 21 30 25 34 24 30 26 24
internal_value=0 -0.00916258 -0.0148441 -0.00576685 0.00241722 -0.0313482 -0.00620859 0.00428798 0.0474788 -0.0161309 -0.00986575
internal_weight=0 285 248 160 133 88 103 69 55 51 45
internal_count=340 285 248 160 133 88 103 69 55 51 45
shrinkage=0.1


Tree=4
num_leaves=12
num_cat=0
split_feature=0 12 2 13 0 10 15 2 14 15 15
split_gain=11.9807 4.99468 3.57479 3.74632 3.54547 2.86371 3.28619 2.40462 1.8215 1.65578 1.54069
threshold=36.500000000000007 1.5000000000000002 24.500000000000004 5.5000000000000009 19.500000000000004 2.5000000000000004 9.5000000000000018 16.500000000000004 8.5000000000000018 11.500000000000002 4.5000000000000009
decision_type=2 2 2 2 2 2 2 2 2 2 2
left_child=1 -1 4 -4 7 6 10 -3 -5 -2 -6
right_child=9 2 3 8 5 -7 -8 -9 -10 -11 -12
leaf_value=0.026027028625075884 0.061737797826528551 -0.00098726864044482903 -0.00097093166727008247 -0.057807580998965671 0.023286677300930023 -0.016099984571337701 0.051778142831542279 -0.04222484038722131 -0.023917593832673698 0.026891875863075256 -0.015964958965778351
leaf_weight=37 25 26 33 35 20 32 22 31 29 30 20
leaf_count=37 25 26 33 35 20 32 22 31 29 30 20
internal_value=0 -0.00824632 -0.0133597 -0.0283393 -0.00373699 0.00819526 0.0207347 -0.0234147 -0.0424512 0.0427309 0.00366086
internal_weight=0 285 248 97 151 94 62 57 64 55 40
internal_count=340 285 248 97 151 94 62 57 64 55 40
shrinkage=0.1


end of trees

feature_importances:
Column_0=12
Column_15=10
Column_2=8
Column_14=7
Column_13=6
Column_3=3
Column_7=3
Column_12=3
Column_9=2
Column_10=2
Column_11=2
Column_5=1
Column_8=1

parameters:
[boosting: gbdt]
[objective: regression]
[metric: l2]
[tree_learner: serial]
[device_type: cpu]
[data: ]
[valid: ]
[num_iterations: 10000]
[learning_rate: 0.1]
[num_leaves: 31]
[num_threads: 0]
[deterministic: 0]
[force_col_wise: 0]
[force_row_wise: 0]
[histogram_pool_size: -1]
[max_depth: -1]
[min_data_in_leaf: 20]
[min_sum_hessian_in_leaf: 0.001]
[bagging_fraction: 1]
[pos_bagging_fraction: 1]
[neg_bagging_fraction: 1]
[bagging_freq: 0]
[bagging_seed: 3]
[feature_fraction: 1]
[feature_fraction_bynode: 1]
[feature_fraction_seed: 2]
[extra_trees: 0]
[extra_seed: 6]
[early_stopping_round: 10]
[first_metric_only: 0]
[max_delta_step: 0]
[lambda_l1: 0]
[lambda_l2: 0]
[min_gain_to_split: 0]
[drop_rate: 0.1]
[max_drop: 50]
[skip_drop: 0.5]
[xgboost_dart_mode: 0]
[uniform_drop: 0]
[drop_seed: 4]
[top_rate: 0.2]
[other_rate: 0.1]
[min_data_per_group: 100]
[max_cat_threshold: 32]
[cat_l2: 10]
[cat_smooth: 10]
[max_cat_to_onehot: 4]
[top_k: 20]
[monotone_constraints: ]
[monotone_constraints_method: basic]
[monotone_penalty: 0]
[feature_contri: ]
[forcedsplits_filename: ]
[refit_decay_rate: 0.9]
[cegb_tradeoff: 1]
[cegb_penalty_split: 0]
[cegb_penalty_feature_lazy: ]
[cegb_penalty_feature_coupled: ]
[path_smooth: 0]
[interaction_constraints: ]
[verbosity: 1]
[saved_feature_importance_type: 0]
[max_bin: 255]
[max_bin_by_feature: ]
[min_data_in_bin: 3]
[bin_construct_sample_cnt: 200000]
[data_random_seed: 1]
[is_enable_sparse: 1]
[enable_bundle: 1]
[use_missing: 1]
[zero_as_missing: 0]
[feature_pre_filter: 1]
[pre_partition: 0]
[two_round: 0]
[header: 0]
[label_column: ]
[weight_column: ]
[group_column: ]
[ignore_column: ]
[categorical_feature: ]
[forcedbins_filename: ]
[objective_seed: 5]
[num_class: 1]
[is_unbalance: 0]
[scale_pos_weight: 1]
[sigmoid: 1]
[boost_from_average: 1]
[reg_sqrt: 0]
[alpha: 0.9]
[fair_c: 1]
[poisson_max_delta_step: 0.7]
[tweedie_variance_power: 1.5]
[lambdarank_truncation_level: 30]
[lambdarank_norm: 1]
[label_gain: ]
[eval_at: ]
[multi_error_top_k: 1]
[auc_mu_weights: ]
[num_machines: 1]
[local_listen_port: 12400]
[time_out: 120]
[machine_list_filename: ]
[machines: ]
[gpu_platform_id: -1]
[gpu_device_id: -1]
[gpu_use_dp: 0]
[num_gpu: 1]

end of parameters

pandas_categorical:null
