tree
version=v3
num_class=1
num_tree_per_iteration=1
label_index=0
max_feature_idx=15
objective=regression
feature_names=Column_0 Column_1 Column_2 Column_3 Column_4 Column_5 Column_6 Column_7 Column_8 Column_9 Column_10 Column_11 Column_12 Column_13 Column_14 Column_15
feature_infos=[1:49] [0:56] [2:49] [0:55] [0:7] [0:8] [0:7] [0:100] [1:118] [0:116] [0:9] [0:7] [0:8] [0:173] [0:122] [0:134]
tree_sizes=2095 1955 2047 1972 2045 1973 1869 1961 1951 1951 1886 1957 2118 2130 1969

Tree=0
num_leaves=24
num_cat=0
split_feature=0 2 5 9 2 0 15 3 8 5 14 14 7 14 12 7 3 15 15 9 2 3 15
split_gain=16.7598 12.1637 6.32743 5.79854 5.73158 5.03508 4.1087 3.88816 4.99462 3.57771 3.80359 5.75897 4.84738 3.56648 3.25271 2.81868 3.10365 2.54604 2.19153 2.21908 1.98053 1.67007 0.294545
threshold=40.500000000000007 32.500000000000007 1.5000000000000002 3.5000000000000004 13.500000000000002 16.500000000000004 14.500000000000002 9.5000000000000018 12.500000000000002 4.5000000000000009 12.500000000000002 1.5000000000000002 10.500000000000002 20.500000000000004 2.5000000000000004 16.500000000000004 7.5000000000000009 14.500000000000002 8.5000000000000018 6.5000000000000009 27.500000000000004 8.5000000000000018 4.5000000000000009
decision_type=2 2 2 2 2 2 2 2 2 2 2 2 2 2 2 2 2 2 2 2 2 2 2
left_child=2 6 17 15 -5 7 -2 8 -6 10 11 -7 18 21 -14 16 -4 -1 19 -13 -15 -12 -21
right_child=1 -3 3 4 5 9 -8 -9 -10 -11 13 12 14 20 -16 -17 -18 -19 -20 22 -22 -23 -24
leaf_value=-0.15421153309349067 -0.090461534720200742 -0.13546153352810786 -0.17108653258436765 -0.079961535072861578 -0.17617581816383335 -0.084461534879146483 -0.030461536309657949 -0.18969230132225232 -0.10872240380167031 -0.16996153268867578 -0.11227971596039814 -0.12406153383010472 -0.099285063898221754 -0.10760439140892727 -0.14446153328968928 -0.19331867485255985 -0.12406153383010472 -0.2018901031969231 -0.1847472465081966 -0.16955244171591627 -0.14926153322213734 -0.075461535117565051 -0.15318880578576824
leaf_weight=24 21 36 32 20 21 20 25 26 23 20 22 25 34 21 30 21 25 21 21 22 25 28 22
leaf_count=24 21 36 32 20 21 20 25 26 23 20 22 25 34 21 30 21 25 21 21 22 25 28 22
internal_value=-0.133846 -0.0919249 -0.14068 -0.137165 -0.132067 -0.134962 -0.0578528 -0.159033 -0.140916 -0.129151 -0.126128 -0.134944 -0.1415 -0.110149 -0.120462 -0.162 -0.150462 -0.176462 -0.156462 -0.147853 -0.130244 -0.0916615 -0.161371
internal_weight=0 82 503 458 380 360 46 70 44 290 270 174 154 96 64 78 57 45 90 69 46 50 44
internal_count=585 82 503 458 380 360 46 70 44 290 270 174 154 96 64 78 57 45 90 69 46 50 44
shrinkage=1


Tree=1
num_leaves=22
num_cat=0
split_feature=0 10 2 2 0 7 9 11 15 15 1 13 13 14 0 0 1 5 14 8 11
split_gain=14.1681 8.36182 5.07645 4.90906 5.09148 6.23744 5.39093 4.4973 4.31605 3.60585 3.4756 3.21716 3.21243 6.43591 3.13456 2.71943 1.90466 5.40172 1.80867 1.4986 1.10162
threshold=35.500000000000007 2.5000000000000004 31.500000000000004 34.500000000000007 16.500000000000004 9.5000000000000018 3.5000000000000004 2.5000000000000004 2.5000000000000004 8.5000000000000018 7.5000000000000009 18.500000000000004 13.500000000000002 7.5000000000000009 42.500000000000007 25.500000000000004 1.0000000180025095e-35 2.5000000000000004 8.5000000000000018 8.5000000000000018 2.5000000000000004
decision_type=2 2 2 2 2 2 2 2 2 2 2 2 2 2 2 2 2 2 2 2 2
left_child=3 -2 14 4 12 8 -7 -5 19 15 -11 -4 13 -1 -3 -8 -10 20 -9 -6 -18
right_child=1 2 11 7 5 6 9 18 16 10 -12 -13 -14 -15 -16 -17 17 -19 -20 -21 -22
leaf_value=0.00034432190435904043 -0.011543202086498864 0.04319983553886414 0.051887779008774532 0.0062240404387315122 -0.0027823197699728469 -0.028493915796279908 0.027498772188469217 -0.026434429788163735 -0.045931685209274292 -0.011629283428192139 0.036116838057835901 0.00085476318995157891 0.0046650963800924797 -0.064242252376344469 0.094955243576656689 0.075479619275955923 -0.044829240838686626 0.024168698072433475 -0.061236169561743742 0.034996446825209117 -0.016085298607746761
leaf_weight=27 38 25 21 24 21 20 27 28 25 31 30 30 27 36 22 21 30 25 32 21 24
leaf_count=27 38 25 21 24 21 20 27 28 25 31 30 30 27 36 22 21 30 25 32 21 24
internal_value=0 0.0282769 0.0437173 -0.00856493 -0.0035488 0.00320784 0.0192299 -0.0303612 -0.0109486 0.0279866 0.0118524 0.0218684 -0.0241941 -0.0365623 0.0674258 0.0484904 -0.021875 -0.0142621 -0.0449954 0.0161071 -0.0320542
internal_weight=0 136 98 449 365 275 129 84 146 109 61 51 90 63 47 48 104 79 60 42 54
internal_count=585 136 98 449 365 275 129 84 146 109 61 51 90 63 47 48 104 79 60 42 54
shrinkage=0.1


Tree=2
num_leaves=23
num_cat=0
split_feature=0 2 8 5 9 2 13 14 7 0 11 1 13 5 12 2 7 13 14 1 10 2
split_gain=11.4762 6.91676 7.30023 4.65435 5.30382 5.09934 5.09454 3.68539 3.21803 3.16137 2.94986 3.81013 2.49826 2.41174 3.68122 1.91967 1.78556 2.76753 1.5899 1.22696 1.12743 0.736317
threshold=35.500000000000007 39.500000000000007 6.5000000000000009 1.5000000000000002 3.5000000000000004 17.500000000000004 11.500000000000002 1.5000000000000002 6.5000000000000009 40.500000000000007 3.5000000000000004 4.5000000000000009 6.5000000000000009 3.5000000000000004 3.5000000000000004 29.500000000000004 15.500000000000002 4.5000000000000009 9.5000000000000018 3.5000000000000004 3.5000000000000004 25.500000000000004
decision_type=2 2 2 2 2 2 2 2 2 2 2 2 2 2 2 2 2 2 2 2 2 2
left_child=3 2 -2 -1 15 6 -6 -7 12 -4 13 -12 -9 14 16 18 17 -10 -5 -19 -11 -14
right_child=1 -3 9 4 5 7 -8 8 10 20 11 -13 21 -15 -16 -17 -18 19 -20 -21 -22 -23
leaf_value=-0.040720004798510137 -0.0059792140434528221 -0.018841727929455893 0.028440610319375993 -0.038047401471571492 0.002348555579329982 0.034381147406317973 0.06290036737918854 -0.0054088611155748371 0.02794298107425372 0.051957073098137269 -0.056308438479900358 0.0022501888275146486 -0.029328205287456513 0.030782653689384459 -0.036837892687839012 -0.054232413118535827 0.033506992317381357 0.0049789810180664064 -0.0011876466274261476 -0.027699868767349808 0.083109912276268016 -0.056463369131088265
leaf_weight=39 29 28 32 22 33 22 24 32 24 21 20 25 20 30 23 22 21 20 25 27 26 20
leaf_count=39 29 28 32 22 33 22 24 32 24 21 20 25 20 30 23 22 21 20 25 27 26 20
internal_value=0 0.0254492 0.036932 -0.00770844 -0.00456832 0.000547909 0.0278441 -0.00493054 -0.00823152 0.0526843 -0.00140918 -0.0237759 -0.0262349 0.0055322 -0.00105487 -0.0298529 0.00789089 0.000314292 -0.0184411 -0.013794 0.0691906 -0.0428958
internal_weight=0 136 108 449 410 341 57 284 262 79 190 45 72 145 115 69 92 71 47 47 47 40
internal_count=585 136 108 449 410 341 57 284 262 79 190 45 72 145 115 69 92 71 47 47 47 40
shrinkage=0.1


Tree=3
num_leaves=22
num_cat=0
split_feature=0 2 8 7 0 2 8 1 0 15 13 14 15 9 3 3 7 15 1 15 7
split_gain=9.33643 8.61068 5.65336 4.18495 4.17441 6.99919 6.92723 4.30318 4.02268 4.70271 2.78843 4.56723 2.76401 2.18564 2.70228 2.39756 2.59335 2.68545 2.13196 1.88349 1.35133
threshold=42.500000000000007 36.500000000000007 4.5000000000000009 46.500000000000007 32.500000000000007 34.500000000000007 29.500000000000004 11.500000000000002 16.500000000000004 1.5000000000000002 13.500000000000002 7.5000000000000009 8.5000000000000018 3.5000000000000004 1.5000000000000002 16.500000000000004 7.5000000000000009 5.5000000000000009 11.500000000000002 8.5000000000000018 13.500000000000002
decision_type=2 2 2 2 2 2 2 2 2 2 2 2 2 2 2 2 2 2 2 2 2
left_child=2 -2 12 4 5 6 8 -6 10 -10 11 -4 -1 -11 -15 16 17 -16 -7 -18 -9
right_child=1 -3 3 -5 7 18 -8 20 9 13 -12 -13 -14 14 15 -17 19 -19 -20 -21 -22
leaf_value=-0.05522322901364031 0.066308376977318215 -0.010201443483432134 -0.00085588304892830226 -0.045277143716812136 -0.0022231152575266987 -0.017717516783512001 0.052411771279114942 0.027117737585848029 0.042940055501872097 -0.027295717597007753 0.0090406979833330438 -0.060527139491048355 -0.012906764854084363 0.032746869767153707 -0.014310977133837614 0.029391461908817293 -0.0060589198023080831 0.035683427538190572 -0.056006312370300293 -0.042294370211087742 0.063032947182655327
leaf_weight=29 38 24 23 20 38 33 26 22 29 26 21 29 33 27 22 20 32 21 26 26 20
leaf_count=29 38 24 23 20 38 33 26 22 29 26 21 29 33 27 22 20 32 21 26 26 20
internal_value=0 0.0366917 -0.00434968 -0.000536848 0.00149219 -0.00308785 0.00306665 0.0221596 -0.00158181 0.00565783 -0.0217139 -0.0341341 -0.0326999 -0.000555877 0.00414166 -0.00224132 -0.00850523 0.0101049 -0.0345905 -0.0223024 0.0442202
internal_weight=0 62 523 461 441 361 302 80 276 203 73 52 62 174 148 121 101 43 59 58 42
internal_count=585 62 523 461 441 361 302 80 276 203 73 52 62 174 148 121 101 43 59 58 42
shrinkage=0.1


Tree=4
num_leaves=23
num_cat=0
split_feature=0 10 5 9 2 2 15 15 8 0 11 5 3 1 15 13 7 7 8 0 13 13
split_gain=7.6405 5.98616 3.44806 3.90772 4.07524 3.09362 2.92289 3.3562 4.61354 4.24653 4.77576 4.50944 3.57293 3.26421 2.73777 1.84792 2.16334 2.57664 1.70339 1.58512 0.739909 0.205164
threshold=35.500000000000007 2.5000000000000004 1.5000000000000002 3.5000000000000004 15.500000000000002 31.500000000000004 27.500000000000004 8.5000000000000018 5.5000000000000009 29.500000000000004 3.5000000000000004 2.5000000000000004 17.500000000000004 1.5000000000000002 22.500000000000004 2.5000000000000004 13.500000000000002 6.5000000000000009 17.500000000000004 42.500000000000007 7.5000000000000009 6.5000000000000009
decision_type=2 2 2 2 2 2 2 2 2 2 2 2 2 2 2 2 2 2 2 2 2 2
left_child=2 -2 -1 18 -5 19 7 8 -6 10 11 13 15 -10 -7 -9 17 -17 20 -3 -4 -15
right_child=1 5 3 4 6 14 -8 12 9 -11 -12 -13 -14 21 -16 16 -18 -19 -20 -21 -22 -23
leaf_value=-0.034703121659083243 -0.012926716553537469 0.035109780788421634 -0.025347598574378273 0.035374620532797232 -0.039497338912703774 -0.0078016161918640142 0.030132808387279511 -0.05409334510564804 0.027874176339669661 0.052436831593513492 -0.032829230458571994 0.040417461332521942 0.019427533149719241 -0.012970473085130966 0.038617408496362193 -0.03477461367845535 -0.043637905120849613 0.012220619193145208 -0.044886468295697812 0.071914065155115989 0.0012282764911651612 -0.027122479379177097
leaf_weight=39 38 25 22 31 22 24 25 20 22 20 29 38 20 21 27 20 25 28 27 22 20 20
leaf_count=39 38 25 22 31 22 24 25 20 22 20 29 38 20 21 27 20 25 28 27 22 20 20
internal_value=0 0.0207652 -0.00628969 -0.00358695 0.000804598 0.0338294 -0.0026524 -0.0055283 0.00326752 0.0095397 0.00294014 0.0132106 -0.0189166 -0.00319996 0.0167732 -0.0271627 -0.0197844 -0.00736073 -0.0252901 0.0523373 -0.0126924 -0.0198739
internal_weight=0 136 449 410 341 98 310 285 172 150 130 101 113 63 51 93 73 48 69 47 42 41
internal_count=585 136 449 410 341 98 310 285 172 150 130 101 113 63 51 93 73 48 69 47 42 41
shrinkage=0.1


Tree=5
num_leaves=22
num_cat=0
split_feature=0 2 8 7 13 14 0 2 8 13 15 15 15 3 7 6 0 14 13 0 1
split_gain=6.32482 6.25813 3.99897 3.3486 3.30185 3.37954 3.23043 6.11551 6.54131 4.72373 4.79097 3.08063 2.01479 1.99821 1.82403 1.81815 3.41422 1.84708 1.58778 0.946648 0.302648
threshold=42.500000000000007 36.500000000000007 4.5000000000000009 46.500000000000007 31.500000000000004 1.5000000000000002 28.500000000000004 34.500000000000007 29.500000000000004 9.5000000000000018 8.5000000000000018 1.5000000000000002 8.5000000000000018 14.500000000000002 10.500000000000002 2.5000000000000004 23.500000000000004 7.5000000000000009 7.5000000000000009 19.500000000000004 2.5000000000000004
decision_type=2 2 2 2 2 2 2 2 2 2 2 2 2 2 2 2 2 2 2 2 2
left_child=2 -2 12 4 5 -4 7 8 11 10 -8 -7 -1 15 -11 16 17 19 -17 -13 -19
right_child=1 -3 3 -5 -6 6 9 -9 -10 14 -12 13 -14 -15 -16 18 -18 20 -20 -21 -22
leaf_value=-0.046653916917998223 0.055448370387679663 -0.0097776013116041838 0.034476142883300781 -0.040394063591957095 0.03046424339214961 0.023164667630637136 0.069528236559459153 -0.046286431111787499 0.047597161324127862 -0.034021952748298646 0.0080580075737088919 0.0053763102917444147 -0.010524995579864041 -0.035303585998939749 0.0058224705634293732 -0.0096140107382898746 0.020408129150217232 -0.030901312530040744 0.027963296120817011 -0.022121968192438928 -0.048298079669475559
leaf_weight=29 38 24 25 20 36 27 21 38 23 20 32 21 33 33 27 23 22 20 22 31 20
leaf_count=29 38 24 25 20 36 27 21 38 23 20 32 21 33 33 27 23 22 20 22 31 20
internal_value=0 0.0301996 -0.00358007 -0.000373291 0.00144171 -0.00113807 -0.00348111 -0.00899121 -0.00313494 0.0119472 0.0324141 -0.00846297 -0.027424 -0.0129106 -0.0111326 -0.008263 -0.0149815 -0.0234442 0.00875712 -0.0110169 -0.0395997
internal_weight=0 62 523 461 441 405 380 280 242 100 53 219 62 192 47 159 114 92 45 52 40
internal_count=585 62 523 461 441 405 380 280 242 100 53 219 62 192 47 159 114 92 45 52 40
shrinkage=0.1


Tree=6
num_leaves=21
num_cat=0
split_feature=0 15 11 5 6 2 7 15 9 15 1 1 10 5 9 1 3 1 0 14
split_gain=5.25112 5.11337 2.84259 5.011 6.53879 3.81842 3.47293 3.01709 2.84835 3.75201 3.17284 2.66088 2.31542 2.17899 1.69692 1.52268 1.80591 1.37273 1.48276 0.905171
threshold=35.500000000000007 5.5000000000000009 2.5000000000000004 2.5000000000000004 1.5000000000000002 31.500000000000004 3.5000000000000004 3.5000000000000004 14.500000000000002 10.500000000000002 2.5000000000000004 7.5000000000000009 2.5000000000000004 2.5000000000000004 13.500000000000002 4.5000000000000009 12.500000000000002 9.5000000000000018 22.500000000000004 6.5000000000000009
decision_type=2 2 2 2 2 2 2 2 2 2 2 2 2 2 2 2 2 2 2 2
left_child=2 -2 3 7 -5 6 -4 -1 9 10 -8 19 -3 -14 -15 -7 -17 18 -6 -9
right_child=1 12 5 4 17 15 8 11 -10 -11 -12 -13 13 14 -16 16 -18 -19 -20 -21
leaf_value=0.016115467151006063 -0.024673013885815942 0.00067941060772648565 -0.042528799474239348 -0.02508825808763504 0.029777765274047852 -0.049582862191730082 0.00059379190206527716 -0.020178975842215799 -0.028529006525874142 -0.016913471096440365 0.041472533803719742 0.0015702090226113797 0.0080067771932353145 0.059059440037783455 0.025815790891647341 -0.0068885371514729099 -0.044557176530361176 0.01366527591432844 0.064423511993317376 -0.047284632708345146
leaf_weight=30 24 27 20 24 30 27 37 22 25 38 39 32 23 34 28 35 20 21 21 28
leaf_count=30 24 27 20 24 30 27 37 22 25 38 39 32 23 34 28 35 20 21 21 28
internal_value=0 0.0172148 -0.00521428 0.0033504 0.0201154 -0.0126062 -0.00356675 -0.0110196 0.0020393 0.00874287 0.021571 -0.0209471 0.0261907 0.0342943 0.0440462 -0.0301339 -0.0205862 0.0351833 0.0440437 -0.0353581
internal_weight=0 136 449 208 96 241 159 112 139 114 76 82 112 85 62 82 55 72 51 50
internal_count=585 136 449 208 96 241 159 112 139 114 76 82 112 85 62 82 55 72 51 50
shrinkage=0.1


Tree=7
num_leaves=22
num_cat=0
split_feature=0 2 5 0 11 6 15 14 14 15 13 2 6 0 15 1 12 6 13 7 13
split_gain=4.59017 4.70313 2.60645 3.47023 3.43994 3.58774 2.77413 2.23563 2.72207 2.05506 2.03243 3.44099 1.93063 1.6441 1.55529 1.31857 2.03197 2.66436 1.1588 0.872843 0.611371
threshold=40.500000000000007 32.500000000000007 2.5000000000000004 15.500000000000002 2.5000000000000004 1.5000000000000002 10.500000000000002 15.500000000000002 6.5000000000000009 14.500000000000002 4.5000000000000009 28.500000000000004 1.5000000000000002 21.500000000000004 8.5000000000000018 14.500000000000002 2.5000000000000004 2.5000000000000004 7.5000000000000009 9.5000000000000018 9.5000000000000018
decision_type=2 2 2 2 2 2 2 2 2 2 2 2 2 2 2 2 2 2 2 2 2
left_child=2 9 3 19 5 -4 7 8 18 -2 -8 -12 -6 -10 -7 16 20 -18 -5 -1 -14
right_child=1 -3 4 6 12 14 10 -9 13 -11 11 -13 15 -15 -16 -17 17 -19 -20 -21 -22
leaf_value=-0.021075934171676636 0.020063512098221555 -0.0051327885852919686 -0.013230793923139573 0.026599886807902109 0.018498305403269254 0.042967560573628077 0.0044333977997303006 0.027968594538314004 -0.0041485063731670378 0.062497232675552378 -0.058818045973777766 -0.0039093375205993654 -0.046818791180849077 -0.037530172348022466 0.014540836138603014 0.006297017874256257 0.017200359481352349 -0.028592070657759906 -0.0042447510219755626 -0.048992308229207998 -0.02209287166595459
leaf_weight=21 21 36 28 29 26 38 20 28 36 25 25 21 20 25 39 31 27 24 21 24 20
leaf_count=21 21 36 28 29 26 38 20 28 36 25 25 21 20 25 39 31 27 24 21 24 20
internal_value=0 0.0219388 -0.00357651 -0.010818 0.00357916 0.0174228 -0.00529806 0.00271782 -0.00365174 0.0431253 -0.02218 -0.033751 -0.00624236 -0.0178295 0.0285696 -0.011515 -0.0175828 -0.00434902 0.0136451 -0.0359647 -0.0344558
internal_weight=0 82 503 250 253 105 205 139 111 46 66 46 148 61 77 122 91 51 50 45 40
internal_count=585 82 503 250 253 105 205 139 111 46 66 46 148 61 77 122 91 51 50 45 40
shrinkage=0.1


Tree=8
num_leaves=22
num_cat=0
split_feature=2 0 8 7 13 8 5 11 14 8 14 7 7 7 7 13 15 13 0 10 2
split_gain=4.32956 8.33848 2.87953 2.18229 3.69581 2.7607 2.37424 5.6609 5.08858 4.16053 3.43772 3.59936 3.1833 2.47896 2.25005 2.13743 1.90488 1.8991 2.13397 1.77514 0.128541
threshold=44.500000000000007 42.500000000000007 4.5000000000000009 31.500000000000004 25.500000000000004 17.500000000000004 2.5000000000000004 3.5000000000000004 12.500000000000002 8.5000000000000018 16.500000000000004 6.5000000000000009 15.500000000000002 7.5000000000000009 9.5000000000000018 4.5000000000000009 13.500000000000002 5.5000000000000009 23.500000000000004 3.5000000000000004 23.500000000000004
decision_type=2 2 2 2 2 2 2 2 2 2 2 2 2 2 2 2 2 2 2 2 2
left_child=1 2 16 4 6 -6 9 10 -9 13 11 -8 14 -4 15 -11 -1 -13 -19 -3 -15
right_child=-2 19 3 -5 5 -7 7 8 -10 12 -12 17 -14 20 -16 -17 -18 18 -20 -21 -22
leaf_value=-0.035868581345206811 -0.034102891002382556 0.021658904433250428 -0.010127349062399432 -0.021566861027326342 0.055606176500970675 0.0055089777166193185 -0.0012779114422974763 -0.048366704370294306 0.011921749796186175 0.0010384642265059731 -0.010487249174288341 0.067788825631141664 -0.055707916049730216 0.021230085194110872 0.011000226438045503 -0.038525256597333489 0.0016596623829432896 0.011137806415557863 0.054378592116492132 0.058979217937359441 0.032567657604813581
leaf_weight=38 35 25 33 39 22 22 27 28 28 22 28 20 21 20 28 36 21 25 21 26 20
leaf_count=38 35 25 33 39 22 22 27 28 28 22 28 20 21 20 28 36 21 25 21 26 20
internal_value=0 0.00217018 -0.00176619 0.0010155 0.00321179 0.0305576 -0.000158554 0.00806535 -0.0182225 -0.00824539 0.0202316 0.0294803 -0.020803 0.010161 -0.0122797 -0.0235183 -0.0225111 0.0420632 0.0308782 0.0406849 0.0268989
internal_weight=0 550 499 440 401 44 357 177 56 180 121 93 107 73 86 58 59 66 46 51 40
internal_count=585 550 499 440 401 44 357 177 56 180 121 93 107 73 86 58 59 66 46 51 40
shrinkage=0.1


Tree=9
num_leaves=22
num_cat=0
split_feature=2 0 8 0 13 2 7 1 11 7 2 15 5 2 14 6 3 3 8 8 13
split_gain=3.50694 6.75417 2.33242 1.84366 2.92357 2.53763 2.90745 2.84301 2.80111 3.2987 3.14001 3.09055 4.41153 3.5882 2.6225 2.4248 2.22931 1.78763 1.70503 1.64578 1.59897
threshold=44.500000000000007 42.500000000000007 4.5000000000000009 13.500000000000002 5.5000000000000009 17.500000000000004 31.500000000000004 16.500000000000004 3.5000000000000004 6.5000000000000009 24.500000000000004 3.5000000000000004 3.5000000000000004 28.500000000000004 12.500000000000002 2.5000000000000004 11.500000000000002 4.5000000000000009 7.5000000000000009 10.500000000000002 13.500000000000002
decision_type=2 2 2 2 2 2 2 2 2 2 2 2 2 2 2 2 2 2 2 2 2
left_child=1 2 17 4 -4 15 7 8 9 10 -7 -11 13 18 -10 -5 -9 -1 -13 -3 -6
right_child=-2 19 3 5 20 6 -8 16 14 11 -12 12 -14 -15 -16 -17 -18 -19 -20 -21 -22
leaf_value=-0.042833643474362117 -0.030692601714815412 0.014251567870378496 0.015840976685285568 0.0032804311283173102 -0.050978624075651173 0.011105127334594726 -0.029125992136616864 0.047730938118437066 -0.039706527721136808 0.043525309750327361 -0.036194537580013279 0.00079490274190902705 0.04504173194820231 0.022393145848964825 0.0040226344019174574 0.04387840389141015 0.0049911623963942893 -0.0068377746923549759 -0.036899361113707223 0.05104540884494782 -0.010991457402706148
leaf_weight=22 35 20 20 31 20 25 31 23 32 27 32 20 22 29 24 28 26 37 30 31 20
leaf_count=22 35 20 20 31 20 25 31 23 32 27 32 20 22 29 24 28 26 37 30 31 20
internal_value=0 0.00195317 -0.00158958 0.000913954 -0.0153764 0.00348611 -1.73418e-05 0.00309427 -0.0013703 0.0045612 -0.0154491 0.013472 0.00543799 -0.00559091 -0.0209655 0.0225473 0.0250527 -0.02026 -0.0218217 0.0366165 -0.030985
internal_weight=0 550 499 440 60 380 321 290 241 185 57 128 101 79 56 59 49 59 50 51 40
internal_count=585 550 499 440 60 380 321 290 241 185 57 128 101 79 56 59 49 59 50 51 40
shrinkage=0.1


Tree=10
num_leaves=21
num_cat=0
split_feature=2 0 8 7 14 13 15 0 0 7 2 15 0 15 10 8 9 15 14 13
split_gain=2.84062 5.47088 1.88926 1.66298 1.612 2.08621 1.6046 3.78898 3.55497 4.71341 2.71321 2.53941 2.46817 3.11147 2.76775 2.5277 1.79712 2.34204 1.44063 0.729487
threshold=44.500000000000007 42.500000000000007 4.5000000000000009 15.500000000000002 1.5000000000000002 31.500000000000004 8.5000000000000018 37.500000000000007 25.500000000000004 7.5000000000000009 17.500000000000004 11.500000000000002 22.500000000000004 1.5000000000000002 2.5000000000000004 12.500000000000002 12.500000000000002 25.500000000000004 19.500000000000004 6.5000000000000009
decision_type=2 2 2 2 2 2 2 2 2 2 2 2 2 2 2 2 2 2 2 2
left_child=1 2 3 -1 -4 6 8 10 12 -10 -8 -12 13 -6 15 19 17 -13 -3 -15
right_child=-2 18 4 -5 5 -7 7 -9 9 -11 11 16 -14 14 -16 -17 -18 -19 -20 -21
leaf_value=-0.030714571083846849 -0.027623341935021542 0.053043045032592051 0.024040602573326658 0.0043499817450841274 0.032000799834728241 0.022598916121891566 0.012983304319473414 0.02745011241539665 -0.010751919124437416 0.047862092712346246 -0.047278065835275961 -0.038573065870686582 -0.035243152665055316 0.0039891001582145688 -0.029263871424906964 0.030007913827896117 0.0080687636366257292 0.0018572181463241578 0.018893039623896282 -0.0221243459245433
leaf_weight=38 35 21 28 21 25 35 26 23 23 34 31 38 23 20 37 25 26 23 30 23
leaf_count=38 35 21 28 21 25 35 26 23 23 34 31 38 23 20 37 25 26 23 30 23
internal_value=0 0.00175785 -0.00143062 -0.018234 0.000822559 -0.000755366 -0.00292354 -0.0102394 0.00289429 0.0242108 -0.0162592 -0.0227025 -0.00504716 0.000295205 -0.00725375 0.00472235 -0.0139457 -0.0233289 0.0329548 -0.00997856
internal_weight=0 550 499 59 440 412 377 167 210 57 144 118 153 130 105 68 87 61 51 43
internal_count=585 550 499 59 440 412 377 167 210 57 144 118 153 130 105 68 87 61 51 43
shrinkage=0.1


Tree=11
num_leaves=22
num_cat=0
split_feature=5 0 11 0 4 7 7 9 0 2 8 14 1 4 2 0 15 7 14 13 7
split_gain=2.47516 2.83386 2.75797 2.95718 3.25111 2.82953 2.38018 5.19497 2.21163 2.13615 1.95351 2.79749 5.22266 3.10942 3.53056 1.99183 1.88532 1.8261 1.27595 1.03513 0.720953
threshold=2.5000000000000004 15.500000000000002 3.5000000000000004 38.500000000000007 3.5000000000000004 19.500000000000004 13.500000000000002 8.5000000000000018 31.500000000000004 29.500000000000004 3.5000000000000004 13.500000000000002 11.500000000000002 2.5000000000000004 34.500000000000007 21.500000000000004 17.500000000000004 9.5000000000000018 11.500000000000002 5.5000000000000009 9.5000000000000018
decision_type=2 2 2 2 2 2 2 2 2 2 2 2 2 2 2 2 2 2 2 2 2
left_child=1 20 3 4 5 9 7 -4 -8 17 -3 13 -13 15 -15 19 -5 18 -2 -12 -1
right_child=2 10 6 16 -6 -7 8 -9 -10 -11 11 12 -14 14 -16 -17 -18 -19 -20 -21 -22
leaf_value=-0.016293650155975708 -0.0084034696702034242 -0.026215422252813977 0.047384088039398198 0.01485525518655777 -0.026396955847740173 0.045677815106782045 -0.046957355195825751 -0.016845316560391118 -0.0034839100837707523 -0.012920776009559633 -0.019357742786407471 -0.0056987461873463227 0.054144797563552866 0.028551372962120253 -0.023126034289598467 -0.036694335358010401 0.057755519378752944 0.035394015014171602 0.023993610441684726 0.0103839691051028 -0.04166504802803199
leaf_weight=21 31 30 20 20 25 22 22 34 25 38 25 35 25 39 20 36 21 30 20 22 24
leaf_count=21 31 30 20 20 25 22 22 34 25 38 25 35 25 39 20 36 21 30 20 22 24
internal_value=0 -0.00685898 0.00616862 0.0127785 0.00683846 0.0127313 -0.0073784 0.00694335 -0.0238332 0.0066403 -0.00240435 0.00113195 0.0192361 -0.00651767 0.0110336 -0.0189939 0.0368286 0.0158171 0.00430127 -0.00543609 -0.0298251
internal_weight=0 277 308 207 166 141 101 54 47 119 232 202 60 142 59 83 41 81 51 47 45
internal_count=585 277 308 207 166 141 101 54 47 119 232 202 60 142 59 83 41 81 51 47 45
shrinkage=0.1


Tree=12
num_leaves=24
num_cat=0
split_feature=5 2 10 7 9 14 0 14 3 8 8 9 0 6 1 9 14 8 14 15 14 15 7
split_gain=2.00488 2.30748 4.14403 3.94404 5.18902 2.86502 2.29543 2.23096 2.10375 2.78162 1.9185 2.44259 1.99096 1.78278 3.55345 2.58884 1.75448 1.53447 3.27156 1.88933 1.64597 1.35586 0.583972
threshold=2.5000000000000004 23.500000000000004 2.5000000000000004 12.500000000000002 9.5000000000000018 29.500000000000004 15.500000000000002 28.500000000000004 22.500000000000004 22.500000000000004 8.5000000000000018 11.500000000000002 21.500000000000004 2.5000000000000004 10.500000000000002 8.5000000000000018 10.500000000000002 6.5000000000000009 13.500000000000002 7.5000000000000009 7.5000000000000009 4.5000000000000009 9.5000000000000018
decision_type=2 2 2 2 2 2 2 2 2 2 2 2 2 2 2 2 2 2 2 2 2 2 2
left_child=6 7 3 4 -3 8 22 10 9 -4 -2 12 -12 17 15 -15 -5 20 19 21 -8 -19 -1
right_child=1 2 5 16 -6 -7 13 -9 -10 -11 11 -13 -14 14 -16 -17 -18 18 -20 -21 -22 -23 -24
leaf_value=-0.014664285807382493 -0.016628220230340957 0.032329632397051215 0.029843806945963908 -0.0185325440906343 -0.032307480599569241 -0.017377649426460265 -0.00040774464607238768 0.047583759594708681 0.049494523406028751 -0.012135202244476036 -0.012205378596599287 0.047901528775691989 0.029761675447225574 0.017383799701929093 0.03209773137381202 -0.03088584339618683 -0.05940954997425988 -0.016464470441524798 0.029835912942886351 -0.035065197447935743 -0.037203715921890354 0.016867044568061828 -0.037498542914787929
leaf_weight=21 20 27 38 21 23 25 20 20 20 27 26 20 20 20 38 25 21 26 25 24 31 23 24
leaf_count=21 20 27 38 21 23 25 20 20 20 27 26 20 20 20 38 25 21 26 25 24 31 23 24
internal_value=0 0.00555176 -0.00071828 -0.01638 0.00259656 0.0123806 -0.00617308 0.0175003 0.021133 0.0124064 0.0105042 0.0187261 0.00604117 -0.00216391 0.00958125 -0.00943267 -0.038971 -0.00870652 -0.00138573 -0.0120781 -0.0227739 -0.000819065 -0.0268426
internal_weight=0 308 202 92 50 110 277 106 85 65 86 66 46 232 83 45 42 149 98 73 51 49 45
internal_count=585 308 202 92 50 110 277 106 85 65 86 66 46 232 83 45 42 149 98 73 51 49 45
shrinkage=0.1


Tree=13
num_leaves=24
num_cat=0
split_feature=8 10 7 15 2 10 15 14 0 14 3 14 7 9 8 0 15 4 6 0 2 14 9
split_gain=1.79525 2.26967 2.29904 2.23799 2.13261 3.01985 2.83462 1.83817 1.49143 1.83334 1.78436 2.22951 3.39994 2.28604 2.12698 1.98377 1.51012 2.08828 1.92753 2.0294 1.36826 0.962732 0.777783
threshold=3.5000000000000004 3.5000000000000004 20.500000000000004 8.5000000000000018 20.500000000000004 4.5000000000000009 12.500000000000002 1.5000000000000002 13.500000000000002 8.5000000000000018 21.500000000000004 12.500000000000002 14.500000000000002 10.500000000000002 14.500000000000002 32.500000000000007 8.5000000000000018 2.5000000000000004 2.5000000000000004 19.500000000000004 31.500000000000004 26.500000000000004 6.5000000000000009
decision_type=2 2 2 2 2 2 2 2 2 2 2 2 2 2 2 2 2 2 2 2 2 2 2
left_child=3 7 4 -1 -3 6 -6 -2 9 -9 11 15 13 14 -13 16 18 -18 19 -10 -4 -14 -21
right_child=1 2 20 -5 5 -7 -8 8 10 -11 -12 12 21 -15 -16 -17 17 -19 -20 22 -22 -23 -24
leaf_value=-0.044101818725466729 0.024488012741009396 0.025555950005849204 0.047145181273420655 0.0032055935263633727 -0.014267277946838967 -0.039040119498968129 0.035808187499642374 0.0018108758059414952 0.010800288386386017 -0.036471269048493481 -0.026705525013116689 0.018171746642501267 -0.028391370698809627 0.0028451503268169132 0.060605469842751829 0.020247924824555716 -0.040495533123612405 -0.0014736941705147425 0.024507676661014558 -0.035964689695316819 0.013013021323991859 0.0026365600526332858 -0.010940021497231944
leaf_weight=20 24 30 24 20 26 20 20 22 29 29 26 27 20 34 21 24 32 24 20 23 23 20 27
leaf_count=20 24 30 24 20 26 20 20 22 29 29 26 27 20 34 21 24 32 24 20 23 23 20 27
internal_value=0 0.00150078 0.0123208 -0.0204481 0.00344886 -0.00659982 0.00750466 -0.00234813 -0.00405202 -0.0199574 -0.00157136 0.000599697 0.0110245 0.022684 0.0367365 -0.00650549 -0.010648 -0.0237719 -0.00322431 -0.0102451 0.0304422 -0.0128774 -0.0224514
internal_weight=0 545 143 40 96 66 46 402 378 51 327 301 122 82 48 179 155 56 99 79 47 40 50
internal_count=585 545 143 40 96 66 46 402 378 51 327 301 122 82 48 179 155 56 99 79 47 40 50
shrinkage=0.1


Tree=14
num_leaves=22
num_cat=0
split_feature=2 0 14 14 13 14 2 7 7 9 9 12 8 2 0 5 15 15 1 15 14
split_gain=1.58273 3.08903 1.4756 4.04186 4.36153 2.53605 2.77195 2.30732 1.83443 3.36491 1.77773 1.62305 1.55491 1.5773 1.43843 3.32473 1.25718 2.0294 1.19768 0.908257 0.896963
threshold=44.500000000000007 42.500000000000007 6.5000000000000009 5.5000000000000009 4.5000000000000009 12.500000000000002 22.500000000000004 10.500000000000002 24.500000000000004 11.500000000000002 9.5000000000000018 3.5000000000000004 8.5000000000000018 32.500000000000007 29.500000000000004 2.5000000000000004 4.5000000000000009 10.500000000000002 7.5000000000000009 6.5000000000000009 19.500000000000004
decision_type=2 2 2 2 2 2 2 2 2 2 2 2 2 2 2 2 2 2 2 2 2
left_child=1 2 3 4 -1 7 14 10 9 18 19 16 -9 -14 15 -7 -6 -18 -8 -4 -3
right_child=-2 20 5 -5 11 6 8 12 -10 -11 -12 -13 13 -15 -16 -17 17 -19 -20 -21 -22
leaf_value=0.028042430602587189 -0.020619256837027415 0.040605031876336961 -0.028005459647754145 0.042899648730571456 -0.025758612865493413 0.0064271851227833679 -0.00090803867922379419 0.022082101553678513 -0.032770255337590759 -0.027066154970276743 -0.048446353375911716 -0.03696113437414169 0.0033087770785054853 -0.032711399197578428 -0.0066312669694889338 0.054364924068036294 0.017523640819958278 -0.022407878041267398 0.029162440697352094 -0.0017065555478135747 0.013658542782068253
leaf_weight=39 35 21 29 26 21 39 26 20 23 31 25 20 31 20 20 23 35 20 27 24 30
leaf_count=39 35 21 29 26 21 39 26 20 23 31 25 20 31 20 20 23 35 20 27 24 30
internal_value=0 0.00131213 -0.00108374 0.00679542 -0.000157992 -0.00483683 0.00285417 -0.0145925 -0.00774757 -0.000896118 -0.0264651 -0.0116144 -0.00154949 -0.0108168 0.0166881 0.0242105 -0.00494422 0.00300309 0.0144109 -0.0160965 0.0247542
internal_weight=0 550 499 161 135 338 189 149 107 84 78 96 71 51 82 62 76 55 53 53 51
internal_count=585 550 499 161 135 338 189 149 107 84 78 96 71 51 82 62 76 55 53 53 51
shrinkage=0.1


end of trees

feature_importances:
Column_0=42
Column_15=37
Column_2=34
Column_7=33
Column_14=33
Column_8=24
Column_13=24
Column_1=17
Column_9=17
Column_5=15
Column_3=12
Column_10=9
Column_11=9
Column_6=8
Column_12=4
Column_4=3

parameters:
[boosting: gbdt]
[objective: regression]
[metric: l2]
[tree_learner: serial]
[device_type: cpu]
[data: ]
[valid: ]
[num_iterations: 10000]
[learning_rate: 0.1]
[num_leaves: 31]
[num_threads: 0]
[deterministic: 0]
[force_col_wise: 0]
[force_row_wise: 0]
[histogram_pool_size: -1]
[max_depth: -1]
[min_data_in_leaf: 20]
[min_sum_hessian_in_leaf: 0.001]
[bagging_fraction: 1]
[pos_bagging_fraction: 1]
[neg_bagging_fraction: 1]
[bagging_freq: 0]
[bagging_seed: 3]
[feature_fraction: 1]
[feature_fraction_bynode: 1]
[feature_fraction_seed: 2]
[extra_trees: 0]
[extra_seed: 6]
[early_stopping_round: 10]
[first_metric_only: 0]
[max_delta_step: 0]
[lambda_l1: 0]
[lambda_l2: 0]
[min_gain_to_split: 0]
[drop_rate: 0.1]
[max_drop: 50]
[skip_drop: 0.5]
[xgboost_dart_mode: 0]
[uniform_drop: 0]
[drop_seed: 4]
[top_rate: 0.2]
[other_rate: 0.1]
[min_data_per_group: 100]
[max_cat_threshold: 32]
[cat_l2: 10]
[cat_smooth: 10]
[max_cat_to_onehot: 4]
[top_k: 20]
[monotone_constraints: ]
[monotone_constraints_method: basic]
[monotone_penalty: 0]
[feature_contri: ]
[forcedsplits_filename: ]
[refit_decay_rate: 0.9]
[cegb_tradeoff: 1]
[cegb_penalty_split: 0]
[cegb_penalty_feature_lazy: ]
[cegb_penalty_feature_coupled: ]
[path_smooth: 0]
[interaction_constraints: ]
[verbosity: 1]
[saved_feature_importance_type: 0]
[max_bin: 255]
[max_bin_by_feature: ]
[min_data_in_bin: 3]
[bin_construct_sample_cnt: 200000]
[data_random_seed: 1]
[is_enable_sparse: 1]
[enable_bundle: 1]
[use_missing: 1]
[zero_as_missing: 0]
[feature_pre_filter: 1]
[pre_partition: 0]
[two_round: 0]
[header: 0]
[label_column: ]
[weight_column: ]
[group_column: ]
[ignore_column: ]
[categorical_feature: ]
[forcedbins_filename: ]
[objective_seed: 5]
[num_class: 1]
[is_unbalance: 0]
[scale_pos_weight: 1]
[sigmoid: 1]
[boost_from_average: 1]
[reg_sqrt: 0]
[alpha: 0.9]
[fair_c: 1]
[poisson_max_delta_step: 0.7]
[tweedie_variance_power: 1.5]
[lambdarank_truncation_level: 30]
[lambdarank_norm: 1]
[label_gain: ]
[eval_at: ]
[multi_error_top_k: 1]
[auc_mu_weights: ]
[num_machines: 1]
[local_listen_port: 12400]
[time_out: 120]
[machine_list_filename: ]
[machines: ]
[gpu_platform_id: -1]
[gpu_device_id: -1]
[gpu_use_dp: 0]
[num_gpu: 1]

end of parameters

pandas_categorical:null
