tree
version=v3
num_class=1
num_tree_per_iteration=1
label_index=0
max_feature_idx=15
objective=regression
feature_names=Column_0 Column_1 Column_2 Column_3 Column_4 Column_5 Column_6 Column_7 Column_8 Column_9 Column_10 Column_11 Column_12 Column_13 Column_14 Column_15
feature_infos=[3:49] [0:56] [3:49] [0:71] [0:7] [0:7] [0:7] [0:137] [0:141] [0:140] [0:8] [0:6] [0:7] [0:215] [0:114] [0:87]
tree_sizes=1208 1200 1203 1115 1119 1121

Tree=0
num_leaves=13
num_cat=0
split_feature=2 0 2 7 2 11 15 7 15 13 9 13
split_gain=15.3693 12.6174 7.70917 3.63488 3.19473 5.70402 3.61157 3.07201 2.91687 2.45025 1.77168 1.64083
threshold=41.500000000000007 27.500000000000004 18.500000000000004 5.5000000000000009 21.500000000000004 2.5000000000000004 6.5000000000000009 9.5000000000000018 12.500000000000002 20.500000000000004 13.500000000000002 13.500000000000002
decision_type=2 2 2 2 2 2 2 2 2 2 2 2
left_child=1 4 -3 -4 5 6 -1 -6 10 -10 -5 -2
right_child=11 2 3 8 7 -7 -8 -9 9 -11 -12 -13
leaf_value=-0.11298700771032474 -0.099058436650734438 0.010227274580241807 -0.082987008505053333 -0.042487009577936934 -0.071287008814997485 -0.025269618729694215 -0.05620129492891815 -0.11775973485661791 -0.033487009816355509 -0.082987008616812033 -0.0017913584820905132 -0.13664085323755798
leaf_weight=24 21 28 24 20 25 23 21 33 20 20 23 26
leaf_count=24 21 28 24 20 25 23 21 33 20 20 23 26
internal_value=-0.0672078 -0.0577284 -0.036487 -0.0487113 -0.080487 -0.0657811 -0.086487 -0.0977284 -0.0388003 -0.058237 -0.0207196 -0.119849
internal_weight=0 261 135 107 126 68 45 58 83 40 43 47
internal_count=308 261 135 107 126 68 45 58 83 40 43 47
shrinkage=1


Tree=1
num_leaves=13
num_cat=0
split_feature=2 0 2 3 9 7 15 3 1 13 9 9
split_gain=12.4492 10.3103 5.76388 4.50617 6.75099 3.08255 2.63208 2.81526 2.45587 1.32907 1.10442 0.0833894
threshold=41.500000000000007 24.500000000000004 18.500000000000004 17.500000000000004 10.500000000000002 5.5000000000000009 12.500000000000002 19.500000000000004 1.5000000000000002 13.500000000000002 13.500000000000002 6.5000000000000009
decision_type=2 2 2 2 2 2 2 2 2 2 2 2
left_child=1 3 -3 4 8 -4 10 -8 -1 -2 -7 -10
right_child=9 2 5 -5 -6 6 7 -9 11 -11 -12 -13
leaf_value=-0.047349139777096837 -0.028665582622800556 0.062242376375378987 -0.013339574172579008 -0.052343658685684205 0.045089369728451685 0.022248702049255373 -0.021308433711528782 0.029991190848143209 -0.0011866864562034608 -0.062489759005033056 0.05301630028656551 -0.010318466424942017
leaf_weight=22 21 33 29 25 21 20 20 23 20 26 28 20
leaf_count=22 21 33 29 25 21 20 20 23 20 26 28 20
internal_value=0 0.00853146 0.0252301 -0.015125 -0.00391455 0.0150518 0.0240996 0.0061309 -0.0205126 -0.0473768 0.0401965 -0.00575258
internal_weight=0 261 153 108 83 120 91 43 62 47 48 40
internal_count=308 261 153 108 83 120 91 43 62 47 48 40
shrinkage=0.1


Tree=2
num_leaves=13
num_cat=0
split_feature=14 0 2 9 13 3 13 15 5 15 2 3
split_gain=10.1537 8.72558 8.27526 4.16006 3.20655 2.98598 2.68492 3.339 2.34025 2.04794 0.77257 0.629556
threshold=38.500000000000007 19.500000000000004 33.500000000000007 8.5000000000000018 19.000000000000004 17.500000000000004 6.5000000000000009 11.500000000000002 2.5000000000000004 5.5000000000000009 21.500000000000004 5.5000000000000009
decision_type=2 2 2 2 2 2 2 2 2 2 2 2
left_child=1 5 3 9 8 11 -5 -8 -4 -3 -11 -1
right_child=-2 2 4 6 -6 -7 7 -9 -10 10 -12 -13
leaf_value=-0.034822034239768984 0.054274424297675011 -0.023030886302391688 -0.032251907207749113 0.065188705069678166 -0.050276242141370421 -0.067495414225951497 0.04548616047416415 -0.0065736705606633979 0.011000102347341077 0.027145819153104513 -0.00031642794609069828 -0.0097310817241668714
leaf_weight=20 31 24 22 21 27 23 28 22 29 21 20 20
leaf_count=20 31 24 22 21 27 23 28 22 29 21 20 20
internal_value=0 -0.00607403 0.00355584 0.0184481 -0.0224102 -0.038785 0.0351825 0.0225798 -0.00765763 0.000169113 0.0137496 -0.0222766
internal_weight=0 277 214 136 78 63 71 50 51 65 41 40
internal_count=308 277 214 136 78 63 71 50 51 65 41 40
shrinkage=0.1


Tree=3
num_leaves=12
num_cat=0
split_feature=2 0 2 12 9 13 7 0 7 1 13
split_gain=8.94787 7.48869 4.54856 2.69292 4.01626 3.35142 2.32545 2.45681 2.33751 1.91529 0.94666
threshold=41.500000000000007 27.500000000000004 18.500000000000004 2.5000000000000004 8.5000000000000018 11.500000000000002 5.5000000000000009 33.500000000000007 11.500000000000002 4.5000000000000009 13.500000000000002
decision_type=2 2 2 2 2 2 2 2 2 2 2
left_child=1 3 -3 4 9 -5 -4 -8 -9 -1 -2
right_child=10 2 6 5 -6 -7 7 8 -10 -11 -12
leaf_value=-0.040137133002281195 -0.02437417961302258 0.05947988663933107 -0.013207892825206123 -0.0068451942936066656 0.030168294707934064 -0.058585130033038918 0.04992297602736432 0.03483697451185435 -0.0051987954548427043 0.0017637513577938081 -0.052920463910469645
leaf_weight=20 21 28 24 31 30 21 23 25 35 24 26
leaf_count=20 21 28 24 31 30 21 23 25 35 24 26
internal_value=0 0.00723291 0.0235974 -0.0103004 0.00195454 -0.0277402 0.0142075 0.0221349 0.0114828 -0.0172821 -0.0401657
internal_weight=0 261 135 126 74 52 107 83 60 44 47
internal_count=308 261 135 126 74 52 107 83 60 44 47
shrinkage=0.1


Tree=4
num_leaves=12
num_cat=0
split_feature=14 0 2 6 13 7 15 10 3 7 15
split_gain=7.64335 6.25583 5.8694 3.57915 2.39516 2.36436 2.26643 7.25456 2.20486 1.67074 0.545844
threshold=38.500000000000007 19.500000000000004 33.500000000000007 1.5000000000000002 13.500000000000002 11.500000000000002 5.5000000000000009 3.5000000000000004 17.500000000000004 8.5000000000000018 7.5000000000000009
decision_type=2 2 2 2 2 2 2 2 2 2 2
left_child=1 8 3 -3 -4 -6 -5 9 10 -8 -1
right_child=-2 2 4 6 5 -7 7 -9 -10 -11 -12
leaf_value=-0.030463228523731234 0.047089652308533271 -0.020532063038452814 -0.0010054983590778552 0.0016029363019125803 -0.011751625239849092 -0.060376342833042142 0.07155846849731777 -0.018012561471689316 -0.057638325898543653 0.036661386840483721 -0.007099918723106384
leaf_weight=20 31 23 38 35 20 20 23 21 23 34 20
leaf_count=20 31 23 38 35 20 20 23 21 23 34 20
internal_value=0 -0.00526996 0.00288395 0.015426 -0.0189842 -0.036064 0.0227449 0.0322316 -0.0329674 0.0507427 -0.0187816
internal_weight=0 277 214 136 78 40 113 78 63 57 40
internal_count=308 277 214 136 78 40 113 78 63 57 40
shrinkage=0.1


Tree=5
num_leaves=12
num_cat=0
split_feature=2 14 0 2 7 0 2 7 9 14 8
split_gain=6.32009 5.74539 4.72971 3.90592 3.43024 3.2399 4.24391 2.98949 2.1989 1.90574 0.957569
threshold=41.500000000000007 38.500000000000007 19.500000000000004 14.500000000000002 3.5000000000000004 24.500000000000004 22.500000000000004 8.5000000000000018 7.5000000000000009 13.500000000000002 20.500000000000004
decision_type=2 2 2 2 2 2 2 2 2 2 2
left_child=1 2 8 -4 -5 -6 -7 -8 -1 -9 -2
right_child=10 -3 3 4 5 6 7 9 -10 -11 -12
leaf_value=-0.050300543648856028 -0.048972325704314493 0.048878231830894951 0.050411310344934471 -0.033131348815831269 -0.01453974038362503 0.057903489741412073 0.037058088431755704 0.011095397225741682 -0.0089069640997684364 -0.027935314449397005 -0.020366622686386109
leaf_weight=21 22 28 20 22 40 22 24 29 33 22 25
leaf_count=21 22 28 20 22 40 22 24 29 33 22 25
internal_value=0 0.00607876 0.000935477 0.00876094 0.00352189 0.00940782 0.0192831 0.00795445 -0.0250045 -0.00574138 -0.0337565
internal_weight=0 261 233 179 159 137 97 75 54 51 47
internal_count=308 261 233 179 159 137 97 75 54 51 47
shrinkage=0.1


end of trees

feature_importances:
Column_2=13
Column_7=9
Column_0=8
Column_13=8
Column_9=7
Column_15=7
Column_3=5
Column_14=4
Column_1=2
Column_5=1
Column_6=1
Column_8=1
Column_10=1
Column_11=1
Column_12=1

parameters:
[boosting: gbdt]
[objective: regression]
[metric: l2]
[tree_learner: serial]
[device_type: cpu]
[data: ]
[valid: ]
[num_iterations: 10000]
[learning_rate: 0.1]
[num_leaves: 31]
[num_threads: 0]
[deterministic: 0]
[force_col_wise: 0]
[force_row_wise: 0]
[histogram_pool_size: -1]
[max_depth: -1]
[min_data_in_leaf: 20]
[min_sum_hessian_in_leaf: 0.001]
[bagging_fraction: 1]
[pos_bagging_fraction: 1]
[neg_bagging_fraction: 1]
[bagging_freq: 0]
[bagging_seed: 3]
[feature_fraction: 1]
[feature_fraction_bynode: 1]
[feature_fraction_seed: 2]
[extra_trees: 0]
[extra_seed: 6]
[early_stopping_round: 10]
[first_metric_only: 0]
[max_delta_step: 0]
[lambda_l1: 0]
[lambda_l2: 0]
[min_gain_to_split: 0]
[drop_rate: 0.1]
[max_drop: 50]
[skip_drop: 0.5]
[xgboost_dart_mode: 0]
[uniform_drop: 0]
[drop_seed: 4]
[top_rate: 0.2]
[other_rate: 0.1]
[min_data_per_group: 100]
[max_cat_threshold: 32]
[cat_l2: 10]
[cat_smooth: 10]
[max_cat_to_onehot: 4]
[top_k: 20]
[monotone_constraints: ]
[monotone_constraints_method: basic]
[monotone_penalty: 0]
[feature_contri: ]
[forcedsplits_filename: ]
[refit_decay_rate: 0.9]
[cegb_tradeoff: 1]
[cegb_penalty_split: 0]
[cegb_penalty_feature_lazy: ]
[cegb_penalty_feature_coupled: ]
[path_smooth: 0]
[interaction_constraints: ]
[verbosity: 1]
[saved_feature_importance_type: 0]
[max_bin: 255]
[max_bin_by_feature: ]
[min_data_in_bin: 3]
[bin_construct_sample_cnt: 200000]
[data_random_seed: 1]
[is_enable_sparse: 1]
[enable_bundle: 1]
[use_missing: 1]
[zero_as_missing: 0]
[feature_pre_filter: 1]
[pre_partition: 0]
[two_round: 0]
[header: 0]
[label_column: ]
[weight_column: ]
[group_column: ]
[ignore_column: ]
[categorical_feature: ]
[forcedbins_filename: ]
[objective_seed: 5]
[num_class: 1]
[is_unbalance: 0]
[scale_pos_weight: 1]
[sigmoid: 1]
[boost_from_average: 1]
[reg_sqrt: 0]
[alpha: 0.9]
[fair_c: 1]
[poisson_max_delta_step: 0.7]
[tweedie_variance_power: 1.5]
[lambdarank_truncation_level: 30]
[lambdarank_norm: 1]
[label_gain: ]
[eval_at: ]
[multi_error_top_k: 1]
[auc_mu_weights: ]
[num_machines: 1]
[local_listen_port: 12400]
[time_out: 120]
[machine_list_filename: ]
[machines: ]
[gpu_platform_id: -1]
[gpu_device_id: -1]
[gpu_use_dp: 0]
[num_gpu: 1]

end of parameters

pandas_categorical:null
