tree
version=v3
num_class=1
num_tree_per_iteration=1
label_index=0
max_feature_idx=15
objective=regression
feature_names=Column_0 Column_1 Column_2 Column_3 Column_4 Column_5 Column_6 Column_7 Column_8 Column_9 Column_10 Column_11 Column_12 Column_13 Column_14 Column_15
feature_infos=[1:49] [0:56] [2:49] [0:48] [0:6] [0:7] [0:7] [0:96] [0:120] [0:116] [0:7] [0:6] [0:6] [0:144] [0:158] [0:141]
tree_sizes=867 951 1043 950 1031 1044 1039 1126 958 1048 959

Tree=0
num_leaves=9
num_cat=0
split_feature=0 2 0 7 8 2 9 8
split_gain=15.5522 7.55768 8.46257 4.29262 4.59568 2.31451 3.9096 2.02672
threshold=21.500000000000004 35.500000000000007 38.500000000000007 6.5000000000000009 10.500000000000002 23.500000000000004 6.5000000000000009 8.5000000000000018
decision_type=2 2 2 2 2 2 2 2
left_child=5 2 3 -2 -5 6 -1 -8
right_child=1 -3 -4 4 -6 -7 7 -9
leaf_value=-0.10003095462964415 -0.12142314492412039 -0.13489411275527058 -0.034483301279465223 -0.053942760867799595 -0.11165774896501857 -0.15443697019785391 -0.12529411269169227 -0.16729411296984728
leaf_weight=38 31 25 37 37 22 35 27 20
leaf_count=38 31 25 37 37 22 35 27 20
internal_value=-0.105882 -0.0846362 -0.0747429 -0.0912941 -0.0754636 -0.132794 -0.123882 -0.143166
internal_weight=0 152 127 90 59 120 85 47
internal_count=272 152 127 90 59 120 85 47
shrinkage=1


Tree=1
num_leaves=10
num_cat=0
split_feature=0 8 0 8 2 7 4 14 2
split_gain=12.7714 5.74928 6.26548 5.91456 4.96218 4.65333 2.09857 2.9195 0.773391
threshold=38.500000000000007 6.5000000000000009 22.500000000000004 11.500000000000002 21.500000000000004 10.500000000000002 2.5000000000000004 7.5000000000000009 21.500000000000004
decision_type=2 2 2 2 2 2 2 2 2
left_child=1 5 6 -4 -2 -1 7 8 -3
right_child=4 2 3 -5 -6 -7 -8 -9 -10
leaf_value=-0.0079558060169219978 0.078448329369227091 -0.029668484727541605 0.036778190173208714 -0.023559140797817346 0.015391949048409096 0.055897175981884907 -0.059844452142715457 -0.0029649475041557765 -0.053752575566371287
leaf_weight=25 24 30 32 33 26 21 23 34 24
leaf_count=25 24 30 32 33 26 21 23 34 24
internal_value=0 -0.0102836 -0.0185108 0.00614539 0.045659 0.0211945 -0.0329491 -0.0259196 -0.0403725
internal_weight=0 222 176 65 50 46 111 88 54
internal_count=272 222 176 65 50 46 111 88 54
shrinkage=0.1


Tree=2
num_leaves=11
num_cat=0
split_feature=0 2 13 8 8 1 5 7 15 5
split_gain=10.5912 5.30381 6.23109 5.83522 5.01669 4.85057 3.58039 1.93008 1.59276 0.115218
threshold=42.500000000000007 29.500000000000004 16.500000000000004 6.5000000000000009 12.500000000000002 1.0000000180025095e-35 2.5000000000000004 9.5000000000000018 8.5000000000000018 3.5000000000000004
decision_type=2 2 2 2 2 2 2 2 2 2
left_child=1 2 3 7 -3 -5 8 -1 -7 -8
right_child=-2 4 -4 5 -6 6 9 -9 -10 -11
leaf_value=0.0051598225321088523 0.053104238437883783 -0.0063641618799280238 0.049188506344090339 -0.052193870544433599 -0.069199832777182266 -0.038169056971867885 0.01129830986261368 0.048566377758979797 -0.0036064592500527704 0.022032282054424285
leaf_weight=21 33 27 23 30 24 30 20 20 24 20
leaf_count=21 33 27 23 30 24 30 20 20 24 20
internal_value=0 -0.00733238 0.000426534 -0.00637059 -0.0359339 -0.0171841 -0.0060108 0.0263338 -0.0228079 0.0166653
internal_weight=0 239 188 165 51 124 94 41 54 40
internal_count=272 239 188 165 51 124 94 41 54 40
shrinkage=0.1


Tree=3
num_leaves=10
num_cat=0
split_feature=0 2 0 7 14 15 13 7 14
split_gain=8.90955 5.14504 4.91692 3.14897 4.23197 1.66422 1.62364 2.36472 1.54907
threshold=21.500000000000004 35.500000000000007 38.500000000000007 6.5000000000000009 7.5000000000000009 3.5000000000000004 9.5000000000000018 9.5000000000000018 5.5000000000000009
decision_type=2 2 2 2 2 2 2 2 2
left_child=5 2 3 -2 -5 -1 7 8 -7
right_child=1 -3 -4 4 -6 6 -8 -9 -10
leaf_value=0.0038152246371559472 -0.01417754484761146 -0.025386221170425417 0.054931551218032837 -0.0095459891991181815 0.04583813515869347 -0.012875991821289063 -0.046413419874651092 0.010126252969106039 -0.048836222938869314
leaf_weight=23 31 25 37 22 37 25 28 21 23
leaf_count=23 31 25 37 22 37 25 28 21 23
internal_value=0 0.016081 0.0242438 0.0116277 0.0251864 -0.0203692 -0.0261037 -0.0178621 -0.0301069
internal_weight=0 152 127 90 59 120 97 69 48
internal_count=272 152 127 90 59 120 97 69 48
shrinkage=0.1


Tree=4
num_leaves=11
num_cat=0
split_feature=0 8 14 2 2 0 9 3 15 8
split_gain=7.36288 4.04569 4.26671 3.25158 2.8814 2.55403 2.98361 1.61473 1.52594 1.02447
threshold=38.500000000000007 12.500000000000002 17.500000000000004 21.500000000000004 25.500000000000004 21.500000000000004 8.5000000000000018 4.5000000000000009 10.500000000000002 7.5000000000000009
decision_type=2 2 2 2 2 2 2 2 2 2
left_child=1 2 5 -2 8 7 -7 -1 -3 -9
right_child=3 4 -4 -5 -6 6 -8 9 -10 -11
leaf_value=0.0045987256935664583 0.061210777362187711 0.0092843455927712586 0.041248164487921679 0.010167300930389991 -0.049582909373566512 -0.011629314223925274 0.034191855015578095 -0.042660401105880735 -0.02931104272603989 -0.013416416230409043
leaf_weight=21 24 21 23 26 32 30 27 25 20 23
leaf_count=21 24 21 23 26 32 30 27 25 20 23
internal_value=0 -0.00780815 0.0016409 0.0346682 -0.0270946 -0.005589 0.0100755 -0.0185292 -0.00954267 -0.0286477
internal_weight=0 222 149 50 73 126 57 69 41 48
internal_count=272 222 149 50 73 126 57 69 41 48
shrinkage=0.1


Tree=5
num_leaves=11
num_cat=0
split_feature=0 2 13 8 1 8 5 7 15 5
split_gain=6.23838 3.61125 4.88954 3.94963 3.93187 3.17136 2.47464 1.41848 1.06371 0.137325
threshold=42.500000000000007 29.500000000000004 16.500000000000004 6.5000000000000009 1.0000000180025095e-35 12.500000000000002 2.5000000000000004 9.5000000000000018 8.5000000000000018 3.5000000000000004
decision_type=2 2 2 2 2 2 2 2 2 2
left_child=1 2 3 7 -5 -3 8 -1 -6 -8
right_child=-2 5 -4 4 6 -7 9 -9 -10 -11
leaf_value=0.0035080997716812863 0.040756190906871451 -0.0057176035863381845 0.043969847585843963 -0.0456631483634313 -0.030600859721501669 -0.055677339310447375 0.0089097878336906449 0.040719798505306243 -0.0023557687799135845 0.020628373324871066
leaf_weight=21 33 27 23 30 30 24 20 20 24 20
leaf_count=21 33 27 23 30 30 24 20 20 24 20
internal_value=0 -0.00562742 0.000774878 -0.00524624 -0.0141427 -0.0292281 -0.00408299 0.0216601 -0.0180475 0.0147691
internal_weight=0 239 188 165 124 51 94 41 54 40
internal_count=272 239 188 165 124 51 94 41 54 40
shrinkage=0.1


Tree=6
num_leaves=11
num_cat=0
split_feature=0 2 1 9 10 14 15 1 9 13
split_gain=5.20909 3.38094 3.09697 3.77634 5.13716 2.57005 1.18106 1.44657 1.90253 0.0622649
threshold=21.500000000000004 35.500000000000007 1.0000000180025095e-35 8.5000000000000018 2.5000000000000004 9.5000000000000018 3.5000000000000004 4.5000000000000009 5.5000000000000009 6.5000000000000009
decision_type=2 2 2 2 2 2 2 2 2 2
left_child=6 2 -2 4 -4 -5 -1 -8 -9 -10
right_child=1 -3 3 5 -6 -7 7 8 9 -11
leaf_value=0.0047985862130704134 -0.014293122291564942 -0.021318602085113526 -0.030241054838353938 0.016321516036987307 0.039785058498382569 0.058120820239970561 -0.035956823503648913 0.014366789832711219 -0.027352889627218248 -0.019462080746889116
leaf_weight=23 23 25 22 24 20 38 37 20 20 20
leaf_count=23 23 25 22 24 20 38 37 20 20 20
internal_value=0 0.012296 0.0189131 0.0262568 0.00310471 0.0419404 -0.015575 -0.0204058 -0.0108161 -0.0234075
internal_weight=0 152 127 104 42 62 120 97 60 40
internal_count=272 152 127 104 42 62 120 97 60 40
shrinkage=0.1


Tree=7
num_leaves=12
num_cat=0
split_feature=0 8 14 15 9 2 0 9 9 14 13
split_gain=4.44781 3.06479 3.08585 2.44281 3.20695 1.99095 1.68935 2.43358 1.50367 0.966766 0.000306857
threshold=38.500000000000007 12.500000000000002 17.500000000000004 11.500000000000002 6.5000000000000009 21.500000000000004 17.500000000000004 11.500000000000002 6.5000000000000009 4.5000000000000009 5.5000000000000009
decision_type=2 2 2 2 2 2 2 2 2 2 2
left_child=1 2 6 4 -3 -2 -1 8 9 -8 -10
right_child=5 3 -4 -5 -6 -7 7 -9 10 -11 -12
leaf_value=-0.028496698840804725 0.047714642435312274 0.018993257528001614 0.035838843687720924 -0.04538761685634482 -0.035001282123002138 0.007773271203041077 0.022976335585117344 0.031852516390028451 -0.020108714841661001 -0.0077441357430957621 -0.01956140220165253
leaf_weight=23 24 22 23 29 22 26 20 21 21 21 20
leaf_count=23 24 22 23 29 22 26 20 21 21 21 20
internal_value=0 -0.00606872 0.00215544 -0.022855 -0.00800401 0.0269451 -0.00399311 0.00147856 -0.00630014 0.00724146 -0.0198417
internal_weight=0 222 149 73 44 50 126 103 82 41 41
internal_count=272 222 149 73 44 50 126 103 82 41 41
shrinkage=0.1


Tree=8
num_leaves=10
num_cat=0
split_feature=2 0 13 2 13 13 2 13 7
split_gain=3.83226 3.14093 2.39276 2.97966 4.29897 1.94705 0.767055 1.72203 2.01138
threshold=13.500000000000002 21.500000000000004 2.5000000000000004 35.500000000000007 11.500000000000002 5.5000000000000009 19.500000000000004 9.5000000000000018 7.5000000000000009
decision_type=2 2 2 2 2 2 2 2 2
left_child=-1 6 -3 4 5 -4 -2 8 -8
right_child=1 2 3 -5 -6 -7 7 -9 -10
leaf_value=0.033095628888376298 -0.032607292383909227 0.033970705986022948 0.014252662360668184 -0.03416101705460322 0.035505167701665091 -0.025521399267017842 -0.01849879670787502 -0.035731735825538638 0.018218618512153627
leaf_weight=31 24 25 20 21 34 32 37 23 25
leaf_count=31 24 25 20 21 34 32 37 23 25
internal_value=0 -0.00425711 0.0061169 -0.000391002 0.00785516 -0.0102237 -0.0168201 -0.0123626 -0.00369339
internal_weight=0 241 132 107 86 52 109 85 62
internal_count=272 241 132 107 86 52 109 85 62
shrinkage=0.1


Tree=9
num_leaves=11
num_cat=0
split_feature=0 2 13 8 1 15 15 11 7 13
split_gain=3.31677 2.47775 3.24919 2.65267 2.77454 2.22749 1.74828 1.48186 1.24845 0.954042
threshold=42.500000000000007 29.500000000000004 16.500000000000004 6.5000000000000009 1.0000000180025095e-35 11.500000000000002 7.5000000000000009 2.5000000000000004 9.5000000000000018 6.5000000000000009
decision_type=2 2 2 2 2 2 2 2 2 2
left_child=1 2 3 8 -5 -3 9 -8 -1 -6
right_child=-2 5 -4 4 6 -7 7 -9 -10 -11
leaf_value=0.0013127258845738003 0.029717706189011085 -0.0039486015284502952 0.036411542153876757 -0.037477472325166065 -0.031374262137846519 -0.045818818360567094 0.027745859146118164 -0.0078395057808269154 0.036222989857196811 -0.0028212950229644777
leaf_weight=21 33 27 23 30 22 24 25 22 20 25
leaf_count=21 33 27 23 30 22 24 25 22 20 25
internal_value=0 -0.00410328 0.00119989 -0.0037084 -0.0109993 -0.0236522 -0.00254882 0.0110889 0.0183421 -0.0161865
internal_weight=0 239 188 165 124 51 94 47 41 47
internal_count=272 239 188 165 124 51 94 47 41 47
shrinkage=0.1


Tree=10
num_leaves=10
num_cat=0
split_feature=2 0 2 13 15 9 9 8 0
split_gain=2.7957 2.46287 3.2775 2.36378 2.81833 1.03942 1.80952 1.27271 0.62609
threshold=13.500000000000002 27.500000000000004 28.500000000000004 3.5000000000000004 14.500000000000002 11.500000000000002 6.5000000000000009 7.5000000000000009 19.500000000000004
decision_type=2 2 2 2 2 2 2 2 2
left_child=-1 2 5 -3 -5 6 8 -8 -2
right_child=1 3 -4 4 -6 -7 7 -9 -10
leaf_value=0.028267568830520881 -0.006780681163072586 0.036519620070854825 -0.042873877397289983 -0.018090174810306444 0.024871259240003732 0.012902756973549171 -0.0068848357959227129 -0.040527915825014527 0.014646694660186768
leaf_weight=31 30 24 27 37 26 27 22 23 25
leaf_count=31 30 24 27 37 26 27 22 23 25
internal_value=0 -0.00363608 -0.0112343 0.00981365 -0.000360059 -0.00450777 -0.00920862 -0.0240802 0.00295904
internal_weight=0 241 154 87 63 127 100 45 55
internal_count=272 241 154 87 63 127 100 45 55
shrinkage=0.1


end of trees

feature_importances:
Column_0=17
Column_2=17
Column_8=13
Column_13=12
Column_9=9
Column_15=9
Column_7=8
Column_14=7
Column_1=5
Column_5=4
Column_3=1
Column_4=1
Column_10=1
Column_11=1

parameters:
[boosting: gbdt]
[objective: regression]
[metric: l2]
[tree_learner: serial]
[device_type: cpu]
[data: ]
[valid: ]
[num_iterations: 10000]
[learning_rate: 0.1]
[num_leaves: 31]
[num_threads: 0]
[deterministic: 0]
[force_col_wise: 0]
[force_row_wise: 0]
[histogram_pool_size: -1]
[max_depth: -1]
[min_data_in_leaf: 20]
[min_sum_hessian_in_leaf: 0.001]
[bagging_fraction: 1]
[pos_bagging_fraction: 1]
[neg_bagging_fraction: 1]
[bagging_freq: 0]
[bagging_seed: 3]
[feature_fraction: 1]
[feature_fraction_bynode: 1]
[feature_fraction_seed: 2]
[extra_trees: 0]
[extra_seed: 6]
[early_stopping_round: 10]
[first_metric_only: 0]
[max_delta_step: 0]
[lambda_l1: 0]
[lambda_l2: 0]
[min_gain_to_split: 0]
[drop_rate: 0.1]
[max_drop: 50]
[skip_drop: 0.5]
[xgboost_dart_mode: 0]
[uniform_drop: 0]
[drop_seed: 4]
[top_rate: 0.2]
[other_rate: 0.1]
[min_data_per_group: 100]
[max_cat_threshold: 32]
[cat_l2: 10]
[cat_smooth: 10]
[max_cat_to_onehot: 4]
[top_k: 20]
[monotone_constraints: ]
[monotone_constraints_method: basic]
[monotone_penalty: 0]
[feature_contri: ]
[forcedsplits_filename: ]
[refit_decay_rate: 0.9]
[cegb_tradeoff: 1]
[cegb_penalty_split: 0]
[cegb_penalty_feature_lazy: ]
[cegb_penalty_feature_coupled: ]
[path_smooth: 0]
[interaction_constraints: ]
[verbosity: 1]
[saved_feature_importance_type: 0]
[max_bin: 255]
[max_bin_by_feature: ]
[min_data_in_bin: 3]
[bin_construct_sample_cnt: 200000]
[data_random_seed: 1]
[is_enable_sparse: 1]
[enable_bundle: 1]
[use_missing: 1]
[zero_as_missing: 0]
[feature_pre_filter: 1]
[pre_partition: 0]
[two_round: 0]
[header: 0]
[label_column: ]
[weight_column: ]
[group_column: ]
[ignore_column: ]
[categorical_feature: ]
[forcedbins_filename: ]
[objective_seed: 5]
[num_class: 1]
[is_unbalance: 0]
[scale_pos_weight: 1]
[sigmoid: 1]
[boost_from_average: 1]
[reg_sqrt: 0]
[alpha: 0.9]
[fair_c: 1]
[poisson_max_delta_step: 0.7]
[tweedie_variance_power: 1.5]
[lambdarank_truncation_level: 30]
[lambdarank_norm: 1]
[label_gain: ]
[eval_at: ]
[multi_error_top_k: 1]
[auc_mu_weights: ]
[num_machines: 1]
[local_listen_port: 12400]
[time_out: 120]
[machine_list_filename: ]
[machines: ]
[gpu_platform_id: -1]
[gpu_device_id: -1]
[gpu_use_dp: 0]
[num_gpu: 1]

end of parameters

pandas_categorical:null
