tree
version=v3
num_class=1
num_tree_per_iteration=1
label_index=0
max_feature_idx=15
objective=regression
feature_names=Column_0 Column_1 Column_2 Column_3 Column_4 Column_5 Column_6 Column_7 Column_8 Column_9 Column_10 Column_11 Column_12 Column_13 Column_14 Column_15
feature_infos=[1:49] [0:66] [1:49] [0:44] [0:7] [0:8] [0:7] [0:186] [0:160] [3:168] [0:7] [0:7] [0:7] [0:135] [0:115] [0:129]
tree_sizes=2728 2746 2763 2754 2744 2760 2737 2753 2752

Tree=0
num_leaves=31
num_cat=0
split_feature=3 0 2 0 8 0 2 13 2 10 14 2 5 9 0 13 7 13 9 9 0 10 7 15 11 12 14 15 11 13
split_gain=32.7495 14.5973 14.107 12.8308 12.5 11.2642 10.8167 11.1546 10.022 9.10348 9.03696 7.4067 11.3891 9.41035 7.13155 6.59553 6.09709 5.89201 5.59483 5.40851 5.13756 5.07539 4.81507 4.66765 4.58239 4.51807 4.52354 4.40561 4.17328 4.17083
threshold=6.5000000000000009 32.500000000000007 16.500000000000004 32.500000000000007 11.500000000000002 19.500000000000004 18.500000000000004 2.5000000000000004 33.500000000000007 2.5000000000000004 1.0000000180025095e-35 30.500000000000004 2.5000000000000004 5.5000000000000009 20.500000000000004 5.5000000000000009 6.5000000000000009 36.500000000000007 19.500000000000004 6.5000000000000009 27.500000000000004 2.5000000000000004 7.5000000000000009 7.5000000000000009 2.5000000000000004 2.5000000000000004 3.5000000000000004 8.5000000000000018 2.5000000000000004 6.5000000000000009
decision_type=2 2 2 2 2 2 2 2 2 2 2 2 2 2 2 2 2 2 2 2 2 2 2 2 2 2 2 2 2 2
left_child=1 2 29 4 -2 9 23 -8 22 18 16 12 19 27 -9 -15 -7 -3 24 25 -14 -21 -5 -6 -4 26 -12 -13 -28 -1
right_child=3 17 5 8 6 10 7 14 -10 -11 11 13 20 15 -16 -17 -18 -19 -20 21 -22 -23 -24 -25 -26 -27 28 -29 -30 -31
leaf_value=0.084494919042700234 0.024424539402350343 0.073694919373506029 0.037313102110773391 0.033828253718241864 0.075494919281118816 0.12049491808902593 0.041083155486836914 -0.037592034244839048 0.012494920950048869 -0.0062397724312022521 0.097994918685072374 0.012494920950048869 0.069836236796292167 0.081364484343019738 -0.0012697845676638911 0.018081127698616646 0.046858556403359751 0.017637777956666826 0.075494919281118816 0.031744920440098023 0.03240981403950563 -0.0050864739330404238 0.085879534390635837 0.014612567952773908 0.0094668836470868933 0.0090663496123035668 0.032193033635774242 -0.051678990393401264 0.080494919148664051 0.05317784670158765
leaf_weight=65 341 175 132 27 20 23 34 115 55 98 24 20 167 23 102 58 22 21 24 288 47 43 52 34 107 21 53 23 27 123
leaf_count=65 341 175 132 27 20 23 34 115 55 98 24 20 167 23 102 58 22 21 24 288 47 43 52 34 107 21 53 23 27 123
internal_value=0.0338832 0.0421426 0.0385353 0.0171103 0.0112689 0.0345449 -0.0034395 -0.0121744 0.045271 0.0197747 0.0409002 0.0384294 0.0425845 0.0159788 -0.0205189 0.0360505 0.0844949 0.0676888 0.0294683 0.0336528 0.0616164 0.0269602 0.0680899 0.0371616 0.0248464 0.0513749 0.059918 -0.0218307 0.0484949 0.0640056
internal_weight=0 1584 1388 780 646 1200 305 251 134 361 839 794 670 124 217 81 45 196 263 456 214 331 79 54 239 125 104 43 80 188
internal_count=2364 1584 1388 780 646 1200 305 251 134 361 839 794 670 124 217 81 45 196 263 456 214 331 79 54 239 125 104 43 80 188
shrinkage=1


Tree=1
num_leaves=31
num_cat=0
split_feature=3 2 0 2 10 0 0 2 0 2 9 0 9 13 7 3 9 15 9 15 4 13 12 5 5 0 14 15 10 14
split_gain=27.1317 14.4177 15.1939 11.5143 10.9495 8.39483 7.59562 9.03529 7.40413 6.86407 11.5564 13.8827 8.06424 6.85524 6.59553 5.81569 5.75071 5.65801 7.018 5.24197 5.10176 5.09915 5.0926 4.69722 4.65413 7.37019 5.35873 4.64969 4.47383 4.44437
threshold=8.5000000000000018 16.500000000000004 19.500000000000004 28.500000000000004 2.5000000000000004 32.500000000000007 29.500000000000004 34.500000000000007 27.500000000000004 30.500000000000004 5.5000000000000009 21.500000000000004 6.5000000000000009 9.5000000000000018 16.500000000000004 16.500000000000004 10.500000000000002 7.5000000000000009 15.500000000000002 18.500000000000004 2.5000000000000004 6.5000000000000009 2.5000000000000004 3.5000000000000004 2.5000000000000004 26.500000000000004 9.5000000000000018 7.5000000000000009 1.5000000000000002 10.500000000000002
decision_type=2 2 2 2 2 2 2 2 2 2 2 2 2 2 2 2 2 2 2 2 2 2 2 2 2 2 2 2 2 2
left_child=1 20 4 8 -3 9 28 -8 15 12 -11 -12 23 -7 24 16 -2 -15 -19 -18 -1 -13 -9 -4 26 -26 27 -14 -5 -10
right_child=3 2 5 6 -6 13 7 22 29 10 11 21 14 17 -16 -17 19 18 -20 -21 -22 -23 -24 -25 25 -27 -28 -29 -30 -31
leaf_value=0.017629463079717609 -0.024974447104238698 -0.0036591924342912496 0.018655741477327726 -0.015741444627443948 -0.040220836223217482 0.046136836601155147 0.030644168095155196 -0.0045556395142166703 0.047940118926944157 -0.0534175807354497 -0.067357161099260501 0.049760509826041556 0.0019002264454251246 0.03958521807515944 0.04221000945245898 -0.065329582350594662 -0.0049587122647159077 0.013709730055274033 -0.058544730246067045 0.048991996827332872 0.048020733594894414 0.0015688741648638691 -0.065423778125217977 0.063528345410640424 0.029276443553227251 -0.026362361945211889 -0.043411689030157553 -0.031269874930381775 -0.055511499444643654 0.00084208787656297871
leaf_weight=143 124 291 227 36 114 98 33 27 33 51 22 37 273 37 37 21 83 41 20 23 90 54 28 26 93 32 37 50 132 51
leaf_count=143 124 291 227 36 114 98 33 27 33 51 22 37 273 37 37 21 83 41 20 23 90 54 28 26 93 32 37 50 132 51
internal_value=0 0.0061852 0.00267758 -0.0185556 -0.0139506 0.008611 -0.0345227 -0.0107228 -0.00635385 0.0046818 -0.0139042 0.00392921 0.00861485 0.027435 0.00151326 -0.0149542 -0.0103547 0.00873324 -0.00998026 0.00674757 0.0293686 0.0211633 -0.0355431 0.0232672 -0.00159144 0.0150329 -0.00736379 -0.00323446 -0.0469893 0.0193449
internal_weight=0 1773 1540 591 405 1135 256 88 335 939 164 113 775 196 522 251 230 98 61 106 233 91 55 253 485 125 360 323 168 84
internal_count=2364 1773 1540 591 405 1135 256 88 335 939 164 113 775 196 522 251 230 98 61 106 233 91 55 253 485 125 360 323 168 84
shrinkage=0.1


Tree=2
num_leaves=31
num_cat=0
split_feature=3 2 0 8 2 6 2 3 9 5 14 0 13 15 4 15 11 9 14 13 12 1 14 15 1 1 9 10 10 10
split_gain=22.1475 9.66637 9.93879 9.16112 9.03401 8.14108 10.816 7.44734 7.11101 6.88307 6.76653 5.90358 5.67961 5.31502 5.1918 6.86391 5.08671 6.20158 4.86996 6.85523 4.56393 7.03741 6.99839 5.36658 4.67202 4.54586 5.19128 4.53175 5.0169 6.45447
threshold=6.5000000000000009 19.500000000000004 24.500000000000004 11.500000000000002 38.500000000000007 2.5000000000000004 20.500000000000004 13.500000000000002 19.500000000000004 3.5000000000000004 1.0000000180025095e-35 13.500000000000002 13.500000000000002 4.5000000000000009 3.5000000000000004 15.500000000000002 2.5000000000000004 8.5000000000000018 6.5000000000000009 9.5000000000000018 2.5000000000000004 8.5000000000000018 7.5000000000000009 7.5000000000000009 15.500000000000002 11.500000000000002 6.5000000000000009 2.5000000000000004 1.5000000000000002 1.0000000180025095e-35
decision_type=2 2 2 2 2 2 2 2 2 2 2 2 2 2 2 2 2 2 2 2 2 2 2 2 2 2 2 2 2 2
left_child=1 9 4 20 8 13 -7 14 10 11 -3 -1 16 -5 15 -8 17 -4 -13 -20 22 -22 23 -2 -23 26 -24 28 29 -12
right_child=3 2 12 5 -6 6 7 -9 -10 -11 27 18 -14 -15 -16 -17 -18 -19 19 -21 21 24 25 -25 -26 -27 -28 -29 -30 -31
leaf_value=-0.015643398960431418 0.0078893189890342844 0.04453554728201458 -0.021231598203832455 -0.012664507044122576 -0.049451173369477436 0.037293298180038868 -0.037994824862871014 -0.053847642242908479 0.036414327900460425 0.050428252574056392 0.021578245000405748 0.039277491694235285 -0.0035025316935319174 -0.052198933149740945 0.034283481473508091 0.021099159224279997 0.036155166231945861 0.027695145280588241 0.026296706497669221 -0.013773054834725202 -0.032813879286888802 0.031582280611380555 0.045998914587882259 -0.036997462153434753 -0.018744817290987287 0.058942647622181821 -0.0032653201317441637 -0.022388826572258054 0.001916822459962633 -0.041743140816688541
leaf_weight=54 57 28 44 47 41 37 61 52 47 64 22 92 104 123 23 29 149 63 112 69 101 39 31 50 35 26 69 131 504 60
leaf_count=54 57 28 44 47 41 37 61 52 47 64 22 92 104 123 23 29 149 63 112 69 101 39 31 50 35 26 69 131 504 60
internal_value=0 0.00679217 0.00231995 -0.0137933 -0.00368038 -0.025143 -0.0115719 -0.0225295 -0.00131093 0.0204376 -0.00369091 0.0145678 0.0162041 -0.0412688 -0.0081176 -0.0189534 0.0242099 0.00757574 0.0205437 0.0110215 -0.00344504 -0.0156489 0.00572097 -0.0130858 0.00777892 0.0216918 0.0120066 -0.00557423 -0.00181534 -0.0247545
internal_weight=0 1584 1193 780 833 372 202 165 792 391 745 327 360 170 113 90 256 107 273 181 408 175 233 107 74 126 100 717 586 82
internal_count=2364 1584 1193 780 833 372 202 165 792 391 745 327 360 170 113 90 256 107 273 181 408 175 233 107 74 126 100 717 586 82
shrinkage=0.1


Tree=3
num_leaves=31
num_cat=0
split_feature=3 8 2 0 13 2 0 2 3 1 1 2 15 14 7 12 9 7 15 1 13 8 3 2 9 6 4 12 14 0
split_gain=18.2558 14.8283 13.946 7.85336 7.7628 7.72285 12.8345 7.46933 5.99389 5.60524 5.60392 5.33496 5.85575 4.87337 4.50265 4.44643 4.33057 8.7857 4.43156 6.6518 4.1729 4.12471 3.94233 4.96305 4.82588 4.30013 4.5294 4.13377 4.09288 4.56793
threshold=1.5000000000000002 12.500000000000002 11.500000000000002 31.500000000000004 5.5000000000000009 43.500000000000007 32.500000000000007 33.500000000000007 14.500000000000002 1.0000000180025095e-35 3.5000000000000004 13.500000000000002 5.5000000000000009 22.500000000000004 3.5000000000000004 2.5000000000000004 5.5000000000000009 14.500000000000002 4.5000000000000009 17.500000000000004 11.500000000000002 14.500000000000002 7.5000000000000009 25.500000000000004 10.500000000000002 3.5000000000000004 3.5000000000000004 2.5000000000000004 1.0000000180025095e-35 20.500000000000004
decision_type=2 2 2 2 2 2 2 2 2 2 2 2 2 2 2 2 2 2 2 2 2 2 2 2 2 2 2 2 2 2
left_child=4 3 -3 22 15 6 8 -8 16 -5 -6 -12 -13 -11 -14 -1 17 -4 -18 20 -20 -17 28 24 27 26 -25 -24 -2 -30
right_child=1 2 5 9 10 -7 7 -9 -10 13 11 12 14 -15 -16 21 18 -19 19 -21 -22 -23 23 25 -26 -27 -28 -29 29 -31
leaf_value=0.045050798064080355 0.039777484961918429 0.046697200882819395 -0.054740376503039638 -0.017522096017311358 -0.0072476135157957316 -0.062425535104491496 0.047309926755371545 -0.01573982975062202 -0.058425939083099371 0.040532983680373259 0.053058207210372479 0.035983752686044444 0.047000544965267184 -0.010378685723180356 -0.0031003564596176151 0.029997314956594023 0.0083479171618819244 0.016812910816886208 -0.019516216092190501 0.017308410174316832 -0.053294546874064319 -0.020955900413294634 -0.0018721346150745045 -0.052981278726032803 0.016598613192053403 0.00319187550833731 -0.00027670914476568049 -0.040316692648864373 -0.0049906971650134462 0.013242498636245728
leaf_weight=107 28 31 78 29 164 44 42 34 49 103 34 69 20 23 174 47 64 22 118 36 53 24 88 63 85 33 22 41 439 200
leaf_count=107 28 31 78 29 164 44 42 34 49 103 34 69 20 23 174 47 64 22 118 36 53 24 88 63 85 33 22 41 439 200
internal_value=0 -0.0053485 -0.0185291 0.00117329 0.0144384 -0.0222736 -0.0187118 0.0191035 -0.0255545 0.0221164 0.00758958 0.0157825 0.0109636 0.0312396 0.00206468 0.0321762 -0.021213 -0.0389987 -0.01465 -0.0217605 -0.0299855 0.0127737 -0.00207615 -0.0109802 -0.00190117 -0.0274456 -0.0393401 -0.0140909 0.00235585 0.000716093
internal_weight=0 1725 571 1154 639 540 496 76 420 155 461 297 263 126 194 178 371 100 271 207 171 71 999 332 214 118 85 129 667 639
internal_count=2364 1725 571 1154 639 540 496 76 420 155 461 297 263 126 194 178 371 100 271 207 171 71 999 332 214 118 85 129 667 639
shrinkage=0.1


Tree=4
num_leaves=31
num_cat=0
split_feature=3 13 3 0 2 0 1 12 6 2 4 13 0 15 15 15 2 13 14 0 0 14 10 13 12 0 7 14 2 14
split_gain=14.9195 9.02066 8.88583 6.50431 6.48999 8.4451 8.31318 6.25411 6.17971 6.5066 6.0453 7.23902 6.47245 5.93904 5.89667 5.56957 6.45677 6.1754 7.16249 5.88603 5.55269 6.20219 5.50552 5.26946 5.63638 5.17731 4.6659 4.63023 4.61271 8.0591
threshold=4.5000000000000009 6.5000000000000009 14.500000000000002 22.500000000000004 16.500000000000004 16.500000000000004 2.5000000000000004 2.5000000000000004 3.5000000000000004 17.500000000000004 1.5000000000000002 3.5000000000000004 18.500000000000004 7.5000000000000009 7.5000000000000009 20.500000000000004 34.500000000000007 6.5000000000000009 6.5000000000000009 26.500000000000004 27.500000000000004 12.500000000000002 3.5000000000000004 7.5000000000000009 2.5000000000000004 24.500000000000004 6.5000000000000009 12.500000000000002 30.500000000000004 1.5000000000000002
decision_type=2 2 2 2 2 2 2 2 2 2 2 2 2 2 2 2 2 2 2 2 2 2 2 2 2 2 2 2 2 2
left_child=1 4 8 -4 -1 14 -7 -5 9 23 -10 -12 -13 20 -6 17 19 25 -19 -17 21 -11 -14 24 -2 26 -15 -27 29 -3
right_child=2 28 3 7 5 6 -8 -9 10 13 11 12 22 15 -16 16 -18 18 -20 -21 -22 -23 -24 -25 -26 27 -28 -29 -30 -31
leaf_value=0.053319347192320912 0.019145338166327703 0.047782828997481958 -0.050335291067759191 0.022222617183412827 0.019609969854354859 -0.0016750398693205434 0.038096860905361789 -0.035329794883728026 -0.020015106512152631 -0.0034070917334172203 0.058603124817212429 -0.028723887421868068 0.0094050701113714691 -0.05412454447325539 -0.045534579681627683 -0.0040703015668051585 -0.033587932586669922 -0.019277860720952354 -0.063754947526114325 0.065965586049216138 0.024098463792067308 -0.041548138983706212 0.067882198946816588 0.03772391579367898 -0.039416972575364292 -0.014711608834888625 -0.0073174719224896358 0.049458440054546707 -0.013646228228296553 0.0027841842717689861
leaf_weight=57 42 44 75 35 24 79 157 41 46 459 39 33 69 34 33 28 29 75 70 21 65 47 21 55 27 23 57 22 140 417
leaf_count=57 42 44 75 35 24 79 157 41 46 459 39 33 69 34 33 28 29 75 70 21 65 47 21 55 27 23 57 22 140 417
internal_value=0 0.00968355 -0.00651738 -0.0294429 0.0224459 0.0164399 0.0247834 -0.00882539 -0.00377431 -0.00688292 0.011978 0.0210624 0.00915925 -0.00975189 -0.0181053 -0.0198302 0.00381101 -0.0263925 -0.0407496 0.0259451 -0.00341544 -0.00694984 0.0230497 0.0146344 -0.00377035 -0.0110854 -0.0248058 0.0166604 0.00225121 0.00707907
internal_weight=0 951 1413 151 350 293 236 76 1262 1054 208 162 123 930 57 359 78 281 145 49 571 506 90 124 69 136 91 45 601 461
internal_count=2364 951 1413 151 350 293 236 76 1262 1054 208 162 123 930 57 359 78 281 145 49 571 506 90 124 69 136 91 45 601 461
shrinkage=0.1


Tree=5
num_leaves=31
num_cat=0
split_feature=3 0 2 10 1 0 2 9 15 2 0 8 14 5 15 3 12 14 8 0 15 0 3 10 15 10 5 8 11 13
split_gain=12.8014 8.72881 7.50259 6.71343 8.17002 7.24952 6.38237 4.80028 6.65044 4.76929 5.51491 4.7533 7.16343 4.68192 4.67234 5.0146 4.48619 4.27024 4.19649 4.18852 4.01768 3.92503 3.90557 3.55955 3.46127 3.43153 3.19753 7.35624 4.08759 3.14265
threshold=8.5000000000000018 32.500000000000007 16.500000000000004 2.5000000000000004 22.500000000000004 19.500000000000004 28.500000000000004 8.5000000000000018 17.500000000000004 33.500000000000007 39.500000000000007 16.500000000000004 14.500000000000002 2.5000000000000004 7.5000000000000009 1.0000000180025095e-35 3.5000000000000004 1.0000000180025095e-35 9.5000000000000018 22.500000000000004 4.5000000000000009 28.500000000000004 3.5000000000000004 1.0000000180025095e-35 17.500000000000004 1.5000000000000002 2.5000000000000004 10.500000000000002 2.5000000000000004 11.500000000000002
decision_type=2 2 2 2 2 2 2 2 2 2 2 2 2 2 2 2 2 2 2 2 2 2 2 2 2 2 2 2 2 2
left_child=1 2 16 11 5 -5 7 13 21 -3 -11 12 17 -2 20 -16 -1 22 -14 -8 -13 -9 -4 -19 -17 -25 -21 -28 -29 -27
right_child=6 9 3 4 -6 -7 19 8 -10 10 -12 14 18 -15 15 24 -18 23 -20 26 -22 -23 -24 25 -26 29 27 28 -30 -31
leaf_value=0.026376411141384216 -0.003303978652567477 0.032536098844819256 0.064566405898048768 -0.038108237656680026 0.043233241885900497 -0.0065450669721115462 -0.041425584795627191 -0.012295384576001506 0.039139004116472996 -0.023896338083805185 0.033133339683214823 -0.018208128710587822 0.01573053907465052 -0.042915537357330329 0.00046209903324351595 -0.071592293936630788 -0.011671082440175508 0.036599778703280857 0.073858141380807638 -0.036224898878408941 0.04027993445811065 0.024337408730858254 0.0083378644784291595 -0.019143977503717685 -0.017516664564609527 0.0047921804832496712 0.034087609161030166 0.0079504730372593323 -0.039070849792630064 -0.019979848180498399
leaf_weight=168 74 154 21 110 24 215 94 127 46 39 30 24 27 50 34 29 38 28 23 49 23 38 30 81 20 599 33 29 51 56
leaf_count=168 74 154 21 110 24 215 94 127 46 39 30 24 27 50 34 29 38 28 23 49 23 38 30 81 20 599 33 29 51 56
internal_value=0 0.00424859 0.00158719 -0.0011366 -0.0130702 -0.017228 -0.0127458 -0.0036614 0.00551517 0.0227471 0.000899174 0.00304916 0.00572863 -0.0192764 -0.0147797 -0.0290458 0.0193579 0.00347461 0.0424692 -0.0246335 0.0104137 -0.00385874 0.0314908 0.00160442 -0.0495206 0.000273074 -0.01489 -0.00563857 -0.0220256 0.00267427
internal_weight=0 1773 1550 1344 349 325 591 335 211 223 69 995 865 124 130 83 206 815 50 256 47 165 51 764 49 736 162 113 80 655
internal_count=2364 1773 1550 1344 349 325 591 335 211 223 69 995 865 124 130 83 206 815 50 256 47 165 51 764 49 736 162 113 80 655
shrinkage=0.1


Tree=6
num_leaves=31
num_cat=0
split_feature=3 8 2 13 1 7 2 0 14 0 6 0 2 0 9 3 1 15 14 2 14 7 2 15 15 9 15 7 4 1
split_gain=10.9218 9.89676 6.90442 5.37855 6.80306 7.49299 6.41179 5.35421 4.91986 5.9416 4.68974 4.32529 6.07838 5.59602 4.33777 4.30504 4.28504 4.04 3.96244 4.75081 4.46141 4.83164 3.69995 4.48607 3.6052 5.1374 4.01559 3.55146 3.42693 3.39621
threshold=1.5000000000000002 14.500000000000002 11.500000000000002 8.5000000000000018 6.5000000000000009 13.500000000000002 22.500000000000004 31.500000000000004 8.5000000000000018 21.500000000000004 1.5000000000000002 27.500000000000004 33.500000000000007 32.500000000000007 35.500000000000007 13.500000000000002 1.0000000180025095e-35 14.500000000000002 10.500000000000002 27.500000000000004 6.5000000000000009 10.500000000000002 23.500000000000004 6.5000000000000009 8.5000000000000018 7.5000000000000009 5.5000000000000009 11.500000000000002 2.5000000000000004 14.500000000000002
decision_type=2 2 2 2 2 2 2 2 2 2 2 2 2 2 2 2 2 2 2 2 2 2 2 2 2 2 2 2 2 2
left_child=3 7 -3 6 5 24 28 10 27 -10 22 14 13 -13 -4 29 -9 -14 20 -20 21 -8 -2 -24 26 -26 -5 -6 -1 -12
right_child=1 2 11 4 8 -7 18 16 9 -11 15 12 17 -15 -16 -17 -18 -19 19 -21 -22 -23 23 -25 25 -27 -28 -29 -30 -31
leaf_value=0.026678412055322367 -0.0043627730635709544 0.035410917053620025 -0.029767043470478746 -0.020266619981345487 0.053055381013991987 0.022915477057298028 -0.013484065511892008 -0.015355993581540656 -0.036347611887114391 0.020417653079386113 -0.00019199045857897512 -0.014633235623759608 0.0031012374621171221 0.04332895014021132 0.014543656259775162 -0.023003865062416376 0.024813317682813196 -0.048629483083883929 -0.0012795318056035925 0.059868372480074566 -0.043299718141555789 0.043299294554668931 -0.078630388634545467 -0.012454400658607484 0.031250819563865662 -0.037373408377170562 -0.066253014760357998 0.0064055027961730966 0.061959812300545827 0.021857457098207977
leaf_weight=129 43 24 278 59 47 48 43 33 28 54 864 31 26 36 24 77 136 36 27 24 25 23 21 20 24 20 28 25 35 76
leaf_count=129 43 24 278 59 47 48 43 33 28 54 864 31 26 36 24 77 136 36 27 24 25 23 21 20 24 20 28 25 35 76
internal_value=0 -0.00413694 -0.0167915 0.0111678 0.00237309 -0.0108845 0.0207385 0.000396793 0.0177829 0.00103439 -0.00214708 -0.0196984 -0.00437068 0.0165106 -0.0262457 -0.000271397 0.0169696 -0.026936 0.00518218 0.027496 -0.00732334 0.00630408 -0.0248563 -0.0463494 -0.0232692 5.79887e-05 -0.0350668 0.0368575 0.034208 0.00159073
internal_weight=0 1725 455 639 333 179 306 1270 154 82 1101 431 129 67 302 1017 169 62 142 51 91 66 84 41 131 44 87 72 164 940
internal_count=2364 1725 455 639 333 179 306 1270 154 82 1101 431 129 67 302 1017 169 62 142 51 91 66 84 41 131 44 87 72 164 940
shrinkage=0.1


Tree=7
num_leaves=31
num_cat=0
split_feature=2 0 3 14 7 8 13 3 1 13 15 15 13 1 8 7 14 9 0 1 1 9 0 12 7 2 7 8 1 13
split_gain=9.48736 9.9854 8.03895 8.05194 7.82314 7.89744 6.51225 5.30941 5.30575 4.21565 4.09012 5.13562 5.13659 4.60868 4.46726 4.40859 4.17577 4.37443 4.0471 3.8874 7.28547 5.42254 4.08889 3.41632 4.4322 5.25091 3.33961 3.32776 3.24821 3.20967
threshold=32.500000000000007 32.500000000000007 4.5000000000000009 1.5000000000000002 36.500000000000007 23.500000000000004 5.5000000000000009 19.500000000000004 1.0000000180025095e-35 3.5000000000000004 11.500000000000002 8.5000000000000018 12.500000000000002 3.5000000000000004 6.5000000000000009 13.500000000000002 5.5000000000000009 6.5000000000000009 29.500000000000004 14.500000000000002 9.5000000000000018 11.500000000000002 20.500000000000004 1.5000000000000002 9.5000000000000018 23.500000000000004 20.500000000000004 11.500000000000002 12.500000000000002 16.500000000000004
decision_type=2 2 2 2 2 2 2 2 2 2 2 2 2 2 2 2 2 2 2 2 2 2 2 2 2 2 2 2 2 2
left_child=1 2 3 -1 5 8 -5 19 -2 -10 11 13 -13 14 -8 -15 -12 -18 -11 20 -4 -22 29 -3 25 -25 -7 -19 -26 -21
right_child=4 23 7 6 -6 26 10 -9 9 18 16 12 -14 15 -16 -17 17 27 -20 22 21 -23 -24 24 28 -27 -28 -29 -30 -31
leaf_value=0.044660803727034869 -0.023009173001772094 0.052362950359072007 -0.0028073771868223026 0.020819518504998621 -0.056534459402686678 -0.042129266625497402 -0.048677255399525166 -0.054748848790214182 0.039854571674809318 -0.011914240864087952 0.010784469304546233 0.050025046013650445 -0.0087652652159981113 0.0014601976443559695 -0.0049794465645976449 0.04628888810122455 -0.070087045431137085 0.013210759276435488 0.017281555990840115 0.015175493955612183 -0.049343394854712112 -0.0026176912028615072 0.037113216453128393 0.025425100624561311 0.046607024446129797 -0.026842386658127243 0.0034456977248191836 -0.042442348328503694 0.0075471155571215087 -0.034276144561313449
leaf_weight=58 81 35 810 195 38 82 32 21 33 106 31 42 23 117 87 27 22 21 86 35 63 41 45 40 60 37 20 22 33 21
leaf_count=58 81 35 810 195 38 82 32 21 33 106 31 42 23 117 87 27 22 21 86 35 63 41 45 40 60 37 20 22 33 21
internal_value=0 0.00305487 0.000558796 0.00903315 -0.0131373 -0.0090954 0.00569485 -0.00497898 -0.00106287 0.0068378 -0.00126107 0.00405247 0.0292223 -0.00216822 -0.0167301 0.00986558 -0.0194156 -0.0338188 0.00116304 -0.00394926 -0.00600649 -0.0309227 0.0146677 0.0239123 0.0180548 0.000309555 -0.033193 -0.0152629 0.0327471 -0.00336887
internal_weight=0 1918 1713 677 446 408 619 1036 306 225 424 328 65 263 119 144 96 65 192 1015 914 104 101 205 170 77 102 43 93 56
internal_count=2364 1918 1713 677 446 408 619 1036 306 225 424 328 65 263 119 144 96 65 192 1015 914 104 101 205 170 77 102 43 93 56
shrinkage=0.1


Tree=8
num_leaves=31
num_cat=0
split_feature=3 0 13 2 1 2 2 15 1 13 2 14 7 9 13 9 7 13 0 5 8 7 14 13 15 10 3 8 0 9
split_gain=7.99812 5.98426 8.37411 11.8062 6.27587 4.70386 4.66395 7.47509 4.83817 4.34835 6.16408 5.79266 5.12625 3.9321 5.82728 3.77917 3.5397 3.3834 3.35456 3.95171 5.38743 3.32574 3.3213 3.1344 3.09348 2.97355 2.79478 6.04808 4.02094 4.82133
threshold=8.5000000000000018 20.500000000000004 5.5000000000000009 21.500000000000004 1.5000000000000002 25.500000000000004 16.500000000000004 9.5000000000000018 14.500000000000002 18.500000000000004 17.500000000000004 11.500000000000002 10.500000000000002 5.5000000000000009 12.500000000000002 12.500000000000002 12.500000000000002 9.5000000000000018 22.500000000000004 2.5000000000000004 10.500000000000002 9.5000000000000018 6.5000000000000009 14.500000000000002 12.500000000000002 3.5000000000000004 4.5000000000000009 5.5000000000000009 16.500000000000004 7.5000000000000009
decision_type=2 2 2 2 2 2 2 2 2 2 2 2 2 2 2 2 2 2 2 2 2 2 2 2 2 2 2 2 2 2
left_child=1 6 4 9 -3 15 -1 25 16 10 12 -11 -4 14 22 -2 17 -9 23 24 -21 -12 -5 -7 -20 26 27 -8 29 -29
right_child=5 2 3 13 -6 18 7 8 -10 11 21 -13 -14 -15 -16 -17 -18 -19 19 20 -22 -23 -24 -25 -26 -27 -28 28 -30 -31
leaf_value=0.015548295424534725 -0.0097584933377383807 -0.0015822207407345846 -0.042931975700237136 0.016539848934520374 0.035253261594936768 -0.019823409752412278 -0.033560059909467345 -0.035715329960772868 0.0098828225424795451 0.073955892212688931 0.015804706513881685 0.0053517001867294314 0.015061574663434711 -0.0012685943800106385 -0.053836901634931572 0.01402188539505005 -0.057273759056882159 0.0062402201109919061 -0.047537371963262562 0.032405709061357715 -0.013294761455976046 0.055453664590330687 -0.032351154337326687 -0.053784450320970449 0.00063014507293701182 -0.030373040130061493 -0.0034176213523516292 -0.029544697747086037 0.028772498484243427 0.022390355513646053
leaf_weight=130 178 63 27 33 174 77 27 57 33 32 56 20 35 285 40 107 41 29 40 36 91 34 24 42 20 31 416 33 114 39
leaf_count=130 178 63 27 33 174 77 27 57 33 32 56 20 35 285 40 107 41 29 40 36 91 34 24 42 20 31 416 33 114 39
internal_value=0 0.00335822 0.00960006 0.00318509 0.0254616 -0.0100747 -0.00204918 -0.00483903 -0.0242306 0.0226083 0.0140689 0.0475697 -0.0101937 -0.00718753 -0.0245782 -0.000830421 -0.0330947 -0.0215675 -0.0186845 -0.0103321 -0.000340297 0.0307832 -0.00404584 -0.0318097 -0.0314815 -0.000138034 0.00135209 0.0106676 0.0170877 -0.00141321
internal_weight=0 1773 823 586 237 591 950 820 160 204 152 52 62 382 97 285 127 86 306 187 127 90 57 119 60 660 629 213 186 72
internal_count=2364 1773 823 586 237 591 950 820 160 204 152 52 62 382 97 285 127 86 306 187 127 90 57 119 60 660 629 213 186 72
shrinkage=0.1


end of trees

feature_importances:
Column_0=37
Column_2=34
Column_13=25
Column_15=25
Column_14=22
Column_9=20
Column_3=19
Column_1=18
Column_7=16
Column_8=13
Column_10=12
Column_12=9
Column_5=7
Column_4=5
Column_6=4
Column_11=4

parameters:
[boosting: gbdt]
[objective: regression]
[metric: l2]
[tree_learner: serial]
[device_type: cpu]
[data: ]
[valid: ]
[num_iterations: 10000]
[learning_rate: 0.1]
[num_leaves: 31]
[num_threads: 0]
[deterministic: 0]
[force_col_wise: 0]
[force_row_wise: 0]
[histogram_pool_size: -1]
[max_depth: -1]
[min_data_in_leaf: 20]
[min_sum_hessian_in_leaf: 0.001]
[bagging_fraction: 1]
[pos_bagging_fraction: 1]
[neg_bagging_fraction: 1]
[bagging_freq: 0]
[bagging_seed: 3]
[feature_fraction: 1]
[feature_fraction_bynode: 1]
[feature_fraction_seed: 2]
[extra_trees: 0]
[extra_seed: 6]
[early_stopping_round: 10]
[first_metric_only: 0]
[max_delta_step: 0]
[lambda_l1: 0]
[lambda_l2: 0]
[min_gain_to_split: 0]
[drop_rate: 0.1]
[max_drop: 50]
[skip_drop: 0.5]
[xgboost_dart_mode: 0]
[uniform_drop: 0]
[drop_seed: 4]
[top_rate: 0.2]
[other_rate: 0.1]
[min_data_per_group: 100]
[max_cat_threshold: 32]
[cat_l2: 10]
[cat_smooth: 10]
[max_cat_to_onehot: 4]
[top_k: 20]
[monotone_constraints: ]
[monotone_constraints_method: basic]
[monotone_penalty: 0]
[feature_contri: ]
[forcedsplits_filename: ]
[refit_decay_rate: 0.9]
[cegb_tradeoff: 1]
[cegb_penalty_split: 0]
[cegb_penalty_feature_lazy: ]
[cegb_penalty_feature_coupled: ]
[path_smooth: 0]
[interaction_constraints: ]
[verbosity: 1]
[saved_feature_importance_type: 0]
[max_bin: 255]
[max_bin_by_feature: ]
[min_data_in_bin: 3]
[bin_construct_sample_cnt: 200000]
[data_random_seed: 1]
[is_enable_sparse: 1]
[enable_bundle: 1]
[use_missing: 1]
[zero_as_missing: 0]
[feature_pre_filter: 1]
[pre_partition: 0]
[two_round: 0]
[header: 0]
[label_column: ]
[weight_column: ]
[group_column: ]
[ignore_column: ]
[categorical_feature: ]
[forcedbins_filename: ]
[objective_seed: 5]
[num_class: 1]
[is_unbalance: 0]
[scale_pos_weight: 1]
[sigmoid: 1]
[boost_from_average: 1]
[reg_sqrt: 0]
[alpha: 0.9]
[fair_c: 1]
[poisson_max_delta_step: 0.7]
[tweedie_variance_power: 1.5]
[lambdarank_truncation_level: 30]
[lambdarank_norm: 1]
[label_gain: ]
[eval_at: ]
[multi_error_top_k: 1]
[auc_mu_weights: ]
[num_machines: 1]
[local_listen_port: 12400]
[time_out: 120]
[machine_list_filename: ]
[machines: ]
[gpu_platform_id: -1]
[gpu_device_id: -1]
[gpu_use_dp: 0]
[num_gpu: 1]

end of parameters

pandas_categorical:null
