tree
version=v3
num_class=1
num_tree_per_iteration=1
label_index=0
max_feature_idx=15
objective=regression
feature_names=Column_0 Column_1 Column_2 Column_3 Column_4 Column_5 Column_6 Column_7 Column_8 Column_9 Column_10 Column_11 Column_12 Column_13 Column_14 Column_15
feature_infos=[1:49] [0:49] [1:49] [0:48] [0:7] [0:6] [0:7] [0:165] [3:158] [0:130] [0:7] [0:7] [0:7] [0:146] [0:146] [0:166]
tree_sizes=2658 2744 2754 2758 2760 2753 2749 2750 2742 2731 2740 2758 2755 2775 2750 2769 2759 2774

Tree=0
num_leaves=31
num_cat=0
split_feature=2 0 2 1 10 1 14 2 15 8 3 0 3 3 7 13 3 1 13 11 8 8 14 3 0 8 7 13 8 13
split_gain=49.7399 39.0586 11.0723 16.0869 9.60651 7.87254 7.08206 6.804 6.40522 7.65836 5.73282 5.49867 5.43362 5.43053 5.44628 6.85991 5.41769 5.04552 4.91445 4.90667 4.8735 4.59655 4.4522 5.3568 4.374 4.25105 4.94867 4.18708 4.03789 5.96811
threshold=35.500000000000007 16.500000000000004 26.500000000000004 12.500000000000002 2.5000000000000004 5.5000000000000009 7.5000000000000009 42.500000000000007 12.500000000000002 10.500000000000002 4.5000000000000009 25.500000000000004 7.5000000000000009 1.5000000000000002 3.5000000000000004 5.5000000000000009 10.500000000000002 9.5000000000000018 4.5000000000000009 3.5000000000000004 12.500000000000002 14.500000000000002 5.5000000000000009 1.0000000180025095e-35 12.500000000000002 6.5000000000000009 9.5000000000000018 6.5000000000000009 6.5000000000000009 8.5000000000000018
decision_type=2 2 2 2 2 2 2 2 2 2 2 2 2 2 2 2 2 2 2 2 2 2 2 2 2 2 2 2 2 2
left_child=1 4 3 8 5 -1 7 10 13 16 -2 -12 21 18 15 -15 17 -10 -3 -20 -11 -6 -5 -24 -7 -25 -27 -22 -16 -30
right_child=6 2 -4 22 12 24 -8 -9 9 20 11 -13 -14 14 28 -17 -18 -19 19 -21 27 -23 23 25 -26 26 -28 -29 29 -31
leaf_value=0.070362741137519363 0.054528155090827236 0.1672172277358383 0.097714967133580577 0.17409958049469471 0.098099582508007141 0.085385297130534971 0.045833396842228535 0.044242441077591337 0.11204695055958068 0.030099584309391955 0.081360452516660048 0.14848419655788603 0.032607780964258912 0.1230995818457333 0.13229312998928422 0.06017275424443231 0.081099582958353345 0.17409958049469471 0.13350774483531727 0.080242440123917014 0.1230995818457333 0.045099583912027653 0.10463804387325859 0.18309958025627612 0.13167101019009658 0.11109958216362474 0.1587245809019931 0.067714967928309167 0.11638446574455337 0.091492439825893793
leaf_weight=95 21 34 351 40 36 35 139 35 38 20 23 26 61 30 124 41 30 20 98 21 21 30 39 26 49 40 48 39 688 112
leaf_count=95 21 34 351 40 36 35 139 35 38 20 23 26 61 30 124 41 30 20 98 21 21 30 39 26 49 40 48 39 688 112
internal_value=0.103444 0.108266 0.113712 0.117434 0.0751584 0.0900828 0.0606406 0.0802424 0.11348 0.0952424 0.0982424 0.116977 0.0541232 0.116148 0.113451 0.0867616 0.1156 0.133444 0.133688 0.124108 0.0728496 0.0740087 0.144395 0.136629 0.112385 0.147573 0.137077 0.0870996 0.115502 0.1129
internal_weight=0 2166 1860 1509 306 179 244 105 1316 168 70 49 127 1148 995 71 88 58 153 119 80 66 193 153 84 114 88 60 924 800
internal_count=2410 2166 1860 1509 306 179 244 105 1316 168 70 49 127 1148 995 71 88 58 153 119 80 66 193 153 84 114 88 60 924 800
shrinkage=1


Tree=1
num_leaves=31
num_cat=0
split_feature=2 0 1 2 15 1 2 15 1 15 0 12 3 13 13 9 0 8 2 14 13 0 3 13 13 3 15 15 7 13
split_gain=40.2894 31.6375 9.04946 12.1102 8.90901 8.34256 8.24578 7.33712 6.39814 6.38298 6.37311 6.24725 6.09837 6.07597 5.8243 9.16672 5.11783 5.06759 4.59641 5.04271 8.12127 4.5531 4.73539 4.45886 4.28873 4.27104 5.38038 4.22536 3.9109 4.73383
threshold=35.500000000000007 16.500000000000004 12.500000000000002 30.500000000000004 11.500000000000002 7.5000000000000009 24.500000000000004 12.500000000000002 10.500000000000002 19.500000000000004 31.500000000000004 3.5000000000000004 15.500000000000002 14.500000000000002 3.5000000000000004 7.5000000000000009 22.500000000000004 11.500000000000002 40.500000000000007 11.500000000000002 14.500000000000002 29.500000000000004 1.5000000000000002 12.500000000000002 25.500000000000004 13.500000000000002 1.5000000000000002 3.5000000000000004 3.5000000000000004 5.5000000000000009
decision_type=2 2 2 2 2 2 2 2 2 2 2 2 2 2 2 2 2 2 2 2 2 2 2 2 2 2 2 2 2 2
left_child=1 5 4 13 10 9 7 -7 14 25 12 18 21 -4 15 -6 -14 -15 19 20 -2 22 -3 -5 -20 26 -1 -12 29 -24
right_child=11 2 3 23 8 6 -8 -9 -10 -11 27 -13 16 17 -16 -17 -18 -19 24 -21 -22 -23 28 -25 -26 -27 -28 -29 -30 -31
leaf_value=0.023187578292120072 0.031152830826930513 0.02714226241740916 0.047804391363988057 -0.038057209593909125 -0.036294881999492649 0.044504748321161039 -0.043219487956075962 -0.021902648040226527 0.030516738576047558 -0.082422367510972205 0.054050954818725586 -0.063254399845997497 -0.061105379332666812 0.038115263539691302 -0.025868678583818323 0.037228048402209613 0.0015929702917734782 -0.011022365093231202 -0.059068673749764759 -0.046583339770634974 -0.043769567168277242 -0.02589936736557219 0.010586677305400373 0.020228503147761027 -0.0055976384878158574 -0.067659208178520211 -0.031364772497461391 0.015384098749894362 0.0093927079874761496 -0.044243623941175397
leaf_weight=21 39 144 148 35 28 41 33 28 34 27 50 72 23 43 170 43 30 41 60 30 23 36 32 21 20 26 130 65 886 31
leaf_count=21 39 144 148 35 28 41 33 28 34 27 50 72 23 43 170 43 30 41 60 30 23 36 32 21 20 26 130 65 886 31
internal_value=0 0.00433963 0.00924165 0.0255378 0.0062561 -0.025457 -0.0021061 0.0175568 -0.0100929 -0.0371325 0.00972255 -0.0385231 0.00753607 0.0356125 -0.0158221 0.00823309 -0.0256157 0.0141314 -0.0281704 -0.0129265 0.00335904 0.00909236 0.0102449 -0.0162001 -0.0457009 -0.0302238 -0.023778 0.0321958 0.00768089 -0.0163933
internal_weight=0 2166 1860 288 1572 306 102 69 275 204 1297 244 1182 232 241 71 53 84 172 92 62 1129 1093 56 80 177 151 115 949 63
internal_count=2410 2166 1860 288 1572 306 102 69 275 204 1297 244 1182 232 241 71 53 84 172 92 62 1129 1093 56 80 177 151 115 949 63
shrinkage=0.1


Tree=2
num_leaves=31
num_cat=0
split_feature=2 0 1 2 1 12 13 5 8 13 11 15 0 8 3 5 4 0 13 3 13 2 9 9 13 9 3 14 14 8
split_gain=32.6529 25.0711 11.9543 10.0765 7.85362 6.47586 5.12043 5.08881 5.05614 8.70156 6.04441 5.05454 4.84987 5.0472 4.53833 4.44522 4.41896 4.54271 4.3571 4.28532 4.25686 4.21022 4.94551 4.18133 4.17888 3.81314 4.30511 3.77149 4.80322 3.65291
threshold=28.500000000000004 16.500000000000004 12.500000000000002 39.500000000000007 7.5000000000000009 2.5000000000000004 7.5000000000000009 2.5000000000000004 6.5000000000000009 8.5000000000000018 3.5000000000000004 19.500000000000004 16.500000000000004 14.500000000000002 13.500000000000002 2.5000000000000004 2.5000000000000004 31.500000000000004 2.5000000000000004 14.500000000000002 1.0000000180025095e-35 24.500000000000004 9.5000000000000018 6.5000000000000009 14.500000000000002 13.500000000000002 4.5000000000000009 3.5000000000000004 1.0000000180025095e-35 11.500000000000002
decision_type=2 2 2 2 2 2 2 2 2 2 2 2 2 2 2 2 2 2 2 2 2 2 2 2 2 2 2 2 2 2
left_child=1 4 8 12 11 7 -6 -5 10 20 25 14 13 -2 -1 18 17 19 -14 -11 -10 27 23 -23 -4 26 -3 28 -22 -26
right_child=3 2 24 5 6 -7 -8 -9 9 16 -12 -13 15 -15 -16 -17 -18 -19 -20 -21 21 22 -24 -25 29 -27 -28 -29 -30 -31
leaf_value=-0.021297719965886027 -0.014586295872446029 0.039381620727601596 0.043666209558497621 -0.04195040319416974 0.02477707583853539 -0.063407403745768989 -0.024237054433578101 0.019682355437959945 0.038792115703542185 -0.019812748633639913 -0.016780163739856923 -0.079093915765935732 0.038343817454117995 -0.075669246415297195 -0.071221391076133372 -0.023583133174822885 0.0092636730426397095 0.013811588287353516 -0.0055285426080226904 -0.069254078269004829 -0.0038129866123199465 -0.0035574187835057582 0.021286311626434327 -0.061993304014205934 0.035645243972539903 0.047916310727596285 0.0057363540819375825 0.0079682824660108811 0.054359910041093834 -0.0076504602244025777
leaf_weight=137 31 61 134 37 47 81 39 21 47 142 38 22 26 24 21 130 78 35 175 20 22 24 25 25 40 60 101 689 40 38
leaf_count=137 31 61 134 37 47 81 39 21 47 142 38 22 26 24 21 130 78 35 175 20 22 24 25 25 40 60 101 689 40 38
internal_value=0 0.00614294 0.0108176 -0.0220561 -0.0223091 -0.0451427 0.00254974 -0.0196351 0.00748209 0.004628 0.020073 -0.0341861 -0.0137425 -0.0412407 -0.0279331 -0.0091733 -0.0108819 -0.0188583 0.000146489 -0.0259166 0.0095193 0.00785164 -0.0149061 -0.0333716 0.0329545 0.0263812 0.0184053 0.0100941 0.0337179 0.0145525
internal_weight=0 1885 1619 525 266 139 86 58 1407 1147 260 180 386 55 158 331 275 197 201 162 872 825 74 49 212 222 162 751 62 78
internal_count=2410 1885 1619 525 266 139 86 58 1407 1147 260 180 386 55 158 331 275 197 201 162 872 825 74 49 212 222 162 751 62 78
shrinkage=0.1


Tree=3
num_leaves=31
num_cat=0
split_feature=2 0 2 1 10 14 9 2 15 1 15 15 8 15 13 8 1 14 3 0 3 4 14 0 7 3 8 4 0 13
split_gain=26.8978 20.5386 6.90535 8.54536 6.21351 5.16579 5.86364 5.57198 12.3807 4.68203 4.19129 4.11613 5.49826 4.05708 3.93721 3.89585 3.89454 3.70631 4.09618 3.66168 3.57571 3.59428 3.37177 3.3299 7.30902 7.12532 6.24572 4.5499 4.50252 4.25807
threshold=35.500000000000007 16.500000000000004 26.500000000000004 12.500000000000002 2.5000000000000004 7.5000000000000009 5.5000000000000009 39.500000000000007 13.500000000000002 5.5000000000000009 3.5000000000000004 12.500000000000002 10.500000000000002 15.500000000000002 1.0000000180025095e-35 12.500000000000002 11.500000000000002 5.5000000000000009 1.0000000180025095e-35 35.500000000000007 15.500000000000002 2.5000000000000004 12.500000000000002 31.500000000000004 16.500000000000004 7.5000000000000009 15.500000000000002 2.5000000000000004 22.500000000000004 11.500000000000002
decision_type=2 2 2 2 2 2 2 2 2 2 2 2 2 2 2 2 2 2 2 2 2 2 2 2 2 2 2 2 2 2
left_child=1 4 3 11 9 6 -2 -8 -9 22 -6 14 13 -13 -3 -14 -12 -5 -19 20 21 -16 -1 25 27 26 29 -25 -27 -4
right_child=5 2 23 17 10 -7 7 8 -10 -11 16 12 15 -15 19 -17 -18 18 -20 -21 -22 -23 -24 24 -26 28 -28 -29 -30 -31
leaf_value=-0.011178979630384481 -0.063452487587928777 0.039378973772359452 -0.017438953133190379 0.057186859846115115 -0.0039839795951185563 -0.044122562691462128 0.028085179714595572 0.026068989753723144 -0.072490923221294704 0.0087402184804280594 -0.057987170470388316 -0.02488138849536578 -0.064263331890106204 0.023330320324748757 0.0065582214684590055 -0.013300285240014396 -0.010209699110551314 -0.0049757511187822397 0.032569093688538199 0.041345929196386633 -0.022600300061075312 0.025382568334278308 -0.05208806333870724 0.014247861441145551 0.05705912375450134 -0.063425968686739609 0.050077348947525024 -0.035598895351092022 -0.017998519763350488 0.026382323900858564
leaf_weight=66 20 43 85 40 29 139 34 25 26 84 76 24 20 64 920 60 22 39 114 33 38 114 29 47 25 30 24 30 80 30
leaf_count=66 20 43 85 40 29 139 34 25 26 84 76 24 20 64 920 60 22 39 114 33 38 114 29 47 25 30 24 30 80 30
internal_value=0 0.00354581 0.00749548 0.0104341 -0.020462 -0.0314763 -0.0147352 -0.00327227 -0.0241772 -0.00845915 -0.0373793 0.00755226 -0.00706724 0.0101817 0.0096917 -0.026041 -0.0472616 0.0300844 0.0229988 0.00853645 0.00752646 0.00863363 -0.023667 -0.00513813 0.01008 -0.0113721 0.00367637 -0.00517295 -0.0303878 -0.00600732
internal_weight=0 2166 1860 1509 306 244 105 85 51 179 127 1316 168 88 1148 80 98 193 153 1105 1072 1034 95 351 102 249 139 77 110 115
internal_count=2410 2166 1860 1509 306 244 105 85 51 179 127 1316 168 88 1148 80 98 193 153 1105 1072 1034 95 351 102 249 139 77 110 115
shrinkage=0.1


Tree=4
num_leaves=31
num_cat=0
split_feature=2 0 2 0 1 15 1 0 12 10 3 0 10 6 0 3 5 5 8 0 6 14 14 11 7 9 9 13 2 9
split_gain=22.0368 11.2103 9.60176 11.5054 6.87027 6.61133 5.90663 5.07631 4.90111 4.09228 6.21923 4.1655 4.03902 6.43301 6.20392 5.73196 4.01329 3.82131 3.67628 3.56844 4.27805 3.69642 4.50902 5.99068 6.24101 3.45224 3.85617 3.41426 3.33619 3.17103
threshold=23.500000000000004 12.500000000000002 39.500000000000007 16.500000000000004 12.500000000000002 24.500000000000004 26.500000000000004 29.500000000000004 2.5000000000000004 1.5000000000000002 14.500000000000002 19.500000000000004 2.5000000000000004 1.0000000180025095e-35 31.500000000000004 5.5000000000000009 2.5000000000000004 2.5000000000000004 17.500000000000004 20.500000000000004 3.5000000000000004 1.5000000000000002 10.500000000000002 3.5000000000000004 9.5000000000000018 4.5000000000000009 13.500000000000002 1.0000000180025095e-35 19.500000000000004 8.5000000000000018
decision_type=2 2 2 2 2 2 2 2 2 2 2 2 2 2 2 2 2 2 2 2 2 2 2 2 2 2 2 2 2 2
left_child=1 -1 3 -2 5 9 -6 -7 16 11 19 -3 13 -5 18 -16 -4 25 27 20 -11 -21 23 24 -23 -14 -27 -15 -13 -29
right_child=2 4 8 12 6 7 -8 -9 -10 10 -12 28 17 14 15 -17 -18 -19 -20 21 -22 22 -24 -25 -26 26 -28 29 -30 -31
leaf_value=-0.027269664038433117 -0.038439921672656162 0.0018889324231581254 -0.034449589896846461 -0.050846917927265173 0.034840460618336996 -0.051045913556042849 -0.020575109124183658 0.011486660582678658 -0.052712354615882598 0.0032850373576405233 -0.02217546207564218 0.068884211381276456 0.037319071628153323 0.033852626596178326 -0.0066106824874877929 0.051841824136528318 0.020283968675704228 -0.025105988785503359 0.032267361494802659 0.052877204120159151 0.033223882375978959 -0.0082812142372131348 0.030586230287364888 -0.0476926276087761 0.037206398541072626 -0.023106625466279583 0.011175751392958594 -0.023954753950238231 0.016915695440201533 0.0017479747533798219
leaf_weight=89 107 33 37 20 153 34 22 21 81 744 70 30 20 21 25 51 21 123 31 28 51 70 102 20 53 71 61 80 21 120
leaf_count=89 107 33 37 20 153 34 22 21 81 744 70 30 20 21 25 51 21 123 31 28 51 70 102 20 53 71 61 80 21 120
internal_value=0 0.00718082 -0.0127338 -0.00814696 0.00929246 0.00674605 0.0278739 -0.0271698 -0.0368228 0.00827255 0.00670032 0.0295725 -0.00294415 0.0042135 0.00757084 0.032614 -0.0146323 -0.0120018 1.8135e-05 0.00859293 0.00520564 0.018457 0.0145233 0.00306575 0.0113191 -0.00139782 -0.00726401 -0.00450551 0.0474854 -0.00853312
internal_weight=0 1541 869 730 1452 1277 175 55 139 1222 1138 84 623 348 328 76 58 275 252 1068 795 273 245 143 123 152 132 221 51 200
internal_count=2410 1541 869 730 1452 1277 175 55 139 1222 1138 84 623 348 328 76 58 275 252 1068 795 273 245 143 123 152 132 221 51 200
shrinkage=0.1


Tree=5
num_leaves=31
num_cat=0
split_feature=2 0 1 2 1 6 15 10 0 15 9 9 14 6 15 13 0 11 3 7 15 8 14 9 0 3 1 15 3 15
split_gain=18.3405 14.0482 6.88818 5.56794 5.11821 4.63391 5.07048 4.07193 6.64157 4.76399 4.39599 5.43069 6.97687 4.05048 3.94138 5.91111 3.70562 4.77327 3.79104 5.98231 4.04368 3.52211 3.46233 3.45475 4.32926 4.39337 3.92173 3.3879 3.31799 3.37479
threshold=28.500000000000004 16.500000000000004 12.500000000000002 46.500000000000007 7.5000000000000009 1.0000000180025095e-35 27.500000000000004 1.5000000000000002 19.500000000000004 11.500000000000002 13.500000000000002 16.500000000000004 17.500000000000004 2.5000000000000004 5.5000000000000009 9.5000000000000018 34.500000000000007 3.5000000000000004 9.5000000000000018 6.5000000000000009 3.5000000000000004 5.5000000000000009 6.5000000000000009 9.5000000000000018 17.500000000000004 13.500000000000002 4.5000000000000009 19.500000000000004 13.500000000000002 1.5000000000000002
decision_type=2 2 2 2 2 2 2 2 2 2 2 2 2 2 2 2 2 2 2 2 2 2 2 2 2 2 2 2 2 2
left_child=1 4 7 5 27 -2 16 8 -3 10 23 -12 -13 -10 -6 -16 18 -18 20 -20 22 -11 -7 24 -9 -26 -25 28 29 -1
right_child=3 2 -4 -5 14 6 -8 9 13 21 11 12 -14 -15 15 -17 17 -19 19 -21 -22 -23 -24 26 25 -27 -28 -29 -30 -31
leaf_value=0.022472052872180941 -0.046705730368451381 -0.019968247184386622 0.024906886945355616 -0.068278577029705051 0.035894989279600296 -0.0059135475754737857 -0.039021511300135474 0.044428516461931432 0.015592275305492124 0.017832918377483593 0.061432949701944989 0.028421304171735592 -0.036604895916852086 0.059777356187502545 0.011475959867238998 -0.055107320547103877 0.028675038971990908 -0.026735116676850752 0.01429739773273468 -0.036337066321145924 -0.010830028067811644 -0.017927639402192216 0.051575120741670782 0.0041181582123485964 0.00655572707345596 -0.031211675144731998 -0.032682646957098271 -0.063048151677305056 -0.058176307167325705 -0.021978335502820138
leaf_weight=20 41 26 212 20 26 20 59 29 41 34 30 66 22 42 40 20 53 22 30 105 153 145 22 67 822 32 51 22 21 117
leaf_count=20 41 26 212 20 26 20 59 29 41 34 30 66 22 42 40 20 53 22 30 105 153 145 22 67 822 32 51 22 21 117
internal_value=0 0.00460385 0.00810308 -0.01653 -0.0166941 -0.0144806 -0.0116331 0.00557116 0.0241354 0.00401222 0.00643525 0.0246906 0.0121648 0.037951 0.00337397 -0.0107185 -0.00764316 0.0124214 -0.0122033 -0.025085 -0.00328519 -0.0111351 0.0241996 0.00428328 0.00643087 0.00514056 -0.0117873 -0.0262821 -0.0211628 -0.0154892
internal_weight=0 1885 1619 525 266 505 464 1407 109 1298 1119 118 88 83 86 60 405 75 330 135 195 179 42 1001 883 854 118 180 158 137
internal_count=2410 1885 1619 525 266 505 464 1407 109 1298 1119 118 88 83 86 60 405 75 330 135 195 179 42 1001 883 854 118 180 158 137
shrinkage=0.1


Tree=6
num_leaves=31
num_cat=0
split_feature=2 0 12 11 2 13 0 0 6 15 7 7 3 15 10 0 2 1 14 0 11 9 1 14 10 15 8 2 9 11
split_gain=15.3947 7.69387 6.69999 5.9128 6.03827 5.78618 5.59557 4.83574 4.98391 5.06375 5.05073 5.03227 4.17335 4.00522 3.98902 3.97342 6.38042 3.55523 3.43928 3.37853 3.36147 3.16011 3.15907 6.81383 2.78493 2.89872 2.69651 3.47583 2.66232 6.13187
threshold=23.500000000000004 12.500000000000002 3.5000000000000004 1.5000000000000002 38.500000000000007 19.500000000000004 16.500000000000004 30.500000000000004 3.5000000000000004 24.500000000000004 28.500000000000004 3.5000000000000004 2.5000000000000004 13.500000000000002 2.5000000000000004 24.500000000000004 35.500000000000007 8.5000000000000018 21.500000000000004 29.500000000000004 3.5000000000000004 5.5000000000000009 10.500000000000002 12.500000000000002 2.5000000000000004 6.5000000000000009 22.500000000000004 18.500000000000004 14.500000000000002 2.5000000000000004
decision_type=2 2 2 2 2 2 2 2 2 2 2 2 2 2 2 2 2 2 2 2 2 2 2 2 2 2 2 2 2 2
left_child=1 26 3 -2 6 15 -5 8 9 10 11 -3 -6 19 -9 -4 -17 -13 20 -14 -10 -19 23 -16 25 -23 27 -1 -8 -30
right_child=2 7 5 4 12 -7 28 14 18 -11 -12 17 13 -15 22 16 -18 21 -20 -21 -22 24 -24 -25 -26 -27 -28 -29 29 -31
leaf_value=0.0096524885722569058 0.040938440882242647 -0.020709161971932028 -0.03334929691500043 -0.029661370260374888 0.010905999229067848 -0.05534386439965322 -0.0041994664499063377 0.042575941716923436 0.038093131504108001 -0.030915534641684558 -0.041508157097775007 0.0054149535509337371 -0.043657215710343991 -0.064348321490817595 -0.040254148068251436 0.021588162581125895 -0.037820593447520819 0.051175946574057309 -0.014729049801826478 0.007664707173471866 -0.0052022037180987279 0.056162496859377076 0.033643547126225068 0.031469948245928837 -0.0084432133856941673 0.0098396701472146172 -0.049633551331666803 -0.03761759017195021 0.039418291472471681 -0.0043765040047197461
leaf_weight=35 26 67 73 70 21 52 327 68 97 41 23 904 29 36 27 48 29 31 20 23 22 22 35 26 34 35 26 28 52 83
leaf_count=35 26 67 73 70 21 52 327 68 97 41 23 904 29 36 27 48 29 31 20 23 22 22 35 26 34 35 26 28 52 83
internal_value=0 0.00600185 -0.0106431 -0.00581095 -0.00770718 -0.0265987 -0.00331395 0.00775122 0.00574902 0.00359959 0.00486762 0.00584351 -0.0291494 -0.0387081 0.0243849 -0.0166338 -0.000786564 0.00757745 0.0236403 -0.0209571 0.030089 0.0236012 0.0103282 -0.00506874 0.0142076 0.0277187 -0.0225385 -0.0113564 0.000678086 0.0124926
internal_weight=0 1541 869 667 641 202 532 1452 1296 1157 1116 1093 109 88 156 150 77 1026 139 52 119 122 88 53 91 57 89 63 462 135
internal_count=2410 1541 869 667 641 202 532 1452 1296 1157 1116 1093 109 88 156 150 77 1026 139 52 119 122 88 53 91 57 89 63 462 135
shrinkage=0.1


Tree=7
num_leaves=31
num_cat=0
split_feature=2 0 2 0 1 15 1 3 6 1 7 0 13 0 3 8 15 9 9 13 11 4 2 14 0 14 14 14 15 11
split_gain=12.5263 7.03085 5.19 6.44329 4.51179 6.02372 4.62652 3.95524 3.66012 3.44082 3.15306 3.1129 6.1829 5.25632 4.95046 5.22811 4.44077 3.86654 6.12663 4.25426 4.74513 4.43253 3.05448 2.92284 2.91607 3.74606 3.05603 2.97732 2.7688 2.75478
threshold=24.500000000000004 12.500000000000002 40.500000000000007 16.500000000000004 8.5000000000000018 24.500000000000004 26.500000000000004 14.500000000000002 3.5000000000000004 8.5000000000000018 3.5000000000000004 31.500000000000004 36.500000000000007 29.500000000000004 7.5000000000000009 9.5000000000000018 9.5000000000000018 30.500000000000004 13.500000000000002 18.500000000000004 3.5000000000000004 1.5000000000000002 32.500000000000007 9.5000000000000018 20.500000000000004 1.5000000000000002 13.500000000000002 18.500000000000004 4.5000000000000009 2.5000000000000004
decision_type=2 2 2 2 2 2 2 2 2 2 2 2 2 2 2 2 2 2 2 2 2 2 2 2 2 2 2 2 2 2
left_child=1 9 3 28 5 7 -6 8 10 -1 -3 12 13 17 16 -16 -13 18 19 20 21 -5 -20 -23 -12 -26 29 -28 -2 -27
right_child=2 4 -4 11 6 -7 -8 -9 -10 -11 24 14 -14 -15 15 -17 -18 -19 22 -21 -22 23 -24 -25 25 26 27 -29 -30 -31
leaf_value=-0.033244733512401585 -0.0038171727742467611 -0.018487872128133419 -0.029531786957029571 0.024043773906305434 0.020627673800359639 -0.036350763340791063 -0.025921017190684445 -0.018023892502853838 0.027115799541826604 0.0095267272912538982 0.0032397248595952988 0.015805266557201263 -0.054759896260041456 -0.034355822848338706 0.038845554216584165 -0.008404496974415249 -0.035196035708251756 -0.037010020705369802 0.038996540112742062 0.03451728622118632 0.028322408029011321 -0.014859898819411098 -0.0017210721969604494 -0.048044497300596803 0.051956142829014708 0.016294725381192709 0.05551543412385164 0.0076234490871429448 -0.04094979148095762 -0.011123583316802979
leaf_weight=68 28 54 118 24 298 36 23 69 81 26 720 31 26 51 67 36 38 26 58 24 28 121 27 34 26 84 27 25 71 65
leaf_count=68 28 54 118 24 298 36 23 69 81 26 720 31 26 51 67 36 38 26 58 24 28 121 27 34 26 84 27 25 71 65
internal_value=0 0.00512008 -0.0101514 -0.00683712 0.00677408 0.00392961 0.0172924 0.00518947 0.0066698 -0.0214143 0.00501533 -0.00288206 -0.00753199 -0.00440749 0.00844537 0.022331 -0.0122824 5.84855e-05 0.00310843 -0.00533796 -0.00995885 -0.015947 0.0260627 -0.0221391 0.00635553 0.0162383 0.011618 0.0324904 -0.0304476 0.00433372
internal_weight=0 1602 808 690 1508 1187 321 1151 1082 94 1001 591 419 393 172 103 69 342 316 231 207 179 85 155 947 227 201 52 99 149
internal_count=2410 1602 808 690 1508 1187 321 1151 1082 94 1001 591 419 393 172 103 69 342 316 231 207 179 85 155 947 227 201 52 99 149
shrinkage=0.1


Tree=8
num_leaves=31
num_cat=0
split_feature=2 11 0 2 0 3 9 0 10 2 0 8 6 7 7 0 9 13 2 13 13 11 9 14 6 15 10 0 7 8
split_gain=10.2041 5.05311 5.01756 4.7817 4.26989 5.97628 3.97534 3.90344 3.84493 4.03995 3.65201 3.99011 3.5643 3.92776 4.13688 4.11554 3.78744 3.74816 3.36372 3.50473 3.32944 8.24362 4.38797 3.19341 4.1331 6.66098 3.09752 3.06969 3.03471 3.23528
threshold=23.500000000000004 1.5000000000000002 12.500000000000002 35.500000000000007 31.500000000000004 7.5000000000000009 5.5000000000000009 30.500000000000004 2.5000000000000004 26.500000000000004 16.500000000000004 15.500000000000002 3.5000000000000004 4.5000000000000009 25.500000000000004 15.500000000000002 11.500000000000002 5.5000000000000009 27.500000000000004 13.500000000000002 11.500000000000002 2.5000000000000004 8.5000000000000018 7.5000000000000009 2.5000000000000004 12.500000000000002 2.5000000000000004 17.500000000000004 16.500000000000004 9.5000000000000018
decision_type=2 2 2 2 2 2 2 2 2 2 2 2 2 2 2 2 2 2 2 2 2 2 2 2 2 2 2 2 2 2
left_child=2 -2 -1 4 5 10 -6 12 9 -7 -3 20 13 16 15 -15 17 -4 -10 -20 21 -12 -23 24 -5 -26 -9 -14 29 -8
right_child=1 3 7 23 6 8 28 26 18 -11 11 -13 27 14 -16 -17 -18 -19 19 -21 -22 22 -24 -25 25 -27 -28 -29 -30 -31
leaf_value=-0.018161635184555911 0.026513409614562989 -0.026927805940310162 -0.0049843572245703805 -0.028499556303024295 -0.023279995790549689 0.016843348035686895 0.023548155573179137 0.037273497222100986 -0.054657068907045851 -0.024086590449918399 -0.029913548525277674 0.037305723537098281 0.051364211678504947 -0.020442229083606177 -0.02772003365190406 0.0074604809505436354 0.015015691146254541 -0.0462710251641828 -0.048050608955647639 0.0038342626889546713 0.023501956462860109 0.052553585420052208 -0.0020637207909634239 -0.032455406498025967 0.049468077470858893 -0.026710164546966553 0.0088568091731179837 0.01267122832829492 0.048761189442414504 -0.019518842605444103
leaf_weight=89 39 42 45 50 28 38 53 68 51 66 77 33 25 56 38 943 32 43 23 30 44 24 38 135 24 22 88 114 26 26
leaf_count=89 39 42 45 50 28 38 53 68 51 66 77 33 25 56 38 943 32 43 23 30 44 24 38 135 24 22 88 114 26 26
internal_value=0 -0.00866501 0.00488637 -0.010318 -0.00560446 -0.010115 0.0101993 0.00629909 -0.0227275 -0.00913142 5.32114e-05 0.00529952 0.00450022 0.00268251 0.00466452 0.00589637 -0.0144454 -0.0251585 -0.0363235 -0.0186818 -0.00047209 -0.008061 0.0190785 -0.0225405 -0.00859758 0.013035 0.0212436 0.0196304 0.0191272 0.00937421
internal_weight=0 869 1541 830 599 466 133 1452 208 104 258 216 1296 1157 1037 999 120 88 104 53 183 139 62 231 96 46 156 139 105 79
internal_count=2410 869 1541 830 599 466 133 1452 208 104 258 216 1296 1157 1037 999 120 88 104 53 183 139 62 231 96 46 156 139 105 79
shrinkage=0.1


Tree=9
num_leaves=31
num_cat=0
split_feature=2 0 8 13 9 1 11 1 0 3 7 15 2 2 8 0 2 9 15 3 1 8 2 1 3 14 0 13 7 13
split_gain=8.27097 6.92894 4.82251 5.51051 5.87995 3.79212 4.53156 3.4064 3.4017 3.8536 5.32058 4.94202 4.37007 5.48137 5.05864 3.63874 3.34373 3.25898 4.66861 3.54 3.33715 3.7933 3.39693 3.65858 3.24016 3.19643 2.83739 2.80228 2.78707 2.63658
threshold=28.500000000000004 16.500000000000004 6.5000000000000009 8.5000000000000018 8.5000000000000018 11.500000000000002 3.5000000000000004 7.5000000000000009 37.500000000000007 4.5000000000000009 3.5000000000000004 11.500000000000002 20.500000000000004 18.500000000000004 11.500000000000002 21.500000000000004 46.500000000000007 4.5000000000000009 3.5000000000000004 14.500000000000002 23.500000000000004 31.500000000000004 30.500000000000004 4.5000000000000009 10.500000000000002 11.500000000000002 22.500000000000004 8.5000000000000018 3.5000000000000004 11.500000000000002
decision_type=2 2 2 2 2 2 2 2 2 2 2 2 2 2 2 2 2 2 2 2 2 2 2 2 2 2 2 2 2 2
left_child=1 7 5 4 -4 6 28 -1 9 11 -11 15 13 24 -14 -5 17 26 19 29 21 22 23 -20 -12 -17 -2 -9 -3 -19
right_child=16 2 3 8 -6 -7 -8 27 -10 10 12 -13 14 -15 -16 25 -18 18 20 -21 -22 -23 -24 -25 -26 -27 -28 -29 -30 -31
leaf_value=-0.019687911570072176 -0.050464500977911733 -0.014892348647117616 0.0022354259895700193 0.037246051356196401 0.020151186253755324 0.040888491935200166 -0.02063903953578021 0.02019173162324088 0.023042594844644722 -0.059219630319496688 -0.034080906299983754 -0.028460901426641566 -0.009063548627107041 0.042132209658622743 -0.061327525877183486 -0.021782295142903047 -0.051202661395072936 0.0084447363148564877 -0.061354916810989382 -0.014157832910617195 0.023034370387042011 -0.051813382655382156 -0.0057613478357573435 -0.0072544393539428712 0.011855861863919667 0.025320799946784975 -0.01237333578368028 -0.016267362317523442 0.021252364277218782 0.055359209537506109
leaf_weight=180 33 24 701 40 248 54 37 49 33 29 34 38 46 25 31 34 20 23 25 24 27 24 251 25 28 25 48 37 192 25
leaf_count=180 33 24 701 40 248 54 37 49 33 29 34 38 46 25 31 34 20 23 25 24 27 24 251 25 28 25 48 37 192 25
internal_value=0 0.00309167 0.00554918 0.00290911 0.00691731 0.0168318 0.0116972 -0.0118659 -0.00756962 -0.0106308 -0.0197354 0.00219525 -0.0127534 0.00260366 -0.0301049 0.0139623 -0.0111006 -0.00951238 -0.00600119 0.0172003 -0.0107469 -0.0135534 -0.0105028 -0.0343047 -0.0133353 -0.00182336 -0.027892 0.00450584 0.0172363 0.0328794
internal_weight=0 1885 1619 1312 949 307 253 266 363 330 193 137 164 87 77 99 525 505 424 72 352 325 301 50 62 59 81 86 216 48
internal_count=2410 1885 1619 1312 949 307 253 266 363 330 193 137 164 87 77 99 525 505 424 72 352 325 301 50 62 59 81 86 216 48
shrinkage=0.1


Tree=10
num_leaves=31
num_cat=0
split_feature=12 11 8 2 10 6 0 9 3 2 13 14 4 9 9 13 15 1 9 11 7 0 3 1 8 0 9 2 7 0
split_gain=7.36057 6.23581 5.9776 5.56043 4.73593 4.65833 4.1789 4.15985 3.36438 4.4837 3.22462 4.1793 3.03413 3.02487 2.87578 4.09132 3.95547 3.92754 3.51048 3.597 2.84756 2.78463 2.77756 3.52423 3.16853 2.6749 2.56943 2.45665 2.36209 4.03537
threshold=3.5000000000000004 1.5000000000000002 22.500000000000004 38.500000000000007 1.5000000000000002 1.5000000000000002 12.500000000000002 16.500000000000004 16.500000000000004 15.500000000000002 35.500000000000007 7.5000000000000009 2.5000000000000004 38.500000000000007 13.500000000000002 1.0000000180025095e-35 6.5000000000000009 7.5000000000000009 12.500000000000002 4.5000000000000009 12.500000000000002 10.500000000000002 24.500000000000004 18.500000000000004 15.500000000000002 19.500000000000004 21.500000000000004 32.500000000000007 5.5000000000000009 25.500000000000004
decision_type=2 2 2 2 2 2 2 2 2 2 2 2 2 2 2 2 2 2 2 2 2 2 2 2 2 2 2 2 2 2
left_child=1 12 13 4 5 -3 21 25 14 -10 11 -5 -1 22 15 -8 28 26 19 -17 -19 -6 23 24 -2 -7 -18 -11 -16 -30
right_child=2 3 -4 10 6 7 8 -9 9 27 -12 -13 -14 -15 16 18 17 20 -20 -21 -22 -23 -24 -25 -26 -27 -28 -29 29 -31
leaf_value=0.0099562768425260281 -0.0050720516883808638 -0.023707028230031332 -0.036520372256636617 -0.0021724817507407248 -0.0094416834059215735 0.0095823834071288236 0.028135676709088415 -0.0043471022350032159 0.02743274584412575 -0.034740238052148091 0.01271913336670917 -0.04726034517471607 0.047745473093764729 -0.037748003112418313 0.054422430906976973 0.001997304715755478 0.0011530268650788527 0.035218416938656259 -0.031923549464254672 -0.036355572700500487 -0.010665582617123921 -0.0540401646069118 0.03260980278253555 0.025508017651736738 -0.035566228479146957 0.04147108383886107 -0.045876518033799676 0.0046016139643532891 -0.010207843092771677 0.042830987926572563
leaf_weight=42 230 24 80 34 42 37 55 41 20 65 23 52 43 28 28 1119 26 38 33 25 21 21 20 32 40 91 21 21 26 32
leaf_count=42 230 24 80 34 42 37 55 41 20 65 23 52 43 28 28 1119 26 38 33 25 21 21 20 32 40 91 21 21 26 32
internal_value=0 0.00257543 -0.0118589 0.00138687 0.00272508 0.0175193 0.000932686 0.0233739 0.001972 -0.0152153 -0.02054 -0.0294349 0.0290732 -0.00622204 0.0032514 0.00147734 0.0146349 0.00170655 0.000231621 0.00115917 0.0188868 -0.0243078 -0.00348065 -0.00587074 -0.00958971 0.0322533 -0.0198602 -0.0251335 0.03057 0.019055
internal_weight=0 1980 430 1895 1786 193 1593 169 1530 106 109 86 85 350 1424 1232 192 106 1177 1144 59 63 322 302 270 128 47 86 86 58
internal_count=2410 1980 430 1895 1786 193 1593 169 1530 106 109 86 85 350 1424 1232 192 106 1177 1144 59 63 322 302 270 128 47 86 86 58
shrinkage=0.1


Tree=11
num_leaves=31
num_cat=0
split_feature=2 12 13 14 0 7 14 1 15 7 11 14 0 2 3 0 1 0 2 13 13 10 4 14 2 1 0 3 0 7
split_gain=6.46162 3.53443 4.08109 3.91057 3.11367 4.00111 5.81602 3.30056 6.75084 3.83056 3.0593 2.96003 4.0042 2.91006 3.11551 2.86999 2.84915 3.17933 3.98151 2.63339 2.67086 2.56013 2.47671 5.31571 2.45044 3.05861 3.84115 3.3284 2.86286 2.72407
threshold=23.500000000000004 3.5000000000000004 19.500000000000004 40.500000000000007 30.500000000000004 23.500000000000004 15.500000000000002 14.500000000000002 24.500000000000004 3.5000000000000004 1.5000000000000002 10.500000000000002 19.500000000000004 38.500000000000007 2.5000000000000004 31.500000000000004 3.5000000000000004 24.500000000000004 34.500000000000007 1.0000000180025095e-35 1.5000000000000002 2.5000000000000004 2.5000000000000004 12.500000000000002 24.500000000000004 12.500000000000002 29.500000000000004 16.500000000000004 18.500000000000004 20.500000000000004
decision_type=2 2 2 2 2 2 2 2 2 2 2 2 2 2 2 2 2 2 2 2 2 2 2 2 2 2 2 2 2 2
left_child=4 3 16 10 5 7 -7 8 9 11 -2 12 -1 15 -15 24 -3 -18 -19 -11 -21 -6 23 -23 -12 26 27 28 -26 -27
right_child=1 2 -4 -5 21 6 -8 -9 -10 19 13 -13 -14 14 -16 -17 17 18 -20 20 -22 22 -24 -25 25 29 -28 -29 -30 -31
leaf_value=-0.059178261802746705 0.031566652770225821 -0.025663346187634901 -0.042625120454109634 -0.04693625688552857 0.031855235730900482 0.0012415933338078586 -0.058413700300913599 0.022103117737505174 -0.040400983889897664 0.029301151078800824 0.018373728224209376 0.011790784804717354 -0.00419537623723348 0.01582914505686079 -0.027234409288281487 0.01318944960832596 -0.020918029206139704 0.042215990917436011 -0.015781332999467851 -0.017823734710801325 0.0052023011879700591 -0.039931050974589127 0.025264607762035568 0.025332921495040257 -0.025673558517378205 -0.00073789374394850294 -0.04939313244819641 -0.040833574001278197 0.0016394387909584801 0.042358733415603644
leaf_weight=26 26 66 52 20 68 44 26 90 36 43 42 23 27 21 84 120 35 29 20 53 1017 26 38 24 49 55 25 28 177 20
leaf_count=26 26 66 52 20 68 44 26 90 36 43 42 23 27 21 84 120 35 29 20 53 1017 26 38 24 49 55 25 28 177 20
internal_value=0 -0.00689531 -0.0184841 -0.00338567 0.0038884 0.0023798 -0.0209161 0.00361989 0.00226194 0.00355367 -0.00203944 -0.0181674 -0.0311681 -0.00344646 -0.0186217 -0.000358471 -0.0101152 0.00210126 0.0185436 0.00503687 0.00406176 0.017282 0.00602089 -0.00860434 -0.0044639 -0.00717345 -0.0119928 -0.00831167 -0.00428241 0.0107545
internal_weight=0 869 202 667 1541 1385 70 1315 1225 1189 647 76 53 621 105 516 150 84 49 1113 1070 156 88 50 396 354 279 254 226 75
internal_count=2410 869 202 667 1541 1385 70 1315 1225 1189 647 76 53 621 105 516 150 84 49 1113 1070 156 88 50 396 354 279 254 226 75
shrinkage=0.1


Tree=12
num_leaves=31
num_cat=0
split_feature=0 2 8 1 7 12 13 3 12 10 7 2 15 0 6 13 7 0 2 8 11 8 3 15 15 14 11 13 8 7
split_gain=5.68823 5.67642 3.25539 3.45548 4.22363 2.98068 3.52554 2.78977 2.66601 3.06829 2.36948 4.03391 2.32682 2.77137 3.61421 2.94384 2.46152 3.27824 2.96498 2.97119 2.41664 4.0623 3.25684 2.62091 2.37814 2.35304 3.79673 2.56373 4.71249 2.84068
threshold=43.500000000000007 23.500000000000004 22.500000000000004 12.500000000000002 23.500000000000004 3.5000000000000004 19.500000000000004 15.500000000000002 3.5000000000000004 2.5000000000000004 7.5000000000000009 17.500000000000004 24.500000000000004 20.500000000000004 1.0000000180025095e-35 20.500000000000004 4.5000000000000009 18.500000000000004 20.500000000000004 8.5000000000000018 3.5000000000000004 13.500000000000002 4.5000000000000009 5.5000000000000009 6.5000000000000009 10.500000000000002 3.5000000000000004 7.5000000000000009 5.5000000000000009 7.5000000000000009
decision_type=2 2 2 2 2 2 2 2 2 2 2 2 2 2 2 2 2 2 2 2 2 2 2 2 2 2 2 2 2 2
left_child=1 2 3 7 10 -3 -7 12 9 -4 11 -5 13 14 -1 16 -16 20 -19 -20 21 22 23 -18 -24 26 27 -15 -29 -30
right_child=-2 5 8 4 -6 6 -8 -9 -10 -11 -12 -13 -14 25 15 -17 17 18 19 -21 -22 -23 24 -25 -26 -27 -28 28 29 -31
leaf_value=-0.030426922440528872 0.044809692778757647 -0.0038155481202177032 0.022444066294917353 0.039475224539637567 -0.015700442592302959 -0.0099624587767789159 -0.04047665233705558 -0.017330141476730801 -0.036913736036845619 -0.024802356958389282 0.036949382684169675 -0.016394995791571481 -0.022559427492546316 0.021539719466199269 -0.014319653010022812 -0.034150497686295286 0.059292652932080359 0.0041901473110576848 0.0010967846839658676 -0.044742247920769918 -0.011827840407689413 0.053910679742693902 -0.011931653168736673 0.011013793945312501 0.028290020568030223 0.023983528399676608 -0.03542886435985565 0.027368115659417783 0.00096288011187598823 -0.051050707555952528
leaf_weight=34 28 653 27 24 30 147 51 67 35 28 78 28 33 94 69 21 22 530 31 26 24 32 49 23 21 114 20 29 21 21
leaf_count=34 28 653 27 24 30 147 51 67 35 28 78 28 33 94 69 21 22 530 31 26 24 32 49 23 21 114 20 29 21 21
internal_value=0 -0.00052673 0.00311278 0.00426518 0.0181212 -0.00707443 -0.0178222 0.00253454 -0.0153384 -0.00160866 0.0259261 0.00939126 0.00363086 0.00436268 0.0015422 0.00282398 0.00376287 0.0054089 0.00185942 -0.0198122 0.0175934 0.0223968 0.0136278 0.0346168 0.000134849 0.0126826 0.00571885 0.0107065 -0.00363618 -0.0250439
internal_weight=0 2382 1531 1441 160 851 198 1281 90 55 130 52 1214 1181 882 848 827 758 587 57 171 147 115 45 70 299 185 165 71 42
internal_count=2410 2382 1531 1441 160 851 198 1281 90 55 130 52 1214 1181 882 848 827 758 587 57 171 147 115 45 70 299 185 165 71 42
shrinkage=0.1


Tree=13
num_leaves=31
num_cat=0
split_feature=0 2 8 6 10 13 9 13 14 15 1 7 3 3 13 15 0 9 3 6 3 14 7 12 13 15 11 8 9 7
split_gain=4.60747 4.7355 3.69878 3.54582 3.46463 2.88566 2.6698 2.97052 3.55722 3.32935 3.1049 4.52893 3.14512 7.81157 3.21303 3.16965 3.16438 3.17568 3.96131 2.95193 2.86732 2.84056 4.18085 6.08801 4.02601 2.80757 2.66667 4.59568 3.28258 2.92225
threshold=43.500000000000007 35.500000000000007 22.500000000000004 3.5000000000000004 4.5000000000000009 7.5000000000000009 55.500000000000007 1.0000000180025095e-35 7.5000000000000009 7.5000000000000009 7.5000000000000009 28.500000000000004 24.500000000000004 17.500000000000004 8.5000000000000018 9.5000000000000018 20.500000000000004 5.5000000000000009 2.5000000000000004 1.0000000180025095e-35 13.500000000000002 11.500000000000002 14.500000000000002 2.5000000000000004 7.5000000000000009 16.500000000000004 2.5000000000000004 10.500000000000002 7.5000000000000009 7.5000000000000009
decision_type=2 2 2 2 2 2 2 2 2 2 2 2 2 2 2 2 2 2 2 2 2 2 2 2 2 2 2 2 2 2
left_child=1 2 6 5 -3 -4 7 8 9 -1 12 -12 13 15 -15 16 19 18 -18 -9 21 22 24 -24 -17 -23 29 -28 -29 -21
right_child=-2 4 3 -5 -6 -7 -8 10 -10 -11 11 -13 -14 14 -16 20 17 -19 -20 26 -22 25 23 -25 -26 -27 27 28 -30 -31
leaf_value=0.025846447263445173 0.040328723724399301 -0.017654395075731501 -0.00076416260317752234 0.011521339789032936 0.025859538316726684 -0.034666037478962457 -0.031726560903632121 -0.032238083666768572 0.036340179605917504 -0.030463503514017377 0.01138994143046522 -0.024142894225242812 0.036761382357640697 -0.01442189191778501 -0.065646625638008119 -0.011876576575073038 0.017413216928641003 0.016892783323745556 -0.033166860602796076 -0.00083677448698731721 0.019304816038520248 0.020536367978368487 0.038361564820463011 -0.036913486889430455 -0.055772639842083062 -0.025714049027079629 0.0018302870771059626 -0.0080219709873199461 -0.0570854910214742 0.014773216431245864
leaf_weight=21 28 215 38 40 20 74 23 29 55 21 447 39 22 24 25 37 30 223 32 488 27 35 22 21 48 21 91 25 30 159
leaf_count=21 28 215 38 40 20 74 23 29 55 21 447 39 22 24 25 37 30 223 32 488 27 35 22 21 48 21 91 25 30 159
internal_value=0 -0.000474057 0.00100107 -0.014036 -0.0139511 -0.0231636 0.00214675 0.00254183 0.0196057 -0.00230853 0.00165906 0.00853854 -0.000748021 -0.00135168 -0.040557 0.000105872 0.00224687 0.0113268 -0.00869263 -0.000901298 -0.0111267 -0.0155922 -0.0238105 0.00159933 -0.0366649 0.00319246 0.000244688 -0.0119627 -0.0347839 0.00299937
internal_weight=0 2382 2147 152 235 112 1995 1972 97 42 1875 486 1389 1367 49 1318 1107 285 62 822 211 184 128 43 85 56 793 146 55 647
internal_count=2410 2382 2147 152 235 112 1995 1972 97 42 1875 486 1389 1367 49 1318 1107 285 62 822 211 184 128 43 85 56 793 146 55 647
shrinkage=0.1


Tree=14
num_leaves=31
num_cat=0
split_feature=2 11 1 8 15 12 2 6 15 8 2 13 1 7 9 1 1 3 0 2 13 12 0 10 7 10 8 11 6 10
split_gain=3.77753 3.00859 2.44565 2.83957 2.40517 3.44894 2.9183 2.9798 3.20793 3.57243 3.51667 3.52993 2.68299 3.02376 3.77223 3.66433 3.14745 4.73579 2.66567 2.39747 2.57818 2.38978 2.30102 2.20532 3.57821 2.18194 2.06228 2.02547 2.55969 3.23306
threshold=23.500000000000004 1.5000000000000002 27.500000000000004 42.500000000000007 13.500000000000002 3.5000000000000004 40.500000000000007 3.5000000000000004 37.500000000000007 12.500000000000002 27.500000000000004 9.5000000000000018 20.500000000000004 5.5000000000000009 21.500000000000004 12.500000000000002 2.5000000000000004 2.5000000000000004 34.500000000000007 24.500000000000004 12.500000000000002 2.5000000000000004 12.500000000000002 1.5000000000000002 15.500000000000002 2.5000000000000004 8.5000000000000018 4.5000000000000009 3.5000000000000004 2.5000000000000004
decision_type=2 2 2 2 2 2 2 2 2 2 2 2 2 2 2 2 2 2 2 2 2 2 2 2 2 2 2 2 2 2
left_child=22 -2 3 4 5 12 7 8 9 10 -6 -12 13 15 16 21 17 -15 19 -18 -21 -3 -1 24 -24 -19 -16 28 -25 -30
right_child=1 2 -4 -5 6 -7 -8 -9 -10 -11 11 -13 -14 14 26 -17 18 25 -20 20 -22 -23 23 27 -26 -27 -28 -29 29 -31
leaf_value=-0.012634944915771485 0.02187212659762456 -0.0042739911270993098 0.021483674645423889 -0.043884899218877158 -0.030631402264470642 -0.02313752347884113 -0.037306869854318338 -0.03543868006931411 0.032837555522010446 -0.031077333850165208 0.031956069242386594 -0.017490583929148588 -0.034695054519744147 0.047059499439985858 0.038868872423966729 0.055280492603778847 0.012920398414134979 0.010280626714229585 0.014386493850637366 -0.033937327387512373 -0.0059596920714658852 0.031506412582738057 0.024289041927882605 0.0016873866088829436 -0.019260047311368197 -0.025065320045236619 0.00077384622008712205 -0.027371330017393287 0.031196900861603871 0.00080394378730228977
leaf_weight=89 39 56 30 21 23 73 47 36 21 48 42 22 21 23 30 20 20 40 27 93 51 28 105 1162 23 31 27 22 70 70
leaf_count=89 39 56 30 21 23 73 47 36 21 48 42 22 21 23 30 20 20 40 27 93 51 28 105 1162 23 31 27 22 70 70
internal_value=0 -0.00527214 -0.0065476 -0.00759877 -0.00662058 -0.00292395 -0.0149728 -0.0095056 -0.00352105 -0.00917683 0.0029062 0.0149588 0.000235773 0.0018805 -0.00266007 0.016812 -0.00735686 0.00762307 -0.0147292 -0.0195226 -0.0240286 0.00765281 0.00297306 0.00392975 0.0164638 -0.00515211 0.0208239 0.002718 0.00322642 0.0160004
internal_weight=0 869 830 800 779 540 239 192 156 135 87 64 467 446 342 104 285 94 191 164 144 84 1541 1452 128 71 57 1324 1302 140
internal_count=2410 869 830 800 779 540 239 192 156 135 87 64 467 446 342 104 285 94 191 164 144 84 1541 1452 128 71 57 1324 1302 140
shrinkage=0.1


Tree=15
num_leaves=31
num_cat=0
split_feature=0 13 15 6 15 14 2 1 2 15 7 9 13 3 11 13 5 4 1 14 4 8 14 7 12 15 2 10 8 13
split_gain=3.74476 3.79562 4.83798 3.31942 4.28986 2.48597 2.44064 2.30408 3.19059 3.7223 5.38236 4.31907 3.62064 3.59087 4.08785 2.98632 3.44652 3.59394 3.67024 3.72247 3.3684 2.89724 2.52884 2.48333 2.27608 4.00349 2.45185 2.95893 3.01959 2.74696
threshold=44.500000000000007 15.500000000000002 1.0000000180025095e-35 1.0000000180025095e-35 7.5000000000000009 1.5000000000000002 41.500000000000007 6.5000000000000009 8.5000000000000018 12.500000000000002 5.5000000000000009 7.5000000000000009 8.5000000000000018 1.5000000000000002 3.5000000000000004 1.0000000180025095e-35 2.5000000000000004 1.5000000000000002 1.5000000000000002 13.500000000000002 1.5000000000000002 3.5000000000000004 11.500000000000002 34.500000000000007 3.5000000000000004 1.5000000000000002 17.500000000000004 1.5000000000000002 7.5000000000000009 3.5000000000000004
decision_type=2 2 2 2 2 2 2 2 2 2 2 2 2 2 2 2 2 2 2 2 2 2 2 2 2 2 2 2 2 2
left_child=1 3 -3 4 -1 -4 7 8 -5 13 -11 -12 -13 14 22 -15 20 -18 19 -19 -17 -9 -10 24 25 -23 -27 29 -29 -28
right_child=-2 2 5 6 -6 -7 -8 21 9 10 11 12 -14 15 -16 16 17 18 -20 -21 -22 23 -24 -25 -26 26 27 28 -30 -31
leaf_value=-0.03618427251393979 0.039303646857539815 0.034492905810475351 0.015410042962720317 0.040351284146308897 0.0057388842105865479 -0.014102317624621922 -0.018988219533975309 -0.02397208706690715 0.016399326814072475 -0.04997386984965381 -0.032022907502121396 0.027730444886467677 -0.021229394492895709 0.025062013665835065 -0.019497472643852237 0.024415431801101256 -0.04714022155465751 -0.047258517597660879 0.0097778379403311647 0.0074155378341674814 -0.00058848321988274374 -0.019690859814484915 0.050649383150298023 -0.021116007988651597 -0.0018112081842324168 0.033870849843266645 0.011673650145530701 0.032619378406827042 0.0023677736168077005 0.054834738175074262
leaf_weight=52 24 24 31 20 46 360 52 26 84 34 36 44 23 45 25 58 29 33 58 20 758 30 29 24 97 79 29 41 169 30
leaf_count=52 24 24 31 20 46 360 52 26 84 34 36 44 23 45 25 58 29 33 58 20 758 30 29 24 97 79 29 41 169 30
internal_value=0 -0.000395343 -0.00908745 0.00143481 -0.0165061 -0.0117625 0.00237352 0.00298352 0.000719549 9.83615e-05 -0.015475 -0.004087 0.0109233 0.00197154 0.0170938 -0.000113244 -0.00129827 -0.0157941 -0.00760456 -0.0266268 0.00118876 0.00857229 0.0251892 0.010268 0.0118537 0.0153603 0.018382 0.0138332 0.00827404 0.03362
internal_weight=0 2386 415 1971 98 391 1873 1821 1296 1276 137 103 67 1139 138 1001 956 140 111 53 816 525 113 499 475 378 348 269 210 59
internal_count=2410 2386 415 1971 98 391 1873 1821 1296 1276 137 103 67 1139 138 1001 956 140 111 53 816 525 113 499 475 378 348 269 210 59
shrinkage=0.1


Tree=16
num_leaves=31
num_cat=0
split_feature=0 2 2 2 6 0 3 8 8 14 13 9 14 2 10 14 13 10 7 0 11 9 8 2 12 7 7 3 3 15
split_gain=3.18908 3.62994 3.22893 2.83332 2.66407 2.43733 2.35723 3.58896 5.24534 3.2811 2.67719 4.5302 2.43759 2.34149 2.65855 2.57975 2.29929 2.27115 3.47611 3.15 3.78599 2.60123 3.06768 2.57898 2.27048 2.18015 4.44561 2.36487 4.9077 2.17737
threshold=16.500000000000004 9.5000000000000018 40.500000000000007 9.5000000000000018 2.5000000000000004 43.500000000000007 5.5000000000000009 22.500000000000004 12.500000000000002 13.500000000000002 11.500000000000002 10.500000000000002 5.5000000000000009 11.500000000000002 4.5000000000000009 13.500000000000002 18.500000000000004 2.5000000000000004 2.5000000000000004 31.500000000000004 4.5000000000000009 2.5000000000000004 18.500000000000004 36.500000000000007 2.5000000000000004 12.500000000000002 13.500000000000002 3.5000000000000004 9.5000000000000018 7.5000000000000009
decision_type=2 2 2 2 2 2 2 2 2 2 2 2 2 2 2 2 2 2 2 2 2 2 2 2 2 2 2 2 2 2
left_child=3 4 5 -1 -2 13 10 8 -8 -10 11 12 -5 15 17 -3 -12 19 -19 20 21 -15 25 29 -21 -23 -27 -28 -29 -20
right_child=1 2 -4 6 -6 -7 7 -9 9 -11 16 -13 -14 14 -16 -17 -18 18 23 24 -22 22 -24 -25 -26 26 27 28 -30 -31
leaf_value=-0.040045584020791232 0.054429827133814494 0.0050155876576900484 -0.016856218076715567 -0.024198428254861098 0.010251756661977524 0.035545893794014342 -0.023689162331383407 -0.043655712947700966 0.031916238293051721 -0.016163726150989533 -0.036323158025741577 0.048175128742500593 0.016476746955338649 -0.021942837181545438 0.020807271650139715 -0.043613289296627049 0.0065654785633087161 -0.042543009312256526 0.0065162808464633102 0.03223661140340274 -0.041423452794551854 0.0038747932814951142 0.027612166166305543 -0.024771296853820485 0.0051699403259489272 -0.048051800966262825 -0.024385933365140642 0.042547550024809665 -0.014558587442426121 -0.0075565810397613883
leaf_weight=27 21 20 99 26 39 21 82 33 40 22 25 27 34 42 71 24 25 23 225 61 20 913 50 48 63 25 28 27 34 215
leaf_count=27 21 20 99 26 39 21 82 33 40 22 25 27 34 42 71 24 25 23 225 61 20 913 50 48 63 25 28 27 34 215
internal_value=0 0.0014768 0.000752937 -0.0089604 0.0257141 0.00166566 -0.00628747 -0.0139102 -0.0070935 0.0148556 0.00356085 0.0141584 -0.00114916 0.00128902 0.00183272 -0.0215093 -0.0148788 0.00107331 -0.00455188 0.00334921 0.00170142 0.00247219 0.00342431 -0.00276132 0.018485 0.00224672 -0.0107922 -0.000326003 0.0107179 -0.000360231
internal_weight=0 2069 2009 341 60 1910 314 177 144 62 137 87 60 1889 1845 44 50 1774 511 1263 1139 1119 1077 488 124 1027 114 89 61 440
internal_count=2410 2069 2009 341 60 1910 314 177 144 62 137 87 60 1889 1845 44 50 1774 511 1263 1139 1119 1077 488 124 1027 114 89 61 440
shrinkage=0.1


Tree=17
num_leaves=31
num_cat=0
split_feature=0 13 15 6 15 11 1 2 15 8 8 7 9 13 3 10 0 6 14 8 13 7 13 0 2 8 10 0 13 4
split_gain=2.58965 2.7389 3.92833 2.66454 3.52844 2.13113 1.93235 4.38888 3.4672 3.54456 4.34551 5.26139 3.15125 8.9634 2.78466 2.76339 3.56568 3.45197 3.3855 3.16196 3.13184 3.9621 2.86899 3.70948 3.27622 2.8518 2.7403 3.13345 2.68883 3.40101
threshold=44.500000000000007 15.500000000000002 1.0000000180025095e-35 1.0000000180025095e-35 7.5000000000000009 1.5000000000000002 17.500000000000004 29.500000000000004 12.500000000000002 10.500000000000002 4.5000000000000009 5.5000000000000009 14.500000000000002 4.5000000000000009 1.5000000000000002 2.5000000000000004 30.500000000000004 3.5000000000000004 6.5000000000000009 5.5000000000000009 6.5000000000000009 4.5000000000000009 3.5000000000000004 19.500000000000004 20.500000000000004 10.500000000000002 2.5000000000000004 29.500000000000004 4.5000000000000009 2.5000000000000004
decision_type=2 2 2 2 2 2 2 2 2 2 2 2 2 2 2 2 2 2 2 2 2 2 2 2 2 2 2 2 2 2
left_child=1 3 -3 4 -1 -4 8 -8 12 10 -10 -12 14 -14 28 16 17 19 25 -16 -21 -22 -20 -24 -25 -17 -15 -28 -5 -30
right_child=-2 2 5 6 -6 -7 7 -9 9 -11 11 -13 13 26 15 18 -18 -19 22 20 21 -23 23 24 -26 -27 27 -29 29 -31
leaf_value=-0.032694687579686826 0.032684503744045898 0.031557708978652954 0.010095545325590217 0.036083504706621174 0.0053263334476429487 -0.012818669063457544 0.027985587274586717 -0.010691824490609377 -0.029830822534859181 -0.018746528094634413 -0.029817497730255129 0.022817280020687607 -0.019370886274412566 0.043479323259421762 -0.023104732117410435 -0.014340350963175298 0.031641734410554935 0.027061573305028553 -0.01940428037196398 0.0066324670354430864 -0.041064348022143045 -0.0029137750061190861 -0.027139185267415919 0.038813748650061784 -0.0065015174724437578 -0.062476477622985839 -0.0087819149781917707 0.040065846095482513 -0.0023199353477742417 0.036025885045528415
leaf_weight=52 24 24 46 40 46 345 81 46 32 160 24 91 51 70 59 32 39 47 64 421 30 294 22 39 27 20 29 24 101 30
leaf_count=52 24 24 46 40 46 345 81 46 32 160 24 91 51 70 59 32 39 47 64 421 30 294 22 39 27 20 29 24 101 30
internal_value=0 -0.000328763 -0.00771244 0.00122589 -0.0148481 -0.0101229 0.00206692 0.0139764 0.00120065 -0.00844716 0.00276304 0.0118326 0.00325894 0.0158767 0.00152338 -0.000331564 0.00207464 0.000719628 -0.0108292 -0.000820262 0.000944548 -0.00644624 -0.00329435 0.00842197 0.0202757 -0.0328542 0.0304915 0.0133378 0.0133907 0.00646155
internal_weight=0 2386 415 1971 98 391 1873 127 1746 307 147 115 1439 174 1265 1094 890 851 204 804 745 324 152 88 66 52 123 53 171 131
internal_count=2410 2386 415 1971 98 391 1873 127 1746 307 147 115 1439 174 1265 1094 890 851 204 804 745 324 152 88 66 52 123 53 171 131
shrinkage=0.1


end of trees

feature_importances:
Column_0=69
Column_2=59
Column_13=53
Column_15=45
Column_3=42
Column_8=41
Column_1=39
Column_7=35
Column_14=35
Column_9=33
Column_11=23
Column_10=21
Column_6=18
Column_12=13
Column_4=9
Column_5=5

parameters:
[boosting: gbdt]
[objective: regression]
[metric: l2]
[tree_learner: serial]
[device_type: cpu]
[data: ]
[valid: ]
[num_iterations: 10000]
[learning_rate: 0.1]
[num_leaves: 31]
[num_threads: 0]
[deterministic: 0]
[force_col_wise: 0]
[force_row_wise: 0]
[histogram_pool_size: -1]
[max_depth: -1]
[min_data_in_leaf: 20]
[min_sum_hessian_in_leaf: 0.001]
[bagging_fraction: 1]
[pos_bagging_fraction: 1]
[neg_bagging_fraction: 1]
[bagging_freq: 0]
[bagging_seed: 3]
[feature_fraction: 1]
[feature_fraction_bynode: 1]
[feature_fraction_seed: 2]
[extra_trees: 0]
[extra_seed: 6]
[early_stopping_round: 10]
[first_metric_only: 0]
[max_delta_step: 0]
[lambda_l1: 0]
[lambda_l2: 0]
[min_gain_to_split: 0]
[drop_rate: 0.1]
[max_drop: 50]
[skip_drop: 0.5]
[xgboost_dart_mode: 0]
[uniform_drop: 0]
[drop_seed: 4]
[top_rate: 0.2]
[other_rate: 0.1]
[min_data_per_group: 100]
[max_cat_threshold: 32]
[cat_l2: 10]
[cat_smooth: 10]
[max_cat_to_onehot: 4]
[top_k: 20]
[monotone_constraints: ]
[monotone_constraints_method: basic]
[monotone_penalty: 0]
[feature_contri: ]
[forcedsplits_filename: ]
[refit_decay_rate: 0.9]
[cegb_tradeoff: 1]
[cegb_penalty_split: 0]
[cegb_penalty_feature_lazy: ]
[cegb_penalty_feature_coupled: ]
[path_smooth: 0]
[interaction_constraints: ]
[verbosity: 1]
[saved_feature_importance_type: 0]
[max_bin: 255]
[max_bin_by_feature: ]
[min_data_in_bin: 3]
[bin_construct_sample_cnt: 200000]
[data_random_seed: 1]
[is_enable_sparse: 1]
[enable_bundle: 1]
[use_missing: 1]
[zero_as_missing: 0]
[feature_pre_filter: 1]
[pre_partition: 0]
[two_round: 0]
[header: 0]
[label_column: ]
[weight_column: ]
[group_column: ]
[ignore_column: ]
[categorical_feature: ]
[forcedbins_filename: ]
[objective_seed: 5]
[num_class: 1]
[is_unbalance: 0]
[scale_pos_weight: 1]
[sigmoid: 1]
[boost_from_average: 1]
[reg_sqrt: 0]
[alpha: 0.9]
[fair_c: 1]
[poisson_max_delta_step: 0.7]
[tweedie_variance_power: 1.5]
[lambdarank_truncation_level: 30]
[lambdarank_norm: 1]
[label_gain: ]
[eval_at: ]
[multi_error_top_k: 1]
[auc_mu_weights: ]
[num_machines: 1]
[local_listen_port: 12400]
[time_out: 120]
[machine_list_filename: ]
[machines: ]
[gpu_platform_id: -1]
[gpu_device_id: -1]
[gpu_use_dp: 0]
[num_gpu: 1]

end of parameters

pandas_categorical:null
