tree
version=v3
num_class=1
num_tree_per_iteration=1
label_index=0
max_feature_idx=15
objective=regression
feature_names=Column_0 Column_1 Column_2 Column_3 Column_4 Column_5 Column_6 Column_7 Column_8 Column_9 Column_10 Column_11 Column_12 Column_13 Column_14 Column_15
feature_infos=[1:49] [0:56] [1:49] [0:57] [0:7] [0:7] [0:7] [0:184] [1:156] [0:146] [0:7] [0:6] [0:7] [0:117] [0:125] [0:124]
tree_sizes=2662 2709 2710 2714 2717 2712 2710 2728 2733 2723 2729

Tree=0
num_leaves=31
num_cat=0
split_feature=0 2 2 0 2 12 0 9 14 8 9 8 15 1 5 13 15 7 5 6 13 3 7 15 15 2 5 2 4 3
split_gain=44.1983 20.9216 10.1918 9.02728 13.629 6.78553 10.862 6.68463 5.51585 5.10475 4.68966 4.39554 4.26308 3.59417 4.45023 3.78285 3.40756 3.33888 2.89029 3.78334 2.82904 2.77794 2.77641 3.47938 4.32 3.25141 2.72307 2.79305 2.71235 2.65755
threshold=25.500000000000004 35.500000000000007 18.500000000000004 34.500000000000007 37.500000000000007 2.5000000000000004 12.500000000000002 7.5000000000000009 6.5000000000000009 10.500000000000002 47.500000000000007 7.5000000000000009 24.500000000000004 12.500000000000002 3.5000000000000004 12.500000000000002 4.5000000000000009 8.5000000000000018 2.5000000000000004 3.5000000000000004 8.5000000000000018 10.500000000000002 11.500000000000002 3.5000000000000004 1.0000000180025095e-35 25.500000000000004 2.5000000000000004 14.500000000000002 1.5000000000000002 8.5000000000000018
decision_type=2 2 2 2 2 2 2 2 2 2 2 2 2 2 2 2 2 2 2 2 2 2 2 2 2 2 2 2 2 2
left_child=1 2 7 4 8 6 -4 11 29 -7 12 -1 18 15 17 21 -11 -15 -5 -20 -3 -10 23 24 -8 -24 -9 -28 -25 -2
right_child=3 20 5 10 -6 9 22 26 13 16 -12 -13 -14 14 -16 -17 -18 -19 19 -21 -22 -23 25 28 -26 -27 27 -29 -30 -31
leaf_value=0.025806861923073347 0.12388735468086468 0.01257156817564864 0.1205715652950189 0.079171566391744358 0.018340798772440187 0.057571566963948953 0.021571567917623269 0.065753384929022968 0.065285852473875888 -0.032428430651865264 0.13433627083464514 0.073223740462351417 0.053658523589348334 0.13857156481818172 0.053480658015278217 0.094389747840648311 0.018340798772440187 0.082117020859171011 0.097784331856121259 0.13857156484301703 -0.027134313145052658 0.023433636833812527 0.085502600706787849 -0.00671414561877548 0.081571566328166076 0.036802336744914899 0.085263873922661021 0.13257156497712747 0.033887357065050472 0.083285851997038723
leaf_weight=34 38 38 20 50 39 22 20 22 35 20 34 46 23 20 22 22 39 22 94 30 34 29 29 21 30 26 26 24 76 28
leaf_count=34 38 38 20 50 39 22 20 22 35 20 34 46 23 20 22 22 39 22 94 30 34 29 29 21 30 26 26 24 76 28
internal_value=0.0639684 0.0439093 0.0518353 0.0857197 0.072748 0.0412349 0.0502743 0.0729663 0.0825716 0.0164605 0.100039 0.0530716 0.0941198 0.0719716 0.0899153 0.0586181 0.00113089 0.109 0.0994681 0.107652 -0.00617843 0.0463216 0.0433141 0.036143 0.0575716 0.0624807 0.0950716 0.107972 0.0250973 0.106662
internal_weight=0 527 455 486 255 303 222 152 216 81 231 80 197 150 64 86 59 42 174 124 72 64 202 147 50 55 72 50 97 66
internal_count=1013 527 455 486 255 303 222 152 216 81 231 80 197 150 64 86 59 42 174 124 72 64 202 147 50 55 72 50 97 66
shrinkage=1


Tree=1
num_leaves=31
num_cat=0
split_feature=0 2 2 2 0 9 8 12 9 15 3 0 6 3 5 7 15 8 7 12 3 14 14 13 14 7 15 7 7 8
split_gain=35.8006 16.9465 8.25539 7.3509 8.24548 6.08653 6.02244 7.49596 5.41455 4.53984 4.46281 4.23272 5.11835 3.90678 3.58454 4.29636 5.26862 3.56039 3.21763 3.55176 4.42692 3.08266 5.78524 5.87819 3.27904 2.77615 2.75206 2.49883 5.0898 2.45982
threshold=25.500000000000004 35.500000000000007 18.500000000000004 37.500000000000007 34.500000000000007 40.500000000000007 7.5000000000000009 2.5000000000000004 7.5000000000000009 3.5000000000000004 8.5000000000000018 20.500000000000004 2.5000000000000004 4.5000000000000009 2.5000000000000004 33.500000000000007 24.500000000000004 7.5000000000000009 14.500000000000002 1.5000000000000002 12.500000000000002 6.5000000000000009 9.5000000000000018 6.5000000000000009 14.500000000000002 8.5000000000000018 4.5000000000000009 6.5000000000000009 10.500000000000002 31.500000000000004
decision_type=2 2 2 2 2 2 2 2 2 2 2 2 2 2 2 2 2 2 2 2 2 2 2 2 2 2 2 2 2 2
left_child=1 2 8 5 -5 14 13 9 17 10 -8 12 25 -4 18 16 21 -1 19 -2 -21 -16 -23 24 -24 -11 -9 -15 -29 -3
right_child=3 29 6 4 -6 -7 7 26 -10 11 -12 -13 -14 27 15 -17 -18 -19 -20 20 -22 22 23 -25 -26 -27 -28 28 -30 -31
leaf_value=-0.034345389464322258 0.049043626111486688 -0.050062303483719012 -0.037791466171091255 -0.041064850794963352 0.023961695188131089 0.060083621096881958 -0.021585274487733841 -0.08757533539425244 0.027992842429214057 -0.061225577800170239 0.040768956596201118 -0.06849574798887427 0.023134709823699223 0.040403366982936867 0.047552200899285788 0.071688798666000364 -0.024389909438434103 0.0083297965319260297 -0.023007766131697031 0.026255029078685876 -0.030189970384041472 -0.020451090165546963 0.033870021863417192 0.047972457614299413 -0.016609979252661427 -0.013947428597344292 -0.043732768151818258 -0.02397495292954975 0.036247879007588267 -0.089271861314773562
leaf_weight=34 23 48 22 39 39 44 24 22 72 23 22 22 21 20 59 20 21 46 29 33 24 28 22 74 31 27 41 36 23 24
leaf_count=34 23 48 22 39 39 44 24 22 72 23 22 22 21 20 59 20 21 46 29 33 24 28 22 74 31 27 41 36 23 24
internal_value=0 -0.0180532 -0.0109198 0.0195762 -0.00855158 0.0249535 -0.0204601 -0.0304291 0.00809811 -0.0174603 0.00823631 -0.0301704 -0.0182949 -0.000522198 0.020707 0.027195 0.0234083 -0.00980716 0.00552876 0.0158733 0.00248871 0.0280988 0.020694 0.0297653 0.00434398 -0.0356954 -0.0590429 0.00985659 -0.000498256 -0.0631322
internal_weight=0 527 455 486 78 408 303 202 152 139 46 93 71 101 364 255 235 80 109 80 57 214 155 127 53 50 63 79 59 72
internal_count=1013 527 455 486 78 408 303 202 152 139 46 93 71 101 364 255 235 80 109 80 57 214 155 127 53 50 63 79 59 72
shrinkage=0.1


Tree=2
num_leaves=31
num_cat=0
split_feature=0 2 2 0 2 8 12 14 1 9 8 0 1 15 3 3 5 5 3 7 14 8 11 1 2 10 7 7 2 13
split_gain=28.9985 13.7267 6.68686 6.65808 8.77797 4.87818 6.07173 4.44406 5.35505 4.38579 4.14523 5.46268 3.98491 7.4406 4.20675 3.96269 3.44321 3.33477 3.16449 3.09318 2.94723 2.88392 2.53898 2.52609 5.55215 2.5224 2.39305 2.38828 2.37188 2.27288
threshold=25.500000000000004 35.500000000000007 18.500000000000004 34.500000000000007 36.500000000000007 7.5000000000000009 2.5000000000000004 4.5000000000000009 12.500000000000002 7.5000000000000009 17.500000000000004 20.500000000000004 3.5000000000000004 6.5000000000000009 1.5000000000000002 10.500000000000002 2.5000000000000004 3.5000000000000004 4.5000000000000009 7.5000000000000009 12.500000000000002 7.5000000000000009 2.5000000000000004 16.500000000000004 26.500000000000004 2.5000000000000004 9.5000000000000018 8.5000000000000018 23.500000000000004 8.5000000000000018
decision_type=2 2 2 2 2 2 2 2 2 2 2 2 2 2 2 2 2 2 2 2 2 2 2 2 2 2 2 2 2 2
left_child=1 2 9 4 7 18 10 -2 16 21 11 19 13 -5 -14 25 -9 27 -4 -7 28 -1 -6 -17 -25 -16 -12 -10 -18 -3
right_child=3 29 5 12 22 6 -8 8 17 -11 26 -13 14 -15 15 23 20 -19 -20 -21 -22 -23 -24 24 -26 -27 -28 -29 -30 -31
leaf_value=-0.0309108506230747 0.044655193835496904 -0.040012730079654023 -0.034012317386540501 0.041250174244244896 -0.011624263865607125 -0.039292528160980777 -0.053138581060227896 -0.03755044495617902 0.065874057263135916 0.025193557971053656 -0.015408183279491606 -0.068832739194234216 0.075448736548423767 -0.040256817000252861 -0.014314726114273072 0.058464215636253362 0.041842757413784668 -0.0035238335840404034 0.0088709276688249804 0.0036164540620077222 -0.019703489830417018 0.0074968216211899466 -0.061409036517143245 0.061806308031082162 -0.0025006960178243706 0.027796147267023726 0.030815795312325162 0.021710420131683353 -0.0041762536480313261 -0.075602351917940028
leaf_weight=34 40 38 22 24 21 28 63 27 24 72 21 24 24 21 25 50 24 22 79 42 31 46 20 25 29 33 24 25 21 34
leaf_count=34 40 38 22 24 21 28 63 27 24 72 21 24 24 21 25 50 24 22 79 42 31 46 20 25 29 33 24 25 21 34
internal_value=0 -0.0162479 -0.00982781 0.0176186 0.00647838 -0.0184141 -0.0273862 0.0145994 0.00769005 0.0072883 -0.0157142 -0.0276626 0.0299162 0.00321358 0.0363765 0.030588 -0.0068752 0.0288199 -0.000469977 -0.0135471 0.00402259 -0.00882644 -0.0359095 0.0422678 0.0272711 0.00964491 0.00924461 0.0433416 0.0203672 -0.0568189
internal_weight=0 527 455 486 255 303 202 214 174 152 139 94 231 45 186 162 103 71 101 70 76 80 41 104 54 58 45 49 45 72
internal_count=1013 527 455 486 255 303 202 214 174 152 139 94 231 45 186 162 103 71 101 70 76 80 41 104 54 58 45 49 45 72
shrinkage=0.1


Tree=3
num_leaves=31
num_cat=0
split_feature=0 2 4 0 2 3 15 9 10 14 1 7 2 9 14 1 1 14 3 2 9 14 13 13 3 2 1 13 8 2
split_gain=23.4888 11.456 6.05517 5.39305 7.11015 4.41934 5.31406 3.99761 4.06404 4.63774 4.25738 3.9008 4.37085 3.97573 3.41283 3.30267 3.19693 3.0797 2.91847 2.87565 2.86193 2.37294 2.96847 4.50679 4.85964 3.60159 2.62734 2.41127 2.12947 2.12541
threshold=25.500000000000004 28.500000000000004 1.5000000000000002 34.500000000000007 36.500000000000007 22.500000000000004 16.500000000000004 28.500000000000004 3.5000000000000004 4.5000000000000009 11.500000000000002 3.5000000000000004 21.500000000000004 5.5000000000000009 9.5000000000000018 1.0000000180025095e-35 4.5000000000000009 12.500000000000002 1.5000000000000002 21.500000000000004 47.500000000000007 6.5000000000000009 3.5000000000000004 8.5000000000000018 3.5000000000000004 19.500000000000004 2.5000000000000004 5.5000000000000009 19.500000000000004 23.500000000000004
decision_type=2 2 2 2 2 2 2 2 2 2 2 2 2 2 2 2 2 2 2 2 2 2 2 2 2 2 2 2 2 2
left_child=1 11 -3 4 7 6 14 8 9 -2 17 19 21 -14 28 -5 -15 29 -17 -1 -20 -13 25 26 -25 -23 -24 -28 -4 -11
right_child=3 2 5 15 -6 -7 -8 -9 -10 10 -12 12 13 16 -16 18 -18 -19 20 -21 -22 22 23 24 -26 -27 27 -29 -30 -31
leaf_value=-0.0491639205903718 0.052066216085638321 -0.076741784562667226 0.0036463732520739239 -0.0052709660359791348 -0.032318565612886006 -0.069927887618541726 0.025967599664415631 0.049108805259068807 -0.021245670318603516 0.026171801345688958 0.032629787012757289 0.0201455836360519 -0.051115631235056913 -0.029571899257857227 -0.066256440579891204 0.061978178554111057 0.0169902374347051 -0.03417354535173487 0.020657732027272384 -0.0036711138983567559 0.053719789814203979 0.0005299370629446848 0.054772745711462838 -0.050908393235433669 0.012728888647896903 -0.050410572083100028 -0.013677988350391388 0.034297740188511935 -0.040535280108451845 -0.014382660140593848
leaf_weight=33 28 33 24 28 41 20 21 27 38 28 42 74 29 29 20 27 30 27 144 24 32 35 21 21 28 23 20 22 20 24
leaf_count=33 28 33 24 28 41 20 21 27 38 28 42 74 29 29 20 27 30 27 144 24 32 35 21 21 28 23 20 22 20 24
internal_value=0 -0.0146231 -0.0393771 0.0158567 0.00583054 -0.0276339 -0.0176824 0.0131395 0.00794605 0.0153909 0.00690407 -0.00584144 -0.00169218 -0.0207981 -0.032005 0.0269245 -0.00589624 -0.0067729 0.0313653 -0.0300091 0.026669 0.00519848 -0.00130791 0.00820135 -0.0145442 -0.0196706 0.0258924 0.0114522 -0.0164362 0.00745436
internal_weight=0 527 138 486 255 105 85 214 187 149 121 389 332 88 64 231 59 79 203 57 176 244 170 112 49 58 63 42 44 52
internal_count=1013 527 138 486 255 105 85 214 187 149 121 389 332 88 64 231 59 79 203 57 176 244 170 112 49 58 63 42 44 52
shrinkage=0.1


Tree=4
num_leaves=31
num_cat=0
split_feature=0 2 2 0 9 2 14 15 0 7 14 10 8 14 8 2 4 2 8 2 13 1 15 14 1 9 14 15 8 13
split_gain=19.0259 9.36532 4.57782 7.69577 5.43338 4.42994 4.36783 4.28518 4.08727 4.0071 5.05723 3.90102 3.57237 3.35542 3.44516 3.19872 2.89089 2.79603 2.71926 2.57958 2.39208 2.35115 2.11697 2.8464 2.79464 2.03282 1.96198 1.8782 1.82501 2.6762
threshold=25.500000000000004 35.500000000000007 31.500000000000004 31.500000000000004 9.5000000000000018 18.500000000000004 6.5000000000000009 8.5000000000000018 11.500000000000002 19.500000000000004 9.5000000000000018 2.5000000000000004 5.5000000000000009 7.5000000000000009 7.5000000000000009 20.500000000000004 3.5000000000000004 14.500000000000002 4.5000000000000009 17.500000000000004 17.500000000000004 4.5000000000000009 10.500000000000002 11.500000000000002 17.500000000000004 7.5000000000000009 12.500000000000002 6.5000000000000009 31.500000000000004 8.5000000000000018
decision_type=2 2 2 2 2 2 2 2 2 2 2 2 2 2 2 2 2 2 2 2 2 2 2 2 2 2 2 2 2 2
left_child=1 5 4 6 15 12 -4 -5 -7 10 11 13 -1 14 -10 17 18 -2 -6 -18 -9 -16 23 -20 -24 -14 -12 -13 29 -3
right_child=2 28 3 7 16 8 -8 20 9 -11 26 27 25 -15 21 -17 19 -19 22 -21 -22 -23 24 -25 -26 -27 -28 -29 -30 -31
leaf_value=-0.022486474934746238 -0.0094495038191477476 -0.013694468369850747 0.0014705052971839905 0.043330580677304949 -0.0082959977289040875 0.023063059036548324 -0.060186851907659461 -0.015804019099787663 0.0067223642183386768 0.012227529448431891 -0.064346806605656934 -0.016269471970471471 0.00072466710157561729 0.028211806829159077 -0.0066389653086662299 -0.012420124488492166 0.022779431256155173 0.035809464638049786 0.017833406382646317 0.064874672406428566 0.026250455493018743 -0.052639361381530761 -0.0060814019292593008 0.054377391110075279 0.041569851748645303 0.026990303641459979 -0.031475680807362433 -0.056332042694091804 -0.069187840819358831 -0.061083961345932705
leaf_weight=34 21 26 20 35 24 26 27 38 46 37 30 22 57 26 20 62 24 39 39 37 21 25 32 47 20 61 46 25 24 22
leaf_count=34 21 26 20 35 24 26 27 38 46 37 30 22 57 26 20 62 24 39 39 37 21 25 32 47 20 61 46 25 24 22
internal_value=0 -0.0131608 0.014271 -0.000910339 0.0204756 -0.00785782 -0.0339497 0.0156093 -0.0148465 -0.0184048 -0.0231273 -0.0132455 0.00607352 -0.00347032 -0.0125224 0.00350887 0.0297578 0.0199688 0.0227712 0.0483126 -0.000835477 -0.0321947 0.0281741 0.0378051 0.012246 0.0143027 -0.0444511 -0.0375794 -0.0466724 -0.0354147
internal_weight=0 527 486 141 345 455 47 94 303 277 240 164 152 117 91 122 223 60 162 61 59 45 138 86 52 118 76 47 72 48
internal_count=1013 527 486 141 345 455 47 94 303 277 240 164 152 117 91 122 223 60 162 61 59 45 138 86 52 118 76 47 72 48
shrinkage=0.1


Tree=5
num_leaves=31
num_cat=0
split_feature=0 2 4 0 2 3 14 1 3 15 0 7 2 7 5 15 13 1 15 3 3 8 2 1 14 1 3 14 13 15
split_gain=15.411 7.71204 4.57054 3.79947 4.95282 3.60311 3.60599 4.06002 3.38467 4.3278 3.06427 2.9531 3.13495 3.19749 2.94533 3.03501 2.87237 2.72709 5.63497 2.78939 2.99782 2.54568 2.4517 2.24208 2.17041 2.08121 4.16712 1.80643 2.23824 3.96417
threshold=25.500000000000004 28.500000000000004 1.5000000000000002 34.500000000000007 37.500000000000007 18.500000000000004 4.5000000000000009 12.500000000000002 22.500000000000004 16.500000000000004 17.500000000000004 3.5000000000000004 21.500000000000004 19.500000000000004 2.5000000000000004 4.5000000000000009 6.5000000000000009 3.5000000000000004 6.5000000000000009 1.5000000000000002 10.500000000000002 13.500000000000002 21.500000000000004 12.500000000000002 7.5000000000000009 16.500000000000004 16.500000000000004 6.5000000000000009 3.5000000000000004 11.500000000000002
decision_type=2 2 2 2 2 2 2 2 2 2 2 2 2 2 2 2 2 2 2 2 2 2 2 2 2 2 2 2 2 2
left_child=1 11 -3 4 5 6 -2 14 9 10 -4 22 27 16 -8 -16 -14 18 -5 -19 23 -9 -1 -21 -12 -22 -27 -13 -29 -30
right_child=3 2 8 17 -6 -7 7 21 -10 -11 24 12 13 -15 15 -17 -18 19 -20 20 25 -23 -24 -25 -26 26 -28 28 29 -31
leaf_value=-0.043354044719175866 0.045237301077161521 -0.064617403528907089 -0.055383494107619585 0.033145043750603995 -0.028369832955873933 -0.016741461604833602 -0.035897680846127593 0.052378640351472078 -0.058965710401535032 0.026148298524674918 0.013796118795871734 0.017847803959975372 -0.0087353263352368329 0.017938058972358704 0.031947118706173366 -0.012405277333325811 -0.050001381097301359 0.059294426441192628 -0.0377860773177374 0.027950348953406021 0.047624575018882759 0.0097093462944030772 -0.0013483405113220216 -0.011969972270376543 -0.03223357569603693 0.055530869960784913 -0.0019946126376881321 -0.01681544801284527 0.01615856698025828 -0.032963474690914152
leaf_weight=33 35 33 23 24 39 40 22 27 20 21 20 74 37 20 27 36 31 24 21 24 50 29 24 34 21 20 34 58 92 20
leaf_count=33 35 33 23 24 39 40 22 27 20 21 20 74 37 20 27 36 31 24 21 24 50 29 24 34 21 20 34 58 92 20
internal_value=0 -0.0118447 -0.0321549 0.0128439 0.00442844 0.0103503 0.0165076 0.00937608 -0.0219524 -0.0132434 -0.0261688 -0.00463952 -0.0010293 -0.0172101 -0.00439726 0.00660289 -0.0275478 0.0221338 4.38539e-05 0.0274781 0.0227646 0.030282 -0.0256674 0.00454878 -0.00978007 0.0329234 0.0193111 0.00480639 -0.000870455 0.00738677
internal_weight=0 527 138 486 255 216 176 141 105 85 64 389 332 88 85 63 68 231 45 186 162 56 57 58 41 104 54 244 170 112
internal_count=1013 527 138 486 255 216 176 141 105 85 64 389 332 88 85 63 68 231 45 186 162 56 57 58 41 104 54 244 170 112
shrinkage=0.1


Tree=6
num_leaves=31
num_cat=0
split_feature=0 2 11 6 15 8 7 1 3 2 2 8 1 6 15 14 1 6 9 8 8 15 8 1 3 11 1 0 2 8
split_gain=12.4829 6.42471 3.48923 5.86808 5.31039 3.86852 3.43625 3.13443 3.6665 4.63904 3.07694 4.1589 5.85798 3.56091 3.53932 3.00184 2.92797 2.64864 2.45654 2.41211 4.89953 2.33442 3.3333 2.86366 2.02339 2.00923 1.95576 1.5165 2.19153 1.50973
threshold=25.500000000000004 35.500000000000007 1.5000000000000002 3.5000000000000004 15.500000000000002 12.500000000000002 11.500000000000002 13.500000000000002 9.5000000000000018 24.500000000000004 19.500000000000004 5.5000000000000009 6.5000000000000009 3.5000000000000004 2.5000000000000004 6.5000000000000009 3.5000000000000004 1.5000000000000002 6.5000000000000009 7.5000000000000009 12.500000000000002 5.5000000000000009 25.500000000000004 16.500000000000004 7.5000000000000009 2.5000000000000004 7.5000000000000009 14.500000000000002 38.500000000000007 23.500000000000004
decision_type=2 2 2 2 2 2 2 2 2 2 2 2 2 2 2 2 2 2 2 2 2 2 2 2 2 2 2 2 2 2
left_child=1 6 15 5 -5 7 10 8 -4 -10 11 -1 18 14 -12 -2 -16 -7 -13 -8 -21 -19 23 -23 26 29 -18 -3 -29 -22
right_child=2 27 3 4 -6 17 19 -9 9 -11 13 12 -14 -15 16 -17 24 21 -20 20 25 22 -24 -25 -26 -27 -28 28 -30 -31
leaf_value=-0.033991274237632756 0.053431748467333173 -0.061817904859781274 0.016633123604219351 0.042060459647085761 -0.0075358142207066214 -0.039604489450101504 0.027603552686540706 0.030678854747252033 -0.054757266101383033 0.0084354244745694675 -0.00099999745686848974 0.0083152046570411104 -0.026239367105342727 0.019599734842777255 -0.061552731333107784 0.012779606993381792 0.0019612652413985312 0.017129361103562748 0.050646078586578373 -0.032795441491263254 0.0081891977473309164 0.02555083751678467 -0.039626744677943575 -0.025216205418109896 -0.042738520793425737 -0.014357447353276341 -0.036303655938668682 -0.053388882225210023 -0.011835772891839347 0.03983082437515259
leaf_weight=26 34 20 67 77 30 27 38 55 21 26 45 26 27 20 29 39 34 34 29 35 38 25 31 20 39 22 22 22 30 25
leaf_count=26 34 20 67 77 30 27 38 55 21 26 45 26 27 20 29 39 34 34 29 35 38 25 31 20 39 22 22 22 30 25
internal_value=0 -0.0106602 0.0115595 0.00799722 0.028155 0.000948593 -0.00626802 0.011072 0.00161261 -0.0197996 -0.0126065 0.000858292 0.0119082 -0.0203007 -0.0250227 0.0317135 -0.0337406 -0.0115395 0.0306351 0.00564678 -0.0013062 -0.00465076 -0.0143945 0.00298771 -0.0252505 0.01166 -0.0130714 -0.0384165 -0.0294159 0.0207454
internal_weight=0 527 486 413 107 306 455 169 114 47 297 108 82 189 169 73 124 137 55 158 120 110 76 45 95 85 56 72 52 63
internal_count=1013 527 486 413 107 306 455 169 114 47 297 108 82 189 169 73 124 137 55 158 120 110 76 45 95 85 56 72 52 63
shrinkage=0.1


Tree=7
num_leaves=31
num_cat=0
split_feature=0 2 9 8 15 15 11 6 6 10 1 13 3 13 14 1 13 8 7 13 14 8 1 1 7 8 3 9 0 2
split_gain=10.2473 7.99224 3.46327 4.62173 3.28312 2.9786 4.06624 5.52267 3.69056 6.03017 3.67267 3.70516 3.51936 4.08074 3.11643 2.93318 2.41943 2.43713 2.40059 2.16743 2.13596 2.30114 3.0239 2.1306 2.0957 2.22283 2.03183 2.22538 1.71103 1.88313
threshold=34.500000000000007 35.500000000000007 3.5000000000000004 8.5000000000000018 5.5000000000000009 2.5000000000000004 1.5000000000000002 3.5000000000000004 3.5000000000000004 2.5000000000000004 4.5000000000000009 8.5000000000000018 7.5000000000000009 12.500000000000002 7.5000000000000009 10.500000000000002 4.5000000000000009 19.500000000000004 9.5000000000000018 5.5000000000000009 16.500000000000004 6.5000000000000009 8.5000000000000018 1.0000000180025095e-35 8.5000000000000018 8.5000000000000018 13.500000000000002 10.500000000000002 43.500000000000007 30.500000000000004
decision_type=2 2 2 2 2 2 2 2 2 2 2 2 2 2 2 2 2 2 2 2 2 2 2 2 2 2 2 2 2 2
left_child=1 2 3 -1 -5 10 7 -7 12 19 11 14 20 15 -4 26 -3 -18 -12 -10 21 -8 24 -2 25 -23 27 -14 29 -25
right_child=23 16 5 4 -6 6 8 -9 9 -11 18 -13 13 -15 -16 -17 17 -19 -20 -21 -22 22 -24 28 -26 -27 -28 -29 -30 -31
leaf_value=-0.053472693690231866 -0.0073537941489900871 -0.0054597723868585399 0.045553620024160912 0.017600833792840283 -0.033609154962358022 0.040381022769471878 0.017876223080298483 -0.018794060250123343 0.062827730923891073 -0.018618903588503599 0.015860470508535705 -0.029544800281524661 -0.046919632735459703 0.011494627992312115 -0.0060519540309906007 -0.0055606158243285287 -0.022908634692430499 -0.056563353385680762 0.061592578617009258 0.017342462356794965 0.029161267053513303 -0.039865301336560938 -0.038401525924282691 0.023902804008475297 0.016333202189869351 0.0042665910720825198 -0.05534622484729404 -0.0029296678045521614 0.038569953292608261 -0.00054377087137915867
leaf_weight=28 28 31 22 31 21 46 34 24 20 32 24 25 23 30 25 36 48 39 22 22 21 21 31 111 36 25 42 23 48 44
leaf_count=28 28 31 22 31 21 46 34 24 20 32 24 25 23 30 25 36 48 39 22 22 21 21 31 111 36 25 42 23 48 44
internal_value=0 -0.00546642 -0.00120467 -0.0207175 -0.00308012 0.00146833 -0.00212542 0.0200924 -0.00605282 0.0140849 0.0156606 0.00155918 -0.0106807 -0.0216001 0.0181038 -0.0296069 -0.0294478 -0.0379952 0.0377323 0.0390021 -0.000671312 -0.00493311 -0.0117961 0.0185054 -0.00173794 -0.0158806 -0.039444 -0.0249247 0.0220721 0.0169631
internal_weight=0 782 664 80 52 584 466 70 396 74 118 72 322 154 47 124 118 87 46 42 168 147 113 231 82 46 88 46 203 155
internal_count=1013 782 664 80 52 584 466 70 396 74 118 72 322 154 47 124 118 87 46 42 168 147 113 231 82 46 88 46 203 155
shrinkage=0.1


Tree=8
num_leaves=31
num_cat=0
split_feature=0 2 7 12 3 13 13 15 9 15 9 7 2 3 7 14 1 13 8 14 15 2 1 15 15 15 13 3 12 13
split_gain=8.79792 4.65495 4.01328 3.61747 3.38311 5.67036 4.27933 5.16564 3.63397 2.96634 4.18384 2.79635 3.60496 3.11477 6.47255 3.50478 4.30111 4.00541 3.8358 2.87127 2.75989 2.68691 2.58142 2.49509 2.49041 3.11365 2.66763 2.43984 2.39161 3.83619
threshold=25.500000000000004 25.500000000000004 3.5000000000000004 1.0000000180025095e-35 3.5000000000000004 8.5000000000000018 1.5000000000000002 12.500000000000002 12.500000000000002 39.500000000000007 59.000000000000007 21.500000000000004 20.500000000000004 17.500000000000004 7.5000000000000009 11.500000000000002 1.5000000000000002 10.500000000000002 13.500000000000002 12.500000000000002 9.5000000000000018 19.500000000000004 16.500000000000004 6.5000000000000009 16.500000000000004 10.500000000000002 9.5000000000000018 16.500000000000004 2.5000000000000004 3.5000000000000004
decision_type=2 2 2 2 2 2 2 2 2 2 2 2 2 2 2 2 2 2 2 2 2 2 2 2 2 2 2 2 2 2
left_child=1 2 23 -4 5 -5 -6 8 21 10 11 12 -2 15 -15 16 -14 -17 20 -13 -18 -8 -16 -1 25 28 -26 -21 29 -3
right_child=9 24 3 4 6 -7 7 -9 -10 -11 -12 19 13 14 22 17 18 -19 -20 27 -22 -23 -24 -25 26 -27 -28 -29 -30 -31
leaf_value=-0.047442801861927425 0.02718558191632231 0.026048027049927487 0.039397849887609485 0.0057439814673529736 -0.027254889719188213 -0.047101183517559153 0.032948769032955176 -0.028994418144226076 0.053307181817513927 -0.02800668403506279 0.052907571196556091 0.014003873032492562 -0.033788980722427371 0.032190551076616558 -0.012166044386950407 0.0093959097900698264 0.011583187387270086 0.063193957448005683 -0.012052180477090784 -0.044764746248722079 0.057038948075337853 0.00037370963373045988 -0.061805559992790228 -0.0033384271289991297 0.02553671509027481 -0.055950721912086013 -0.026112419217824936 -0.00012689456343650818 -0.042038889141643748 -0.025036747540746418
leaf_weight=29 120 21 24 45 32 37 40 25 27 20 23 37 25 21 22 31 34 25 37 25 22 69 20 23 20 32 20 24 34 49
leaf_count=29 120 21 24 45 32 37 40 25 27 20 23 37 25 21 22 31 34 25 37 25 22 69 20 23 20 32 20 24 34 49
internal_value=0 -0.00894949 -0.00229438 0.00216487 -0.00108455 -0.0181008 0.00614515 0.0127837 0.0204635 0.00970448 0.011323 0.00916397 0.0130635 0.00591304 -0.0131391 0.0128112 0.00303415 0.0334129 0.0129328 -0.0070235 0.0294408 0.0123279 -0.0358039 -0.0279351 -0.0222219 -0.0286731 -0.000287852 -0.0229013 -0.0202799 -0.00971132
internal_weight=0 527 351 299 275 82 193 161 136 486 466 443 357 237 63 174 118 56 93 86 56 109 42 52 176 136 40 49 104 70
internal_count=1013 527 351 299 275 82 193 161 136 486 466 443 357 237 63 174 118 56 93 86 56 109 42 52 176 136 40 49 104 70
shrinkage=0.1


Tree=9
num_leaves=31
num_cat=0
split_feature=0 2 9 8 2 14 10 1 7 0 10 2 9 14 13 15 9 9 13 7 3 13 8 13 15 1 15 3 3 1
split_gain=7.36852 5.76767 2.53966 3.85003 2.58675 2.32168 3.52004 2.4008 3.01234 2.95025 2.52742 3.4825 4.22035 6.27001 3.30163 3.09858 3.01731 2.61212 2.54218 2.24764 2.22723 3.19845 1.82499 1.77153 1.73164 1.68584 4.22837 1.92314 2.43116 1.75753
threshold=34.500000000000007 35.500000000000007 3.5000000000000004 8.5000000000000018 21.500000000000004 4.5000000000000009 3.5000000000000004 11.500000000000002 18.500000000000004 24.500000000000004 1.5000000000000002 29.500000000000004 8.5000000000000018 12.500000000000002 5.5000000000000009 6.5000000000000009 9.5000000000000018 13.500000000000002 4.5000000000000009 9.5000000000000018 7.5000000000000009 10.500000000000002 30.500000000000004 4.5000000000000009 8.5000000000000018 3.5000000000000004 6.5000000000000009 1.5000000000000002 10.500000000000002 12.500000000000002
decision_type=2 2 2 2 2 2 2 2 2 2 2 2 2 2 2 2 2 2 2 2 2 2 2 2 2 2 2 2 2 2
left_child=1 2 3 -1 -5 6 20 10 9 -9 16 12 13 18 17 19 -7 -14 -12 -16 21 -4 23 -3 -25 26 -2 -27 29 -29
right_child=25 22 5 4 -6 7 -8 8 -10 -11 11 -13 14 -15 15 -17 -18 -19 -20 -21 -22 -23 -24 24 -26 27 -28 28 -30 -31
leaf_value=-0.047620372687067307 0.026997796073555947 0.0086168028059459868 0.05664456371338137 0.020676776537528405 -0.023930504230352548 0.037846573499532854 -0.022795346805027553 -0.018493734333250259 0.034647002901349748 0.015758240013791804 0.012175964150163863 -0.042609321475028994 -0.032132145666307017 -0.064981590747833259 -0.022991603314876558 0.041773885313202357 -0.0074076871661578909 0.010004729884011406 -0.022675088167190553 0.024417664408683776 0.0052256337753156341 0.0053514654934406283 -0.042707586212035936 -0.045846371849377954 -0.010763283687479357 0.046312177181243898 -0.034445921296165104 0.020295381049315137 0.025128768842953904 -0.01504902787068311
leaf_weight=28 24 21 31 26 26 26 21 45 35 57 36 30 31 25 20 34 34 28 50 20 41 20 39 24 34 24 21 24 104 34
leaf_count=28 24 21 31 26 26 26 21 45 35 57 36 30 31 25 20 34 34 28 50 20 41 20 39 24 34 24 21 24 104 34
internal_value=0 -0.00463541 -0.00101503 -0.0177246 -0.00162686 0.00127395 0.0141465 -0.00181438 0.00933319 0.000647075 -0.00638689 -0.0104576 -0.00650447 -0.0209005 0.0055103 0.0195788 0.0122025 -0.012135 -0.00808628 0.000713031 0.0225789 0.0365296 -0.0250077 -0.0162698 -0.0252804 0.0156922 -0.00167594 0.0198941 0.0159803 -0.000423755
internal_weight=0 782 664 80 52 584 113 471 137 102 334 274 244 111 133 74 60 59 86 40 92 51 118 79 58 231 45 186 162 58
internal_count=1013 782 664 80 52 584 113 471 137 102 334 274 244 111 133 74 60 59 86 40 92 51 118 79 58 231 45 186 162 58
shrinkage=0.1


Tree=10
num_leaves=31
num_cat=0
split_feature=0 2 9 14 2 2 9 9 7 10 1 7 1 10 8 14 6 4 15 15 1 1 5 10 7 0 15 2 15 7
split_gain=6.10902 5.959 2.59382 2.02598 3.34016 1.94387 3.16171 2.88784 2.14544 2.19268 2.53156 2.8148 2.27666 1.92712 2.64566 2.38146 1.75009 2.50377 1.7901 2.94434 2.32531 3.02317 3.50349 2.67593 1.65004 2.80168 2.2003 2.43081 1.5754 1.52214
threshold=31.500000000000004 35.500000000000007 59.000000000000007 2.5000000000000004 42.500000000000007 18.500000000000004 10.500000000000002 20.500000000000004 11.500000000000002 3.5000000000000004 11.500000000000002 17.500000000000004 3.5000000000000004 2.5000000000000004 9.5000000000000018 6.5000000000000009 3.5000000000000004 1.5000000000000002 2.5000000000000004 1.0000000180025095e-35 4.5000000000000009 8.5000000000000018 2.5000000000000004 2.5000000000000004 3.5000000000000004 43.500000000000007 3.5000000000000004 18.500000000000004 8.5000000000000018 6.5000000000000009
decision_type=2 2 2 2 2 2 2 2 2 2 2 2 2 2 2 2 2 2 2 2 2 2 2 2 2 2 2 2 2 2
left_child=1 5 3 -2 24 6 13 -8 16 10 11 12 -10 14 15 -1 17 -7 19 -19 -20 22 -22 -23 -5 26 -26 -28 -3 -30
right_child=2 28 -4 4 -6 8 7 -9 9 -11 -12 -13 -14 -15 -16 -17 -18 18 20 -21 21 23 -24 -25 25 -27 27 -29 29 -31
leaf_value=0.014001520190920151 0.035229369004567461 -0.042673439296280466 0.044767218286340893 -0.011074807698076422 -0.032816151827573775 -0.03248937107898571 0.036033158462781177 -0.0053249233365058905 0.035867823447499961 -0.018885155454758676 0.036010669668515523 -0.020477623289281672 -0.0083071136474609369 -0.023140391792569843 0.025659252064568656 -0.031677893638610836 0.011324177589267494 -0.017844438417391344 -0.037846678014724487 0.032316019535064702 -0.0096707126332653895 -0.048647066454092669 0.042530235350131992 0.00023259846937088741 0.028053101968197599 0.040216807834804059 0.023283881850932775 -0.0065537503699666447 0.0016301255226135254 -0.030489519569608905
leaf_weight=21 27 41 22 33 20 54 52 25 28 31 30 33 20 35 35 25 32 22 31 25 36 24 20 21 42 32 38 97 25 36
leaf_count=21 27 41 22 33 20 54 52 25 28 31 30 33 20 35 35 25 32 22 31 25 36 24 20 21 42 32 38 97 25 36
internal_value=0 -0.00516883 0.0116673 0.00914755 0.00645973 -0.00137007 0.00689557 0.0226052 -0.00528965 0.0046287 0.0111956 0.00200488 0.0174616 -0.00353237 0.00494023 -0.0108242 -0.0106044 -0.013616 -0.0079224 0.00883666 -0.0138896 -0.00653649 0.00897248 -0.0258366 0.00970567 0.0129868 0.00806386 0.00184499 -0.0275145 -0.0173257
internal_weight=0 702 311 289 262 600 193 77 407 142 111 81 48 116 81 46 265 233 179 47 132 101 56 45 242 209 177 135 102 61
internal_count=1013 702 311 289 262 600 193 77 407 142 111 81 48 116 81 46 265 233 179 47 132 101 56 45 242 209 177 135 102 61
shrinkage=0.1


end of trees

feature_importances:
Column_2=45
Column_15=34
Column_1=32
Column_8=28
Column_14=27
Column_0=26
Column_3=26
Column_7=26
Column_13=24
Column_9=22
Column_10=9
Column_5=8
Column_6=8
Column_12=6
Column_4=5
Column_11=4

parameters:
[boosting: gbdt]
[objective: regression]
[metric: l2]
[tree_learner: serial]
[device_type: cpu]
[data: ]
[valid: ]
[num_iterations: 10000]
[learning_rate: 0.1]
[num_leaves: 31]
[num_threads: 0]
[deterministic: 0]
[force_col_wise: 0]
[force_row_wise: 0]
[histogram_pool_size: -1]
[max_depth: -1]
[min_data_in_leaf: 20]
[min_sum_hessian_in_leaf: 0.001]
[bagging_fraction: 1]
[pos_bagging_fraction: 1]
[neg_bagging_fraction: 1]
[bagging_freq: 0]
[bagging_seed: 3]
[feature_fraction: 1]
[feature_fraction_bynode: 1]
[feature_fraction_seed: 2]
[extra_trees: 0]
[extra_seed: 6]
[early_stopping_round: 10]
[first_metric_only: 0]
[max_delta_step: 0]
[lambda_l1: 0]
[lambda_l2: 0]
[min_gain_to_split: 0]
[drop_rate: 0.1]
[max_drop: 50]
[skip_drop: 0.5]
[xgboost_dart_mode: 0]
[uniform_drop: 0]
[drop_seed: 4]
[top_rate: 0.2]
[other_rate: 0.1]
[min_data_per_group: 100]
[max_cat_threshold: 32]
[cat_l2: 10]
[cat_smooth: 10]
[max_cat_to_onehot: 4]
[top_k: 20]
[monotone_constraints: ]
[monotone_constraints_method: basic]
[monotone_penalty: 0]
[feature_contri: ]
[forcedsplits_filename: ]
[refit_decay_rate: 0.9]
[cegb_tradeoff: 1]
[cegb_penalty_split: 0]
[cegb_penalty_feature_lazy: ]
[cegb_penalty_feature_coupled: ]
[path_smooth: 0]
[interaction_constraints: ]
[verbosity: 1]
[saved_feature_importance_type: 0]
[max_bin: 255]
[max_bin_by_feature: ]
[min_data_in_bin: 3]
[bin_construct_sample_cnt: 200000]
[data_random_seed: 1]
[is_enable_sparse: 1]
[enable_bundle: 1]
[use_missing: 1]
[zero_as_missing: 0]
[feature_pre_filter: 1]
[pre_partition: 0]
[two_round: 0]
[header: 0]
[label_column: ]
[weight_column: ]
[group_column: ]
[ignore_column: ]
[categorical_feature: ]
[forcedbins_filename: ]
[objective_seed: 5]
[num_class: 1]
[is_unbalance: 0]
[scale_pos_weight: 1]
[sigmoid: 1]
[boost_from_average: 1]
[reg_sqrt: 0]
[alpha: 0.9]
[fair_c: 1]
[poisson_max_delta_step: 0.7]
[tweedie_variance_power: 1.5]
[lambdarank_truncation_level: 30]
[lambdarank_norm: 1]
[label_gain: ]
[eval_at: ]
[multi_error_top_k: 1]
[auc_mu_weights: ]
[num_machines: 1]
[local_listen_port: 12400]
[time_out: 120]
[machine_list_filename: ]
[machines: ]
[gpu_platform_id: -1]
[gpu_device_id: -1]
[gpu_use_dp: 0]
[num_gpu: 1]

end of parameters

pandas_categorical:null
