tree
version=v3
num_class=1
num_tree_per_iteration=1
label_index=0
max_feature_idx=15
objective=regression
feature_names=Column_0 Column_1 Column_2 Column_3 Column_4 Column_5 Column_6 Column_7 Column_8 Column_9 Column_10 Column_11 Column_12 Column_13 Column_14 Column_15
feature_infos=[1:49] [0:76] [2:49] [0:66] [0:7] [0:6] [0:7] [0:154] [0:97] [0:124] [0:7] [1:6] [0:7] [0:165] [0:109] [0:127]
tree_sizes=2096 1874 2030 2026 1955 1793

Tree=0
num_leaves=24
num_cat=0
split_feature=0 0 2 4 8 9 5 4 15 0 3 7 2 7 8 7 7 2 11 13 3 3 8
split_gain=21.5797 10.9426 7.79411 6.39815 5.20527 4.87786 4.76224 5.47882 4.19183 4.91803 6.63771 3.73489 3.46083 3.24652 2.80519 2.35917 2.30114 1.77168 1.70692 4.97045 1.53409 1.52727 1.0404
threshold=42.500000000000007 19.500000000000004 35.500000000000007 1.0000000180025095e-35 5.5000000000000009 21.500000000000004 2.5000000000000004 1.5000000000000002 25.500000000000004 27.500000000000004 5.5000000000000009 17.500000000000004 38.500000000000007 13.500000000000002 9.5000000000000018 11.500000000000002 13.500000000000002 23.500000000000004 2.5000000000000004 10.500000000000002 16.500000000000004 8.5000000000000018 8.5000000000000018
decision_type=2 2 2 2 2 2 2 2 2 2 2 2 2 2 2 2 2 2 2 2 2 2 2
left_child=1 4 3 -3 -1 12 7 -6 9 10 22 -2 -4 17 -11 -16 21 -12 -9 -20 -18 -8 -5
right_child=11 2 5 8 6 -7 16 18 -10 14 13 -13 -14 -15 15 -17 20 -19 19 -21 -22 -23 -24
leaf_value=-0.13776125448619717 -0.11653366949318003 -0.19223081645694939 -0.16761125264491036 -0.13236125480806227 -0.12336125534450405 -0.14136125427162044 -0.19802791756069058 -0.16092647049674697 -0.17136125248348111 -0.13317943657747663 -0.15936125319873684 -0.060361259099596665 -0.21894745654367387 -0.13236125480806227 -0.11681580118918899 -0.069361258563154865 -0.16386125285601014 -0.20005690294700001 -0.16386125293051595 -0.23136124890720244 -0.20136125057116544 -0.23136124890720244 -0.10176125663196438
leaf_weight=25 29 23 24 20 20 24 27 23 30 33 20 20 29 20 22 20 20 23 24 20 24 28 25
leaf_count=25 29 23 24 20 20 24 27 23 30 33 20 20 29 20 22 20 20 23 24 20 24 28 25
internal_value=-0.157068 -0.163002 -0.151138 -0.142124 -0.180603 -0.178764 -0.186361 -0.169292 -0.136713 -0.131033 -0.144695 -0.0936062 -0.195701 -0.165647 -0.111361 -0.0942184 -0.201361 -0.181129 -0.183003 -0.194543 -0.184316 -0.214998 -0.115361
internal_weight=0 524 313 236 211 77 186 87 213 183 108 49 53 63 75 42 99 43 67 44 44 55 45
internal_count=573 524 313 236 211 77 186 87 213 183 108 49 53 63 75 42 99 43 67 44 44 55 45
shrinkage=1


Tree=1
num_leaves=21
num_cat=0
split_feature=0 1 6 14 2 9 7 13 0 7 15 9 1 11 3 8 7 12 9 13
split_gain=17.7311 9.70399 11.6018 8.03429 6.4317 10.8928 5.73037 7.13154 5.43072 4.71156 3.54748 3.29659 3.06381 4.39894 2.89094 2.70265 2.66133 2.27729 2.25027 1.69207
threshold=43.500000000000007 3.5000000000000004 1.5000000000000002 3.5000000000000004 24.500000000000004 23.500000000000004 1.5000000000000002 15.500000000000002 26.500000000000004 15.500000000000002 3.5000000000000004 12.500000000000002 1.0000000180025095e-35 2.5000000000000004 15.500000000000002 14.500000000000002 16.500000000000004 3.5000000000000004 12.500000000000002 13.500000000000002
decision_type=2 2 2 2 2 2 2 2 2 2 2 2 2 2 2 2 2 2 2 2
left_child=1 6 9 -4 11 8 -1 10 -6 -3 -8 15 13 -12 -2 -5 18 -15 -9 -13
right_child=14 2 3 4 5 -7 7 16 -10 -11 12 19 -14 17 -16 -17 -18 -19 -20 -21
leaf_value=-0.064630899062523478 0.037579303202421775 -0.052938268529741386 0.062376517232726608 0.026159163906767563 -0.058280277975967958 0.041445733010768898 -0.02698163863940117 -0.00095830947160720822 -0.0012826332822442055 0.00058328786800647609 0.057420769062909216 -0.014064704236530124 -0.017201861835295155 -0.020094988766041669 0.089563881456851957 0.070418899709528138 -0.065475861010728054 0.025405194542624732 -0.047304699366742919 0.02607871606236413
leaf_weight=26 23 38 34 37 35 30 39 20 32 29 22 21 31 22 20 22 27 22 22 21
leaf_count=26 23 38 34 37 35 30 39 20 32 29 22 21 31 22 20 22 27 22 22 21
internal_value=0 -0.00501057 0.00688288 0.0174686 0.00975716 -0.00863384 -0.0204051 -0.014796 -0.0310575 -0.0297722 -0.00151074 0.0274198 0.00873014 0.0209103 0.0617582 0.0426628 -0.0409814 0.0026551 -0.025235 0.00600701
internal_weight=0 530 299 232 198 97 231 205 67 67 136 101 97 66 43 59 69 44 42 42
internal_count=573 530 299 232 198 97 231 205 67 67 136 101 97 66 43 59 69 44 42 42
shrinkage=0.1


Tree=2
num_leaves=23
num_cat=0
split_feature=0 2 0 3 1 10 3 12 3 1 2 7 5 15 13 15 5 0 14 1 0 0
split_gain=14.5367 8.22798 5.89526 5.83026 6.29915 4.89439 7.12578 4.51893 6.68467 3.29083 3.19062 2.71341 3.33298 2.58056 6.33397 3.50287 2.26639 1.55178 1.61933 1.49785 1.08767 0.760343
threshold=26.500000000000004 39.500000000000007 42.500000000000007 11.500000000000002 3.5000000000000004 2.5000000000000004 19.500000000000004 4.5000000000000009 24.500000000000004 9.5000000000000018 27.500000000000004 5.5000000000000009 2.5000000000000004 3.5000000000000004 7.5000000000000009 9.5000000000000018 2.5000000000000004 17.500000000000004 12.500000000000002 6.5000000000000009 45.500000000000007 18.500000000000004
decision_type=2 2 2 2 2 2 2 2 2 2 2 2 2 2 2 2 2 2 2 2 2 2
left_child=3 2 7 4 11 6 21 8 13 17 16 -1 -13 -2 -15 -16 19 18 -7 -6 -4 -5
right_child=1 -3 20 5 10 9 -8 -9 -10 -11 -12 12 -14 14 15 -17 -18 -19 -20 -21 -22 -23
leaf_value=-0.046841164827346807 0.0070824598724191839 -0.025425137141171623 0.044176762551069261 -0.02017453738621303 0.02465153496999007 -0.020235302231528543 0.030070202437139329 -0.021113242954015732 -0.022362204219983972 -0.0098252777869884799 -0.016448685228824617 0.014829529076814653 -0.030811579152941707 0.087422748804092412 0.056110046480012978 0.0046032867124003755 0.0015131604103814989 -0.06921494294857157 -0.058603487841107631 0.060104844515973879 0.076398312503641305 -0.047418607696890831
leaf_weight=25 22 34 20 21 26 22 31 24 23 26 20 32 32 25 23 31 21 29 22 22 22 20
leaf_count=25 22 34 20 21 26 22 31 24 23 26 20 32 32 25 23 31 21 29 22 22 22 20
internal_value=0 0.0198813 0.0279888 -0.0127605 -9.21661e-05 -0.0259474 -0.00610918 0.0186052 0.0262926 -0.0403752 0.0187197 -0.018904 -0.00799103 0.0373724 0.0458076 0.0265414 0.0289134 -0.051256 -0.0394194 0.040901 0.0610547 -0.0334643
internal_weight=0 224 190 349 178 171 72 148 124 99 89 89 64 101 79 54 69 73 44 48 42 41
internal_count=573 224 190 349 178 171 72 148 124 99 89 89 64 101 79 54 69 73 44 48 42 41
shrinkage=0.1


Tree=3
num_leaves=23
num_cat=0
split_feature=0 0 2 2 8 2 1 3 0 11 5 9 2 11 8 2 3 6 14 7 7 3
split_gain=11.8498 6.958 5.35566 4.46049 4.41578 4.11404 5.0095 4.67095 3.62625 3.59973 3.2021 3.15526 3.06486 2.94318 2.4009 2.3799 2.17483 2.06673 1.84664 1.7518 1.07467 0.885691
threshold=43.500000000000007 19.500000000000004 35.500000000000007 32.500000000000007 5.5000000000000009 22.500000000000004 14.500000000000002 7.5000000000000009 32.500000000000007 2.5000000000000004 2.5000000000000004 21.500000000000004 18.500000000000004 2.5000000000000004 9.5000000000000018 38.500000000000007 15.500000000000002 2.5000000000000004 18.500000000000004 9.5000000000000018 11.500000000000002 7.5000000000000009
decision_type=2 2 2 2 2 2 2 2 2 2 2 2 2 2 2 2 2 2 2 2 2 2
left_child=1 4 3 5 -1 6 12 -7 19 10 -6 15 13 -3 -11 -4 -2 18 -16 -9 -12 -14
right_child=16 2 11 -5 9 7 -8 8 -10 14 20 -13 21 -15 17 -17 -18 -19 -20 -21 -22 -23
leaf_value=0.021274826049804688 0.029515843287758206 0.016807021981193906 -0.008073247596621513 0.050116491743496486 0.013669492539606596 0.028009035631462384 0.063402695547450677 -0.058208839188922536 0.0088749687115733441 -0.064789738980206582 -0.043257775604724887 0.011731223821640015 0.037839361230532331 -0.036136609883535474 -0.053259253076144632 -0.05064410012343834 0.074604533612728119 -0.007120876927529613 -0.015168111324310302 -0.018738294425218002 -0.010475658774375916 0.011062737873622351
leaf_weight=25 23 21 24 28 38 27 22 22 26 22 20 25 30 21 35 29 20 31 20 23 20 21
leaf_count=25 23 21 24 28 38 27 22 22 26 22 20 25 30 21 35 29 20 31 20 23 20 21
internal_value=0 -0.00409614 0.00522244 0.0125938 -0.0181844 0.00766129 0.0204908 -0.00739369 -0.0208567 -0.0234881 -0.00711831 -0.0175533 0.0103395 -0.00966479 -0.0353107 -0.0313667 0.0504873 -0.0277696 -0.0394079 -0.038035 -0.0268667 0.0268137
internal_weight=0 530 319 241 211 213 115 98 71 186 78 78 93 42 108 53 43 86 55 45 40 51
internal_count=573 530 319 241 211 213 115 98 71 186 78 78 93 42 108 53 43 86 55 45 40 51
shrinkage=0.1


Tree=4
num_leaves=22
num_cat=0
split_feature=0 8 0 15 5 13 2 7 8 0 13 15 11 14 3 3 7 8 3 1 2
split_gain=9.85206 7.23403 4.9924 4.25129 4.16281 3.87156 3.35123 4.09413 5.97741 4.84939 6.59917 2.95272 3.17697 2.34728 2.32507 2.25316 2.03563 2.02242 1.76161 1.54365 1.44006
threshold=23.500000000000004 4.5000000000000009 43.500000000000007 35.500000000000007 2.5000000000000004 12.500000000000002 41.500000000000007 3.5000000000000004 12.500000000000002 27.500000000000004 11.500000000000002 3.5000000000000004 2.5000000000000004 3.5000000000000004 16.500000000000004 11.500000000000002 14.500000000000002 24.500000000000004 15.500000000000002 2.5000000000000004 26.500000000000004
decision_type=2 2 2 2 2 2 2 2 2 2 2 2 2 2 2 2 2 2 2 2 2
left_child=1 -1 3 6 5 13 7 -2 9 -9 -11 -6 14 -3 -13 19 -10 -14 -4 -15 -7
right_child=2 4 18 -5 11 20 -8 8 16 10 -12 12 17 15 -16 -17 -18 -19 -20 -21 -22
leaf_value=0.044640740610304333 -0.021711625434134321 0.037162940800189968 0.026564261187677796 -0.032503164851147202 -0.05244693023127478 -0.011973142352971165 -0.023831397294998169 -0.037649175822734832 0.029331922217419273 0.053643628029987733 -0.012218489684164524 0.022709157933359564 -0.049857333550850556 -0.011153899431228638 -0.022255249839761987 -0.024065717841897691 0.063563883304595947 -0.013651973561004359 0.067144081294536598 0.023858111921478721 -0.049048760384321211
leaf_weight=21 23 20 23 23 37 22 22 20 38 29 32 23 36 20 23 28 32 27 20 34 20
leaf_count=21 23 20 23 23 37 22 22 20 38 29 32 23 36 20 23 28 32 27 20 34 20
internal_value=0 -0.0120353 0.0142862 0.00816948 -0.0161394 -0.00407547 0.0129423 0.0175918 0.0235785 0.00508259 0.019093 -0.0280381 -0.0197525 0.00644624 0.000226954 -0.00104564 0.0449808 -0.0343408 0.0454386 0.0108907 -0.0296282
internal_weight=0 311 262 219 290 144 196 174 151 81 61 146 109 102 46 82 70 63 43 54 42
internal_count=573 311 262 219 290 144 196 174 151 81 61 146 109 102 46 82 70 63 43 54 42
shrinkage=0.1


Tree=5
num_leaves=20
num_cat=0
split_feature=1 6 7 7 13 14 0 3 13 4 14 15 13 3 13 7 9 0 0
split_gain=8.11751 7.88726 5.77205 4.58466 4.88855 4.44009 4.35336 4.27544 4.66844 3.84251 4.3325 4.63265 3.50534 3.46108 3.91307 1.95971 2.34792 1.28017 0.878296
threshold=3.5000000000000004 1.5000000000000002 15.500000000000002 1.5000000000000002 15.500000000000002 3.5000000000000004 43.500000000000007 24.500000000000004 22.500000000000004 3.5000000000000004 12.500000000000002 8.5000000000000018 11.500000000000002 15.500000000000002 5.5000000000000009 16.500000000000004 12.500000000000002 30.500000000000004 18.500000000000004
decision_type=2 2 2 2 2 2 2 2 2 2 2 2 2 2 2 2 2 2 2
left_child=3 2 -2 -1 12 -3 7 8 9 10 11 -7 13 14 -5 16 -6 -9 -16
right_child=1 5 -4 4 15 6 -8 17 -10 -11 -12 -13 -14 -15 18 -17 -18 -19 -20
leaf_value=-0.053042051858372165 -0.045481990850888769 0.051620925349347736 0.011343341162710479 0.007793386713151009 0.0066518423103150877 0.022592769786715511 0.045982906222343446 -0.0040655666589736938 0.052505923931797351 -0.032357970022019893 0.041640588170603704 -0.028454902768135074 0.034080661446959891 0.018286000192165374 -0.054285957813262946 -0.051746213325747741 -0.03959633448849554 -0.039845030903816227 -0.0250048265570686
leaf_weight=27 39 34 33 31 21 40 34 20 27 21 38 32 27 38 20 27 23 20 21
leaf_count=27 39 34 33 31 21 40 34 20 27 21 38 32 27 38 20 27 23 20 21
internal_value=0 0.00992453 -0.019437 -0.0142744 -0.00924209 0.017872 0.0129261 0.00724963 0.0146433 0.00683953 0.0143227 -9.50847e-05 0.00179431 -0.00613052 -0.019017 -0.0305377 -0.0175233 -0.0219553 -0.0392883
internal_weight=0 338 72 235 208 266 232 198 158 131 110 72 137 110 72 71 44 40 41
internal_count=573 338 72 235 208 266 232 198 158 131 110 72 137 110 72 71 44 40 41
shrinkage=0.1


end of trees

feature_importances:
Column_0=19
Column_3=15
Column_7=15
Column_2=13
Column_13=10
Column_8=9
Column_1=8
Column_15=7
Column_9=6
Column_14=6
Column_5=5
Column_11=5
Column_4=3
Column_6=3
Column_12=2
Column_10=1

parameters:
[boosting: gbdt]
[objective: regression]
[metric: l2]
[tree_learner: serial]
[device_type: cpu]
[data: ]
[valid: ]
[num_iterations: 10000]
[learning_rate: 0.1]
[num_leaves: 31]
[num_threads: 0]
[deterministic: 0]
[force_col_wise: 0]
[force_row_wise: 0]
[histogram_pool_size: -1]
[max_depth: -1]
[min_data_in_leaf: 20]
[min_sum_hessian_in_leaf: 0.001]
[bagging_fraction: 1]
[pos_bagging_fraction: 1]
[neg_bagging_fraction: 1]
[bagging_freq: 0]
[bagging_seed: 3]
[feature_fraction: 1]
[feature_fraction_bynode: 1]
[feature_fraction_seed: 2]
[extra_trees: 0]
[extra_seed: 6]
[early_stopping_round: 10]
[first_metric_only: 0]
[max_delta_step: 0]
[lambda_l1: 0]
[lambda_l2: 0]
[min_gain_to_split: 0]
[drop_rate: 0.1]
[max_drop: 50]
[skip_drop: 0.5]
[xgboost_dart_mode: 0]
[uniform_drop: 0]
[drop_seed: 4]
[top_rate: 0.2]
[other_rate: 0.1]
[min_data_per_group: 100]
[max_cat_threshold: 32]
[cat_l2: 10]
[cat_smooth: 10]
[max_cat_to_onehot: 4]
[top_k: 20]
[monotone_constraints: ]
[monotone_constraints_method: basic]
[monotone_penalty: 0]
[feature_contri: ]
[forcedsplits_filename: ]
[refit_decay_rate: 0.9]
[cegb_tradeoff: 1]
[cegb_penalty_split: 0]
[cegb_penalty_feature_lazy: ]
[cegb_penalty_feature_coupled: ]
[path_smooth: 0]
[interaction_constraints: ]
[verbosity: 1]
[saved_feature_importance_type: 0]
[max_bin: 255]
[max_bin_by_feature: ]
[min_data_in_bin: 3]
[bin_construct_sample_cnt: 200000]
[data_random_seed: 1]
[is_enable_sparse: 1]
[enable_bundle: 1]
[use_missing: 1]
[zero_as_missing: 0]
[feature_pre_filter: 1]
[pre_partition: 0]
[two_round: 0]
[header: 0]
[label_column: ]
[weight_column: ]
[group_column: ]
[ignore_column: ]
[categorical_feature: ]
[forcedbins_filename: ]
[objective_seed: 5]
[num_class: 1]
[is_unbalance: 0]
[scale_pos_weight: 1]
[sigmoid: 1]
[boost_from_average: 1]
[reg_sqrt: 0]
[alpha: 0.9]
[fair_c: 1]
[poisson_max_delta_step: 0.7]
[tweedie_variance_power: 1.5]
[lambdarank_truncation_level: 30]
[lambdarank_norm: 1]
[label_gain: ]
[eval_at: ]
[multi_error_top_k: 1]
[auc_mu_weights: ]
[num_machines: 1]
[local_listen_port: 12400]
[time_out: 120]
[machine_list_filename: ]
[machines: ]
[gpu_platform_id: -1]
[gpu_device_id: -1]
[gpu_use_dp: 0]
[num_gpu: 1]

end of parameters

pandas_categorical:null
