tree
version=v3
num_class=1
num_tree_per_iteration=1
label_index=0
max_feature_idx=15
objective=regression
feature_names=Column_0 Column_1 Column_2 Column_3 Column_4 Column_5 Column_6 Column_7 Column_8 Column_9 Column_10 Column_11 Column_12 Column_13 Column_14 Column_15
feature_infos=[1:49] [0:74] [1:49] [0:57] [0:7] [1:7] [0:7] [0:221] [17:162] [0:212] [0:7] [0:8] [0:7] [0:177] [0:167] [0:137]
tree_sizes=2624 2740 2742 2753 2746 2743 2756 2754 2744 2756 2769 2757 2747 2764

Tree=0
num_leaves=31
num_cat=0
split_feature=0 2 0 3 7 3 2 0 6 14 2 3 13 5 9 2 10 9 15 6 1 0 1 4 6 7 2 9 13 8
split_gain=141.244 33.1057 24.0103 21.1966 16.8431 15.0832 14.9354 10.1009 9.84262 9.64286 6.98556 6.88661 6.71234 6.174 6.048 5.88164 6.75673 5.59704 5.49276 5.25463 7.82229 5.20033 4.74078 4.54781 4.49426 4.9396 4.33929 6.85157 4.27636 4.41
threshold=37.500000000000007 31.500000000000004 22.500000000000004 16.500000000000004 10.500000000000002 3.5000000000000004 43.500000000000007 27.500000000000004 2.5000000000000004 15.500000000000002 22.500000000000004 4.5000000000000009 8.5000000000000018 3.5000000000000004 8.5000000000000018 17.500000000000004 2.5000000000000004 4.5000000000000009 19.500000000000004 2.5000000000000004 11.500000000000002 25.500000000000004 13.500000000000002 2.5000000000000004 1.5000000000000002 13.500000000000002 39.500000000000007 8.5000000000000018 3.5000000000000004 19.500000000000004
decision_type=2 2 2 2 2 2 2 2 2 2 2 2 2 2 2 2 2 2 2 2 2 2 2 2 2 2 2 2 2 2
left_child=1 2 3 8 9 13 7 12 11 14 -5 17 -7 26 -4 -10 22 -1 -16 20 -9 -8 28 -18 -13 -26 27 -3 -17 -30
right_child=-2 5 4 10 -6 6 21 19 15 -11 -12 24 -14 -15 18 16 23 -19 -20 -21 -22 -23 -24 -25 25 -27 -28 -29 29 -31
leaf_value=0.17183361460238025 0.26745861206918287 0.1144586161222987 0.15345861508915154 0.16022457235672338 0.23077936773533986 0.17531575736727784 0.095830709639025527 0.13888718690373397 0.22433361321160522 0.22031575617518495 0.099071519755724008 0.13695861552625224 0.13845861548651583 0.21945861334074862 0.21159654453212176 0.2341252796188813 0.15693229920765664 0.20993284039721913 0.15291316055814658 0.21451743700105685 0.20574432798976741 0.14473134259307258 0.24745861259900193 0.19945861387056768 0.16438169172286574 0.20587966633204682 0.20960147074473087 0.18745861418845911 0.16995861465205081 0.22245861326127575
leaf_weight=64 251 20 60 47 265 84 43 35 96 84 31 40 120 60 58 27 57 97 22 51 35 44 27 45 117 38 28 36 48 24
leaf_count=64 251 20 60 47 265 84 43 35 96 84 31 40 120 60 58 27 57 97 22 51 35 44 27 45 117 38 28 36 48 24
internal_value=0.197176 0.187392 0.19644 0.185295 0.213716 0.167099 0.157362 0.167212 0.190959 0.19353 0.13592 0.179481 0.153635 0.194959 0.177459 0.20357 0.194827 0.194788 0.195459 0.190103 0.172316 0.120562 0.210316 0.175694 0.166843 0.174555 0.177459 0.161387 0.200186 0.187459
internal_weight=0 1803 1247 758 489 556 412 325 680 224 78 356 204 144 140 324 228 161 80 121 70 87 126 102 195 155 84 56 99 72
internal_count=2054 1803 1247 758 489 556 412 325 680 224 78 356 204 144 140 324 228 161 80 121 70 87 126 102 195 155 84 56 99 72
shrinkage=1


Tree=1
num_leaves=31
num_cat=0
split_feature=0 2 0 3 7 3 2 7 0 14 6 15 3 6 7 2 3 5 2 10 12 4 9 9 5 9 1 1 14 11
split_gain=114.408 26.8156 19.4484 17.1693 13.6429 12.2174 12.268 8.93722 8.90204 8.52887 7.97252 7.02493 6.33933 5.74947 6.30021 5.6583 5.57816 5.00094 4.90378 8.27066 4.8307 4.63746 4.6286 4.5336 4.5179 4.90001 4.46427 4.42947 4.99118 4.17189
threshold=37.500000000000007 31.500000000000004 22.500000000000004 16.500000000000004 10.500000000000002 3.5000000000000004 42.500000000000007 8.5000000000000018 11.500000000000002 17.500000000000004 2.5000000000000004 9.5000000000000018 23.500000000000004 2.5000000000000004 10.500000000000002 22.500000000000004 4.5000000000000009 3.5000000000000004 18.500000000000004 2.5000000000000004 3.5000000000000004 2.5000000000000004 11.500000000000002 4.5000000000000009 3.5000000000000004 9.5000000000000018 6.5000000000000009 3.5000000000000004 8.5000000000000018 3.5000000000000004
decision_type=2 2 2 2 2 2 2 2 2 2 2 2 2 2 2 2 2 2 2 2 2 2 2 2 2 2 2 2 2 2
left_child=1 2 3 10 7 17 8 9 -7 22 16 -9 -8 14 -10 -5 23 -3 20 27 -12 -21 -4 -1 25 -15 -16 -20 -29 -19
right_child=-2 5 4 15 -6 6 12 11 13 -11 18 -13 -14 24 26 -17 -18 29 19 21 -22 -23 -24 -25 -26 -27 -28 28 -30 -31
leaf_value=-0.022808363288640977 0.063254135847091678 -0.017745861553010486 -0.026183569876115715 -0.033256497788936537 0.030242817131978163 -0.079053001744406562 -0.077466221276451572 -0.0041974619030952457 -0.053539002656936646 0.036539850537739109 0.035202285502015089 -0.081536775827407842 -0.021039214959511391 0.024172549627043988 -0.044549033818421541 -0.088294244966199323 -0.027299708953270548 0.042339849472045901 -0.0078912844844892926 -0.045693232615788781 -0.012283179677765946 -0.0011086511057476665 0.014751074288753755 0.011480941477510118 0.02471030840748235 -0.030427114413334774 0.006675256205641706 0.0031935326980822016 0.057401756048202517 -0.011145861625671388
leaf_weight=64 251 84 67 47 265 28 85 24 75 63 82 23 26 22 27 31 195 35 51 51 29 43 47 97 38 65 46 33 35 25
leaf_count=64 251 84 67 47 265 28 85 24 75 63 82 23 26 22 27 31 195 35 51 51 29 43 47 97 38 65 46 33 35 25
internal_value=0 -0.00880576 -0.000662462 -0.0106931 0.014886 -0.0270696 -0.0358332 -0.00328158 -0.0253543 0.00701137 -0.00559586 -0.0420444 -0.0642491 -0.0198467 -0.0331837 -0.0551305 -0.0159256 -0.00199586 0.00575414 -0.00312692 0.0227962 -0.0252982 -0.00930701 -0.00214959 -0.0040558 -0.0166203 -0.0122707 0.0143865 0.0310948 0.0200541
internal_weight=0 1803 1247 758 489 556 412 224 301 177 680 47 111 273 148 78 356 144 324 213 111 94 114 161 125 87 73 119 68 60
internal_count=2054 1803 1247 758 489 556 412 224 301 177 680 47 111 273 148 78 356 144 324 213 111 94 114 161 125 87 73 119 68 60
shrinkage=0.1


Tree=2
num_leaves=31
num_cat=0
split_feature=0 3 2 0 3 13 7 1 2 6 7 1 5 1 12 8 3 2 7 5 1 8 9 13 0 10 9 4 11 5
split_gain=92.6705 22.608 20.6632 16.7846 11.9913 9.2555 7.86475 7.77017 7.50318 6.97588 5.54366 6.69712 5.08052 5.19728 6.53382 6.55547 4.97747 4.81729 4.65052 4.43365 4.51824 4.43336 4.31417 5.08326 9.28047 4.99281 4.76257 4.15937 3.92063 7.03048
threshold=37.500000000000007 6.5000000000000009 43.500000000000007 27.500000000000004 19.500000000000004 2.5000000000000004 12.500000000000002 22.500000000000004 31.500000000000004 1.0000000180025095e-35 10.500000000000002 22.500000000000004 2.5000000000000004 11.500000000000002 3.5000000000000004 22.500000000000004 23.500000000000004 8.5000000000000018 26.500000000000004 3.5000000000000004 6.5000000000000009 31.500000000000004 13.500000000000002 6.5000000000000009 21.500000000000004 2.5000000000000004 4.5000000000000009 3.5000000000000004 3.5000000000000004 3.5000000000000004
decision_type=2 2 2 2 2 2 2 2 2 2 2 2 2 2 2 2 2 2 2 2 2 2 2 2 2 2 2 2 2 2
left_child=1 5 3 4 9 -1 19 8 17 -3 12 -12 -11 14 15 -14 -4 -7 -6 20 -5 22 23 24 -19 -25 -27 28 29 -10
right_child=-2 2 16 6 18 7 -8 -9 27 10 11 -13 13 -15 -16 -17 -18 21 -20 -21 -22 -23 -24 25 -26 26 -28 -29 -30 -31
leaf_value=0.03280467965773174 0.056928724050521851 -0.063191429838057492 -0.086695293936074946 -0.059644727795212363 -0.044328038738324096 0.045341218664095954 0.023617446597884686 0.036331020268526942 -0.033825999765253779 -0.043332379990153845 0.0034994472404421893 -0.052450716743866602 -0.029035889525567335 0.011355167844078758 -0.064452385343611238 0.031623175859451291 -0.030658762869627584 -0.046036880496722554 -0.09837874069809914 0.01060101952817705 -0.0079004052943653542 0.032667924718159005 0.016664061695337296 0.013242810727029609 0.028819919445297937 -0.045638832535062519 -0.0022326885998904052 0.010639158657618933 -0.05078585561440916 0.02511149398211775
leaf_weight=98 251 31 51 27 78 26 136 55 67 90 197 24 62 55 32 25 23 67 20 54 45 41 100 138 22 35 91 35 49 29
leaf_count=98 251 31 51 27 78 26 136 55 67 90 197 24 62 55 32 25 23 67 20 54 45 41 100 138 22 35 91 35 49 29
internal_value=0 -0.00792519 -0.0185359 -0.0142495 -0.0232916 0.00389217 0.00694085 0.000139292 -0.00270434 -0.0172013 -0.0142617 -0.00257659 -0.0240436 -0.0140666 -0.0258162 -0.0116051 -0.0692785 0.00338693 -0.0553588 -0.0110593 -0.0273045 0.00117881 -0.0016712 -0.00686532 -0.027533 0.000102175 -0.01429 -0.0203014 -0.0277698 -0.016022
internal_weight=0 1803 950 876 614 853 262 755 700 516 485 221 264 174 119 87 74 520 98 126 72 494 453 353 89 264 126 180 145 96
internal_count=2054 1803 950 876 614 853 262 755 700 516 485 221 264 174 119 87 74 520 98 126 72 494 453 353 89 264 126 180 145 96
shrinkage=0.1


Tree=3
num_leaves=31
num_cat=0
split_feature=0 2 0 3 7 3 2 7 14 0 6 3 15 2 0 2 3 4 9 2 3 7 2 11 2 3 1 1 15 5
split_gain=75.0631 18.9343 14.2195 11.8914 9.92368 8.8899 7.95963 7.06258 6.85263 6.7989 5.81375 8.08112 5.64526 5.26483 5.14664 4.64573 4.5992 4.51042 3.89911 3.64853 4.22708 3.52124 8.47266 7.57963 6.41942 5.69317 4.42734 4.37644 4.07978 3.51452
threshold=37.500000000000007 31.500000000000004 22.500000000000004 16.500000000000004 10.500000000000002 3.5000000000000004 42.500000000000007 8.5000000000000018 17.500000000000004 11.500000000000002 1.5000000000000002 8.5000000000000018 9.5000000000000018 8.5000000000000018 25.500000000000004 22.500000000000004 23.500000000000004 1.5000000000000002 11.500000000000002 25.500000000000004 8.5000000000000018 10.500000000000002 16.500000000000004 3.5000000000000004 25.500000000000004 8.5000000000000018 11.500000000000002 1.0000000180025095e-35 8.5000000000000018 3.5000000000000004
decision_type=2 2 2 2 2 2 2 2 2 2 2 2 2 2 2 2 2 2 2 2 2 2 2 2 2 2 2 2 2 2
left_child=1 2 3 10 7 29 9 8 18 -7 11 -1 -9 -12 -8 -5 -16 -11 19 20 -4 22 -15 25 -25 26 -24 28 -23 -3
right_child=-2 5 4 15 -6 6 14 12 -10 17 13 -13 -14 21 16 -17 -18 -19 -20 -21 -22 27 23 24 -26 -27 -28 -29 -30 -31
leaf_value=-0.0010196607027735029 0.051235848665237428 -0.014294703375725521 0.018718407933528608 -0.026028284113457863 0.026102439429400104 -0.068443225111280176 -0.074571497440338128 -0.0030204817652702332 0.033128638305361308 -0.043199876982432148 0.03752473331987858 -0.081017440816630495 -0.072350505383118338 0.023357471975229555 -0.052864634162849859 -0.075898900916499479 0.0069446751475334169 -0.010466409268961772 0.014114298528813303 -0.0592293792963028 -0.041603183178674612 0.0047064112989526046 -0.010827479160056925 -0.075609517097473156 -0.010771347696964558 -0.036898414004932753 0.025779043634732563 0.014174803862204918 -0.036955273002386095 0.017393591701984408
leaf_weight=28 251 84 26 47 265 28 55 24 63 52 32 23 23 59 36 31 20 221 47 20 21 57 106 37 26 55 48 169 40 60
leaf_count=28 251 84 26 47 265 28 55 24 63 52 32 23 23 59 36 31 20 221 47 20 21 57 106 37 26 55 48 169 40 60
internal_value=0 -0.00713267 -0.000289906 -0.00886676 0.0130051 -0.0224797 -0.0299552 -0.00248952 0.00666045 -0.0215146 -0.00462472 -0.0370971 -0.0369479 -0.00199183 -0.0528438 -0.0458487 -0.0315042 -0.0167014 -0.0079667 -0.0234564 -0.00823379 -0.00410997 -0.0109947 -0.0184461 -0.0488509 -0.00928101 0.000582346 0.00445713 -0.0124737 -0.00109125
internal_weight=0 1803 1247 758 489 556 412 224 177 301 680 51 47 629 111 78 56 273 114 67 47 597 331 272 63 209 154 266 97 144
internal_count=2054 1803 1247 758 489 556 412 224 177 301 680 51 47 629 111 78 56 273 114 67 47 597 331 272 63 209 154 266 97 144
shrinkage=0.1


Tree=4
num_leaves=31
num_cat=0
split_feature=0 3 2 0 7 12 3 3 9 2 9 15 13 1 15 10 2 0 8 9 10 2 7 0 7 15 13 9 13 1
split_gain=60.8011 16.2017 13.2469 13.3271 7.5854 6.84023 6.29224 5.7112 5.5441 4.90057 4.89674 5.22044 4.47071 4.73539 4.29679 4.16076 3.96282 3.7357 3.56083 4.67487 3.86481 5.26709 6.65079 5.10168 4.34835 3.55553 8.39313 5.09169 6.10166 6.09896
threshold=37.500000000000007 1.5000000000000002 37.500000000000007 22.500000000000004 12.500000000000002 1.5000000000000002 17.500000000000004 15.500000000000002 2.5000000000000004 8.5000000000000018 5.5000000000000009 22.500000000000004 2.5000000000000004 22.500000000000004 10.500000000000002 2.5000000000000004 13.500000000000002 12.500000000000002 17.500000000000004 11.500000000000002 1.5000000000000002 20.500000000000004 16.500000000000004 14.500000000000002 9.5000000000000018 14.500000000000002 9.5000000000000018 8.5000000000000018 6.5000000000000009 13.500000000000002
decision_type=2 2 2 2 2 2 2 2 2 2 2 2 2 2 2 2 2 2 2 2 2 2 2 2 2 2 2 2 2 2
left_child=1 9 3 6 5 -5 8 10 -3 -1 -7 -12 -11 25 -9 -8 -6 -4 19 -10 -20 22 23 24 -22 27 -27 28 -14 -29
right_child=-2 2 17 4 16 7 15 14 18 12 11 -13 13 -15 -16 -17 -18 -19 20 -21 21 -23 -24 -25 -26 26 -28 29 -30 -31
leaf_value=0.052224187667553247 0.046112266182899479 -0.052622530135241423 -0.068040416858814387 0.027328997242207432 -0.02159961434927854 -0.03978760723144778 -0.018143070966769488 -0.0052502061639513285 -0.037926250086589293 0.034642932999808834 0.015085010335902977 -0.035265529384979837 -0.04776235572223006 0.040979665133260915 -0.062168054282665253 -0.062543214533639993 0.023093363288605569 -0.028597485250042333 0.016947037531779365 0.00012471395380356733 -0.037815775654532695 -0.020842819081412424 -0.035975686023975238 0.039809881150722509 0.025801545949209304 0.022180585247097595 -0.042060991053311333 0.031759838345124546 0.0040558898732775735 -0.028888640105724336
leaf_weight=26 251 33 27 49 22 31 39 21 88 53 99 26 29 31 36 46 202 217 65 51 22 180 29 52 21 33 53 97 105 20
leaf_count=26 251 33 27 49 22 31 39 21 88 53 99 26 29 31 36 46 202 217 65 51 22 180 29 52 21 33 53 97 105 20
internal_value=0 -0.0064194 -0.011862 -0.00723213 0.00519255 -0.00635911 -0.0168781 -0.014109 -0.0129041 0.010091 -0.00421092 0.0046121 0.00748899 0.00357823 -0.0411983 -0.0421714 0.0187039 -0.0329621 -0.010324 -0.0239651 -0.00518549 -0.00991777 0.00594116 0.0187368 -0.00674685 0.00013774 -0.0174102 0.00615017 -0.00715851 0.0213926
internal_weight=0 1803 1356 1112 486 262 626 213 541 447 156 125 421 368 57 85 224 244 508 139 369 304 124 95 43 337 86 251 134 117
internal_count=2054 1803 1356 1112 486 262 626 213 541 447 156 125 421 368 57 85 224 244 508 139 369 304 124 95 43 337 86 251 134 117
shrinkage=0.1


Tree=5
num_leaves=31
num_cat=0
split_feature=0 2 0 3 10 13 7 4 3 7 14 8 15 0 13 3 0 13 2 15 3 4 7 7 8 2 3 14 1 9
split_gain=49.2489 13.5836 9.78035 7.85921 7.64916 7.39008 6.93775 6.93119 5.77629 5.39168 5.44586 4.61868 4.4039 4.39247 6.65933 4.8037 4.52467 4.46877 4.43158 4.24282 4.22347 3.61188 4.75092 3.41508 3.14409 3.12155 3.09033 3.06842 3.05246 3.04599
threshold=37.500000000000007 31.500000000000004 22.500000000000004 6.5000000000000009 2.5000000000000004 8.5000000000000018 10.500000000000002 1.0000000180025095e-35 1.5000000000000002 8.5000000000000018 17.500000000000004 25.500000000000004 6.5000000000000009 25.500000000000004 9.5000000000000018 9.5000000000000018 17.500000000000004 24.500000000000004 37.500000000000007 10.500000000000002 12.500000000000002 2.5000000000000004 19.500000000000004 10.500000000000002 30.500000000000004 12.500000000000002 5.5000000000000009 9.5000000000000018 11.500000000000002 11.500000000000002
decision_type=2 2 2 2 2 2 2 2 2 2 2 2 2 2 2 2 2 2 2 2 2 2 2 2 2 2 2 2 2 2
left_child=1 2 3 -1 11 -6 9 -3 12 10 29 23 -9 14 20 16 -16 18 -15 -11 26 -7 -23 -5 -20 -8 -10 28 -14 -4
right_child=-2 7 6 4 5 21 25 8 13 19 -12 -13 27 17 15 -17 -18 -19 24 -21 -22 22 -24 -25 -26 -27 -28 -29 -30 -31
leaf_value=0.0022117333464126035 0.041501039266586305 -0.063225168531591255 -0.020646569622096732 -0.025534333733769204 -0.061503515673465417 -0.035597114630465242 -0.008965751425973301 -0.028256280333907521 -0.025883602012287489 -0.0061595711443159316 0.029679154782068163 0.035776870489120483 0.060720851628676714 0.0017821659171392047 -0.002639957478171901 -0.06396606335273157 -0.052112716105249195 0.017828438017103408 -0.022427689934533743 -0.066928173452615744 -0.04025709859786495 0.030174620504732488 -0.032428172772580928 0.0039682457596063618 -0.067937098741531379 0.025800123375098585 0.02019647845002108 -0.0071363793479071727 0.0073037618398666378 0.012560507433211549
leaf_weight=413 251 33 67 77 61 53 29 27 22 27 63 25 23 63 38 65 36 45 63 20 31 27 22 80 20 236 43 27 20 47
leaf_count=413 251 33 67 77 61 53 29 27 22 27 63 25 23 63 38 65 36 45 63 20 31 27 22 80 20 236 43 27 20 47
internal_value=0 -0.00577746 1.83463e-05 -0.00709483 -0.0182357 -0.0339697 0.0110445 -0.0187763 -0.0159717 -0.00191099 0.00608367 -0.0041443 0.00605209 -0.0209865 -0.030141 -0.0441307 -0.0267078 -0.0097232 -0.0182151 -0.0320186 -0.00988501 -0.0175035 0.00206724 -0.0105012 -0.0333938 0.0219956 0.00460014 0.0192853 0.0358757 -0.00695593
internal_weight=0 1803 1247 758 345 163 489 556 523 224 177 182 97 426 235 139 74 191 146 47 96 102 49 157 83 265 65 70 43 114
internal_count=2054 1803 1247 758 345 163 489 556 523 224 177 182 97 426 235 139 74 191 146 47 96 102 49 157 83 265 65 70 43 114
shrinkage=0.1


Tree=6
num_leaves=31
num_cat=0
split_feature=0 3 10 2 0 12 10 7 9 14 7 9 2 0 2 8 6 7 7 8 13 6 14 1 8 2 8 0 13 3
split_gain=39.8916 11.3995 10.1297 10.3437 8.08315 5.44836 5.0214 4.85318 4.73663 4.43977 4.23804 4.19067 4.17101 4.13093 4.01155 4.18163 3.50559 4.1874 3.49057 4.98108 3.79594 3.40182 3.26923 3.28979 3.19715 3.16315 4.56928 3.8725 2.97931 2.92085
threshold=37.500000000000007 1.5000000000000002 1.0000000180025095e-35 27.500000000000004 11.500000000000002 1.5000000000000002 4.5000000000000009 19.500000000000004 19.500000000000004 1.5000000000000002 2.5000000000000004 10.500000000000002 39.500000000000007 22.500000000000004 8.5000000000000018 26.500000000000004 2.5000000000000004 3.5000000000000004 22.500000000000004 25.500000000000004 18.500000000000004 3.5000000000000004 1.5000000000000002 3.5000000000000004 26.500000000000004 21.500000000000004 18.500000000000004 17.500000000000004 2.5000000000000004 12.500000000000002
decision_type=2 2 2 2 2 2 2 2 2 2 2 2 2 2 2 2 2 2 2 2 2 2 2 2 2 2 2 2 2 2
left_child=1 14 -3 5 -5 13 9 16 12 -7 -11 18 -9 -4 -1 22 17 -6 19 20 29 -17 -16 25 -19 26 -24 -27 -18 -12
right_child=-2 2 3 4 7 6 -8 8 -10 10 11 -13 -14 -15 15 21 28 24 -20 -21 -22 -23 23 -25 -26 27 -28 -29 -30 -31
leaf_value=0.046769720201308915 0.03735093474388123 0.042571522957748839 -0.004403817331468737 -0.053581198649619945 -0.065658262372016912 0.028491096919582737 0.031710848663792472 0.032986212871512592 -0.02352187346134867 -0.041754875481128696 -0.01637928358772222 0.0012528379132428508 -0.011494415031897055 0.040060506012135497 0.039895003750210718 0.042311168067595543 0.020729456841945649 -0.019359648769552058 -0.047087557749314744 0.019813198894262314 0.02137852197601682 -0.0033445786684751511 0.036937377504680471 0.0065295751786456913 -0.053658903367591632 -0.05812986493110657 -0.023717113115169386 -0.008030419051647187 -0.017149847165330665 -0.046279719541239189
leaf_weight=26 251 36 37 67 30 31 33 49 56 40 136 254 37 48 21 51 24 154 33 40 21 24 23 212 33 27 27 36 154 43
leaf_count=26 251 36 37 67 30 31 33 49 56 40 136 254 37 48 21 51 24 154 33 40 21 24 23 212 33 27 27 36 154 43
internal_value=0 -0.00519971 -0.00976501 -0.0111924 -0.0208304 -0.00306194 -0.00626357 -0.0167442 -0.000888689 -0.00835915 -0.0103739 -0.00799203 0.0138492 0.0207054 0.00864938 0.00629516 -0.0224442 -0.0309764 -0.0165935 -0.0124006 -0.0188433 0.0277013 0.00165509 -0.000815797 -0.0254125 -0.0145965 0.00418395 -0.0295016 -0.0120425 -0.0235621
internal_weight=0 1803 1356 1320 604 716 631 537 142 598 567 527 86 85 447 421 395 217 273 240 200 75 346 325 187 113 50 63 178 179
internal_count=2054 1803 1356 1320 604 716 631 537 142 598 567 527 86 85 447 421 395 217 273 240 200 75 346 325 187 113 50 63 178 179
shrinkage=0.1


Tree=7
num_leaves=31
num_cat=0
split_feature=0 3 2 0 3 13 1 2 7 6 15 14 14 8 5 2 7 10 8 12 7 10 2 13 5 3 15 15 11 3
split_gain=32.3122 9.68384 10.5878 7.53653 7.25053 5.57972 5.35726 5.83042 5.08974 4.50206 3.99341 3.84688 7.4544 5.96066 6.71556 5.2621 3.76293 3.60123 6.08795 4.8761 3.56499 3.44904 4.97569 4.77787 3.60705 4.33423 3.50536 3.13814 4.53948 2.91786
threshold=37.500000000000007 6.5000000000000009 43.500000000000007 27.500000000000004 19.500000000000004 2.5000000000000004 1.5000000000000002 25.500000000000004 19.500000000000004 1.0000000180025095e-35 9.5000000000000018 13.500000000000002 9.5000000000000018 18.500000000000004 3.5000000000000004 23.500000000000004 26.500000000000004 2.5000000000000004 19.500000000000004 2.5000000000000004 14.500000000000002 1.5000000000000002 20.500000000000004 15.500000000000002 2.5000000000000004 12.500000000000002 11.500000000000002 14.500000000000002 3.5000000000000004 23.500000000000004
decision_type=2 2 2 2 2 2 2 2 2 2 2 2 2 2 2 2 2 2 2 2 2 2 2 2 2 2 2 2 2 2
left_child=1 5 3 4 9 -1 7 10 -5 -3 -7 12 13 14 15 -8 -6 19 -19 -14 -9 26 23 -23 -24 -26 -11 -13 -29 -4
right_child=-2 2 29 8 16 6 11 20 -10 21 -12 27 17 -15 -16 -17 -18 18 -20 -21 -22 22 24 -25 25 -27 -28 28 -30 -31
leaf_value=0.025503163769537093 0.033615842461585999 -0.046825377595040109 -0.06128187740550322 -0.0040152755771148008 -0.029627606349113662 0.0089721362551917205 0.0094927115572823427 -0.019590191973580254 0.025756341429317698 0.028054335652565474 -0.036099269986152649 0.024230312286539282 -0.010833576679229738 0.020805918973013267 0.037299503803253177 -0.03871864656933019 -0.078247489929199221 -0.037588150978088382 0.035447494472776141 -0.072123073207007518 -0.065553053661629002 -0.0062300137182076769 -0.038737176855405175 0.036735031640890876 0.00047853600095819549 -0.03093842131060523 -0.015810534049724712 0.027108092069625857 -0.031039421825573361 -0.018377779877704125
leaf_weight=98 251 31 51 177 78 92 36 45 85 49 25 141 25 151 25 61 20 25 21 27 27 120 72 33 108 74 29 25 29 23
leaf_count=98 251 31 51 177 78 92 36 45 85 49 25 141 25 151 25 61 20 25 21 27 27 120 72 33 108 74 29 25 29 23
internal_value=0 -0.00467974 -0.0116242 -0.00855586 -0.0146148 0.00305442 0.000140542 -0.0144367 0.00564346 -0.0098791 -0.000658506 0.00500821 -0.000968699 0.00752411 -0.00891485 -0.0208258 -0.03955 -0.0246272 -0.00424579 -0.042657 -0.0368263 -0.00751758 -0.0112093 0.00303696 -0.0197907 -0.0122954 0.0117456 0.0163797 -0.00411928 -0.0479468
internal_weight=0 1803 950 876 614 853 755 189 262 516 117 566 371 273 122 97 98 98 46 52 72 485 407 153 254 182 78 195 54 74
internal_count=2054 1803 950 876 614 853 755 189 262 516 117 566 371 273 122 97 98 98 46 52 72 485 407 153 254 182 78 195 54 74
shrinkage=0.1


Tree=8
num_leaves=31
num_cat=0
split_feature=0 3 10 2 0 12 13 3 9 11 14 9 7 12 2 3 5 6 9 3 3 1 14 9 2 7 9 3 6 2
split_gain=26.2406 8.61308 7.88215 7.39552 5.52248 4.74577 6.68143 5.21369 7.02417 3.82625 3.77436 3.66291 3.57923 4.32338 3.99997 6.53117 4.67721 4.14162 3.48284 4.05374 3.30326 3.24097 3.20415 4.1362 4.23775 5.23466 3.94855 3.27214 3.25484 6.49669
threshold=36.500000000000007 1.5000000000000002 1.0000000180025095e-35 27.500000000000004 11.500000000000002 2.5000000000000004 8.5000000000000018 12.500000000000002 12.500000000000002 4.5000000000000009 1.5000000000000002 8.5000000000000018 10.500000000000002 4.5000000000000009 17.500000000000004 7.5000000000000009 3.5000000000000004 2.5000000000000004 8.5000000000000018 13.500000000000002 9.5000000000000018 22.500000000000004 1.5000000000000002 8.5000000000000018 36.500000000000007 10.500000000000002 11.500000000000002 10.500000000000002 2.5000000000000004 35.500000000000007
decision_type=2 2 2 2 2 2 2 2 2 2 2 2 2 2 2 2 2 2 2 2 2 2 2 2 2 2 2 2 2 2
left_child=1 10 -3 5 -5 6 7 8 -4 12 -1 20 13 14 17 -16 -17 -7 -14 -20 -8 -12 26 24 25 27 -6 -24 29 -25
right_child=-2 2 3 4 22 9 11 -9 -10 -11 21 -13 18 -15 15 16 -18 -19 19 -21 -22 -23 23 28 -26 -27 -28 -29 -30 -31
leaf_value=0.045268965721130372 0.027765008398931319 0.037522259354591372 -0.011068085573052847 -0.045239298735091943 -0.061019036654503117 -0.02045207111923783 -0.016778541833926471 -0.032249479538808433 0.040446105679950203 -0.051617028225551954 0.0025270519669724524 0.032243076027656088 -0.015785147115343907 -0.06201787322759629 0.0074868142604827886 -0.070751484596368042 -0.014629867783299201 0.033119723777617176 0.029898079399202693 -0.01499950667222341 0.029237461548585159 0.033927849431832628 0.013236418579305922 -0.05772443177565089 -0.019905457311663138 0.038120127041289149 -0.0056248052553697072 -0.039722925722599028 -0.010159679567036423 -0.011985865434010826
leaf_weight=25 292 36 93 67 31 27 39 59 37 22 378 98 61 20 38 33 27 31 61 30 26 36 28 53 58 47 22 20 184 75
leaf_count=25 292 36 93 67 31 27 39 59 37 22 378 98 61 20 38 33 27 31 61 30 26 36 28 53 58 47 22 20 184 75
internal_value=0 -0.00460124 -0.00862867 -0.00991961 -0.0182236 -0.00299963 0.00519911 -0.00759548 0.00359365 -0.0112452 0.00753611 0.0200346 -0.00853736 -0.0182452 -0.0126333 -0.0249521 -0.0454968 0.00818113 0.00270331 0.0150967 0.00162786 0.00525756 -0.0147293 -0.012074 0.00139406 0.014398 -0.0380252 -0.00882997 -0.0186786 -0.0309245
internal_weight=0 1762 1323 1287 585 702 352 189 130 350 439 163 328 176 156 98 60 58 152 91 65 414 518 465 153 95 53 48 312 128
internal_count=2054 1762 1323 1287 585 702 352 189 130 350 439 163 328 176 156 98 60 58 152 91 65 414 518 465 153 95 53 48 312 128
shrinkage=0.1


Tree=9
num_leaves=31
num_cat=0
split_feature=0 2 0 3 4 7 7 14 6 13 13 15 7 2 4 15 3 2 2 2 5 2 3 2 9 10 6 13 8 6
split_gain=21.5894 7.28555 6.00933 5.33589 4.83232 4.57635 3.92868 3.80827 3.76175 3.79295 4.72914 3.2343 3.19467 5.40065 3.18322 3.91621 3.62837 3.27671 5.71411 2.85996 4.49194 4.23957 3.51222 3.41627 4.23365 3.6947 3.23487 4.3567 3.17843 3.39067
threshold=37.500000000000007 31.500000000000004 22.500000000000004 16.500000000000004 1.0000000180025095e-35 10.500000000000002 8.5000000000000018 17.500000000000004 2.5000000000000004 26.500000000000004 8.5000000000000018 9.5000000000000018 13.500000000000002 19.500000000000004 2.5000000000000004 15.500000000000002 7.5000000000000009 21.500000000000004 17.500000000000004 43.500000000000007 3.5000000000000004 34.500000000000007 6.5000000000000009 36.500000000000007 17.500000000000004 3.5000000000000004 2.5000000000000004 8.5000000000000018 40.500000000000007 2.5000000000000004
decision_type=2 2 2 2 2 2 2 2 2 2 2 2 2 2 2 2 2 2 2 2 2 2 2 2 2 2 2 2 2 2
left_child=1 2 3 8 -3 6 7 -4 9 10 -1 -8 13 -5 15 16 -10 18 -16 20 21 26 -21 24 -23 -25 -6 -28 29 -22
right_child=-2 4 5 12 19 -7 11 -9 14 -11 -12 -13 -14 -15 17 -17 -18 -19 -20 22 28 23 -24 25 -26 -27 27 -29 -30 -31
leaf_value=-0.017545973517561472 0.027477756142616272 -0.050458763404326007 -0.005539740517474058 0.02104130568711654 -0.057103280850819185 0.017956457351738554 -0.0014798477292060853 0.025095962248151266 0.01319180709020845 -0.051717899441719055 0.0063188592990239467 -0.053956893260550247 -0.055528354843457542 -0.046103089332580567 0.023309304429726167 -0.033453742107924296 -0.020533872463486411 0.033962605302295994 -0.038197240622147272 -0.0019654742418191372 -0.013714935039651805 0.034223860502243041 -0.039816788696881496 -0.027229369357228278 -0.023159427344799043 0.017506501575311025 0.010205634435017904 -0.047146329742211564 0.029874083101749424 0.020610873851665233
leaf_weight=186 251 33 114 23 35 265 24 63 116 20 150 23 30 25 44 34 44 63 23 39 87 36 66 80 20 24 27 26 40 43
leaf_count=186 251 33 114 23 35 265 24 63 116 20 150 23 30 25 44 34 44 63 23 39 87 36 66 80 20 24 27 26 40 43
internal_value=0 -0.00382525 0.00041936 -0.00515634 -0.0133451 0.00906227 -0.00145986 0.00536449 -0.00231475 -0.00941034 -0.00689203 -0.0271601 -0.0299292 -0.0139297 0.00548163 -0.00263231 0.00391725 0.0175901 0.00219512 -0.0110033 -0.00729703 -0.0158798 -0.0257577 -0.00618327 0.0137298 -0.0169057 -0.0335099 -0.0179293 0.00522372 -0.00236101
internal_weight=0 1803 1247 758 556 489 224 177 680 356 336 47 78 48 324 194 160 130 67 523 418 248 105 160 56 104 88 53 170 130
internal_count=2054 1803 1247 758 556 489 224 177 680 356 336 47 78 48 324 194 160 130 67 523 418 248 105 160 56 104 88 53 170 130
shrinkage=0.1


Tree=10
num_leaves=31
num_cat=0
split_feature=0 2 10 12 13 3 4 0 2 1 8 13 2 7 8 8 0 9 14 9 1 1 15 11 13 2 3 2 12 14
split_gain=17.4874 5.90129 5.09797 4.63674 4.91397 6.15105 3.91418 3.82645 3.5841 3.4888 5.34278 4.12748 3.23783 3.08271 3.57874 5.08997 4.58601 2.92677 3.45954 2.73069 4.95726 3.70713 2.6615 3.84977 3.46757 3.05045 3.0038 4.0177 5.1992 4.26887
threshold=37.500000000000007 31.500000000000004 1.0000000180025095e-35 2.5000000000000004 8.5000000000000018 16.500000000000004 1.0000000180025095e-35 9.5000000000000018 29.500000000000004 1.5000000000000002 22.500000000000004 27.500000000000004 20.500000000000004 3.5000000000000004 17.500000000000004 21.500000000000004 22.500000000000004 8.5000000000000018 14.500000000000002 12.500000000000002 10.500000000000002 16.500000000000004 41.500000000000007 3.5000000000000004 9.5000000000000018 38.500000000000007 3.5000000000000004 41.500000000000007 1.5000000000000002 3.5000000000000004
decision_type=2 2 2 2 2 2 2 2 2 2 2 2 2 2 2 2 2 2 2 2 2 2 2 2 2 2 2 2 2 2
left_child=1 2 -1 4 5 7 -3 -4 17 -5 19 -12 -7 -9 16 -16 -15 18 -6 21 -21 -11 23 26 25 -25 -8 28 -28 -30
right_child=-2 6 3 9 8 12 22 13 -10 10 11 -13 -14 14 15 -17 -18 -19 -20 20 -22 -23 -24 24 -26 -27 27 -29 29 -31
leaf_value=0.030725401358784373 0.024729980528354647 -0.045412886865211256 -0.036301539714137715 -0.018486985140725189 -0.004936505291197036 -0.010477891862392426 0.010821426588864555 -0.024251023133595784 -0.021065680627469663 -0.023985983719918089 0.027923581040049175 -0.013885982741009106 -0.06607160202481531 -0.030694439013799032 0.033803941485011715 -0.0055079547864086229 0.02640588784759695 0.026005380420210941 0.031046803923029651 0.022283863415152341 -0.021782297359572517 0.015249018114188623 0.016734219619206021 0.015421981522531221 -0.035057547941522778 -0.029901026686032613 0.043560848065785002 -0.031930955488290357 -0.036617570973577949 0.00095454432346202701
leaf_weight=53 251 33 24 190 90 20 84 30 27 142 83 33 22 39 87 53 22 161 38 59 45 29 35 33 106 27 21 67 42 108
leaf_count=53 251 33 24 190 90 20 84 30 27 142 83 33 22 39 87 53 22 161 38 59 45 29 35 33 106 27 21 67 42 108
internal_value=0 -0.00344272 0.000377424 -0.00096968 0.00509715 -0.00413816 -0.0120106 0.00170235 0.0137772 -0.00737066 -0.00196886 0.0160295 -0.0395984 0.00565081 0.0101138 0.0189216 -0.0101009 0.0170324 0.00574604 -0.00956089 0.00321677 -0.0173321 -0.00990296 -0.0118134 -0.0241837 -0.00497337 -0.00543616 -0.0111741 -0.00304134 -0.00956565
internal_weight=0 1803 1247 1194 613 297 556 255 316 581 391 116 42 231 201 140 61 289 128 275 104 171 523 488 166 60 322 238 171 150
internal_count=2054 1803 1247 1194 613 297 556 255 316 581 391 116 42 231 201 140 61 289 128 275 104 171 523 488 166 60 322 238 171 150
shrinkage=0.1


Tree=11
num_leaves=31
num_cat=0
split_feature=0 3 10 2 7 13 0 1 15 0 8 3 12 3 2 5 12 15 14 2 8 10 12 15 4 2 2 9 9 3
split_gain=14.2498 5.63906 5.66229 4.28719 4.15254 4.67651 3.58278 4.7459 7.35418 4.53061 6.69367 4.02945 4.12585 3.5788 3.50519 4.86531 3.18654 3.15676 3.01061 3.01243 3.00948 2.93472 2.92607 3.31964 3.47766 3.23301 4.0621 3.20396 2.83461 3.08624
threshold=36.500000000000007 1.5000000000000002 1.0000000180025095e-35 42.500000000000007 2.5000000000000004 16.500000000000004 22.500000000000004 6.5000000000000009 15.500000000000002 27.500000000000004 21.500000000000004 17.500000000000004 4.5000000000000009 23.500000000000004 27.500000000000004 3.5000000000000004 3.5000000000000004 3.5000000000000004 1.5000000000000002 8.5000000000000018 26.500000000000004 2.5000000000000004 2.5000000000000004 20.500000000000004 1.5000000000000002 27.500000000000004 34.500000000000007 3.5000000000000004 20.500000000000004 13.500000000000002
decision_type=2 2 2 2 2 2 2 2 2 2 2 2 2 2 2 2 2 2 2 2 2 2 2 2 2 2 2 2 2 2
left_child=1 18 -3 4 5 -4 11 14 17 -10 16 12 22 -5 28 -16 -11 -9 -1 -20 -21 -13 27 24 -24 -26 -27 -6 29 -8
right_child=-2 2 3 13 6 -7 7 8 9 10 -12 21 -14 -15 15 -17 -18 -19 19 20 -22 -23 23 -25 25 26 -28 -29 -30 -31
leaf_value=0.040129742622375487 0.020460495771202323 0.032466474837727015 -0.042015133202075963 -0.035588489958409512 -0.036013574401537581 0.012814830598377049 0.0048860821407288313 -0.0013712076913742792 -0.034002575019131537 -0.045462142337452285 0.043302066881081153 -0.008989848274933666 0.031891595655017431 0.0079233405490716294 -0.047402807033580283 0.003852733873551892 0.0089972717421395437 0.02993949852053724 0.038781389469901728 -0.0018295207247138023 0.021060914141791207 -0.046362316101155383 -0.048489107535435609 0.011254539340734483 -0.0054077832485145 -0.063217113338983985 -0.0032721522450447089 0.0022857102592295582 0.033125812628052455 -0.035970278657399692
leaf_weight=25 292 36 60 89 24 21 64 42 46 22 29 38 27 24 46 31 21 138 24 320 70 47 39 36 106 26 20 243 22 26
leaf_count=25 292 36 60 89 24 21 64 42 46 22 29 38 27 24 46 31 21 138 24 320 70 47 39 36 106 26 20 243 22 26
internal_value=0 -0.00339073 -0.00664949 -0.00774365 -0.00595303 -0.0278 -0.004334 0.00205263 0.00991435 -0.00948799 0.0061741 -0.00946649 -0.00617284 -0.026347 -0.0103431 -0.0267675 -0.0188657 0.0226337 0.0064301 0.0043951 0.00227902 -0.0296546 -0.00825329 -0.0166001 -0.0218502 -0.0150152 -0.0371541 -0.00115692 0.00094866 -0.00691687
internal_weight=0 1762 1323 1287 1174 81 1093 487 298 118 72 606 521 113 189 77 43 180 439 414 390 85 494 227 191 152 46 267 112 90
internal_count=2054 1762 1323 1287 1174 81 1093 487 298 118 72 606 521 113 189 77 43 180 439 414 390 85 494 227 191 152 46 267 112 90
shrinkage=0.1


Tree=12
num_leaves=31
num_cat=0
split_feature=0 3 2 7 12 13 1 8 2 5 0 3 3 12 9 9 14 8 15 3 15 2 1 7 3 14 3 6 10 13
split_gain=11.6802 4.52162 5.09966 3.94127 4.89141 3.8399 3.63093 3.52224 4.90868 4.02337 3.35392 4.31572 4.76915 3.32114 3.30104 5.65653 3.20149 3.62254 3.1114 3.01416 2.94529 3.52446 2.81793 3.84825 2.78249 2.54725 3.75822 2.43797 2.32846 2.86618
threshold=37.500000000000007 6.5000000000000009 43.500000000000007 10.500000000000002 1.5000000000000002 2.5000000000000004 3.5000000000000004 17.500000000000004 20.500000000000004 3.5000000000000004 14.500000000000002 14.500000000000002 10.500000000000002 1.5000000000000002 2.5000000000000004 4.5000000000000009 2.5000000000000004 39.500000000000007 5.5000000000000009 7.5000000000000009 14.500000000000002 18.500000000000004 10.500000000000002 6.5000000000000009 1.0000000180025095e-35 15.500000000000002 18.500000000000004 2.5000000000000004 1.5000000000000002 4.5000000000000009
decision_type=2 2 2 2 2 2 2 2 2 2 2 2 2 2 2 2 2 2 2 2 2 2 2 2 2 2 2 2 2 2
left_child=1 5 3 4 -3 -1 13 18 9 -9 11 12 27 -7 -15 -16 -10 22 -6 -12 21 -17 -18 -24 -23 26 -4 -5 -21 -30
right_child=-2 2 25 10 7 6 -8 8 16 -11 19 -13 -14 14 15 20 17 -19 -20 28 -22 24 23 -25 -26 -27 -28 -29 29 -31
leaf_value=0.021094134997348399 0.020210933685302735 0.015281802395890868 -0.04521714901482618 -0.044556411206722261 -0.0025509071621027859 0.024586911201477053 0.0048605645930065826 0.024203070318489745 0.016596742754890807 -0.017804521557531858 -0.025564675565276831 -0.042027146187988494 0.037393134702806884 0.022871854359453377 -0.06049560529214365 0.021349120689065835 -0.043068989412284195 0.012262003318123195 -0.046514975726604464 0.028467067599296569 -0.036657669643561049 0.0052148865490424931 0.0053102262509174842 -0.041479823924601082 -0.029071076693279404 -0.059546607360243801 0.0097914290169010994 0.0031821602064630258 -0.016366754209294038 0.010001914906640387
leaf_weight=98 251 56 27 20 22 25 510 57 21 38 28 37 23 22 27 38 81 23 60 50 36 41 39 32 56 24 23 23 51 215
leaf_count=98 251 56 27 20 22 25 510 57 21 38 28 37 23 22 27 38 81 23 60 50 36 41 39 32 56 24 23 23 51 215
internal_value=0 -0.00281361 -0.0075589 -0.00542942 -0.0122763 0.00247128 5.40142e-05 -0.0164137 -0.0112553 0.00740003 0.00114172 -0.0146884 0.000637933 -0.00995146 -0.0138763 -0.0179594 -0.0202974 -0.0247247 -0.0347197 0.00588154 -0.0112432 -0.00446595 -0.0303213 -0.0157782 -0.0145791 -0.0327673 -0.0199132 -0.0190218 0.00866791 0.00494627
internal_weight=0 1803 950 876 429 853 755 373 291 95 447 103 66 245 220 198 196 175 82 344 171 135 152 71 97 74 50 43 316 266
internal_count=2054 1803 950 876 429 853 755 373 291 95 447 103 66 245 220 198 196 175 82 344 171 135 152 71 97 74 50 43 316 266
shrinkage=0.1


Tree=13
num_leaves=31
num_cat=0
split_feature=0 4 3 13 6 1 1 9 9 1 15 13 2 2 8 9 12 10 15 12 15 13 9 14 10 2 14 14 9 2
split_gain=9.46098 4.25864 3.90307 4.62993 3.86901 4.57485 4.49275 4.03339 3.71899 3.42518 3.98349 4.07902 3.75431 3.73823 4.86234 4.58103 3.49354 3.22771 3.40797 4.6166 4.53205 6.09274 4.03677 5.02141 3.89999 4.06026 5.21387 3.76214 5.5967 4.72614
threshold=37.500000000000007 1.0000000180025095e-35 12.500000000000002 36.500000000000007 2.5000000000000004 20.500000000000004 17.500000000000004 3.5000000000000004 29.500000000000004 3.5000000000000004 6.5000000000000009 3.5000000000000004 21.500000000000004 31.500000000000004 37.500000000000007 21.500000000000004 2.5000000000000004 1.0000000180025095e-35 15.500000000000002 4.5000000000000009 17.500000000000004 7.5000000000000009 6.5000000000000009 16.500000000000004 2.5000000000000004 18.500000000000004 13.500000000000002 10.500000000000002 3.5000000000000004 23.500000000000004
decision_type=2 2 2 2 2 2 2 2 2 2 2 2 2 2 2 2 2 2 2 2 2 2 2 2 2 2 2 2 2 2
left_child=1 -1 4 -4 5 6 17 -6 -5 10 -9 -12 -13 -11 15 -15 -17 -3 22 20 -20 -22 23 27 -24 -26 -27 29 -29 -19
right_child=-2 2 3 8 7 -7 -8 9 -10 13 11 12 -14 14 -16 16 -18 18 19 -21 21 -23 24 -25 25 26 -28 28 -30 -31
leaf_value=-0.022276626368170807 0.018189840018749237 0.029971910783877745 -0.012530842505431062 -0.0029187810832056508 0.043685816177006426 0.024488293264920899 -0.044161355396111809 0.010230190566805908 0.053133924007415768 0.017703543746151688 0.019145412336696279 -0.057442274888356529 -0.012695221602916718 0.0050503831301162497 0.04230399698019028 -0.065946025933538169 -0.0089235801588405262 0.014146199563275215 -0.073088355291457408 0.020563958138227464 0.01744141486974863 -0.046465878231184823 0.01799805421410626 0.025534127226897647 -0.045018478061841886 -0.012419403990109762 0.045475107289495921 -0.082383704753149128 -0.014090821679149355 -0.028941703365560165
leaf_weight=103 251 26 418 29 29 52 30 86 20 261 22 30 50 67 20 21 22 46 21 20 26 35 131 28 23 60 21 21 28 57
leaf_count=103 251 26 418 29 29 52 30 86 20 261 22 30 50 67 20 21 22 46 21 20 26 35 131 28 23 60 21 21 28 57
internal_value=0 -0.00253225 -0.00133597 -0.00912175 0.0016129 -0.00391208 -0.00648942 0.00729235 0.0199599 0.00546954 -0.00562252 -0.0189885 -0.0294754 0.0108028 -0.00305177 -0.0112983 -0.0367718 -0.0044081 -0.00613708 -0.0225138 -0.0330205 -0.0192267 -0.00211196 -0.0133811 0.00651972 -0.00793858 0.00259028 -0.0205497 -0.0433592 -0.00969856
internal_weight=0 1803 1700 467 1233 625 573 608 49 579 188 102 80 391 130 110 43 543 517 102 82 61 415 180 235 104 81 152 49 103
internal_count=2054 1803 1700 467 1233 625 573 608 49 579 188 102 80 391 130 110 43 543 517 102 82 61 415 180 235 104 81 152 49 103
shrinkage=0.1


end of trees

feature_importances:
Column_2=62
Column_3=52
Column_0=41
Column_7=34
Column_9=33
Column_13=27
Column_1=25
Column_15=23
Column_8=21
Column_14=21
Column_10=18
Column_6=17
Column_12=16
Column_5=13
Column_4=11
Column_11=6

parameters:
[boosting: gbdt]
[objective: regression]
[metric: l2]
[tree_learner: serial]
[device_type: cpu]
[data: ]
[valid: ]
[num_iterations: 10000]
[learning_rate: 0.1]
[num_leaves: 31]
[num_threads: 0]
[deterministic: 0]
[force_col_wise: 0]
[force_row_wise: 0]
[histogram_pool_size: -1]
[max_depth: -1]
[min_data_in_leaf: 20]
[min_sum_hessian_in_leaf: 0.001]
[bagging_fraction: 1]
[pos_bagging_fraction: 1]
[neg_bagging_fraction: 1]
[bagging_freq: 0]
[bagging_seed: 3]
[feature_fraction: 1]
[feature_fraction_bynode: 1]
[feature_fraction_seed: 2]
[extra_trees: 0]
[extra_seed: 6]
[early_stopping_round: 10]
[first_metric_only: 0]
[max_delta_step: 0]
[lambda_l1: 0]
[lambda_l2: 0]
[min_gain_to_split: 0]
[drop_rate: 0.1]
[max_drop: 50]
[skip_drop: 0.5]
[xgboost_dart_mode: 0]
[uniform_drop: 0]
[drop_seed: 4]
[top_rate: 0.2]
[other_rate: 0.1]
[min_data_per_group: 100]
[max_cat_threshold: 32]
[cat_l2: 10]
[cat_smooth: 10]
[max_cat_to_onehot: 4]
[top_k: 20]
[monotone_constraints: ]
[monotone_constraints_method: basic]
[monotone_penalty: 0]
[feature_contri: ]
[forcedsplits_filename: ]
[refit_decay_rate: 0.9]
[cegb_tradeoff: 1]
[cegb_penalty_split: 0]
[cegb_penalty_feature_lazy: ]
[cegb_penalty_feature_coupled: ]
[path_smooth: 0]
[interaction_constraints: ]
[verbosity: 1]
[saved_feature_importance_type: 0]
[max_bin: 255]
[max_bin_by_feature: ]
[min_data_in_bin: 3]
[bin_construct_sample_cnt: 200000]
[data_random_seed: 1]
[is_enable_sparse: 1]
[enable_bundle: 1]
[use_missing: 1]
[zero_as_missing: 0]
[feature_pre_filter: 1]
[pre_partition: 0]
[two_round: 0]
[header: 0]
[label_column: ]
[weight_column: ]
[group_column: ]
[ignore_column: ]
[categorical_feature: ]
[forcedbins_filename: ]
[objective_seed: 5]
[num_class: 1]
[is_unbalance: 0]
[scale_pos_weight: 1]
[sigmoid: 1]
[boost_from_average: 1]
[reg_sqrt: 0]
[alpha: 0.9]
[fair_c: 1]
[poisson_max_delta_step: 0.7]
[tweedie_variance_power: 1.5]
[lambdarank_truncation_level: 30]
[lambdarank_norm: 1]
[label_gain: ]
[eval_at: ]
[multi_error_top_k: 1]
[auc_mu_weights: ]
[num_machines: 1]
[local_listen_port: 12400]
[time_out: 120]
[machine_list_filename: ]
[machines: ]
[gpu_platform_id: -1]
[gpu_device_id: -1]
[gpu_use_dp: 0]
[num_gpu: 1]

end of parameters

pandas_categorical:null
