tree
version=v3
num_class=1
num_tree_per_iteration=1
label_index=0
max_feature_idx=15
objective=regression
feature_names=Column_0 Column_1 Column_2 Column_3 Column_4 Column_5 Column_6 Column_7 Column_8 Column_9 Column_10 Column_11 Column_12 Column_13 Column_14 Column_15
feature_infos=[1:49] [0:74] [1:49] [0:59] [0:8] [0:6] [0:7] [0:167] [1:60] [0:122] [0:6] [0:6] [0:7] [0:127] [0:122] [0:128]
tree_sizes=1767 1876 1878 1892 1796 2057 1881 1960 1789 1962 1901 1812 1882 1876

Tree=0
num_leaves=20
num_cat=0
split_feature=0 7 2 0 9 4 10 12 10 4 8 5 0 0 15 14 13 2 9
split_gain=15.3244 7.03018 6.00607 5.38184 5.15221 3.36462 3.30554 3.10365 2.94216 3.27754 5.89465 4.49424 2.33832 1.37213 1.20524 1.54121 0.981818 0.816251 0.109742
threshold=33.500000000000007 37.500000000000007 11.500000000000002 44.500000000000007 18.500000000000004 2.5000000000000004 3.5000000000000004 2.5000000000000004 3.5000000000000004 2.5000000000000004 14.500000000000002 2.5000000000000004 20.500000000000004 20.500000000000004 8.5000000000000018 12.500000000000002 5.5000000000000009 32.500000000000007 10.500000000000002
decision_type=2 2 2 2 2 2 2 2 2 2 2 2 2 2 2 2 2 2 2
left_child=1 2 -1 5 7 -2 12 8 9 11 -11 13 -6 16 15 -9 -4 18 -16
right_child=3 -3 4 -5 6 -7 -8 14 -10 10 -12 -13 -14 -15 17 -17 -18 -19 -20
leaf_value=-0.38844850419680127 -0.41642927268633328 -0.37328546112022387 -0.42219850330273162 -0.33862707694518984 -0.44642927189160464 -0.37489081224826515 -0.38079850439945706 -0.4202419816154313 -0.46076993085236628 -0.3643413619782796 -0.44019850282589446 -0.40719850370009592 -0.4051295382376634 -0.46719850211063874 -0.46719850211063874 -0.45819850234905729 -0.45219850250800303 -0.44148421707754892 -0.45819850234905729
leaf_weight=32 39 23 20 21 26 39 25 23 28 21 20 39 29 27 42 20 24 21 20
leaf_count=32 39 23 20 21 26 39 25 23 28 21 20 39 29 27 42 20 24 21 20
internal_value=-0.419109 -0.427108 -0.430076 -0.383562 -0.433536 -0.39566 -0.410949 -0.439461 -0.430997 -0.425477 -0.401345 -0.434471 -0.424653 -0.449452 -0.451484 -0.437896 -0.438562 -0.458524 -0.464295
internal_weight=0 440 417 99 385 78 80 305 179 151 41 110 55 71 126 43 44 83 62
internal_count=539 440 417 99 385 78 80 305 179 151 41 110 55 71 126 43 44 83 62
shrinkage=1


Tree=1
num_leaves=21
num_cat=0
split_feature=0 6 13 15 2 0 7 12 14 13 8 13 9 2 13 14 2 7 6 3
split_gain=12.4592 6.06007 8.73822 5.48786 7.82281 4.69571 3.45244 2.73484 2.86468 3.60034 3.0802 3.70431 2.71197 2.52184 2.31091 2.33907 0.689887 0.617885 0.412727 0.375419
threshold=32.500000000000007 1.5000000000000002 22.500000000000004 8.5000000000000018 14.500000000000002 44.500000000000007 20.500000000000004 1.5000000000000002 14.500000000000002 3.5000000000000004 13.500000000000002 7.5000000000000009 22.500000000000004 26.500000000000004 8.5000000000000018 6.5000000000000009 25.500000000000004 10.500000000000002 2.5000000000000004 8.5000000000000018
decision_type=2 2 2 2 2 2 2 2 2 2 2 2 2 2 2 2 2 2 2 2
left_child=1 16 3 4 -3 6 12 -6 9 -9 11 -11 13 -2 15 -5 -1 -17 -16 -4
right_child=5 2 19 14 7 -7 -8 8 -10 10 -12 -13 -14 -15 18 17 -18 -19 -20 -21
leaf_value=-0.045665927029944757 0.018809412047266962 0.060518662702469597 0.050875904709100729 0.0094758366234600558 0.029392564438638236 0.072434137548719135 0.05435319326140664 0.034569342976266688 -0.035614600311964749 -0.02051382248892504 -0.038799529495062657 0.028603067142622812 0.039717198014259339 -0.027033032352725667 -0.027307826387030738 -0.037907010994174262 -0.023611298980920212 -0.014206518232822419 -0.043221016954153015 0.03150018438696861
leaf_weight=37 24 21 20 32 21 21 22 22 32 34 27 28 20 24 28 22 23 22 39 20
leaf_count=37 24 21 20 32 21 21 22 22 32 34 27 28 20 24 28 22 23 22 39 20
internal_value=0 -0.00774267 -0.00293795 -0.00831917 0.0030531 0.0298546 0.0199194 -0.0043053 -0.00925394 -0.00165447 -0.0106087 0.001668 0.00877907 -0.00411181 -0.0230315 -0.0110957 -0.0372117 -0.0260568 -0.0365707 0.041188
internal_weight=0 428 368 328 185 111 90 164 143 111 89 62 68 48 143 76 60 44 67 40
internal_count=539 428 368 328 185 111 90 164 143 111 89 62 68 48 143 76 60 44 67 40
shrinkage=0.1


Tree=2
num_leaves=21
num_cat=0
split_feature=0 6 13 15 2 3 4 7 6 9 7 13 14 15 3 2 0 7 11 2
split_gain=10.092 4.90865 7.07796 4.44517 6.33647 3.98458 4.22166 2.31059 1.97725 2.9334 2.63205 1.87184 1.89465 1.36254 0.577232 0.558808 0.483818 0.406396 0.370994 0.312921
threshold=32.500000000000007 1.5000000000000002 22.500000000000004 8.5000000000000018 14.500000000000002 18.500000000000004 2.5000000000000004 5.5000000000000009 2.5000000000000004 10.500000000000002 12.500000000000002 8.5000000000000018 6.5000000000000009 14.500000000000002 6.5000000000000009 25.500000000000004 20.500000000000004 8.5000000000000018 2.5000000000000004 24.500000000000004
decision_type=2 2 2 2 2 2 2 2 2 2 2 2 2 2 2 2 2 2 2 2
left_child=1 15 3 4 -3 6 13 18 9 16 -10 12 -5 -2 -14 -1 -9 -13 -6 -4
right_child=5 2 19 11 7 -7 -8 8 10 -11 -12 17 14 -15 -16 -17 -18 -19 -20 -21
leaf_value=-0.041099332957654389 0.032610930960911971 0.054466799894968665 0.045914034694433219 0.0085282532498240481 0.024698092237762787 -0.007388085585374099 0.062132884405161209 -0.025877721221358691 -0.016367093722025553 0.0059471165692364727 0.0327522324025631 -0.042105239842619213 -0.035437879250163125 -0.0016364743312199911 -0.012506625315417415 -0.021250168784804967 -0.045614683498506961 -0.026314569589419242 0.0060755608975887297 0.028224447965621947
leaf_weight=37 26 21 20 32 23 26 38 27 24 27 20 28 21 21 23 23 23 39 20 20
leaf_count=37 26 21 20 32 23 26 38 27 24 27 20 28 21 21 23 23 23 39 20 20
internal_value=0 -0.00696841 -0.00264415 -0.00748725 0.00274779 0.0268692 0.0373479 -0.00387477 -0.0109507 -0.0206138 0.00595987 -0.0207284 -0.0099861 0.0173089 -0.0234511 -0.0334905 -0.0349567 -0.0329137 0.0160364 0.0370692
internal_weight=0 428 368 328 185 111 85 164 121 77 44 143 76 47 44 60 50 67 43 40
internal_count=539 428 368 328 185 111 85 164 121 77 44 143 76 47 44 60 50 67 43 40
shrinkage=0.1


Tree=3
num_leaves=21
num_cat=0
split_feature=0 7 9 13 2 15 13 3 0 0 1 1 10 6 1 3 3 7 8 7
split_gain=8.89785 8.33251 4.83332 4.82557 4.14558 2.4288 2.21011 1.97976 1.90683 1.78086 3.88765 1.84376 1.70767 1.49908 1.37181 0.98654 1.29036 0.924789 0.629113 0.0930925
threshold=42.500000000000007 35.500000000000007 18.500000000000004 21.500000000000004 11.500000000000002 6.5000000000000009 13.500000000000002 15.500000000000002 31.500000000000004 20.500000000000004 8.5000000000000018 1.0000000180025095e-35 2.5000000000000004 2.5000000000000004 1.0000000180025095e-35 8.5000000000000018 1.0000000180025095e-35 5.5000000000000009 8.5000000000000018 9.5000000000000018
decision_type=2 2 2 2 2 2 2 2 2 2 2 2 2 2 2 2 2 2 2 2
left_child=1 2 4 5 -1 -4 7 8 9 10 13 -11 -7 18 -8 16 -16 -13 -6 -19
right_child=-2 -3 3 -5 6 12 14 -9 -10 11 -12 17 -14 -15 15 -17 -18 19 -20 -21
leaf_value=0.025905293447000013 0.055950155302330301 0.044882470018723433 0.022807130743475523 0.055220515387398861 -0.01263146017278944 0.0040052607174842587 -0.044181405233614378 -0.036446953654289245 0.014299774169921876 0.00083984157868794037 0.038013044744729996 -0.01426429239412149 -0.031957554298898454 -0.034310885980015714 -0.02748486325144768 -0.035515681945759318 0.0084367729723453522 -0.043630617715063547 0.0096891632546549263 -0.034097727090120315
leaf_weight=27 27 34 34 21 28 31 33 25 36 28 20 24 23 21 20 23 20 21 23 20
leaf_count=27 27 34 34 21 28 31 33 25 36 28 20 24 23 21 20 23 20 21 23 20
internal_value=0 -0.0029505 -0.00635284 0.0121487 -0.0118181 0.00187025 -0.0147962 -0.00977441 -0.00675715 -0.0108547 -0.000990194 -0.0206132 -0.0113122 -0.0118244 -0.0276647 -0.0190131 -0.00952405 -0.0298545 -0.0025653 -0.0389804
internal_weight=0 512 478 109 369 88 342 246 221 185 92 93 54 72 96 63 40 65 51 41
internal_count=539 512 478 109 369 88 342 246 221 185 92 93 54 72 96 63 40 65 51 41
shrinkage=0.1


Tree=4
num_leaves=20
num_cat=0
split_feature=0 13 7 9 2 13 0 9 12 10 4 8 8 5 11 1 0 0 12
split_gain=7.44195 5.68011 4.214 4.32856 3.56875 2.92544 2.72602 2.22961 2.14646 1.56694 2.51003 5.79385 2.90284 3.34596 0.851604 1.2517 0.741234 0.543455 0.5248
threshold=37.500000000000007 8.5000000000000018 35.500000000000007 18.500000000000004 11.500000000000002 21.500000000000004 29.500000000000004 30.500000000000004 2.5000000000000004 3.5000000000000004 2.5000000000000004 14.500000000000002 5.5000000000000009 2.5000000000000004 2.5000000000000004 1.0000000180025095e-35 20.500000000000004 22.500000000000004 3.5000000000000004
decision_type=2 2 2 2 2 2 2 2 2 2 2 2 2 2 2 2 2 2 2
left_child=2 -2 3 4 -1 6 7 -5 9 10 12 -12 -6 16 15 -10 -14 -16 -17
right_child=1 -3 -4 5 8 -7 -8 -9 14 -11 11 -13 13 -15 17 18 -18 -19 -20
leaf_value=0.023314764985331783 0.071085791289806369 0.0075458002441069665 0.034301096311321964 0.0081259426048823757 -0.044246820834549991 0.046067744344472888 0.03261489220287489 -0.031447222704688714 0.0021274040142695112 -0.029121858806445685 0.05278981842777946 -0.019785245846618307 -0.009402936009260324 0.021235845194143409 -0.022691864226803637 -0.015586262941360474 -0.032037766731303673 -0.040458202362060547 -0.03822041124105454
leaf_weight=27 24 34 27 35 22 20 23 24 24 29 22 22 39 34 33 21 23 36 20
leaf_count=27 24 34 27 35 22 20 23 24 24 29 22 22 39 34 33 21 23 36 20
internal_value=0 0.0338382 -0.00408028 -0.00636288 -0.0116191 0.0117762 0.0034124 -0.00797162 -0.0145213 -0.00771428 -0.00388206 0.0165023 -0.011483 -0.00397463 -0.0242238 -0.0160102 -0.0177997 -0.0319613 -0.0266273
internal_weight=0 58 481 454 352 102 82 59 325 191 162 44 118 96 134 65 62 69 41
internal_count=539 58 481 454 352 102 82 59 325 191 162 44 118 96 134 65 62 69 41
shrinkage=0.1


Tree=5
num_leaves=23
num_cat=0
split_feature=0 7 12 2 9 9 3 13 13 10 9 2 9 1 15 0 2 14 1 13 0 15
split_gain=6.18386 6.36643 3.45818 3.32352 2.76041 2.70808 1.66678 1.65665 1.69861 3.6406 2.85165 1.9319 1.2317 1.15059 1.50251 1.01829 1.03154 0.861009 0.643236 0.47363 0.195942 0.00664694
threshold=44.500000000000007 35.500000000000007 3.5000000000000004 11.500000000000002 18.500000000000004 36.000000000000007 9.5000000000000018 13.500000000000002 7.5000000000000009 2.5000000000000004 7.5000000000000009 18.500000000000004 20.500000000000004 1.0000000180025095e-35 6.5000000000000009 20.500000000000004 22.500000000000004 7.5000000000000009 1.5000000000000002 12.500000000000002 26.500000000000004 6.5000000000000009
decision_type=2 2 2 2 2 2 2 2 2 2 2 2 2 2 2 2 2 2 2 2 2 2
left_child=1 2 3 -1 7 6 -6 8 11 10 -10 -5 18 -9 -15 21 -17 -18 20 -20 -4 -13
right_child=-2 -3 12 4 5 -7 -8 13 9 -11 -12 15 -14 14 -16 16 17 -19 19 -21 -22 -23
leaf_value=0.03725334866480394 0.05319744433675494 0.039026785237448562 -0.022546461522579192 -0.034333163843705106 0.041422902345657348 -0.014843147496382395 0.0071749593372698178 -0.040745098959831971 0.00066489434242248541 -0.025463927217892243 0.048923045520981152 0.0071570981116521925 0.0021701967716217041 0.0055772853934246561 -0.030568707637164905 -0.030605035275220873 -0.017329910255613781 0.011305884236381167 -0.039749449220570651 -0.020538464330491567 -0.0085485294461250302 0.0097043865919113157
leaf_weight=22 21 35 20 26 30 24 27 21 25 21 24 21 20 23 23 20 21 21 33 21 20 20
leaf_count=22 21 35 20 26 30 24 27 21 25 21 24 21 20 23 23 20 21 21 33 21 20 20
internal_value=0 -0.00215665 -0.00514096 -0.000437801 -0.00282744 0.0133355 0.0252002 -0.00774924 -0.00317009 0.0093719 0.0243015 -0.00997582 -0.0203643 -0.02135 -0.0124957 -0.00382736 -0.011913 -0.00301201 -0.0251589 -0.0322785 -0.0155475 0.00839968
internal_weight=0 518 483 369 347 81 57 266 199 70 49 129 114 67 46 103 62 42 94 54 40 41
internal_count=539 518 483 369 347 81 57 266 199 70 49 129 114 67 46 103 62 42 94 54 40 41
shrinkage=0.1


Tree=6
num_leaves=21
num_cat=0
split_feature=0 3 4 6 13 5 15 2 7 13 5 4 14 6 9 10 7 7 2 0
split_gain=5.47252 3.03585 3.25566 2.69003 4.10845 5.34567 3.00119 5.45045 2.43086 2.17345 2.20322 1.71791 1.99974 1.64674 1.45575 0.96919 0.955328 0.5136 0.291325 0.209115
threshold=33.500000000000007 18.500000000000004 2.5000000000000004 1.5000000000000002 22.500000000000004 2.5000000000000004 7.5000000000000009 15.500000000000002 5.5000000000000009 11.500000000000002 3.5000000000000004 2.5000000000000004 5.5000000000000009 2.5000000000000004 10.500000000000002 2.5000000000000004 9.5000000000000018 12.500000000000002 24.500000000000004 20.500000000000004
decision_type=2 2 2 2 2 2 2 2 2 2 2 2 2 2 2 2 2 2 2 2
left_child=3 2 18 15 6 -6 7 -5 -9 10 11 12 -8 14 19 -1 -14 -11 -2 -10
right_child=1 -3 -4 4 5 -7 9 8 13 17 -12 -13 16 -15 -16 -17 -18 -19 -20 -21
leaf_value=-0.011274519698186354 0.0043769348235357377 -0.0088852640390396122 0.054800635937488441 0.053087092489004145 -0.0068633451348259341 0.06537512928247452 0.017016096562147139 0.019458793966393724 -0.022417238698555872 -0.023312900321824211 -0.035523790256543591 0.021444212931853075 -0.035157552750214288 0.0069208054206310174 0.00071292244471036484 -0.035510611940513963 -0.0052740466594696049 -0.043730615621263333 0.021240749955177309 -0.035507255533467168
leaf_weight=33 21 25 33 20 21 20 20 38 26 28 22 26 23 39 26 33 20 22 20 23
leaf_count=33 21 25 33 20 21 20 20 38 26 28 22 26 23 39 26 33 20 22 20 23
internal_value=0 0.0212426 0.031421 -0.00477959 -0.00149495 0.0283749 -0.00517262 0.00401226 -0.00244496 -0.014985 -0.007187 -0.000182395 -0.00910766 -0.00974621 -0.0184131 -0.0233926 -0.0212582 -0.0322967 0.0126032 -0.0285615
internal_weight=0 99 74 440 374 41 333 172 152 161 111 89 63 114 75 66 43 50 41 49
internal_count=539 99 74 440 374 41 333 172 152 161 111 89 63 114 75 66 43 50 41 49
shrinkage=0.1


Tree=7
num_leaves=22
num_cat=0
split_feature=0 7 12 4 2 1 9 6 3 1 14 9 14 7 0 13 1 15 9 15 1
split_gain=4.52386 4.37107 2.52414 2.48219 3.88164 2.4837 1.49574 2.37785 2.8595 1.82756 2.11936 2.07102 1.1485 1.44408 1.13607 1.11106 0.626014 0.709632 0.537163 0.502995 0.0185423
threshold=42.500000000000007 35.500000000000007 3.5000000000000004 1.5000000000000002 14.500000000000002 5.5000000000000009 11.500000000000002 3.5000000000000004 6.5000000000000009 1.5000000000000002 9.5000000000000018 4.5000000000000009 20.500000000000004 8.5000000000000018 27.500000000000004 10.500000000000002 7.5000000000000009 6.5000000000000009 14.500000000000002 6.5000000000000009 5.5000000000000009
decision_type=2 2 2 2 2 2 2 2 2 2 2 2 2 2 2 2 2 2 2 2 2
left_child=1 2 3 5 -5 18 9 8 -8 10 -6 -11 13 20 -15 -10 17 -13 -1 -18 -4
right_child=-2 -3 12 4 6 -7 7 -9 15 11 -12 16 -14 14 -16 -17 19 -19 -20 -21 -22
leaf_value=-0.037419888774553933 0.039894525210062669 0.032540627262171579 -0.034818054363131526 0.041482190728187568 0.033425063165751376 0.009129548645936526 -0.005163502030902439 -0.012410549954934555 0.053607178032398228 0.013822739012539387 -0.0115530164539814 0.0028487406671047211 0.0013851118087768557 -0.024008927982428981 0.0069714617729187012 0.021040938794612885 -0.039781687408685686 -0.021163262985646726 -0.017107242151446964 -0.01735413782298565 -0.039124129638075829
leaf_weight=30 27 34 20 25 22 26 27 33 20 24 20 20 25 29 20 22 20 32 23 20 20
leaf_count=30 27 34 20 25 22 26 27 33 20 24 20 20 25 29 20 22 20 32 23 20 20
internal_value=0 -0.00210381 -0.00456806 -0.000501341 0.00384634 -0.016186 0.000227508 0.00966747 0.0202265 -0.00586664 0.0120069 -0.0123381 -0.017553 -0.0228727 -0.0113639 0.0365487 -0.0191627 -0.0119279 -0.028605 -0.0285679 -0.0369711
internal_weight=0 512 478 364 285 79 260 102 69 158 42 116 114 89 49 42 92 52 53 40 40
internal_count=539 512 478 364 285 79 260 102 69 158 42 116 114 89 49 42 92 52 53 40 40
shrinkage=0.1


Tree=8
num_leaves=20
num_cat=0
split_feature=0 10 7 13 6 3 13 7 0 1 0 9 2 2 5 4 9 13 4
split_gain=3.97382 3.46488 3.48562 2.24161 5.1166 2.63887 2.88379 5.84345 2.78809 4.76637 2.00298 1.31171 1.19699 1.08807 1.12556 1.05443 1.06184 0.771843 0.625327
threshold=31.500000000000004 2.5000000000000004 11.500000000000002 22.500000000000004 2.5000000000000004 15.500000000000002 11.500000000000002 18.500000000000004 24.500000000000004 9.5000000000000018 42.500000000000007 14.500000000000002 29.500000000000004 29.500000000000004 2.5000000000000004 2.5000000000000004 10.500000000000002 6.5000000000000009 2.5000000000000004
decision_type=2 2 2 2 2 2 2 2 2 2 2 2 2 2 2 2 2 2 2
left_child=3 2 -2 5 -5 6 7 8 9 15 11 -3 -10 14 -8 16 17 -1 -7
right_child=1 10 -4 4 -6 18 13 -9 12 -11 -12 -13 -14 -15 -16 -17 -18 -19 -20
leaf_value=-0.011304475558109773 0.0065638031425147222 -0.027987852320075036 0.053756207665976358 -0.018779190113911264 0.0418298809727033 -0.019978527062469061 -0.0019630100239406935 0.043186694640537787 -0.039140290463412247 0.03642069292254746 0.026264438331127168 0.0047418435811996465 -0.0093634046338222643 -0.041136828139424327 -0.030093152284622195 0.010692555963993072 0.0047176226377487187 -0.034729810330000797 -0.043308043852448463
leaf_weight=39 29 24 34 26 30 27 33 29 27 32 20 25 27 20 25 25 25 22 20
leaf_count=39 29 24 34 26 30 27 33 29 27 32 20 25 27 20 25 25 25 22 20
internal_value=0 0.0150772 0.0320327 -0.0048899 0.01369 -0.0078542 -0.00444488 0.00127699 -0.00489245 0.00241809 -0.000403965 -0.011289 -0.0242518 -0.0210237 -0.0140881 -0.00738447 -0.0126394 -0.019753 -0.029906
internal_weight=0 132 63 407 56 351 304 226 197 143 69 49 54 78 58 111 86 61 47
internal_count=539 132 63 407 56 351 304 226 197 143 69 49 54 78 58 111 86 61 47
shrinkage=0.1


Tree=9
num_leaves=22
num_cat=0
split_feature=2 0 2 2 2 15 13 6 3 13 7 1 0 9 1 15 5 2 2 13 7
split_gain=3.48915 2.25164 2.6787 3.34197 2.70069 2.24128 1.54585 3.26202 1.78 1.87519 2.5472 1.90587 4.41024 1.62967 1.29908 2.72728 1.01959 1.11392 0.859778 0.807155 0.519274
threshold=9.5000000000000018 31.500000000000004 39.500000000000007 21.500000000000004 28.500000000000004 11.500000000000002 22.500000000000004 2.5000000000000004 15.500000000000002 11.500000000000002 20.500000000000004 9.5000000000000018 20.500000000000004 15.500000000000002 2.5000000000000004 5.5000000000000009 2.5000000000000004 20.500000000000004 29.500000000000004 15.500000000000002 13.500000000000002
decision_type=2 2 2 2 2 2 2 2 2 2 2 2 2 2 2 2 2 2 2 2 2
left_child=-1 6 3 -3 -5 -6 8 -8 9 10 11 13 -13 14 15 -2 17 -16 19 -11 -10
right_child=1 2 -4 4 5 -7 7 -9 20 18 -12 12 -14 -15 16 -17 -18 -19 -20 -21 -22
leaf_value=0.034371363797358105 -0.021497146288553873 -0.013582358456083708 -0.023847123682498934 0.048420917084722813 -0.0092038680315017704 0.035708866119384765 -0.016076645016670228 0.033620585607630864 -0.016732477188110353 -0.024217322413568144 0.033328754454851152 0.047455531642550515 -0.01470722770690918 0.014896908402442934 -0.0020900333424409231 0.024857614528049122 -0.039449907528857395 -0.03211903792052042 -0.037023145332932474 0.0012754931398060011 -0.03806279791252954
leaf_weight=28 30 28 20 33 25 20 25 28 25 27 20 21 25 23 30 22 24 21 20 23 21
leaf_count=28 30 28 20 33 25 20 25 28 25 27 20 21 25 23 30 22 24 21 20 23 21
internal_value=0 -0.00188336 0.00972002 0.0160534 0.0266919 0.0107573 -0.00568083 0.0101785 -0.00821259 -0.00527605 -0.000666463 -0.00413536 0.0136714 -0.00959611 -0.0140319 -0.00188552 -0.0224533 -0.0144549 -0.0194999 -0.0124906 -0.0264702
internal_weight=0 511 126 106 78 45 385 53 332 286 216 196 46 150 127 52 75 51 70 50 46
internal_count=539 511 126 106 78 45 385 53 332 286 216 196 46 150 127 52 75 51 70 50 46
shrinkage=0.1


Tree=10
num_leaves=21
num_cat=0
split_feature=0 7 15 1 5 14 3 9 10 1 1 13 1 0 0 3 12 2 3 3
split_gain=2.89113 3.22026 2.21115 1.73093 1.84933 2.32054 2.14964 2.47114 1.85186 1.63509 1.93356 1.91876 1.45079 1.10528 1.06905 0.843755 0.689141 0.626768 0.561687 0.541064
threshold=44.500000000000007 35.500000000000007 1.0000000180025095e-35 18.500000000000004 1.5000000000000002 12.500000000000002 10.500000000000002 18.500000000000004 3.5000000000000004 1.5000000000000002 6.5000000000000009 6.5000000000000009 3.5000000000000004 24.500000000000004 19.500000000000004 3.5000000000000004 2.5000000000000004 29.500000000000004 3.5000000000000004 5.5000000000000009
decision_type=2 2 2 2 2 2 2 2 2 2 2 2 2 2 2 2 2 2 2 2
left_child=1 2 -1 4 -4 6 7 9 13 11 18 -6 -8 14 -7 -12 -15 -14 -11 -20
right_child=-2 -3 3 -5 5 8 12 -9 -10 10 15 -13 17 16 -16 -17 -18 -19 19 -21
leaf_value=0.025992278506358463 0.036374310936246601 0.027815398573875428 0.020082503184676172 0.016567202350672553 0.03692719012498856 -0.029586500167846683 -0.00085544317960739135 0.031742416262626652 0.0041694805577949237 -0.034494773671031001 -0.0072921660083990827 -0.0019006140742983139 -0.017712864144281908 -0.048224112780197809 -0.00088866960119318077 0.018184141126962809 -0.025530879758298399 -0.041865609657196774 -0.0033116855743256486 -0.026037660613656047
leaf_weight=24 21 35 24 34 20 25 30 25 27 20 26 35 22 23 27 26 32 21 22 20
leaf_count=24 21 35 24 34 20 25 30 25 27 20 26 35 22 23 27 26 32 21 22 20
internal_value=0 -0.00147463 -0.0035971 -0.00514426 -0.00688117 -0.00849496 -0.00310583 0.00239829 -0.019233 -0.00194256 -0.00877469 0.0122186 -0.0177332 -0.0251383 -0.0146857 0.00544599 -0.0350208 -0.0295084 -0.0207017 -0.0141336
internal_weight=0 518 483 459 425 401 267 194 134 169 114 55 73 107 52 52 55 43 62 42
internal_count=539 518 483 459 425 401 267 194 134 169 114 55 73 107 52 52 55 43 62 42
shrinkage=0.1


Tree=11
num_leaves=20
num_cat=0
split_feature=2 12 0 11 15 2 6 13 15 15 13 7 9 4 1 1 8 2 9
split_gain=2.69296 1.93988 2.31263 3.37065 1.67792 1.37437 1.1761 1.41075 1.78718 1.70321 2.69416 2.61915 1.48996 1.63599 1.76567 1.40484 0.937652 0.581569 0.468793
threshold=9.5000000000000018 4.5000000000000009 33.500000000000007 3.5000000000000004 27.500000000000004 30.500000000000004 1.5000000000000002 22.500000000000004 1.5000000000000002 3.5000000000000004 13.500000000000002 20.500000000000004 24.500000000000004 2.5000000000000004 1.5000000000000002 10.500000000000002 9.5000000000000018 20.500000000000004 12.500000000000002
decision_type=2 2 2 2 2 2 2 2 2 2 2 2 2 2 2 2 2 2 2
left_child=-1 2 6 5 -3 -4 16 8 -8 -10 11 12 13 14 -11 17 -2 -16 -12
right_child=1 4 3 -5 -6 -7 7 -9 9 10 18 -13 -14 -15 15 -17 -18 -19 -20
leaf_value=0.030196194457156319 -0.0020269903799761901 -0.039544633030891424 0.043018442112952471 -0.011677772383536062 -0.00083875003315153586 0.011725667595863343 0.022493551790714265 0.019028330594301226 -0.027113272203132512 0.02178558402440765 -0.015428606331348418 0.035955868732361569 -0.025144381173278975 0.021105419567653112 -0.0071798641354806963 0.010976340156048536 -0.029064062957105966 -0.025865412006775543 -0.035969143360853197
leaf_weight=28 23 24 32 31 21 25 25 32 32 22 25 21 23 35 31 24 29 36 20
leaf_count=28 23 24 32 31 21 25 25 32 32 22 25 21 23 35 31 24 29 36 20
internal_value=0 -0.00165459 0.000260068 0.0148605 -0.0214819 0.0292935 -0.00313897 -0.000911199 -0.00308149 -0.00545835 -0.00253448 0.00262722 -0.00146577 0.00221401 -0.00363731 -0.0097835 -0.0171054 -0.0172199 -0.0245577
internal_weight=0 511 466 88 45 57 378 326 294 269 237 192 171 148 113 91 52 67 45
internal_count=539 511 466 88 45 57 378 326 294 269 237 192 171 148 113 91 52 67 45
shrinkage=0.1


Tree=12
num_leaves=21
num_cat=0
split_feature=0 7 12 4 2 8 0 8 7 0 14 15 0 9 14 7 7 0 14 1
split_gain=2.1949 2.3619 1.94477 1.83278 2.26841 1.30965 1.58629 1.09734 1.6647 1.35838 1.1046 1.66031 1.90512 1.77824 0.998314 1.10126 0.905046 0.742147 0.524736 0.0535193
threshold=44.500000000000007 35.500000000000007 3.5000000000000004 1.5000000000000002 14.500000000000002 6.5000000000000009 26.500000000000004 14.500000000000002 13.500000000000002 33.500000000000007 14.500000000000002 8.5000000000000018 20.500000000000004 10.500000000000002 20.500000000000004 8.5000000000000018 9.5000000000000018 27.500000000000004 10.500000000000002 5.5000000000000009
decision_type=2 2 2 2 2 2 2 2 2 2 2 2 2 2 2 2 2 2 2 2
left_child=1 2 3 5 -5 -1 -7 9 18 10 11 13 -13 16 15 19 -6 -17 -9 -4
right_child=-2 -3 14 4 7 6 -8 8 -10 -11 -12 12 -14 -15 -16 17 -18 -19 -20 -21
leaf_value=-0.034357948672203792 0.031693353823253084 0.023799611500331334 -0.028132331296801566 0.032947353839874266 -0.005269237882212589 -0.018618210881120627 0.014572010003030302 0.013401005417108536 -0.032299565252932635 0.025447331688233783 -0.013882057989637056 0.012013684407524441 -0.027496486443739671 0.033782145977020263 0.0031377835869789124 -0.019648402980689345 0.021011804491281511 0.0053912854194641119 -0.0095061218738555914 -0.035448018573224542
leaf_weight=21 21 35 20 25 38 36 24 20 22 28 36 23 26 30 25 29 20 20 20 20
leaf_count=21 21 35 20 25 38 36 24 20 22 28 36 23 26 30 25 29 20 20 20 20
internal_value=0 -0.00128487 -0.00310258 0.000424373 0.00416194 -0.0128647 -0.00534212 0.00142568 -0.0102047 0.00501317 0.0017059 0.00580201 -0.0089509 0.0140167 -0.0145188 -0.0194785 0.00379319 -0.00942812 0.00194744 -0.0317902
internal_weight=0 518 483 369 288 81 60 263 62 201 173 137 49 88 114 89 58 49 40 40
internal_count=539 518 483 369 288 81 60 263 62 201 173 137 49 88 114 89 58 49 40 40
shrinkage=0.1


Tree=13
num_leaves=21
num_cat=0
split_feature=2 0 9 13 2 13 9 3 2 2 8 11 5 8 13 7 15 15 14 9
split_gain=1.93797 1.4819 2.64345 1.64633 1.52492 1.30338 1.25456 1.51165 1.12012 2.46604 4.59829 2.35656 1.51016 2.09249 1.37692 1.2172 1.00017 1.03533 0.872829 0.460745
threshold=9.5000000000000018 15.500000000000002 20.500000000000004 14.500000000000002 16.500000000000004 6.5000000000000009 21.500000000000004 5.5000000000000009 23.500000000000004 28.500000000000004 10.500000000000002 2.5000000000000004 3.5000000000000004 10.500000000000002 8.5000000000000018 9.5000000000000018 3.5000000000000004 8.5000000000000018 8.5000000000000018 7.5000000000000009
decision_type=2 2 2 2 2 2 2 2 2 2 2 2 2 2 2 2 2 2 2 2
left_child=-1 4 8 5 -2 -4 7 -6 11 10 -10 16 13 18 -15 -13 -3 19 -11 -18
right_child=1 2 3 -5 6 -7 -8 -9 9 12 -12 15 -14 14 -16 -17 17 -19 -20 -21
leaf_value=0.025615986862352919 0.010289229787886142 -0.015669606797970258 0.020000062772521268 0.033376487152917043 -0.030621634139901117 -0.012394659480322964 -0.042080139294266704 0.0073212598760922752 0.048676881087677822 -0.015136507669320474 -0.0060468546388780372 -0.0098921649796622144 0.014124297190989768 0.021734829530829475 -0.014927654638886451 -0.03645853007979253 0.028502218723297119 -0.0065781091730440821 -0.042923520579934121 0.0072943204215594713
leaf_weight=28 20 26 27 35 21 23 20 21 28 26 34 35 28 21 20 34 20 31 20 21
leaf_count=28 20 26 27 35 21 23 20 21 28 26 34 35 28 21 20 34 20 31 20 21
internal_value=0 -0.00140362 0.000950765 0.0167424 -0.013721 0.00509849 -0.0214663 -0.0116502 -0.00295123 0.00259152 0.0186671 -0.00882588 -0.00607531 -0.0125763 0.00385069 -0.0229828 0.00114177 0.00721255 -0.0272178 0.0176396
internal_weight=0 511 429 85 82 50 62 42 344 177 62 167 115 87 41 69 98 72 46 41
internal_count=539 511 429 85 82 50 62 42 344 177 62 167 115 87 41 69 98 72 46 41
shrinkage=0.1


end of trees

feature_importances:
Column_0=37
Column_2=33
Column_13=29
Column_7=27
Column_9=25
Column_1=20
Column_15=19
Column_3=16
Column_14=13
Column_4=11
Column_6=11
Column_8=10
Column_12=9
Column_5=8
Column_10=8
Column_11=4

parameters:
[boosting: gbdt]
[objective: regression]
[metric: l2]
[tree_learner: serial]
[device_type: cpu]
[data: ]
[valid: ]
[num_iterations: 10000]
[learning_rate: 0.1]
[num_leaves: 31]
[num_threads: 0]
[deterministic: 0]
[force_col_wise: 0]
[force_row_wise: 0]
[histogram_pool_size: -1]
[max_depth: -1]
[min_data_in_leaf: 20]
[min_sum_hessian_in_leaf: 0.001]
[bagging_fraction: 1]
[pos_bagging_fraction: 1]
[neg_bagging_fraction: 1]
[bagging_freq: 0]
[bagging_seed: 3]
[feature_fraction: 1]
[feature_fraction_bynode: 1]
[feature_fraction_seed: 2]
[extra_trees: 0]
[extra_seed: 6]
[early_stopping_round: 10]
[first_metric_only: 0]
[max_delta_step: 0]
[lambda_l1: 0]
[lambda_l2: 0]
[min_gain_to_split: 0]
[drop_rate: 0.1]
[max_drop: 50]
[skip_drop: 0.5]
[xgboost_dart_mode: 0]
[uniform_drop: 0]
[drop_seed: 4]
[top_rate: 0.2]
[other_rate: 0.1]
[min_data_per_group: 100]
[max_cat_threshold: 32]
[cat_l2: 10]
[cat_smooth: 10]
[max_cat_to_onehot: 4]
[top_k: 20]
[monotone_constraints: ]
[monotone_constraints_method: basic]
[monotone_penalty: 0]
[feature_contri: ]
[forcedsplits_filename: ]
[refit_decay_rate: 0.9]
[cegb_tradeoff: 1]
[cegb_penalty_split: 0]
[cegb_penalty_feature_lazy: ]
[cegb_penalty_feature_coupled: ]
[path_smooth: 0]
[interaction_constraints: ]
[verbosity: 1]
[saved_feature_importance_type: 0]
[max_bin: 255]
[max_bin_by_feature: ]
[min_data_in_bin: 3]
[bin_construct_sample_cnt: 200000]
[data_random_seed: 1]
[is_enable_sparse: 1]
[enable_bundle: 1]
[use_missing: 1]
[zero_as_missing: 0]
[feature_pre_filter: 1]
[pre_partition: 0]
[two_round: 0]
[header: 0]
[label_column: ]
[weight_column: ]
[group_column: ]
[ignore_column: ]
[categorical_feature: ]
[forcedbins_filename: ]
[objective_seed: 5]
[num_class: 1]
[is_unbalance: 0]
[scale_pos_weight: 1]
[sigmoid: 1]
[boost_from_average: 1]
[reg_sqrt: 0]
[alpha: 0.9]
[fair_c: 1]
[poisson_max_delta_step: 0.7]
[tweedie_variance_power: 1.5]
[lambdarank_truncation_level: 30]
[lambdarank_norm: 1]
[label_gain: ]
[eval_at: ]
[multi_error_top_k: 1]
[auc_mu_weights: ]
[num_machines: 1]
[local_listen_port: 12400]
[time_out: 120]
[machine_list_filename: ]
[machines: ]
[gpu_platform_id: -1]
[gpu_device_id: -1]
[gpu_use_dp: 0]
[num_gpu: 1]

end of parameters

pandas_categorical:null
