tree
version=v3
num_class=1
num_tree_per_iteration=1
label_index=0
max_feature_idx=15
objective=regression
feature_names=Column_0 Column_1 Column_2 Column_3 Column_4 Column_5 Column_6 Column_7 Column_8 Column_9 Column_10 Column_11 Column_12 Column_13 Column_14 Column_15
feature_infos=[1:49] [0:56] [2:49] [0:57] [0:7] [0:6] [0:7] [0:139] [7:119] [0:101] [0:7] [0:7] [0:7] [0:186] [0:143] [0:139]
tree_sizes=2690 2718 2716 2726 2716 2731 2730 2735 2734 2731 2736 2736 2723 2730 2747 2751

Tree=0
num_leaves=31
num_cat=0
split_feature=2 11 5 2 0 0 6 3 14 5 2 7 0 9 3 4 3 0 13 2 9 1 11 4 8 9 0 12 13 10
split_gain=33.1791 37.6681 22.4768 11.9858 11.1694 7.43331 7.14271 6.81506 6.77958 5.90033 5.75524 5.43484 5.30772 4.94078 4.66173 4.41861 4.18849 5.92729 4.09861 3.97055 3.85113 3.96976 3.49483 7.11544 5.36837 5.23619 3.37729 3.18276 10.3197 3.07147
threshold=40.500000000000007 2.5000000000000004 2.5000000000000004 28.500000000000004 23.500000000000004 17.500000000000004 1.5000000000000002 1.5000000000000002 10.500000000000002 1.5000000000000002 19.500000000000004 5.5000000000000009 11.500000000000002 6.5000000000000009 9.5000000000000018 1.5000000000000002 4.5000000000000009 24.500000000000004 12.500000000000002 25.500000000000004 15.500000000000002 9.5000000000000018 3.5000000000000004 1.5000000000000002 7.5000000000000009 4.5000000000000009 22.500000000000004 2.5000000000000004 6.5000000000000009 2.5000000000000004
decision_type=2 2 2 2 2 2 2 2 2 2 2 2 2 2 2 2 2 2 2 2 2 2 2 2 2 2 2 2 2 2
left_child=1 5 3 6 7 -1 -3 -4 14 -8 27 -12 -11 -9 -6 -15 -5 -18 22 -17 21 -10 23 -14 -25 -26 -2 28 -7 -29
right_child=26 2 4 16 8 10 9 13 20 12 11 -13 18 15 -16 19 17 -19 -20 -21 -22 -23 -24 24 25 -27 -28 29 -30 -31
leaf_value=-0.19651520976027256 -0.21425921922904306 -0.15235912961302897 -0.13097932861795109 -0.11876059817876439 -0.13841176109960657 -0.16862915260407627 -0.06269747488388494 -0.20168762358763156 -0.11091176091748126 -0.15795721577450555 -0.13631498689217178 -0.18281025763424769 -0.17091176131484556 -0.20541176154333002 -0.19769747577795463 -0.13110406874351732 -0.18648868449493053 -0.13641176108636108 -0.081488683799543007 -0.17996348551272379 -0.088411760768469655 -0.16110406894219947 -0.095996030481619629 -0.14557392330920185 -0.066637567075877757 -0.11457455163941338 -0.18167263095132938 -0.18591176141418664 -0.070411760649260358 -0.136745094421902
leaf_weight=87 59 38 37 43 36 23 28 58 40 22 31 133 24 20 21 39 39 60 52 29 32 26 89 37 31 86 69 24 20 27
leaf_count=87 59 38 37 43 36 23 28 58 40 22 31 133 24 20 21 39 39 60 52 29 32 26 89 37 31 86 69 24 20 27
internal_value=-0.148235 -0.143201 -0.132296 -0.119805 -0.152583 -0.171238 -0.111078 -0.169313 -0.132831 -0.106826 -0.162714 -0.174022 -0.11045 -0.179028 -0.160254 -0.164094 -0.14482 -0.156139 -0.107174 -0.151941 -0.116881 -0.130684 -0.112176 -0.120266 -0.112373 -0.101873 -0.196693 -0.142986 -0.122947 -0.159882
internal_weight=0 1232 887 549 338 345 407 183 155 369 258 164 341 146 57 88 142 99 319 68 98 66 267 178 154 117 128 94 43 51
internal_count=1360 1232 887 549 338 345 407 183 155 369 258 164 341 146 57 88 142 99 319 68 98 66 267 178 154 117 128 94 43 51
shrinkage=1


Tree=1
num_leaves=31
num_cat=0
split_feature=2 11 5 2 0 0 6 14 3 14 5 2 15 9 0 6 15 3 3 10 7 13 9 1 6 1 11 13 14 14
split_gain=26.875 30.5111 18.2062 9.70851 9.04722 6.16858 5.78559 5.71389 5.5202 5.49146 4.77927 4.49022 5.39362 4.35853 4.29925 4.23344 3.8166 3.776 3.62295 3.57281 3.41317 3.31987 3.11942 3.2155 2.96872 2.88635 5.94444 3.74565 4.38883 3.08632
threshold=40.500000000000007 2.5000000000000004 2.5000000000000004 28.500000000000004 23.500000000000004 16.500000000000004 1.5000000000000002 2.5000000000000004 1.5000000000000002 10.500000000000002 1.5000000000000002 21.500000000000004 6.5000000000000009 19.500000000000004 11.500000000000002 3.5000000000000004 13.500000000000002 9.5000000000000018 9.5000000000000018 2.5000000000000004 6.5000000000000009 12.500000000000002 15.500000000000002 9.5000000000000018 2.5000000000000004 9.5000000000000018 3.5000000000000004 7.5000000000000009 6.5000000000000009 3.5000000000000004
decision_type=2 2 2 2 2 2 2 2 2 2 2 2 2 2 2 2 2 2 2 2 2 2 2 2 2 2 2 2 2 2
left_child=1 5 3 6 8 -1 -3 -7 -4 17 -8 19 -13 16 -12 20 -10 -6 -17 -9 -5 25 23 -11 -22 27 -27 29 -29 -16
right_child=-2 2 4 15 9 7 10 11 13 22 14 12 -14 -15 21 18 -18 -19 -20 -21 24 -23 -24 -25 -26 26 -28 28 -30 -31
leaf_value=-0.047205620833805632 -0.043611948261968791 -0.0037114551192835759 0.01553036232252379 0.01680246983255659 0.0088411761654747859 0.028856352397373747 0.076984030859810981 -0.02186345412180974 -0.022186479207716492 0.033591174334287648 -0.0087497342716563835 -0.00021082848310470582 -0.063812829703092586 0.0094054900682889499 0.0060483234684641776 0.056340155394180962 -0.059194510226899935 -0.044515965666089743 -0.0018549764156341555 0.0066982229266847881 -0.0059057228448914324 0.06007194243944608 0.053841173648834229 -0.011581898652590239 -0.050792553891306338 -0.01243974053197437 0.052643079343049431 0.083530407240896512 0.029703040846756529 0.038358150338226898
leaf_weight=70 128 38 37 35 36 28 28 117 76 40 22 20 40 26 41 23 44 21 20 70 41 52 32 26 23 36 23 33 28 106
leaf_count=70 128 38 37 35 36 28 28 117 76 40 22 20 40 26 41 23 44 21 20 70 41 52 32 26 23 36 23 33 28 106
internal_value=0 0.00453111 0.0143457 0.0255871 -0.00391326 -0.0207023 0.0334419 -0.013956 -0.0189703 0.0138638 0.037268 -0.0188092 -0.0426122 -0.0277136 0.0340069 0.00307357 -0.0357561 -0.0108167 0.0292727 -0.0111719 -0.00830583 0.0369556 0.0282187 0.0157957 -0.0220369 0.0324535 0.0129315 0.037991 0.0588228 0.0293466
internal_weight=0 1232 887 549 338 345 407 275 183 155 369 247 60 146 341 142 120 57 43 187 99 319 98 66 64 267 59 208 61 147
internal_count=1360 1232 887 549 338 345 407 275 183 155 369 247 60 146 341 142 120 57 43 187 99 319 98 66 64 267 59 208 61 147
shrinkage=0.1


Tree=2
num_leaves=31
num_cat=0
split_feature=2 11 5 9 2 11 2 9 8 1 8 3 0 15 14 7 2 15 6 5 2 14 2 6 0 13 1 14 9 15
split_gain=21.7688 24.714 14.747 8.05362 7.86389 7.02195 7.28658 6.50383 5.47257 5.26173 6.45944 5.10169 4.99655 4.74701 4.62825 3.90881 3.63708 4.36883 3.42909 3.35104 5.33679 4.12574 4.16533 3.61714 4.08868 3.74429 4.55414 4.49713 4.49999 3.42119
threshold=40.500000000000007 2.5000000000000004 2.5000000000000004 6.5000000000000009 28.500000000000004 3.5000000000000004 25.500000000000004 14.500000000000002 17.500000000000004 1.5000000000000002 10.500000000000002 1.5000000000000002 16.500000000000004 8.5000000000000018 2.5000000000000004 10.500000000000002 21.500000000000004 6.5000000000000009 3.5000000000000004 1.5000000000000002 12.500000000000002 19.500000000000004 16.500000000000004 3.5000000000000004 19.500000000000004 7.5000000000000009 5.5000000000000009 3.5000000000000004 7.5000000000000009 8.5000000000000018
decision_type=2 2 2 2 2 2 2 2 2 2 2 2 2 2 2 2 2 2 2 2 2 2 2 2 2 2 2 2 2 2
left_child=1 12 4 13 9 11 7 15 -8 10 -3 -5 -1 -4 -14 -7 -16 -18 -6 -11 -21 22 -22 24 29 27 -27 -26 -29 -24
right_child=-2 2 3 5 18 6 8 -9 -10 19 -12 -13 14 -15 16 -17 17 -19 -20 20 21 -23 23 -25 25 26 -28 28 -30 -31
leaf_value=-0.04248505737100329 -0.039250753214582802 0.030697797565925413 -0.0014912492578679866 0.029062736630439758 -0.0074752448183117498 -0.0082847725261341442 0.024770162911976087 0.084528138545843276 -0.034929668264729638 0.069767769254170928 -0.030969591592920238 -0.029136830372888535 0.025970715497221266 -0.040628021199938275 -0.010054725472302361 0.052031647875195458 -0.0001897457242012024 -0.057431544810533523 0.026345385784326599 -0.017571384906768801 0.057965461997424854 0.075545741369326916 0.019380080479162714 0.064619496464729309 -0.0081465565241300147 0.085839249870993881 0.027448174708029807 0.065081846934777726 0.0062035355567932136 -0.035188241004943853
leaf_weight=70 128 41 55 20 99 22 34 26 28 26 29 61 28 71 187 21 20 40 43 20 51 24 27 22 39 22 34 27 25 20
leaf_count=70 128 41 55 20 99 22 34 26 28 26 29 61 28 71 187 21 20 40 43 20 51 24 27 22 39 22 34 27 25 20
internal_value=0 0.004078 0.0129111 -0.00352194 0.0230284 0.00837827 0.0226892 0.0450454 -0.00219105 0.0300977 0.00514988 -0.0147666 -0.0186321 -0.0235445 -0.0125604 0.0211721 -0.0169283 -0.0383509 0.00276621 0.0352798 0.0323965 0.0358307 0.0322609 0.0261917 0.0218339 0.0300427 0.0503875 0.0175229 0.036775 -0.00384048
internal_weight=0 1232 887 338 549 212 131 69 62 407 70 81 345 126 275 43 247 60 142 337 311 291 267 216 194 147 56 91 52 47
internal_count=1360 1232 887 338 549 212 131 69 62 407 70 81 345 126 275 43 247 60 142 337 311 291 267 216 194 147 56 91 52 47
shrinkage=0.1


Tree=3
num_leaves=31
num_cat=0
split_feature=2 11 8 0 3 12 2 10 15 4 14 0 2 1 7 1 8 8 15 5 14 8 2 8 0 12 13 5 3 15
split_gain=17.6327 20.0183 12.0389 12.0071 10.9142 8.77279 8.48445 6.30073 5.10151 4.43921 4.17549 4.14634 3.84364 5.24689 6.71667 3.46348 6.59088 3.90449 3.41919 3.38917 3.88447 3.09539 2.80901 2.76661 2.73561 2.55834 8.34842 2.43752 3.19981 3.48861
threshold=40.500000000000007 2.5000000000000004 17.500000000000004 11.500000000000002 1.0000000180025095e-35 3.5000000000000004 33.500000000000007 3.5000000000000004 1.5000000000000002 2.5000000000000004 11.500000000000002 17.500000000000004 19.500000000000004 1.5000000000000002 5.5000000000000009 1.0000000180025095e-35 10.500000000000002 13.500000000000002 29.500000000000004 2.5000000000000004 10.500000000000002 24.500000000000004 19.500000000000004 8.5000000000000018 22.500000000000004 2.5000000000000004 6.5000000000000009 1.5000000000000002 9.5000000000000018 14.500000000000002
decision_type=2 2 2 2 2 2 2 2 2 2 2 2 2 2 2 2 2 2 2 2 2 2 2 2 2 2 2 2 2 2
left_child=1 11 3 -3 9 8 7 19 -5 -4 -6 -1 25 -14 -15 16 23 27 21 -7 -21 -12 -19 -10 -2 26 -13 -17 29 -29
right_child=24 2 4 5 10 6 -8 -9 15 -11 18 12 13 14 -16 17 -18 22 -20 20 -22 -23 -24 -25 -26 -27 -28 28 -30 -31
leaf_value=-0.035647616578244619 -0.051135261584136449 -0.033537766763142178 0.0042751695101077743 0.070570501226645252 -0.040407560565578406 0.019637904730108052 -0.058756787126714539 0.060036693513393406 0.0085134261846542356 0.064586720777594517 0.023266034674000097 -0.017402530234792959 -0.061819548130035401 0.034883156299591066 -0.022351885417051482 0.057587716125306637 -0.029988390015017602 0.079476752488509481 -0.039342209696769714 -0.052587495815186271 0.008236001786731539 -0.017638538818101627 0.036001197213218331 0.055201234871690923 -0.021807337498319323 -0.009429054517371983 0.070937457084655764 0.031242704626760986 0.0018389479058687807 -0.0081076831817626961
leaf_weight=87 59 42 26 26 67 36 22 20 30 23 37 23 25 25 114 21 31 23 26 21 21 37 42 22 69 51 20 228 61 25
leaf_count=87 59 42 26 26 67 36 22 20 30 23 37 23 25 25 114 21 31 23 26 21 21 37 42 22 69 51 20 228 61 25
internal_value=0 0.0036702 0.01162 0.0182299 -0.0089136 0.0216866 -0.0026361 0.00996242 0.0274208 0.0325847 -0.0210897 -0.0167689 -0.0104028 -0.0196434 -0.0120578 0.0250981 0.00650831 0.0289554 -0.0081468 -0.00287714 -0.0221757 0.00281375 0.0513849 0.028266 -0.0353257 0.00571925 0.0236858 0.0246035 0.0223975 0.0273543
internal_weight=0 1232 887 671 216 629 120 98 509 49 167 345 258 164 139 483 83 400 100 78 42 74 65 52 128 94 43 335 314 253
internal_count=1360 1232 887 671 216 629 120 98 509 49 167 345 258 164 139 483 83 400 100 78 42 74 65 52 128 94 43 335 314 253
shrinkage=0.1


Tree=4
num_leaves=31
num_cat=0
split_feature=2 11 5 12 0 6 2 14 2 1 15 0 7 0 13 7 14 0 6 2 8 9 1 2 7 14 9 1 9 14
split_gain=14.2825 16.2149 10.0837 6.69116 6.26759 5.32036 5.24871 3.86679 3.81952 3.86047 5.11937 3.36668 3.81076 3.31908 3.09065 2.80992 3.74109 3.73714 2.78002 2.72773 3.77869 3.37272 3.85163 2.70057 2.59703 3.09641 2.55683 2.35933 2.2564 2.23032
threshold=40.500000000000007 2.5000000000000004 2.5000000000000004 2.5000000000000004 23.500000000000004 1.5000000000000002 33.500000000000007 10.500000000000002 28.500000000000004 13.500000000000002 11.500000000000002 16.500000000000004 22.500000000000004 14.500000000000002 12.500000000000002 10.500000000000002 4.5000000000000009 24.500000000000004 3.5000000000000004 16.500000000000004 9.5000000000000018 6.5000000000000009 6.5000000000000009 24.500000000000004 3.5000000000000004 15.500000000000002 6.5000000000000009 3.5000000000000004 4.5000000000000009 7.5000000000000009
decision_type=2 2 2 2 2 2 2 2 2 2 2 2 2 2 2 2 2 2 2 2 2 2 2 2 2 2 2 2 2 2
left_child=1 11 3 5 8 -3 15 14 9 10 13 -1 24 -4 -6 16 -5 -18 19 20 -7 27 23 -23 -13 28 -15 -21 -26 -30
right_child=-2 2 4 6 7 18 -8 -9 -10 -11 -12 12 -14 26 -16 -17 17 -19 -20 21 -22 22 -24 -25 25 -27 -28 -29 29 -31
leaf_value=-0.034671789237431118 -0.031793109374120831 -0.012478269684699275 -0.030711227113550361 0.033290343234936397 0.013835947472473671 0.019489246195760267 -0.031672526457730464 0.023711327326541045 -0.039553930199876131 0.029411030064026518 -0.043393494784832003 0.012395993507269658 0.027960919092098874 -0.0059428229331970218 -0.032742423032011303 0.025920769491711178 -0.034429495036602024 0.013807033670359646 0.051369517716494478 0.011645485867153514 0.069708034300035054 0.013935149474577472 -0.0081346048840454637 0.054137754191954934 -0.002319955961270766 0.013992605385956942 0.040256747473841129 0.051065257617405484 -0.01847035138161628 -0.043834947368928366
leaf_weight=70 128 31 22 24 29 29 34 98 49 24 40 33 24 25 28 74 36 29 55 22 31 55 56 24 44 27 23 49 91 56
leaf_count=70 128 31 22 24 29 29 34 98 49 24 40 33 24 25 28 74 36 29 55 22 31 55 56 24 44 27 23 49 91 56
internal_value=0 0.00330318 0.010458 0.0188241 -0.00313067 0.0270831 0.00406691 0.0116656 -0.015663 -0.00692677 -0.014855 -0.015092 -0.010108 0.00145268 -0.00904466 0.0115218 -0.000450445 -0.0129086 0.0309036 0.0266719 0.0454356 0.0212068 0.0119274 0.0261486 -0.0137481 -0.0177057 0.0161945 0.0388507 -0.0221866 -0.0281331
internal_weight=0 1232 887 549 338 352 197 155 183 134 110 345 275 70 57 163 89 65 321 266 60 206 135 79 251 218 48 71 191 147
internal_count=1360 1232 887 549 338 352 197 155 183 134 110 345 275 70 57 163 89 65 321 266 60 206 135 79 251 218 48 71 191 147
shrinkage=0.1


Tree=5
num_leaves=31
num_cat=0
split_feature=8 2 11 0 4 12 0 3 15 2 9 11 5 9 5 10 0 11 14 1 10 1 9 2 7 7 13 3 6 14
split_gain=12.7703 11.6441 11.1401 10.036 7.31121 6.83187 7.57497 6.12651 4.77083 4.71976 4.13551 4.03477 3.85793 3.67989 3.55175 3.12036 2.83275 2.8059 4.04708 3.71091 3.54506 2.86295 3.61576 3.02741 2.76399 3.97374 2.50667 2.4384 3.87809 2.23058
threshold=17.500000000000004 25.500000000000004 2.5000000000000004 11.500000000000002 1.0000000180025095e-35 3.5000000000000004 34.500000000000007 1.0000000180025095e-35 1.5000000000000002 40.500000000000007 7.5000000000000009 3.5000000000000004 2.5000000000000004 4.5000000000000009 1.5000000000000002 2.5000000000000004 31.500000000000004 3.5000000000000004 13.500000000000002 7.5000000000000009 3.5000000000000004 1.5000000000000002 6.5000000000000009 20.500000000000004 9.5000000000000018 14.500000000000002 30.500000000000004 4.5000000000000009 2.5000000000000004 4.5000000000000009
decision_type=2 2 2 2 2 2 2 2 2 2 2 2 2 2 2 2 2 2 2 2 2 2 2 2 2 2 2 2 2 2
left_child=2 7 14 -4 -5 8 12 -2 -6 17 -9 -12 15 -14 -1 -7 27 18 20 24 21 -10 23 -23 29 -26 -3 28 -16 -19
right_child=1 26 3 4 5 6 -8 10 9 -11 11 -13 13 -15 16 -17 -18 19 -20 -21 -22 22 -24 -25 25 -27 -28 -29 -30 -31
leaf_value=0.020484055019915105 0.038138904938331025 -0.03839604073687445 -0.032497742201419592 -0.04143287078900771 0.064067124403440034 0.0039247749028382475 -0.052635312557220461 -0.030048612132668497 -0.018328738483515652 -0.019023555928263172 -0.01372234514781407 0.037206857332161496 -0.044297601580619815 0.0092013337545924726 0.013741458096402757 0.052461655552570645 0.015826436987629644 0.025775010310686554 -0.016146284001214165 0.045860839397349258 0.053704251987593515 0.064415744057408089 0.0089586580241167984 0.019848511048725676 0.062989346186319989 0.012239273885885875 -0.0077042987570166595 -0.02520544251299793 -0.035664990295966467 -0.013389341939579358
leaf_weight=32 39 158 47 22 26 27 25 48 22 29 35 28 20 36 47 26 27 26 35 94 28 27 108 35 27 36 32 161 24 33
leaf_count=32 39 158 47 22 26 27 25 48 22 29 35 28 20 36 47 26 27 26 35 94 28 27 108 35 27 36 32 161 24 33
internal_value=0 -0.0167839 0.00559463 0.0121974 0.0152776 0.0171679 -0.00298966 0.00404396 0.0223031 0.0201314 -0.00793535 0.00891286 0.00839695 -0.00990543 -0.0109463 0.0277353 -0.0148296 0.0225422 0.0154385 0.0309285 0.0204634 0.0156158 0.0200086 0.0392568 0.0194232 0.0339893 -0.0332269 -0.0183974 -0.00295931 0.00386953
internal_weight=0 340 1020 729 682 660 134 150 526 500 111 63 109 56 291 53 259 471 255 216 220 192 170 62 122 63 190 232 71 59
internal_count=1360 340 1020 729 682 660 134 150 526 500 111 63 109 56 291 53 259 471 255 216 220 192 170 62 122 63 190 232 71 59
shrinkage=0.1


Tree=6
num_leaves=31
num_cat=0
split_feature=8 2 11 0 4 12 0 5 11 15 2 0 10 3 8 5 9 7 6 2 15 3 9 13 1 8 12 12 8 7
split_gain=10.344 9.4317 9.02344 8.12918 5.92208 5.53381 6.13572 5.08325 6.46711 3.86437 3.82301 3.22924 3.31947 2.88919 2.8818 2.87692 2.78751 2.43198 2.96321 3.17455 2.49544 2.49442 2.41463 3.21714 3.45179 5.82697 2.80028 3.06032 4.10128 3.59454
threshold=17.500000000000004 25.500000000000004 2.5000000000000004 11.500000000000002 1.0000000180025095e-35 3.5000000000000004 34.500000000000007 2.5000000000000004 3.5000000000000004 1.5000000000000002 40.500000000000007 24.500000000000004 2.5000000000000004 6.5000000000000009 30.500000000000004 1.5000000000000002 8.5000000000000018 3.5000000000000004 1.5000000000000002 14.500000000000002 9.5000000000000018 4.5000000000000009 19.500000000000004 25.500000000000004 1.0000000180025095e-35 10.500000000000002 1.5000000000000002 2.5000000000000004 9.5000000000000018 10.500000000000002
decision_type=2 2 2 2 2 2 2 2 2 2 2 2 2 2 2 2 2 2 2 2 2 2 2 2 2 2 2 2 2 2
left_child=2 7 15 -4 -5 9 11 13 14 -6 22 12 -7 -2 -9 -1 -10 -17 -19 -20 21 -21 23 24 25 -11 -26 28 29 -28
right_child=1 -3 3 4 5 6 -8 8 16 10 -12 -13 -14 -15 -16 17 -18 18 19 20 -22 -23 -24 -25 26 -27 27 -29 -30 -31
leaf_value=0.018435646966099738 0.054533029099305477 -0.029904215084879022 -0.029247967550095094 -0.037289583953944126 0.057660412100645209 -0.026808394077751374 -0.047371781349182129 -0.048877910524606709 -0.0077095949649810787 0.017667067401549396 -0.017121202164682849 0.02888156397398128 0.018231202860673267 0.0068476078686890776 -0.001534477174282074 0.013425725102424622 0.04333663634631945 -0.051746866513382311 0.018829415021119296 0.011544874225343976 -0.039621461237349165 -0.01931838315839951 0.039208676451343599 0.051626583475332999 -0.011723424328698053 -0.049329666012809394 0.008354621096090838 0.0033645778462506725 0.042017173937388831 0.054441973268985748
leaf_weight=32 24 190 47 22 26 36 25 36 20 34 29 43 30 27 20 30 23 22 27 35 41 104 59 26 27 21 110 69 105 20
leaf_count=32 24 190 47 22 26 36 25 36 20 34 29 43 30 27 20 30 23 22 27 35 41 104 59 26 27 21 110 69 105 20
internal_value=0 -0.0151055 0.00503516 0.0109777 0.0137498 0.0154511 -0.0026907 0.00363956 -0.00957317 0.0200728 0.0181182 0.00755726 -0.00633585 0.0292878 -0.0319695 -0.0098517 0.0195942 -0.0133467 -0.016854 -0.0131455 -0.0179418 -0.0115471 0.020288 0.0175785 0.0152851 -0.0079135 0.0191398 0.0218809 0.0273177 0.015445
internal_weight=0 340 1020 729 682 660 134 150 99 526 500 109 66 51 56 291 43 259 229 207 180 139 471 412 386 55 331 304 235 130
internal_count=1360 340 1020 729 682 660 134 150 99 526 500 109 66 51 56 291 43 259 229 207 180 139 471 412 386 55 331 304 235 130
shrinkage=0.1


Tree=7
num_leaves=31
num_cat=0
split_feature=0 2 11 5 8 12 4 8 9 5 4 6 3 15 13 14 13 9 2 5 15 12 15 1 3 2 14 7 13 9
split_gain=8.57208 6.8755 8.50874 4.61398 4.54978 5.25003 5.15086 7.04568 7.13663 4.53639 3.94355 4.26279 4.36173 5.92061 4.19049 5.14356 3.80779 3.57461 4.70565 3.23589 3.21875 3.15057 2.98624 3.87922 2.69569 7.62153 4.15934 3.75198 2.28411 2.22029
threshold=17.500000000000004 28.500000000000004 3.5000000000000004 1.5000000000000002 17.500000000000004 3.5000000000000004 2.5000000000000004 12.500000000000002 19.500000000000004 1.5000000000000002 1.5000000000000002 1.5000000000000002 4.5000000000000009 10.500000000000002 8.5000000000000018 6.5000000000000009 34.500000000000007 11.500000000000002 32.500000000000007 3.5000000000000004 12.500000000000002 2.5000000000000004 16.500000000000004 2.5000000000000004 8.5000000000000018 28.500000000000004 4.5000000000000009 12.500000000000002 10.500000000000002 12.500000000000002
decision_type=2 2 2 2 2 2 2 2 2 2 2 2 2 2 2 2 2 2 2 2 2 2 2 2 2 2 2 2 2 2
left_child=9 2 3 -2 5 6 17 8 -8 -1 29 -12 13 21 22 -16 20 18 -3 -4 24 -13 23 -14 26 27 -11 -26 -15 -5
right_child=1 4 19 10 -6 -7 7 -9 -10 16 11 12 14 28 15 -17 -18 -19 -20 -21 -22 -23 -24 -25 25 -27 -28 -29 -30 -31
leaf_value=0.018566872676213583 0.042389986131872448 -0.024521568417549135 0.031816292103830274 -0.0096688427031040199 -0.026000820461072424 -0.021700246425138583 -0.029844259470701219 0.077388009428977972 0.045776181725355303 0.008800329566001892 -0.027757122871038077 0.054775587439537046 -0.050293089514193326 0.01875192608152117 0.064428472816944124 0.00051765336709863998 0.023471363385518394 -0.035543024327073784 0.042499020153825937 -0.0052818488191675259 -0.034583697546096075 0.013344712709558421 0.027800642592566358 -0.0058395954655177558 0.043190847382400976 -0.047539301622997632 -0.035092976728043006 -0.011699500381946564 -0.025984172463417055 -0.048194937762759987
leaf_weight=39 28 20 182 52 95 72 24 22 26 30 37 50 23 21 20 34 21 28 22 27 105 29 21 134 33 22 77 20 25 21
leaf_count=39 28 20 182 52 95 72 24 22 26 30 37 50 23 21 20 34 21 28 22 27 105 29 21 134 33 22 77 20 25 21
internal_value=0 0.00464658 0.0101047 0.00296107 -0.00778867 0.000296165 0.0114493 0.0302285 0.00947837 -0.0135648 0.000597027 0.0045525 0.00790112 0.0229597 -0.000212343 0.0241883 -0.0176334 -0.00786654 0.0105845 0.0270237 -0.0206411 0.0395668 -0.00761479 -0.0123519 -0.0125973 0.00193924 -0.0227864 0.0224775 -0.00556117 -0.0207517
internal_weight=0 1013 704 495 309 214 142 72 50 347 467 394 357 125 232 54 308 70 42 209 287 79 178 157 182 75 107 53 46 73
internal_count=1360 1013 704 495 309 214 142 72 50 347 467 394 357 125 232 54 308 70 42 209 287 79 178 157 182 75 107 53 46 73
shrinkage=0.1


Tree=8
num_leaves=31
num_cat=0
split_feature=2 11 4 5 0 15 0 8 8 14 14 9 0 2 7 3 0 9 0 12 10 15 11 1 7 1 14 15 2 8
split_gain=7.53807 8.30362 6.32745 4.62014 5.35357 5.66662 3.63446 3.51415 3.81877 4.21499 5.81101 3.74606 3.63064 3.43931 3.43721 3.2651 3.62318 3.81292 2.83186 4.47809 3.88619 2.76772 2.73092 2.71194 2.66037 2.54272 3.25733 3.9976 3.16894 3.06716
threshold=41.500000000000007 2.5000000000000004 1.0000000180025095e-35 1.5000000000000002 19.500000000000004 8.5000000000000018 10.500000000000002 17.500000000000004 28.500000000000004 10.500000000000002 20.500000000000004 2.5000000000000004 29.500000000000004 24.500000000000004 11.500000000000002 10.500000000000002 24.500000000000004 10.500000000000002 31.500000000000004 3.5000000000000004 2.5000000000000004 6.5000000000000009 3.5000000000000004 13.500000000000002 11.500000000000002 1.0000000180025095e-35 2.5000000000000004 4.5000000000000009 21.500000000000004 8.5000000000000018
decision_type=2 2 2 2 2 2 2 2 2 2 2 2 2 2 2 2 2 2 2 2 2 2 2 2 2 2 2 2 2 2
left_child=1 25 -3 -4 5 6 -5 11 9 -9 -11 -6 14 -7 15 16 17 21 -14 20 -20 -13 -23 -16 -8 -1 -27 -28 29 -29
right_child=-2 2 3 4 7 13 24 8 -10 10 -12 12 18 -15 23 -17 -18 -19 19 -21 -22 22 -24 -25 -26 26 27 28 -30 -31
leaf_value=-0.027855964193881401 -0.025476771732357063 -0.033286803880253353 0.038448383808135991 -0.028111114530336292 -0.014263758228884805 -0.0057457164923350023 0.027840444167455038 -0.039859189294479992 0.024046433468659721 0.045442686080932618 -0.029034675522284076 0.054184917211532596 -0.02842198231003501 -0.038843796153863269 0.05370350793256598 -0.0094018352031707761 0.052888550758361824 -0.017666424237764801 0.0065823392288104909 -0.023726635217666627 0.058927031962767898 0.0067444800514064431 0.043018374771907418 0.01109343558549881 -0.0058816517100614661 0.02336155353114009 0.012094564003459478 -0.02813976252520526 -0.039014126798685864 0.0027048340067267421
leaf_weight=71 107 37 50 21 36 75 75 37 36 20 22 25 22 54 59 35 35 26 37 25 23 73 29 20 34 32 59 54 51 80
leaf_count=71 107 37 50 21 36 75 75 37 36 20 22 25 22 54 59 35 35 26 37 25 23 73 29 20 34 32 59 54 51 80
internal_value=0 0.00217559 0.0072136 0.00893801 0.0071364 -0.00475201 0.00998249 0.0126348 -0.00294807 -0.0152494 0.00643073 0.0166618 0.0193839 -0.0196007 0.024992 0.0186422 0.0238632 0.0172234 0.00355532 0.0118318 0.0266478 0.0243662 0.0170576 0.0429161 0.0173216 -0.0109784 -0.00663671 -0.0105709 -0.0177994 -0.00972508
internal_weight=0 1253 906 869 819 259 130 560 115 79 42 445 409 129 302 223 188 153 107 85 60 127 102 79 109 347 276 244 185 134
internal_count=1360 1253 906 869 819 259 130 560 115 79 42 445 409 129 302 223 188 153 107 85 60 127 102 79 109 347 276 244 185 134
shrinkage=0.1


Tree=9
num_leaves=31
num_cat=0
split_feature=4 2 11 6 13 3 13 14 9 5 9 2 0 15 6 15 1 2 0 5 14 7 8 8 13 13 0 2 0 8
split_gain=6.13777 5.97222 7.01524 4.02325 4.04265 3.8761 4.27263 4.83881 5.15805 3.47972 3.88829 3.5512 4.58553 3.45486 2.7957 3.38832 3.46701 2.52479 2.49005 2.7916 4.10112 2.45706 2.41447 3.53059 2.56215 5.34674 2.40906 2.24599 2.93372 2.77893
threshold=1.0000000180025095e-35 41.500000000000007 2.5000000000000004 1.5000000000000002 15.500000000000002 3.5000000000000004 10.500000000000002 18.500000000000004 10.500000000000002 2.5000000000000004 4.5000000000000009 27.500000000000004 24.500000000000004 15.500000000000002 2.5000000000000004 9.5000000000000018 9.5000000000000018 32.500000000000007 32.500000000000007 2.5000000000000004 2.5000000000000004 12.500000000000002 29.500000000000004 16.500000000000004 6.5000000000000009 10.500000000000002 17.500000000000004 21.500000000000004 18.500000000000004 13.500000000000002
decision_type=2 2 2 2 2 2 2 2 2 2 2 2 2 2 2 2 2 2 2 2 2 2 2 2 2 2 2 2 2 2
left_child=-1 2 18 4 -4 6 7 8 -5 11 -11 14 -13 26 21 -16 -17 -14 19 20 -2 -7 23 24 -12 -26 -8 29 -29 -22
right_child=1 -3 3 5 -6 9 13 -9 -10 10 22 12 17 -15 15 16 -18 -19 -20 -21 27 -23 -24 -25 25 -27 -28 28 -30 -31
leaf_value=-0.0340346051197426 0.03579293163049789 -0.021909454640220195 -0.022000659115706821 0.037177604280020059 0.018825435808726722 0.003475324380195747 -0.014704250097274781 0.074415470908085507 -0.016000205030043922 -0.04469836476174268 0.035782399502667511 -0.031353635850705601 -0.011186212052901587 -0.027332980218140974 0.051298900790836502 -0.01689372488430568 0.039305469005004222 0.031441069191152402 0.021435601472854615 -0.029629993077480432 -0.010003575024666726 0.035525982578595482 0.028685121774673462 -0.028426094962791967 -0.040420229911804204 0.017258733113606772 0.024527375151713691 -0.0033377279406008515 -0.052367119032603049 0.027261401388956153
leaf_weight=51 21 102 79 76 35 118 20 24 24 22 22 38 24 23 46 21 23 33 25 66 154 30 25 44 25 45 72 23 26 23
leaf_count=51 21 102 79 76 35 118 20 24 24 22 22 38 24 23 46 21 23 33 25 66 154 30 25 44 25 45 72 23 26 23
internal_value=0 0.00132602 0.00328959 0.00804421 -0.00946633 0.0106882 0.0212163 0.0340925 0.0244149 0.0058118 -0.00526576 0.0118995 -0.00444581 0.00733241 0.0184238 0.0323223 0.0124831 0.0134927 -0.00893458 -0.0113603 -0.00647854 0.00997208 0.000122546 -0.00512793 0.00601467 -0.0033409 0.0159988 -0.0104064 -0.0293533 -0.00516123
internal_weight=0 1309 1207 869 114 755 239 124 100 516 183 333 95 115 238 90 44 57 338 313 247 148 161 136 92 70 92 226 49 177
internal_count=1360 1309 1207 869 114 755 239 124 100 516 183 333 95 115 238 90 44 57 338 313 247 148 161 136 92 70 92 226 49 177
shrinkage=0.1


Tree=10
num_leaves=31
num_cat=0
split_feature=12 2 13 9 5 2 0 3 0 8 1 14 9 2 3 0 2 4 5 14 11 2 3 9 9 5 14 8 7 10
split_gain=5.50362 6.30253 7.05933 5.55954 6.93779 5.50967 4.60596 3.18909 2.91998 2.88766 4.4693 3.23565 3.39079 3.02232 2.7916 2.7457 2.9632 2.43743 2.3299 2.93634 2.59137 2.92852 2.78519 4.73677 2.41542 3.14321 2.0658 2.01127 1.94505 4.37377
threshold=2.5000000000000004 38.500000000000007 26.500000000000004 19.500000000000004 2.5000000000000004 26.500000000000004 43.500000000000007 11.500000000000002 5.5000000000000009 9.5000000000000018 1.0000000180025095e-35 11.500000000000002 11.500000000000002 21.500000000000004 4.5000000000000009 19.500000000000004 23.500000000000004 1.0000000180025095e-35 1.5000000000000002 6.5000000000000009 2.5000000000000004 22.500000000000004 2.5000000000000004 17.500000000000004 4.5000000000000009 2.5000000000000004 24.500000000000004 10.500000000000002 6.5000000000000009 2.5000000000000004
decision_type=2 2 2 2 2 2 2 2 2 2 2 2 2 2 2 2 2 2 2 2 2 2 2 2 2 2 2 2 2 2
left_child=1 2 3 4 9 -5 8 -3 -2 15 -11 12 13 -12 -15 -1 -17 -10 19 -19 21 27 23 24 -22 -26 -24 -20 -6 -30
right_child=6 7 -4 5 28 -7 -8 -9 17 10 11 -13 -14 14 -16 16 -18 18 20 -21 22 -23 26 -25 25 -27 -28 -29 29 -31
leaf_value=-0.022256498666186082 -0.042661516174026165 0.00012800819598711454 0.056043111508892435 0.080003294944763187 -0.039714525591942579 0.0082373769386954922 0.037862419304640405 -0.047721809744834899 -0.032898504083806818 -0.02064062285423279 0.041050726876539351 0.046969317565573022 -0.019449054111133925 0.031438874204953511 -0.015434286108723395 0.0018357640391663663 0.036611310983526296 -0.013109126687049867 0.004779267907142639 0.037059231528214047 -0.030460219085216525 -0.035379862579806097 -0.0020270406670040556 0.048895801030672516 -0.016506594289904055 0.03380010227362315 -0.020325926822774551 -0.022090687144261142 0.012055279132796498 -0.03645427078008652
leaf_weight=38 23 26 31 20 31 23 23 30 33 25 51 47 22 24 27 158 29 20 60 28 20 58 225 26 23 27 85 52 41 34
leaf_count=38 23 26 31 20 31 23 23 30 33 25 51 47 22 24 27 158 29 20 60 28 20 58 225 26 23 27 85 52 41 34
internal_value=0 0.00658036 0.00957009 0.00704261 0.00422156 0.0416169 -0.00614978 -0.0255058 -0.00763843 0.00997883 0.0188523 0.0246262 0.0161574 0.0238372 0.00662367 0.00224903 0.00722876 -0.00641235 -0.00501164 0.0161557 -0.00677559 -0.0171411 -0.00243535 0.0124483 -0.00108933 0.010659 -0.00704448 -0.00769607 -0.0186446 -0.00993572
internal_weight=0 657 601 570 527 43 703 56 680 421 196 171 124 102 51 225 187 657 624 48 576 170 406 96 70 50 310 112 106 75
internal_count=1360 657 601 570 527 43 703 56 680 421 196 171 124 102 51 225 187 657 624 48 576 170 406 96 70 50 310 112 106 75
shrinkage=0.1


Tree=11
num_leaves=31
num_cat=0
split_feature=0 2 11 8 12 0 8 4 15 5 13 9 7 13 3 10 5 13 7 3 8 7 0 2 9 15 9 13 1 13
split_gain=4.77389 3.98 5.48057 4.00703 4.28276 4.31962 4.18015 6.61126 3.04395 3.04017 2.97046 2.66015 4.6306 3.74442 2.76318 2.41256 2.38986 2.40883 2.96643 2.37674 2.46188 2.21712 3.45334 5.30985 2.93325 2.98731 4.36357 3.75877 2.20642 3.6254
threshold=17.500000000000004 25.500000000000004 3.5000000000000004 17.500000000000004 3.5000000000000004 34.500000000000007 12.500000000000002 2.5000000000000004 27.500000000000004 1.5000000000000002 34.500000000000007 14.500000000000002 3.5000000000000004 6.5000000000000009 8.5000000000000018 2.5000000000000004 3.5000000000000004 1.0000000180025095e-35 3.5000000000000004 7.5000000000000009 8.5000000000000018 11.500000000000002 22.500000000000004 19.500000000000004 2.5000000000000004 10.500000000000002 6.5000000000000009 6.5000000000000009 9.5000000000000018 14.500000000000002
decision_type=2 2 2 2 2 2 2 2 2 2 2 2 2 2 2 2 2 2 2 2 2 2 2 2 2 2 2 2 2 2
left_child=9 2 16 4 5 6 19 -8 -6 -1 15 12 -4 -14 -15 -11 17 -2 -19 -3 -21 24 -23 -24 -20 26 27 -26 29 -5
right_child=1 3 11 28 8 -7 7 -9 -10 10 -12 -13 13 14 -16 -17 -18 18 21 20 -22 22 23 -25 25 -27 -28 -29 -30 -31
leaf_value=0.016181383453882658 -0.026435661440094311 0.0072904485337277683 -0.026286575765836807 -0.026295110169384218 -0.029997274652123453 0.041378488009040426 -0.010910009026527405 0.060456070414295904 0.0090601346185130455 -0.0082263425985972093 0.022851424983569554 0.046515039908580295 0.052041972960744587 0.024369493231438756 -0.017352918874133715 -0.026772689746051539 -0.028109643856684369 0.031321303475470769 -0.036776553591092428 -0.00057821795344352727 -0.044596331207840532 0.045536559203575404 -0.03084729115168254 0.038007183160100669 -0.0028912158116050392 -0.019905928611755372 -0.0021031336607159798 0.047842775881290434 -0.03345897495746613 0.02388099345068137
leaf_weight=39 24 47 21 36 56 37 25 27 31 165 21 39 35 57 22 122 24 42 21 24 27 29 24 21 23 50 148 40 59 24
leaf_count=39 24 47 21 36 56 37 25 27 31 165 21 39 35 57 22 122 24 42 21 24 27 29 24 21 23 50 148 40 59 24
internal_value=0 0.00346758 0.00845801 -0.00440535 0.00224911 0.0107767 0.00322824 0.0261455 -0.0160803 -0.0101229 -0.0134537 0.0235105 0.0168648 0.0248137 0.0127506 -0.0161102 0.00258549 0.00433119 0.00618647 -0.00893191 -0.0238819 0.00322113 0.0186267 0.0012848 -0.000821471 0.00207147 0.00727938 0.0293208 -0.0197274 -0.00622467
internal_weight=0 1013 620 393 274 187 150 52 87 347 308 174 135 114 79 287 446 422 398 98 51 356 74 45 282 261 211 63 119 60
internal_count=1360 1013 620 393 274 187 150 52 87 347 308 174 135 114 79 287 446 422 398 98 51 356 74 45 282 261 211 63 119 60
shrinkage=0.1


Tree=12
num_leaves=31
num_cat=0
split_feature=4 0 3 7 2 0 7 2 5 3 15 2 14 13 8 3 8 11 2 7 0 10 0 3 15 9 7 10 1 13
split_gain=4.10003 3.87317 3.77352 4.53708 5.3678 3.29579 3.09904 3.09632 2.95174 2.58783 3.3698 2.67759 3.61745 2.36786 3.28545 2.74664 3.15562 2.70464 4.9451 3.25058 2.58648 4.10892 7.96074 2.45384 2.34453 4.38554 3.09255 2.4627 2.6782 2.2473
threshold=1.0000000180025095e-35 5.5000000000000009 4.5000000000000009 21.500000000000004 23.500000000000004 19.500000000000004 32.500000000000007 44.500000000000007 3.5000000000000004 8.5000000000000018 12.500000000000002 28.500000000000004 13.500000000000002 15.500000000000002 17.500000000000004 12.500000000000002 10.500000000000002 3.5000000000000004 27.500000000000004 8.5000000000000018 26.500000000000004 2.5000000000000004 29.500000000000004 15.500000000000002 10.500000000000002 17.500000000000004 10.500000000000002 3.5000000000000004 1.5000000000000002 4.5000000000000009
decision_type=2 2 2 2 2 2 2 2 2 2 2 2 2 2 2 2 2 2 2 2 2 2 2 2 2 2 2 2 2 2
left_child=-1 -2 3 8 -5 6 9 13 24 -4 11 12 -11 14 17 16 -15 20 19 -19 -7 22 -22 -16 26 29 27 28 -3 -26
right_child=1 2 5 4 -6 7 -8 -9 -10 10 -12 -13 -14 15 23 -17 -18 18 -20 -21 21 -23 -24 -25 25 -27 -28 -29 -30 -31
leaf_value=-0.027816893189561133 -0.033278646040707828 -0.026913654031576934 -0.019913547729191031 0.073622192248054177 0.0066823190450668347 -0.0062257093105589946 -0.040682679510885673 -0.027896707039326431 -0.028633183759191761 0.0058343008612141466 -0.01535835573167512 -0.013472618356994962 0.057496711093446486 0.064704824487368265 -0.030349937198208828 0.0024996084909813081 0.01162452685336272 0.015965555417232026 -0.0079141517480214429 0.060173861117198552 0.04000243360087985 0.042582017369568348 -0.045156334146209391 0.010265832997503735 0.013698893666267396 0.036436191330785343 0.033906695296367015 0.032465749402200025 0.0086173356181443346 -0.021101158070895409
leaf_weight=51 32 27 95 23 25 209 31 32 23 33 66 23 23 21 51 51 24 39 45 29 21 32 23 21 25 23 60 31 99 72
leaf_count=51 32 27 95 23 25 209 31 32 23 33 66 23 23 21 51 51 24 39 45 29 21 32 23 21 25 23 60 31 99 72
internal_value=0 0.00108377 0.00194485 0.00987822 0.0387577 -0.0017799 -0.0109281 0.00236585 0.00602763 -0.0070848 0.00132024 0.0152543 0.0270528 0.00407681 0.00115363 0.0183882 0.0363953 0.00470972 0.0178014 0.0348191 -0.000481029 0.0153168 -0.00451238 -0.0185037 0.0083932 -0.00282316 0.0145958 0.00721583 0.00100355 -0.0121321
internal_weight=0 1309 1277 408 48 869 271 598 360 240 145 79 56 566 470 96 45 398 113 68 285 76 44 72 337 120 217 157 126 97
internal_count=1360 1309 1277 408 48 869 271 598 360 240 145 79 56 566 470 96 45 398 113 68 285 76 44 72 337 120 217 157 126 97
shrinkage=0.1


Tree=13
num_leaves=31
num_cat=0
split_feature=2 1 5 13 0 8 15 11 14 2 3 13 2 4 8 14 6 1 3 14 14 7 13 14 14 12 7 15 0 1
split_gain=3.69244 4.23563 4.36833 5.43351 4.09185 4.05191 5.69607 3.78596 4.96051 2.94732 5.41558 2.66137 2.80906 2.25751 2.70381 2.34719 2.3211 2.21731 2.32615 2.49609 2.22479 2.66594 2.0537 4.08757 3.34892 1.99328 1.95175 1.82938 1.70448 1.65184
threshold=6.5000000000000009 1.5000000000000002 2.5000000000000004 35.500000000000007 24.500000000000004 10.500000000000002 2.5000000000000004 2.5000000000000004 2.5000000000000004 28.500000000000004 10.500000000000002 10.500000000000002 28.500000000000004 1.5000000000000002 7.5000000000000009 14.500000000000002 2.5000000000000004 23.500000000000004 1.5000000000000002 17.500000000000004 11.500000000000002 14.500000000000002 8.5000000000000018 4.5000000000000009 5.5000000000000009 2.5000000000000004 12.500000000000002 9.5000000000000018 22.500000000000004 11.500000000000002
decision_type=2 2 2 2 2 2 2 2 2 2 2 2 2 2 2 2 2 2 2 2 2 2 2 2 2 2 2 2 2 2
left_child=-1 5 7 4 -4 6 -2 8 -3 13 26 12 25 16 -15 22 -9 18 -6 20 21 -20 24 -24 -16 -8 28 -17 -11 -5
right_child=1 2 3 29 17 -7 11 9 -10 10 -12 -13 -14 14 15 27 -18 -19 19 -21 -22 -23 23 -25 -26 -27 -28 -29 -30 -31
leaf_value=0.04063534303144975 0.048417576876553625 0.04209751273904528 -0.021196061054642282 0.045847916196693074 0.035559419834095503 -0.021579720798027086 0.041010909137271706 -0.025014981006582577 -0.0090803002446426632 0.025633566230535511 -0.024294977954455788 -0.02825398980042873 -0.026592581868171695 0.0019882100915151932 -0.0074636049866676326 0.065625328732573471 0.020508752124650139 -0.028975948542356491 -0.027679714560508731 -0.024938976551805225 0.038537581413984306 0.020651161074638366 0.058702471414033112 0.012761447230974835 0.028614883883944099 -0.00078015232086181639 0.034357677838381603 0.024802389740943911 -0.012313680196630546 0.0066378339415504826
leaf_weight=22 22 21 178 22 23 166 21 24 193 20 56 39 20 63 50 23 21 20 21 28 20 25 34 45 53 25 34 21 29 21
leaf_count=22 22 21 178 22 23 166 21 24 193 20 56 39 20 63 50 23 21 20 21 28 20 25 34 45 53 25 34 21 29 21
internal_value=0 -0.000668145 0.0023111 -0.00664536 -0.0111971 -0.0112938 0.00215082 0.00697837 -0.00405818 0.0119716 -0.000264627 -0.00754316 0.00469506 0.017064 0.0203081 0.025415 -0.00377057 0.00179426 0.00705412 7.94181e-05 0.0106933 -0.00141293 0.0204042 0.0325335 0.0111011 0.0182984 0.0159486 0.0461417 0.00317499 0.0266988
internal_weight=0 1338 1045 358 315 293 127 687 214 473 139 105 66 334 289 226 45 137 117 94 66 46 182 79 103 46 83 44 49 43
internal_count=1360 1338 1045 358 315 293 127 687 214 473 139 105 66 334 289 226 45 137 117 94 66 46 182 79 103 46 83 44 49 43
shrinkage=0.1


Tree=14
num_leaves=31
num_cat=0
split_feature=12 2 13 9 5 2 0 3 8 1 10 0 2 2 10 0 5 1 9 14 7 9 15 3 0 15 1 3 15 9
split_gain=3.13564 3.93496 4.88617 4.32761 4.33961 3.72388 3.37579 2.1252 2.12382 2.75826 2.64978 2.23286 2.05846 1.95211 2.08597 1.7585 1.84323 1.7501 1.66902 1.64052 3.21343 1.97038 2.89415 2.97245 2.21087 3.12765 2.64008 2.43344 2.4151 2.50792
threshold=2.5000000000000004 38.500000000000007 26.500000000000004 19.500000000000004 2.5000000000000004 26.500000000000004 43.500000000000007 9.5000000000000018 9.5000000000000018 1.0000000180025095e-35 3.5000000000000004 19.500000000000004 23.500000000000004 16.500000000000004 2.5000000000000004 5.5000000000000009 1.5000000000000002 6.5000000000000009 10.500000000000002 60.000000000000007 49.500000000000007 6.5000000000000009 8.5000000000000018 8.5000000000000018 25.500000000000004 41.500000000000007 19.500000000000004 5.5000000000000009 24.500000000000004 7.5000000000000009
decision_type=2 2 2 2 2 2 2 2 2 2 2 2 2 2 2 2 2 2 2 2 2 2 2 2 2 2 2 2 2 2
left_child=1 2 3 4 8 -5 15 -3 11 -10 13 -1 -13 -11 18 -2 17 -17 -15 20 21 22 23 -18 28 26 27 -26 29 -23
right_child=6 7 -4 5 -6 -7 -8 -9 9 10 -12 12 -14 14 -16 16 19 -19 -20 -21 -22 24 -24 -25 25 -27 -28 -29 -30 -31
leaf_value=-0.021436961073624462 -0.033095482445281481 0.0047634043863841466 0.045992997096430871 0.067288838624954231 -0.015346981753718179 0.0082886509273363187 0.033037166880524681 -0.035475886719567438 -0.016124524235725402 0.033635678652085756 0.048833848421390241 0.00065758150966861587 0.029642022067102893 0.025811056595928267 -0.015647760958507142 -0.0063548746208349875 -0.01273398082703352 0.030758394576885086 -0.0055340316295623779 0.021662145406007766 -0.041829803643318328 0.028873295946554706 -0.024935294200326794 0.031654876876961106 0.027860169685803928 0.042790911008011218 -0.031389186978340151 -0.0043330864380981965 -0.029101870156997858 -0.0069157749833015916
leaf_weight=38 23 21 31 20 106 23 23 35 25 38 26 158 29 53 29 24 48 27 25 20 26 22 107 22 39 22 20 59 43 178
leaf_count=38 23 21 31 20 106 23 23 35 25 38 26 158 29 53 29 24 48 27 25 20 26 22 107 22 39 22 20 59 43 178
internal_value=0 0.00496694 0.00732929 0.00522653 0.00273758 0.0357306 -0.00464193 -0.0203862 0.00729094 0.0149009 0.0194368 0.000661831 0.00515249 0.0141656 0.00725094 -0.00591637 -0.0049649 0.0132933 0.0157646 -0.00650148 -0.0074627 -0.00586708 -0.0145927 0.0012168 -0.00183463 0.00817508 0.00172128 0.00847852 -0.00760155 -0.00297898
internal_weight=0 657 601 570 527 43 703 56 421 196 171 225 187 145 107 680 657 51 78 606 586 560 177 70 383 140 118 98 243 200
internal_count=1360 657 601 570 527 43 703 56 421 196 171 225 187 145 107 680 657 51 78 606 586 560 177 70 383 140 118 98 243 200
shrinkage=0.1


Tree=15
num_leaves=31
num_cat=0
split_feature=4 0 6 11 2 1 14 15 0 3 13 14 14 3 5 3 14 14 9 3 4 1 13 14 2 8 1 1 9 7
split_gain=2.97488 2.95442 3.30152 3.08923 4.24764 2.13997 2.71963 2.29714 2.73964 2.12291 2.65539 3.15011 2.20089 4.18601 2.00185 2.90354 1.69273 1.55626 2.11808 1.79274 1.46761 3.3303 1.43659 1.31766 2.22956 1.84023 3.1052 1.69673 1.36893 1.26331
threshold=1.0000000180025095e-35 43.500000000000007 1.5000000000000002 2.5000000000000004 35.500000000000007 1.5000000000000002 3.5000000000000004 11.500000000000002 19.500000000000004 3.5000000000000004 10.500000000000002 11.500000000000002 18.500000000000004 1.0000000180025095e-35 2.5000000000000004 17.500000000000004 6.5000000000000009 6.5000000000000009 9.5000000000000018 14.500000000000002 3.5000000000000004 12.500000000000002 10.500000000000002 4.5000000000000009 14.500000000000002 12.500000000000002 10.500000000000002 2.5000000000000004 8.5000000000000018 8.5000000000000018
decision_type=2 2 2 2 2 2 2 2 2 2 2 2 2 2 2 2 2 2 2 2 2 2 2 2 2 2 2 2 2 2
left_child=-1 2 5 23 9 -2 -7 22 -9 10 12 16 13 -5 -11 20 -12 -6 -19 -20 21 29 -8 -4 27 26 28 -25 -26 -16
right_child=1 -3 3 4 17 6 7 8 -10 14 11 -13 -14 -15 15 -17 -18 18 19 -21 -22 -23 -24 24 25 -27 -28 -29 -30 -31
leaf_value=-0.023694647410336667 -0.030997038308693017 0.03644724902899369 0.0078729668701136551 0.0091330796060427807 0.0033889049733126608 -0.039772086441516877 0.031066448434635449 -0.039570136182010177 0.0061050400651734456 0.009858184958497683 0.0057502843877848464 0.029161055649028107 0.056785533399808977 0.059056146036494866 -0.043898825691296509 0.028650974449904072 -0.0281453108558288 -0.043524599944551788 0.0048793557362678723 -0.028641608578187452 0.011963587760925293 0.013316602806250256 -0.00098731841506629172 0.032743719220161442 -0.0062436855974651526 -0.02754742755339696 0.028263296754587264 -0.0075006445700472046 -0.029117529800063685 -0.016813841053083832
leaf_weight=51 46 23 54 71 54 20 27 24 29 300 34 34 21 22 26 23 26 24 39 27 25 30 29 20 84 65 21 22 38 51
leaf_count=51 46 23 54 71 54 20 27 24 29 300 34 34 21 22 26 23 26 24 39 27 25 30 29 20 84 65 21 22 38 51
internal_value=0 0.000923168 0.000287823 0.00229876 0.0055352 -0.0124787 -0.00587533 0.000344264 -0.0145781 0.00891633 0.0172855 0.00484263 0.0275454 0.0209428 0.00509042 -0.00413752 -0.00893781 -0.0100321 -0.0180847 -0.00883377 -0.00985066 -0.0149475 0.0144672 -0.00629273 -0.00935252 -0.0135961 -0.00725459 0.0116633 -0.0133683 -0.0259594
internal_weight=0 1309 1286 1111 807 175 129 109 53 663 208 94 114 93 455 155 60 144 90 66 132 107 56 304 250 208 143 42 122 77
internal_count=1360 1309 1286 1111 807 175 129 109 53 663 208 94 114 93 455 155 60 144 90 66 132 107 56 304 250 208 143 42 122 77
shrinkage=0.1


end of trees

feature_importances:
Column_2=58
Column_0=51
Column_14=40
Column_9=37
Column_3=35
Column_8=33
Column_1=30
Column_13=30
Column_15=30
Column_5=29
Column_7=27
Column_11=22
Column_4=15
Column_6=15
Column_12=15
Column_10=13

parameters:
[boosting: gbdt]
[objective: regression]
[metric: l2]
[tree_learner: serial]
[device_type: cpu]
[data: ]
[valid: ]
[num_iterations: 10000]
[learning_rate: 0.1]
[num_leaves: 31]
[num_threads: 0]
[deterministic: 0]
[force_col_wise: 0]
[force_row_wise: 0]
[histogram_pool_size: -1]
[max_depth: -1]
[min_data_in_leaf: 20]
[min_sum_hessian_in_leaf: 0.001]
[bagging_fraction: 1]
[pos_bagging_fraction: 1]
[neg_bagging_fraction: 1]
[bagging_freq: 0]
[bagging_seed: 3]
[feature_fraction: 1]
[feature_fraction_bynode: 1]
[feature_fraction_seed: 2]
[extra_trees: 0]
[extra_seed: 6]
[early_stopping_round: 10]
[first_metric_only: 0]
[max_delta_step: 0]
[lambda_l1: 0]
[lambda_l2: 0]
[min_gain_to_split: 0]
[drop_rate: 0.1]
[max_drop: 50]
[skip_drop: 0.5]
[xgboost_dart_mode: 0]
[uniform_drop: 0]
[drop_seed: 4]
[top_rate: 0.2]
[other_rate: 0.1]
[min_data_per_group: 100]
[max_cat_threshold: 32]
[cat_l2: 10]
[cat_smooth: 10]
[max_cat_to_onehot: 4]
[top_k: 20]
[monotone_constraints: ]
[monotone_constraints_method: basic]
[monotone_penalty: 0]
[feature_contri: ]
[forcedsplits_filename: ]
[refit_decay_rate: 0.9]
[cegb_tradeoff: 1]
[cegb_penalty_split: 0]
[cegb_penalty_feature_lazy: ]
[cegb_penalty_feature_coupled: ]
[path_smooth: 0]
[interaction_constraints: ]
[verbosity: 1]
[saved_feature_importance_type: 0]
[max_bin: 255]
[max_bin_by_feature: ]
[min_data_in_bin: 3]
[bin_construct_sample_cnt: 200000]
[data_random_seed: 1]
[is_enable_sparse: 1]
[enable_bundle: 1]
[use_missing: 1]
[zero_as_missing: 0]
[feature_pre_filter: 1]
[pre_partition: 0]
[two_round: 0]
[header: 0]
[label_column: ]
[weight_column: ]
[group_column: ]
[ignore_column: ]
[categorical_feature: ]
[forcedbins_filename: ]
[objective_seed: 5]
[num_class: 1]
[is_unbalance: 0]
[scale_pos_weight: 1]
[sigmoid: 1]
[boost_from_average: 1]
[reg_sqrt: 0]
[alpha: 0.9]
[fair_c: 1]
[poisson_max_delta_step: 0.7]
[tweedie_variance_power: 1.5]
[lambdarank_truncation_level: 30]
[lambdarank_norm: 1]
[label_gain: ]
[eval_at: ]
[multi_error_top_k: 1]
[auc_mu_weights: ]
[num_machines: 1]
[local_listen_port: 12400]
[time_out: 120]
[machine_list_filename: ]
[machines: ]
[gpu_platform_id: -1]
[gpu_device_id: -1]
[gpu_use_dp: 0]
[num_gpu: 1]

end of parameters

pandas_categorical:null
