tree
version=v3
num_class=1
num_tree_per_iteration=1
label_index=0
max_feature_idx=15
objective=regression
feature_names=Column_0 Column_1 Column_2 Column_3 Column_4 Column_5 Column_6 Column_7 Column_8 Column_9 Column_10 Column_11 Column_12 Column_13 Column_14 Column_15
feature_infos=[1:49] [0:59] [3:49] [0:57] [0:7] [0:7] [0:8] [0:170] [0:146] [0:129] [0:7] [0:7] [0:6] [0:179] [0:155] [0:134]
tree_sizes=2701 2720 2732 2724 2736 2724 2746

Tree=0
num_leaves=31
num_cat=0
split_feature=0 2 13 2 1 6 11 13 12 2 15 15 14 15 0 14 9 0 14 2 7 0 15 9 13 3 14 13 3 9
split_gain=21.2991 21.076 14.0677 13.203 9.30681 11.3525 12.2729 7.83019 6.33582 6.094 6.12538 5.69677 5.54672 5.07713 6.94334 4.85789 4.31432 4.13689 4.2137 4.12341 4.75435 5.31837 3.8678 4.39712 3.7239 3.80743 3.68674 4.056 3.83045 3.42185
threshold=32.500000000000007 32.500000000000007 2.5000000000000004 21.500000000000004 4.5000000000000009 1.5000000000000002 2.5000000000000004 11.500000000000002 2.5000000000000004 17.500000000000004 8.5000000000000018 13.500000000000002 9.5000000000000018 4.5000000000000009 28.500000000000004 21.500000000000004 19.500000000000004 19.500000000000004 10.500000000000002 41.500000000000007 15.500000000000002 26.500000000000004 4.5000000000000009 10.500000000000002 6.5000000000000009 7.5000000000000009 6.5000000000000009 9.5000000000000018 5.5000000000000009 6.5000000000000009
decision_type=2 2 2 2 2 2 2 2 2 2 2 2 2 2 2 2 2 2 2 2 2 2 2 2 2 2 2 2 2 2
left_child=1 4 -2 -4 9 17 7 29 16 10 -1 -9 -10 -8 26 22 -5 -6 -19 20 -3 -22 23 -11 25 -24 -15 28 -28 -7
right_child=2 19 3 8 5 6 13 11 12 15 -12 -13 -14 14 -16 -17 -18 18 -20 -21 21 -23 24 -25 -26 -27 27 -29 -30 -31
leaf_value=-0.11998043918788065 -0.024612212864610697 -0.14799930634532715 -0.05049930895303037 -0.10757557862746622 -0.17663566924792151 -0.046487681152325475 -0.084999308039092489 -0.089362944287131957 -0.16123460013719393 -0.10066164526716774 -0.074462722952363017 -0.15699930613174384 -0.10718535392833702 -0.15224458927656875 -0.074199308265590139 -0.16977349934173039 -0.060999308674875366 -0.099895859368606565 -0.1587135918006165 -0.16299930597279813 -0.13439465549846419 -0.072999308356983927 -0.097374307711266941 -0.14299930650261719 -0.1549711371713875 -0.14654769350539124 -0.16845385128284748 -0.092999307827164868 -0.1142493072642321 -0.079093058195554677
leaf_weight=106 31 120 48 59 22 43 45 33 34 77 41 20 43 53 25 31 30 29 21 84 43 21 32 36 71 31 22 36 32 128
leaf_count=106 31 120 48 59 22 43 45 33 34 77 41 20 43 53 25 31 30 29 21 84 43 21 32 36 71 31 22 36 32 128
internal_value=-0.114444 -0.119921 -0.0875707 -0.0966909 -0.112828 -0.103707 -0.0976446 -0.0813029 -0.110048 -0.123752 -0.107285 -0.114886 -0.131051 -0.11483 -0.122821 -0.13246 -0.0918757 -0.140499 -0.124599 -0.144641 -0.13626 -0.114249 -0.127777 -0.11415 -0.139268 -0.121571 -0.131321 -0.118999 -0.136333 -0.070894
internal_weight=0 1202 245 214 934 509 437 224 166 425 147 53 77 213 168 278 89 72 50 268 184 64 247 113 134 63 143 90 54 171
internal_count=1447 1202 245 214 934 509 437 224 166 425 147 53 77 213 168 278 89 72 50 268 184 64 247 113 134 63 143 90 54 171
shrinkage=1


Tree=1
num_leaves=31
num_cat=0
split_feature=2 0 0 13 12 9 1 4 15 11 7 10 3 13 12 13 14 12 9 8 2 13 2 0 11 1 15 8 13 8
split_gain=17.3053 17.4438 10.7878 11.3086 8.15195 5.5363 5.40341 8.07008 7.97428 6.5515 7.67859 6.2246 4.94037 5.16227 4.72682 5.58804 4.42969 4.29889 5.2743 3.65205 3.58364 3.57217 4.15767 4.61168 3.74073 3.56991 3.56426 3.4875 5.53535 3.78554
threshold=24.500000000000004 31.500000000000004 33.500000000000007 11.500000000000002 2.5000000000000004 4.5000000000000009 2.5000000000000004 2.5000000000000004 4.5000000000000009 2.5000000000000004 8.5000000000000018 2.5000000000000004 1.5000000000000002 7.5000000000000009 2.5000000000000004 5.5000000000000009 9.5000000000000018 1.0000000180025095e-35 15.500000000000002 8.5000000000000018 18.500000000000004 12.500000000000002 38.500000000000007 27.500000000000004 3.5000000000000004 4.5000000000000009 9.5000000000000018 6.5000000000000009 6.5000000000000009 11.500000000000002
decision_type=2 2 2 2 2 2 2 2 2 2 2 2 2 2 2 2 2 2 2 2 2 2 2 2 2 2 2 2 2 2
left_child=1 6 3 4 5 -2 7 -1 27 10 20 -12 -11 -14 -4 -16 -17 -7 25 -9 -10 -5 23 24 -23 -19 -3 -8 -29 -30
right_child=2 26 14 21 -6 17 8 19 9 12 11 -13 13 -15 15 16 -18 18 -20 -21 -22 22 -24 -25 -26 -27 -28 28 29 -31
leaf_value=-0.018188081317477758 -0.025632955772536145 0.034416424023608366 0.031143031766017279 -0.076367513537406922 -0.024198648136183127 -0.023711260408163071 0.069190039873123166 -0.0012479822886617561 0.0053210482001304626 -0.040834360151756101 -0.037869599987478825 0.0313753000327519 -0.020766452175599557 0.024558271118935118 0.04053708609193564 -0.052276536464691159 0.004718536535898845 -0.018812289545612954 0.051584158199174071 0.042594150198917644 0.047828406884389767 -0.045995534408618421 -0.054965225241400989 0.010798028297722341 -0.0040814128133558466 0.022979673643906913 0.073248808964704856 -0.013314234465360642 0.014133768138431368 0.071218047462976899
leaf_weight=180 42 60 72 20 151 24 25 38 28 41 34 21 54 47 20 25 30 31 42 38 68 68 55 32 31 60 39 24 21 26
leaf_count=180 42 60 72 20 151 24 25 38 28 41 34 21 54 47 20 25 30 31 42 38 68 68 55 32 31 60 39 24 21 26
internal_value=0 0.0106303 -0.0112503 -0.0176199 -0.00667862 0.00661548 0.00463142 -0.00665117 0.0120565 0.00386102 0.0183618 -0.0114306 -0.0115589 0.000325251 0.0128414 -0.00472821 -0.0211883 0.0152424 0.0222717 0.0206731 0.0354304 -0.0362093 -0.0318912 -0.0222037 -0.0328709 0.00874285 0.049714 0.0370697 0.0257597 0.0457123
internal_weight=0 744 703 556 350 199 645 256 389 293 151 55 142 101 147 75 55 157 133 76 96 206 186 131 99 91 99 96 71 47
internal_count=1447 744 703 556 350 199 645 256 389 293 151 55 142 101 147 75 55 157 133 76 96 206 186 131 99 91 99 96 71 47
shrinkage=0.1


Tree=2
num_leaves=31
num_cat=0
split_feature=0 2 13 2 6 1 11 13 8 15 9 4 13 7 0 2 2 0 8 2 2 4 0 1 15 15 13 8 7 4
split_gain=14.0942 14.8483 10.6192 9.27515 6.77231 8.52562 8.89283 5.54559 4.93067 4.40629 4.0771 5.78528 3.79945 3.94264 4.31284 4.17289 3.62389 3.87017 3.55833 3.39629 3.38181 6.59069 5.32763 4.65772 4.45368 2.89769 2.86119 2.79372 2.79632 2.76592
threshold=32.500000000000007 32.500000000000007 2.5000000000000004 21.500000000000004 1.5000000000000002 4.5000000000000009 2.5000000000000004 11.500000000000002 5.5000000000000009 13.500000000000002 22.500000000000004 2.5000000000000004 1.5000000000000002 48.500000000000007 23.500000000000004 38.500000000000007 12.500000000000002 18.500000000000004 22.500000000000004 21.500000000000004 22.500000000000004 2.5000000000000004 17.500000000000004 1.0000000180025095e-35 6.5000000000000009 4.5000000000000009 14.500000000000002 10.500000000000002 5.5000000000000009 2.5000000000000004
decision_type=2 2 2 2 2 2 2 2 2 2 2 2 2 2 2 2 2 2 2 2 2 2 2 2 2 2 2 2 2 2
left_child=1 4 -2 29 -1 20 7 27 -5 -9 25 -12 -3 14 -14 26 -8 19 -17 -18 21 23 -23 -6 -25 -10 -16 28 -7 -4
right_child=2 12 3 8 5 6 16 9 10 -11 11 -13 13 -15 15 18 17 -19 -20 -21 -22 22 -24 24 -26 -27 -28 -29 -30 -31
leaf_value=-0.019869790461962113 0.076560482863456972 0.015630483982108891 0.032364274348531452 -0.034717860715142615 -0.021866819475378312 0.0041741809424232041 0.037202705507693085 0.02243710467309663 0.029345055766727614 -0.03704722166061402 0.07199845476584002 0.00026969297424606656 -0.044332870875413599 0.013887791335582734 0.024986072523253307 -0.063540751457214356 -0.043594143422026388 0.0064483338473444313 -0.0090390734050584867 -0.00041855795042855396 -0.019358985414800717 -0.009753583944760837 0.047105950249565973 -0.0081016773978869125 0.04984597421827771 -0.01164056330487348 -0.023843494199571158 0.055826699181839273 0.038223468251975187 0.08105499148368836
leaf_weight=128 31 21 28 29 112 34 23 33 23 20 22 23 130 20 28 25 38 117 23 35 129 26 45 36 21 69 21 54 83 20
leaf_count=128 31 21 28 29 112 34 23 33 23 20 22 23 130 20 28 25 38 117 23 35 129 26 45 36 21 69 21 54 83 20
internal_value=0 -0.00445571 0.0218603 0.0139364 0.0014979 0.00489128 0.0143421 0.0282526 0.0027415 -9.81092e-06 0.0106708 0.0353371 -0.0252045 -0.0286763 -0.0324264 -0.0164693 -0.0002869 -0.00482512 -0.0374254 -0.0228935 -0.00630112 0.000717483 0.0262841 -0.0100235 0.0132475 -0.00139416 0.00405912 0.0370123 0.0283288 0.0526521
internal_weight=0 1202 245 214 934 806 437 224 166 53 137 45 268 247 227 97 213 190 48 73 369 240 71 169 57 92 49 171 117 48
internal_count=1447 1202 245 214 934 806 437 224 166 53 137 45 268 247 227 97 213 190 48 73 369 240 71 169 57 92 49 171 117 48
shrinkage=0.1


Tree=3
num_leaves=31
num_cat=0
split_feature=2 0 13 0 12 6 15 1 15 7 0 7 12 15 4 14 0 8 2 13 13 1 8 11 8 14 11 15 7 13
split_gain=11.7423 11.5342 8.23429 7.32814 5.2365 4.81031 4.42546 6.99097 4.61376 7.66285 5.24846 5.11949 4.99034 4.32275 4.07704 3.78371 4.1065 3.74186 3.52797 3.9516 4.5723 3.51664 4.25453 4.43387 3.27812 2.98949 3.79192 2.98799 2.97849 2.93855
threshold=24.500000000000004 31.500000000000004 10.500000000000002 28.500000000000004 2.5000000000000004 1.5000000000000002 4.5000000000000009 3.5000000000000004 8.5000000000000018 7.5000000000000009 25.500000000000004 4.5000000000000009 2.5000000000000004 7.5000000000000009 2.5000000000000004 10.500000000000002 21.500000000000004 24.500000000000004 31.500000000000004 6.5000000000000009 3.5000000000000004 14.500000000000002 7.5000000000000009 2.5000000000000004 8.5000000000000018 13.500000000000002 2.5000000000000004 9.5000000000000018 13.500000000000002 8.5000000000000018
decision_type=2 2 2 2 2 2 2 2 2 2 2 2 2 2 2 2 2 2 2 2 2 2 2 2 2 2 2 2 2 2
left_child=1 6 4 -4 5 13 7 14 9 11 29 -8 -12 -2 15 16 -1 21 -7 20 -20 22 -6 -24 -11 26 -5 -3 -26 -10
right_child=2 27 3 25 17 18 8 -9 10 24 12 -13 -14 -15 -16 -17 -18 -19 19 -21 -22 -23 23 -25 28 -27 -28 -29 -30 -31
leaf_value=-0.012220478057861328 0.014803125560283662 0.02653120964144667 -0.033420571221588806 0.0055588388165762267 -0.0411913204110331 0.032723824557136093 -0.030043007548038778 0.03890736170113087 -0.011226076724236473 -0.059434845868278956 0.068246475855509442 0.023218119245464519 0.0066014043216047619 -0.04876438327457594 0.028504531954725583 -0.031609549692698885 0.040808407379233323 -0.04174283828054156 0.016116342865503754 0.029217736302195371 -0.043189274347745457 0.028000486985995221 0.025466830021626242 -0.022280141311447798 -0.041540651321411132 0.019234708436699804 -0.039903391711413862 0.062086064998920144 0.0047022230350054232 0.014159311275733145
leaf_weight=40 20 60 193 43 36 85 26 80 114 34 24 59 29 23 42 42 23 35 26 37 26 26 37 41 30 43 32 39 26 76
leaf_count=40 20 60 193 43 36 85 26 80 114 34 24 59 29 23 42 42 23 35 26 37 26 26 37 41 30 43 32 39 26 76
internal_value=0 0.00875656 -0.00926725 -0.0214179 0.000372652 0.0107519 0.00387852 0.0151187 -0.00222561 -0.0146057 0.00669009 0.00692648 0.0345162 -0.0191981 0.00217254 -0.00836026 0.00713927 -0.0124976 0.0181534 0.00423775 -0.0135365 -0.00518634 -0.0127553 0.000369063 -0.0349416 -0.00178632 -0.0138384 0.0405377 -0.0200707 -0.00107192
internal_weight=0 744 703 311 392 217 645 227 418 175 243 85 53 43 147 105 63 175 174 89 52 140 114 78 90 118 75 99 56 190
internal_count=1447 744 703 311 392 217 645 227 418 175 243 85 53 43 147 105 63 175 174 89 52 140 114 78 90 118 75 99 56 190
shrinkage=0.1


Tree=4
num_leaves=31
num_cat=0
split_feature=0 2 13 2 5 1 11 15 13 9 7 2 12 7 0 2 1 0 10 1 5 14 2 11 7 1 15 8 7 2
split_gain=9.90863 10.2203 8.07314 6.32865 6.22531 4.90196 6.69391 4.82007 10.1707 5.81075 3.93119 4.07413 3.80259 3.72366 3.46918 5.00698 3.98736 3.23351 3.11232 3.64929 3.13056 3.09163 3.07144 3.03395 2.94281 2.9413 2.91742 2.75326 3.18591 4.55572
threshold=32.500000000000007 33.500000000000007 2.5000000000000004 21.500000000000004 1.5000000000000002 4.5000000000000009 2.5000000000000004 14.500000000000002 9.5000000000000018 14.500000000000002 12.500000000000002 17.500000000000004 2.5000000000000004 5.5000000000000009 23.500000000000004 38.500000000000007 10.500000000000002 26.500000000000004 2.5000000000000004 1.5000000000000002 3.5000000000000004 10.500000000000002 12.500000000000002 2.5000000000000004 6.5000000000000009 5.5000000000000009 8.5000000000000018 8.5000000000000018 28.500000000000004 18.500000000000004
decision_type=2 2 2 2 2 2 2 2 2 2 2 2 2 2 2 2 2 2 2 2 2 2 2 2 2 2 2 2 2 2
left_child=1 4 -2 -4 -1 10 7 9 -9 -7 17 -12 13 -5 -3 16 -16 18 20 24 23 -14 -8 -6 -20 -15 -27 -24 29 -29
right_child=2 14 3 12 5 6 22 8 -10 -11 11 -13 21 25 15 -17 -18 -19 19 -21 -22 -23 27 -25 -26 26 -28 28 -30 -31
leaf_value=-0.026808028856913246 0.066023191136698564 -0.032730332159382459 0.043400437260667488 0.051946425979787658 0.0094346821308135993 0.020792660384606095 0.034594840946651641 0.038239776171170747 -0.051091615200042732 0.065878106015069146 0.034029000865088574 -0.003582536429166794 -0.034933137249302221 -0.023515646904706956 0.044610309352477395 -0.02744144837735063 -0.015846959352493289 -0.033598230582363206 -0.063884438438849014 0.011360146353642147 0.037310092286630112 0.0051727334409952166 0.013145075789813339 -0.022084287725962128 -0.017927271284555134 0.048115705847740178 -0.0041064301262731138 -0.055073694829587586 0.021182812253634137 -0.009061865755005406
leaf_weight=75 31 136 48 22 74 156 21 26 25 35 45 80 37 24 24 59 20 53 22 24 22 40 58 52 38 20 23 27 24 106
leaf_count=75 31 136 48 22 74 156 21 26 25 35 45 80 37 24 24 59 20 53 22 24 22 40 58 52 38 20 23 27 24 106
internal_value=0 -0.00373597 0.0183291 0.0114202 0.000857765 0.0031944 0.0100755 0.0217617 -0.00555012 0.0290544 -0.00482792 0.00995762 0.00217286 0.0162507 -0.0222454 -0.00840133 0.0171297 -0.0113128 -0.00622175 -0.0215958 0.00250409 -0.0140989 -0.00190786 -0.00357315 -0.0347782 0.00452971 0.0201829 -0.00547324 -0.0123513 -0.0184026
internal_weight=0 1202 245 214 963 888 478 242 51 191 410 125 166 89 239 103 44 285 232 84 148 77 236 126 60 67 43 215 157 133
internal_count=1447 1202 245 214 963 888 478 242 51 191 410 125 166 89 239 103 44 285 232 84 148 77 236 126 60 67 43 215 157 133
shrinkage=0.1


Tree=5
num_leaves=31
num_cat=0
split_feature=6 11 0 13 2 2 14 14 0 1 7 4 12 9 2 8 12 9 1 2 0 0 13 0 14 14 14 0 9 3
split_gain=8.8963 8.89367 6.92303 6.76353 6.4973 5.65246 5.52971 4.65657 4.51519 5.59198 4.44256 4.14011 4.07504 4.02896 4.01321 3.85933 4.12513 4.07808 3.6771 3.51352 3.71397 3.34843 3.11057 3.02912 3.00253 2.99987 2.85763 2.84111 2.61803 4.61912
threshold=1.5000000000000002 1.5000000000000002 32.500000000000007 11.500000000000002 23.500000000000004 24.500000000000004 2.5000000000000004 10.500000000000002 18.500000000000004 15.500000000000002 10.500000000000002 1.0000000180025095e-35 2.5000000000000004 2.5000000000000004 20.500000000000004 9.5000000000000018 2.5000000000000004 8.5000000000000018 2.5000000000000004 21.500000000000004 30.500000000000004 13.500000000000002 6.5000000000000009 10.500000000000002 11.500000000000002 15.500000000000002 5.5000000000000009 20.500000000000004 11.500000000000002 11.500000000000002
decision_type=2 2 2 2 2 2 2 2 2 2 2 2 2 2 2 2 2 2 2 2 2 2 2 2 2 2 2 2 2 2
left_child=23 6 3 8 7 -4 -2 10 9 21 -5 -10 -7 -13 15 16 18 -17 -15 -16 -21 22 -3 -1 -14 -9 -20 -8 29 -6
right_child=1 2 5 4 28 12 27 25 11 -11 -12 13 24 14 19 17 -18 -19 26 20 -22 -23 -24 -25 -26 -27 -28 -29 -30 -31
leaf_value=-0.05302203385667368 0.081543248040335525 -0.013611844452944669 0.043290931932509893 -0.038875849826915845 0.0051914713212421965 0.02438410153755775 -0.0086945426464080811 0.050046535332997646 -0.033534071662209251 0.03700372825066249 0.013398529743326122 -0.024463028311729432 -0.033511347155417169 -0.014125097990036013 -0.032398770614103838 0.033005890250205998 0.063039215301212523 -0.026600098113218947 0.01034930996272875 0.0053424031104681632 0.048508976264433429 -0.022440873086452484 0.033702701826890308 -0.014071958498270424 0.0098293619399720984 0.0022513040180864008 0.057920632192066737 0.041872204780578619 -0.041334834802581606 -0.050558917418770166
leaf_weight=22 21 33 63 37 42 65 20 24 22 24 29 30 31 20 22 22 38 24 23 212 22 140 24 216 33 29 28 25 83 23
leaf_count=22 21 33 63 37 42 65 20 24 22 24 29 30 31 20 22 22 38 24 23 212 22 140 24 216 33 29 28 25 83 23
internal_value=0 0.00347893 0.00141794 -0.00207898 -0.015577 0.0187386 0.0391716 0.00181979 0.00318997 -0.00856995 -0.0159068 0.00880324 0.00674794 0.0109153 0.0134977 0.026197 0.0364477 0.00190711 0.0222156 0.00580865 0.0094008 -0.0141221 0.00631007 -0.0176724 -0.0111638 0.0238944 0.0364669 0.0193981 -0.0295649 -0.0145356
internal_weight=0 1209 1143 951 267 192 66 119 684 221 66 463 129 441 411 155 109 46 71 256 234 197 57 238 64 53 51 45 148 65
internal_count=1447 1209 1143 951 267 192 66 119 684 221 66 463 129 441 411 155 109 46 71 256 234 197 57 238 64 53 51 45 148 65
shrinkage=0.1


Tree=6
num_leaves=31
num_cat=0
split_feature=2 0 10 15 1 7 2 1 2 14 5 0 3 9 0 13 7 1 12 0 1 14 11 3 13 11 1 13 14 13
split_gain=7.51915 6.72298 5.36846 4.68359 4.62374 4.25242 4.84254 5.67213 4.06291 3.99704 3.81485 3.62923 3.62434 4.30624 5.08447 5.21945 6.09976 4.8357 4.24551 6.52206 3.62094 3.58411 3.9567 3.58312 3.54296 3.24491 4.76292 3.17371 3.1689 2.94215
threshold=41.500000000000007 31.500000000000004 1.0000000180025095e-35 4.5000000000000009 2.5000000000000004 12.500000000000002 33.500000000000007 2.5000000000000004 30.500000000000004 4.5000000000000009 2.5000000000000004 23.500000000000004 7.5000000000000009 14.500000000000002 14.500000000000002 3.5000000000000004 15.500000000000002 1.5000000000000002 2.5000000000000004 26.500000000000004 12.500000000000002 17.500000000000004 2.5000000000000004 12.500000000000002 7.5000000000000009 2.5000000000000004 7.5000000000000009 13.500000000000002 4.5000000000000009 10.500000000000002
decision_type=2 2 2 2 2 2 2 2 2 2 2 2 2 2 2 2 2 2 2 2 2 2 2 2 2 2 2 2 2 2
left_child=1 2 -1 5 8 6 7 -4 -3 -2 27 29 13 14 -5 -16 17 -17 19 20 -14 22 -15 -21 -20 26 -19 -6 -27 -7
right_child=9 4 3 12 10 11 -8 -9 -10 -11 -12 -13 18 21 15 16 -18 25 24 23 -22 -23 -24 -25 -26 28 -28 -29 -30 -31
leaf_value=0.033294850726460302 0.0021983036564456092 0.010877968867619832 -0.0087862824191566272 -0.037023147079679707 0.023435219309546732 0.030643143393099311 -0.039236953744181881 0.024078111001785765 -0.041858702330362235 -0.038427167405953283 0.0349678858011961 0.064173205494880689 -0.0045234417152959254 0.066257158569667657 0.026231600945455985 -0.040403379385287951 0.031644607116194337 -0.011522022110444528 -0.044909831520282863 -0.0012290869440351215 -0.040941509753465659 -0.013561792033059256 0.010280247245516096 0.055903413503066358 -0.013609971441328526 -0.049249322597797102 0.035836784499032159 -0.02495487487834433 -0.0025686789642680777 -0.016331412196159363
leaf_weight=43 36 48 119 45 33 40 27 94 21 74 125 20 86 23 57 52 34 54 66 21 40 21 28 23 80 26 35 23 33 20
leaf_count=43 36 48 119 45 33 40 27 94 21 74 125 20 86 23 57 52 34 54 66 21 40 21 28 23 80 26 35 23 33 20
internal_value=0 0.00206767 -0.00133305 -0.00275929 0.016854 0.00731543 0.000659904 0.00571725 -0.00517232 -0.0251316 0.0252508 0.027282 -0.00721221 -0.000985505 -0.00574122 -0.000903809 -0.00751372 -0.0141706 -0.0152518 -0.00451005 -0.0160847 0.0212078 0.0355247 0.0286356 -0.0277592 -0.00495372 0.00710223 0.00356072 -0.0231398 0.014985
internal_weight=0 1337 1087 1044 250 320 240 213 69 110 181 80 724 408 336 291 234 200 316 170 126 72 51 44 146 148 89 56 59 60
internal_count=1447 1337 1087 1044 250 320 240 213 69 110 181 80 724 408 336 291 234 200 316 170 126 72 51 44 146 148 89 56 59 60
shrinkage=0.1


end of trees

feature_importances:
Column_0=28
Column_2=28
Column_13=25
Column_1=18
Column_14=16
Column_15=16
Column_7=14
Column_8=11
Column_9=11
Column_11=11
Column_12=10
Column_3=6
Column_4=6
Column_6=4
Column_5=3
Column_10=3

parameters:
[boosting: gbdt]
[objective: regression]
[metric: l2]
[tree_learner: serial]
[device_type: cpu]
[data: ]
[valid: ]
[num_iterations: 10000]
[learning_rate: 0.1]
[num_leaves: 31]
[num_threads: 0]
[deterministic: 0]
[force_col_wise: 0]
[force_row_wise: 0]
[histogram_pool_size: -1]
[max_depth: -1]
[min_data_in_leaf: 20]
[min_sum_hessian_in_leaf: 0.001]
[bagging_fraction: 1]
[pos_bagging_fraction: 1]
[neg_bagging_fraction: 1]
[bagging_freq: 0]
[bagging_seed: 3]
[feature_fraction: 1]
[feature_fraction_bynode: 1]
[feature_fraction_seed: 2]
[extra_trees: 0]
[extra_seed: 6]
[early_stopping_round: 10]
[first_metric_only: 0]
[max_delta_step: 0]
[lambda_l1: 0]
[lambda_l2: 0]
[min_gain_to_split: 0]
[drop_rate: 0.1]
[max_drop: 50]
[skip_drop: 0.5]
[xgboost_dart_mode: 0]
[uniform_drop: 0]
[drop_seed: 4]
[top_rate: 0.2]
[other_rate: 0.1]
[min_data_per_group: 100]
[max_cat_threshold: 32]
[cat_l2: 10]
[cat_smooth: 10]
[max_cat_to_onehot: 4]
[top_k: 20]
[monotone_constraints: ]
[monotone_constraints_method: basic]
[monotone_penalty: 0]
[feature_contri: ]
[forcedsplits_filename: ]
[refit_decay_rate: 0.9]
[cegb_tradeoff: 1]
[cegb_penalty_split: 0]
[cegb_penalty_feature_lazy: ]
[cegb_penalty_feature_coupled: ]
[path_smooth: 0]
[interaction_constraints: ]
[verbosity: 1]
[saved_feature_importance_type: 0]
[max_bin: 255]
[max_bin_by_feature: ]
[min_data_in_bin: 3]
[bin_construct_sample_cnt: 200000]
[data_random_seed: 1]
[is_enable_sparse: 1]
[enable_bundle: 1]
[use_missing: 1]
[zero_as_missing: 0]
[feature_pre_filter: 1]
[pre_partition: 0]
[two_round: 0]
[header: 0]
[label_column: ]
[weight_column: ]
[group_column: ]
[ignore_column: ]
[categorical_feature: ]
[forcedbins_filename: ]
[objective_seed: 5]
[num_class: 1]
[is_unbalance: 0]
[scale_pos_weight: 1]
[sigmoid: 1]
[boost_from_average: 1]
[reg_sqrt: 0]
[alpha: 0.9]
[fair_c: 1]
[poisson_max_delta_step: 0.7]
[tweedie_variance_power: 1.5]
[lambdarank_truncation_level: 30]
[lambdarank_norm: 1]
[label_gain: ]
[eval_at: ]
[multi_error_top_k: 1]
[auc_mu_weights: ]
[num_machines: 1]
[local_listen_port: 12400]
[time_out: 120]
[machine_list_filename: ]
[machines: ]
[gpu_platform_id: -1]
[gpu_device_id: -1]
[gpu_use_dp: 0]
[num_gpu: 1]

end of parameters

pandas_categorical:null
