tree
version=v3
num_class=1
num_tree_per_iteration=1
label_index=0
max_feature_idx=15
objective=regression
feature_names=Column_0 Column_1 Column_2 Column_3 Column_4 Column_5 Column_6 Column_7 Column_8 Column_9 Column_10 Column_11 Column_12 Column_13 Column_14 Column_15
feature_infos=[1:49] [0:67] [1:49] [0:53] [0:7] [0:8] [0:7] [0:126] [0:150] [15:131] [0:7] [0:6] [0:7] [0:129] [0:125] [0:158]
tree_sizes=2623 2731 2730 2727 2737 2733 2739 2747 2735

Tree=0
num_leaves=31
num_cat=0
split_feature=3 0 2 2 0 2 0 7 13 3 3 12 0 13 3 2 2 13 1 14 1 8 4 13 3 9 7 13 15 3
split_gain=52.9418 13.675 11.695 10.1769 9.99281 9.44184 7.74884 7.67672 6.72889 6.44243 5.70911 5.60737 5.41069 6.88972 8.83237 4.434 4.3715 5.78733 4.32982 4.23576 9.15705 4.97045 3.96738 3.91381 3.33221 3.85524 3.30498 3.1471 3.08013 3.39808
threshold=10.500000000000002 32.500000000000007 36.500000000000007 40.500000000000007 16.500000000000004 17.500000000000004 24.500000000000004 11.500000000000002 10.500000000000002 5.5000000000000009 18.500000000000004 2.5000000000000004 35.500000000000007 11.500000000000002 7.5000000000000009 41.500000000000007 25.500000000000004 16.500000000000004 4.5000000000000009 11.500000000000002 5.5000000000000009 11.500000000000002 2.5000000000000004 13.500000000000002 18.500000000000004 17.500000000000004 10.500000000000002 1.0000000180025095e-35 16.500000000000004 2.5000000000000004
decision_type=2 2 2 2 2 2 2 2 2 2 2 2 2 2 2 2 2 2 2 2 2 2 2 2 2 2 2 2 2 2
left_child=2 5 4 11 23 24 9 10 19 -4 -7 -3 13 27 16 26 28 -18 -16 20 -9 -21 -13 -1 25 -2 -8 -6 29 -15
right_child=1 3 6 -5 12 7 15 8 -10 -11 -12 22 -14 14 18 -17 17 -19 -20 21 -22 -23 -24 -25 -26 -27 -28 -29 -30 -31
leaf_value=0.18881092946531652 0.17018189770075284 0.23982475299870432 0.1665949412740356 0.13268189869416358 0.24485580876604796 0.13774213952396841 0.17934856412458577 0.24450007755017517 0.13756561949502172 0.10268189948889217 0.097227354178842831 0.16511433026742997 0.22341360358343781 0.21893189640931887 0.11768189909152789 0.16718189775539044 0.13529059427723067 0.19916838341935966 0.18068189742259783 0.11768189909152789 0.15518189809811714 0.18518189730338855 0.21668189646892352 0.16003483914602867 0.14982475538289008 0.22813644162002714 0.22621130798118622 0.20654265623119256 0.24368189575366778 0.18068189742259783
leaf_weight=155 24 28 46 27 23 166 27 22 86 24 44 37 123 48 24 60 23 37 20 20 24 24 25 68 21 22 34 316 20 45
leaf_count=155 24 28 46 27 23 166 27 22 86 24 44 37 123 48 24 60 23 37 20 20 24 24 25 68 21 22 34 316 20 45
internal_value=0.180758 0.15605 0.193643 0.186528 0.198403 0.148179 0.171164 0.142164 0.157568 0.144682 0.129253 0.202682 0.204434 0.200236 0.186322 0.186484 0.196497 0.174682 0.146318 0.176682 0.197899 0.1545 0.185908 0.180036 0.182831 0.197899 0.205469 0.209142 0.20808 0.200424
internal_weight=0 570 1093 117 902 453 191 386 176 70 210 90 679 556 217 121 173 60 44 90 46 44 62 223 67 46 61 339 113 93
internal_count=1663 570 1093 117 902 453 191 386 176 70 210 90 679 556 217 121 173 60 44 90 46 44 62 223 67 46 61 339 113 93
shrinkage=1


Tree=1
num_leaves=31
num_cat=0
split_feature=3 0 2 2 0 2 0 14 12 3 14 13 1 2 2 13 1 14 14 3 14 13 3 0 7 9 6 2 14 1
split_gain=42.8829 11.0768 9.47295 8.24885 8.09418 7.91529 6.27656 5.87008 5.83947 5.21837 4.55433 5.66739 5.97532 5.29447 4.96952 4.80272 6.14632 4.2978 4.43672 6.02579 4.24718 4.12897 6.47904 4.60346 4.19104 4.01247 3.87009 3.86013 3.68193 3.60904
threshold=10.500000000000002 32.500000000000007 36.500000000000007 41.500000000000007 16.500000000000004 24.500000000000004 24.500000000000004 1.5000000000000002 2.5000000000000004 5.5000000000000009 17.500000000000004 11.500000000000002 3.5000000000000004 31.500000000000004 28.500000000000004 28.500000000000004 10.500000000000002 14.500000000000002 5.5000000000000009 4.5000000000000009 6.5000000000000009 11.500000000000002 17.500000000000004 27.500000000000004 6.5000000000000009 17.500000000000004 3.5000000000000004 29.500000000000004 3.5000000000000004 5.5000000000000009
decision_type=2 2 2 2 2 2 2 2 2 2 2 2 2 2 2 2 2 2 2 2 2 2 2 2 2 2 2 2 2 2
left_child=2 5 4 8 29 25 9 -7 -3 -4 11 13 14 17 20 16 -14 18 19 -6 -13 22 23 -9 -23 -2 -10 -26 -21 -1
right_child=1 3 6 -5 10 7 -8 21 26 -11 -12 12 15 -15 -16 -17 -18 -19 -20 28 -22 24 -24 -25 27 -27 -28 -29 -30 -31
leaf_value=0.010011737355749117 -0.025578481407575709 0.054731806516647344 -0.012746451730313508 -0.048485576847325206 0.040545216575264935 0.0010539552196860314 0.0051532975036250664 -0.010150474870906158 0.020951352669642525 -0.070268185933430996 0.036558814807549904 0.034986991882324223 0.029742957315137309 0.059774569720029841 -0.057963015003637833 0.053067374794647619 -0.015346860077421545 -0.013025244077046715 0.035941388939513645 0.011610766410827637 -0.023088467471739829 -0.09069381872812908 -0.069112504495156782 -0.06243533861069453 -0.085357590317726148 0.0058657050960593754 -0.0294506733417511 -0.034931538218543647 -0.043224558234214783 -0.015829830713894055
leaf_weight=131 93 30 46 23 32 32 121 85 39 24 152 20 62 40 22 29 59 33 147 25 34 30 37 21 20 72 25 63 24 92
leaf_count=131 93 30 46 23 32 32 121 85 39 24 152 20 62 40 22 29 59 33 147 25 34 30 37 21 20 72 25 63 24 92
internal_value=0 -0.0222366 0.0115964 0.00519335 0.0158804 -0.0293212 -0.00863468 -0.0393265 0.0183276 -0.0324682 0.0213091 0.0169107 0.00494291 0.0258965 -0.0179007 0.016517 0.00775701 0.0207045 0.0255865 0.00679416 -0.00157904 -0.044374 -0.0330846 -0.0205088 -0.0586606 -0.0118574 0.00126306 -0.0470824 -0.0152474 -0.000649358
internal_weight=0 570 1093 117 902 453 191 288 94 70 679 527 226 301 76 150 121 261 228 81 54 256 143 106 113 165 64 83 49 223
internal_count=1663 570 1093 117 902 453 191 288 94 70 679 527 226 301 76 150 121 261 228 81 54 256 143 106 113 165 64 83 49 223
shrinkage=0.1


Tree=2
num_leaves=31
num_cat=0
split_feature=3 0 2 2 2 0 13 3 2 7 10 2 0 13 3 11 2 2 3 15 0 2 0 1 1 12 2 14 2 4
split_gain=34.7351 8.97218 7.67309 6.8529 6.71224 6.57391 6.83165 7.91923 7.19158 5.94982 6.02387 5.69211 5.08402 4.73078 4.94493 4.36773 4.12421 4.2125 4.0065 3.94895 4.13073 3.83923 3.74242 4.05405 5.54429 3.59914 3.59154 3.57492 4.02612 3.27575
threshold=10.500000000000002 32.500000000000007 36.500000000000007 40.500000000000007 17.500000000000004 35.500000000000007 11.500000000000002 7.5000000000000009 23.500000000000004 11.500000000000002 1.5000000000000002 36.500000000000007 24.500000000000004 24.500000000000004 1.0000000180025095e-35 2.5000000000000004 25.500000000000004 30.500000000000004 18.500000000000004 5.5000000000000009 17.500000000000004 29.500000000000004 29.500000000000004 16.500000000000004 6.5000000000000009 2.5000000000000004 41.500000000000007 5.5000000000000009 23.500000000000004 2.5000000000000004
decision_type=2 2 2 2 2 2 2 2 2 2 2 2 2 2 2 2 2 2 2 2 2 2 2 2 2 2 2 2 2 2
left_child=2 4 5 25 -2 6 22 13 -9 18 -11 21 15 16 -15 -4 19 -18 -6 -8 -21 -12 23 24 -1 -3 -14 -26 -29 -27
right_child=1 3 12 -5 9 -7 7 8 -10 10 11 -13 26 14 -16 -17 17 -19 -20 20 -22 -23 -24 -25 27 29 -28 28 -30 -31
leaf_value=0.019952968025207522 0.0028283115643173901 0.047687198860304703 0.0089350263277689617 -0.039511878402144825 -0.035715157619441849 0.035776806968014413 0.030262984059475084 0.0025144313062940328 -0.067952698270479839 0.024634886639458793 -0.031882898828813004 -0.057627255306011295 0.021724674936200755 0.06679118921359381 0.0078571147578103198 -0.045574113057584187 -0.05145231728200559 0.0011191487312316895 -0.069655148684978491 -0.037448288844181943 0.011528149305605423 0.0060429048304464304 0.037637698579402197 0.054139164586861938 -0.035732699017370903 -0.014403252343873721 -0.01273351805905501 0.022585069263974827 -0.023207263648509981 0.032454364061355594
leaf_weight=250 67 28 21 27 166 123 54 28 30 28 56 41 61 24 35 49 27 35 44 26 51 51 84 24 31 37 60 48 32 25
leaf_count=250 67 28 21 27 166 123 54 28 30 28 56 41 61 24 35 49 27 35 44 26 51 51 84 24 31 37 60 48 32 25
internal_value=0 -0.0200129 0.0104368 0.00467401 -0.0263891 0.0142923 0.0109 -0.00061855 -0.0339341 -0.0314605 -0.0178988 -0.0259458 -0.00777121 0.00704931 0.0318303 -0.0292214 -0.000526223 -0.0217749 -0.0428264 0.00953039 -0.00500935 -0.0138061 0.0185136 0.0143411 0.0116952 0.0179298 0.00463797 -0.00690327 0.00426814 0.00449095
internal_weight=0 570 1093 117 453 902 779 310 58 386 176 148 191 252 59 70 193 62 210 131 77 107 469 385 361 90 121 111 80 62
internal_count=1663 570 1093 117 453 902 779 310 58 386 176 148 191 252 59 70 193 62 210 131 77 107 469 385 361 90 121 111 80 62
shrinkage=0.1


Tree=3
num_leaves=31
num_cat=0
split_feature=3 2 0 9 2 0 3 11 8 1 12 7 10 12 2 7 1 3 2 15 0 13 1 13 6 0 15 15 8 9
split_gain=28.1355 7.58462 9.17603 7.28141 6.2152 6.02469 4.85909 4.95672 9.32761 6.06148 4.52605 4.44881 5.43671 5.18815 5.19558 4.38012 3.60906 3.54578 3.53781 3.80575 4.28964 5.08091 6.68618 3.70289 3.48208 3.08906 5.41093 4.46916 3.67458 3.65353
threshold=10.500000000000002 42.500000000000007 32.500000000000007 29.500000000000004 36.500000000000007 16.500000000000004 1.5000000000000002 3.5000000000000004 15.500000000000002 14.500000000000002 2.5000000000000004 11.500000000000002 1.5000000000000002 3.5000000000000004 29.500000000000004 7.5000000000000009 3.5000000000000004 15.500000000000002 14.500000000000002 5.5000000000000009 37.500000000000007 11.500000000000002 2.5000000000000004 14.500000000000002 3.5000000000000004 20.500000000000004 16.500000000000004 14.500000000000002 13.500000000000002 21.500000000000004
decision_type=2 2 2 2 2 2 2 2 2 2 2 2 2 2 2 2 2 2 2 2 2 2 2 2 2 2 2 2 2 2
left_child=4 2 11 -3 5 -1 -6 9 -9 16 -4 13 -13 14 15 24 -8 -12 -7 -20 21 -21 -23 -24 -2 27 29 28 -14 -27
right_child=1 3 10 -5 6 18 7 8 -10 -11 17 12 25 -15 -16 -17 -18 -19 19 20 -22 22 23 -25 -26 26 -28 -29 -30 -31
leaf_value=-0.0013977946187348645 -0.0096970771197919508 -0.084065865166485315 0.04329490210070755 -0.0082847203527178087 0.017770650557109288 0.036757772948060721 0.012485393881797792 -0.0048672579761062356 -0.093031929788135348 0.034416979756848563 0.02332815925280253 0.030427882794676155 -0.041179902354876202 -0.052604581856391802 -0.045299397684909683 -0.042731289680187523 -0.04023985911060024 -0.023221415612432694 0.026376967170695566 0.014470775619216029 0.036392845476374912 -0.049303321766130857 -0.026838557884610932 0.016032198613340206 0.035443418025970459 -0.038798032737359767 0.030166612466176353 -0.068637033130811612 0.016099013601030623 0.013335173726081848
leaf_weight=223 54 32 33 21 56 84 20 28 21 29 30 29 24 71 54 26 37 36 193 223 51 33 29 66 25 41 30 23 21 20
leaf_count=223 54 32 33 21 56 84 20 28 21 29 30 29 24 71 54 26 37 36 193 223 51 33 29 66 25 41 30 23 21 20
internal_value=0 -0.0180117 -0.0143183 -0.0540394 0.00939309 0.0128631 -0.00699409 -0.0172669 -0.0426521 -0.00280319 0.0130566 -0.0208018 -0.00939095 -0.030129 -0.0200927 -0.00712924 -0.0217398 -0.00206252 0.0175467 0.0148346 0.00929307 0.0053555 -0.010525 0.00294534 0.00458789 -0.0166535 -0.00460459 -0.0327778 -0.0144497 -0.0217052
internal_weight=0 570 517 53 1093 902 191 135 49 86 99 418 188 230 159 105 57 66 679 595 402 351 128 95 79 159 91 68 45 61
internal_count=1663 570 517 53 1093 902 191 135 49 86 99 418 188 230 159 105 57 66 679 595 402 351 128 95 79 159 91 68 45 61
shrinkage=0.1


Tree=4
num_leaves=31
num_cat=0
split_feature=3 2 15 0 15 11 0 3 15 3 14 2 14 13 6 1 2 4 13 4 0 6 4 2 1 14 14 8 0 13
split_gain=23.0252 8.00955 6.66794 5.98127 5.73195 5.75687 5.62234 5.58956 5.84834 4.57023 4.32379 3.9717 5.6544 3.85142 3.82285 5.13391 3.77697 3.68837 3.67005 3.84171 3.56365 3.57975 3.38308 3.3732 3.18789 3.73163 3.00249 2.93938 4.06643 3.26317
threshold=12.500000000000002 38.500000000000007 40.500000000000007 32.500000000000007 10.500000000000002 2.5000000000000004 25.500000000000004 6.5000000000000009 15.500000000000002 4.5000000000000009 1.5000000000000002 24.500000000000004 1.5000000000000002 2.5000000000000004 2.5000000000000004 9.5000000000000018 38.500000000000007 1.5000000000000002 12.500000000000002 1.5000000000000002 16.500000000000004 2.5000000000000004 2.5000000000000004 22.500000000000004 24.500000000000004 26.500000000000004 26.500000000000004 5.5000000000000009 33.500000000000007 12.500000000000002
decision_type=2 2 2 2 2 2 2 2 2 2 2 2 2 2 2 2 2 2 2 2 2 2 2 2 2 2 2 2 2 2
left_child=1 2 6 11 9 -6 7 13 18 -3 -8 14 -13 -1 -2 -16 22 -14 19 -9 21 -15 -5 -20 25 27 -19 29 -29 -12
right_child=3 4 -4 16 5 -7 10 8 -10 -11 24 12 17 20 15 -17 -18 26 23 -21 -22 -23 -24 -25 -26 -27 -28 28 -30 -31
leaf_value=0.041084463815940053 -0.037503089992011469 0.032806644671493107 0.053615807435091804 -0.0043058062854566077 0.005456783694605674 -0.047182006187855258 -0.01920435925324758 -0.028679447703891331 -0.040234918036359424 -0.018317658410352818 0.016487211704254153 0.015833367109298706 -0.074298256856423842 -0.032339345415433249 0.013667387595543496 -0.04222025735811754 -0.031929084788198059 -0.027823762857276974 0.0076341534202749089 0.012448457529494812 0.016349625890537844 0.0052189207354257274 0.041503884111131942 -0.042067702280150526 -0.018743753731250763 0.046048278308340483 -0.062895530859629317 0.013612514424633671 0.040368428362740412 -0.02615137760128294
leaf_weight=38 41 36 34 38 31 63 30 27 47 34 50 20 27 36 65 22 23 131 22 143 177 86 28 36 20 56 30 154 90 28
leaf_count=38 41 36 34 38 31 63 30 27 47 34 50 20 27 36 65 22 23 131 22 143 177 86 28 36 20 56 30 154 90 28
internal_value=0 0.00689429 0.0100374 -0.0200827 -0.0136894 -0.0298224 0.00861276 0.00246399 -0.00811543 0.00797484 0.0174049 -0.0261883 -0.0347171 0.011097 -0.0123288 -0.00046512 0.00296763 -0.0400948 -0.00149431 0.00591638 0.00728593 -0.00586385 0.0151286 -0.0232153 0.0201644 0.022223 -0.0343589 0.0180795 0.0234815 0.00118105
internal_weight=0 1238 1074 425 164 94 1040 612 275 70 428 336 208 337 128 87 89 188 228 170 299 122 66 58 398 378 161 322 244 78
internal_count=1663 1238 1074 425 164 94 1040 612 275 70 428 336 208 337 128 87 89 188 228 170 299 122 66 58 398 378 161 322 244 78
shrinkage=0.1


Tree=5
num_leaves=31
num_cat=0
split_feature=3 2 0 5 0 2 4 9 13 3 8 2 0 15 1 4 1 6 3 9 0 4 15 8 1 15 2 3 1 5
split_gain=18.7553 5.88936 5.89422 5.26981 7.09367 4.52997 4.55302 4.50141 4.37309 5.24482 5.10584 4.94529 3.99912 3.97872 3.9482 3.92346 3.89077 5.73018 3.88393 3.7629 3.81328 4.76365 3.63065 3.31781 3.1463 5.31268 6.2431 3.25292 3.23266 3.76182
threshold=9.5000000000000018 36.500000000000007 31.500000000000004 2.5000000000000004 34.500000000000007 38.500000000000007 3.5000000000000004 15.500000000000002 11.500000000000002 12.500000000000002 12.500000000000002 23.500000000000004 18.500000000000004 40.500000000000007 12.500000000000002 1.5000000000000002 8.5000000000000018 2.5000000000000004 18.500000000000004 43.500000000000007 32.500000000000007 1.0000000180025095e-35 7.5000000000000009 5.5000000000000009 15.500000000000002 19.500000000000004 22.500000000000004 1.0000000180025095e-35 9.5000000000000018 2.5000000000000004
decision_type=2 2 2 2 2 2 2 2 2 2 2 2 2 2 2 2 2 2 2 2 2 2 2 2 2 2 2 2 2 2
left_child=5 2 8 -3 14 13 7 -7 9 -2 12 -12 -10 19 -5 -4 17 -11 -19 20 21 -1 -9 -22 25 28 -27 -26 -23 -30
right_child=1 3 15 4 -6 6 -8 22 10 16 11 -13 -14 -15 -16 -17 -18 18 -20 -21 23 24 -24 -25 27 26 -28 -29 29 -31
leaf_value=-0.033447352382871845 0.010378705142834864 -0.060419260346612269 -0.019760790577641241 -0.052003223740536231 0.028850946327050528 -0.03925461262464524 -0.039921027762549272 0.048178789832375273 -0.012634388154203242 -0.045948570083688807 0.030001740834929725 -0.031206386739557442 -0.064472161168637493 0.048815171917279562 -0.0058305478865100496 0.024541288343342869 -0.03743864401938423 0.023056186819976232 -0.023541139011029846 -0.025579279661178591 -0.00039111137390136725 0.013986818640717963 -0.00087913040382166718 0.032697794055938721 0.06377944678068162 0.011185137714658466 -0.05559330199445997 0.015471935790518058 -0.022718027286362231 0.017587508299411872
leaf_weight=27 109 43 27 46 24 20 35 22 22 27 22 33 46 27 31 77 63 53 27 29 40 422 48 125 20 28 28 46 57 39
leaf_count=27 109 43 27 46 24 20 35 22 22 27 22 33 46 27 31 77 63 53 27 29 40 422 48 125 20 28 28 46 57 39
internal_value=0 -0.0132576 -0.00817967 -0.0311007 -0.0186185 0.00850682 -0.00931674 0.00258492 -0.0136693 -0.00674409 -0.0293776 -0.00672314 -0.0477011 0.0110158 -0.0334142 0.0130398 -0.0177228 -0.00611443 0.00732959 0.00983042 0.0110647 0.00769747 0.0145391 0.0246762 0.00943327 0.00705574 -0.0222041 0.0301106 0.010219 -0.0063439
internal_weight=0 650 506 144 101 1013 125 90 402 279 123 55 68 888 77 104 170 107 80 861 832 667 70 165 640 574 56 66 518 96
internal_count=1663 650 506 144 101 1013 125 90 402 279 123 55 68 888 77 104 170 107 80 861 832 667 70 165 640 574 56 66 518 96
shrinkage=0.1


Tree=6
num_leaves=31
num_cat=0
split_feature=3 2 9 0 0 9 13 15 3 7 2 7 15 2 10 12 14 2 15 1 14 11 6 2 2 8 8 1 3 8
split_gain=15.1969 4.93626 5.66665 4.84798 4.04457 6.10759 5.04343 5.57797 4.36629 3.80857 4.606 3.62935 4.21837 5.14132 4.21379 3.59658 3.38483 4.21822 4.28731 3.17298 3.6499 6.68483 3.07065 3.04392 4.97131 2.92824 3.17342 3.86836 3.75426 2.99573
threshold=10.500000000000002 42.500000000000007 29.500000000000004 32.500000000000007 37.500000000000007 43.500000000000007 11.500000000000002 4.5000000000000009 7.5000000000000009 8.5000000000000018 23.500000000000004 11.500000000000002 9.5000000000000018 19.500000000000004 1.5000000000000002 2.5000000000000004 5.5000000000000009 18.500000000000004 5.5000000000000009 4.5000000000000009 12.500000000000002 2.5000000000000004 3.5000000000000004 12.500000000000002 18.500000000000004 26.500000000000004 5.5000000000000009 8.5000000000000018 2.5000000000000004 13.500000000000002
decision_type=2 2 2 2 2 2 2 2 2 2 2 2 2 2 2 2 2 2 2 2 2 2 2 2 2 2 2 2 2 2
left_child=4 3 -3 11 5 6 16 9 23 -8 -11 12 13 -2 -13 -5 17 -1 -19 -14 21 -21 -17 -9 -25 26 -26 29 -29 -28
right_child=1 2 -4 15 -6 -7 7 8 -10 10 -12 14 19 -15 -16 22 -18 18 -20 20 -22 -23 -24 24 25 -27 27 28 -30 -31
leaf_value=-0.043125183135271077 0.034588528763164171 -0.068790994212031373 -0.0019386651970091321 0.036595142881075543 0.024225076685349151 -0.035653032196892635 0.035960104386761504 0.033987629860639572 -0.033108480014498273 0.025905495775597438 -0.033148694515228276 0.030391584388140977 -0.056153455313215861 -0.019997422173619273 -0.011057794956291247 0.013552386462688446 0.017204757171588266 0.036737620304612549 -0.0045293913981349198 0.036191833870751519 -0.050449986419370096 -0.037891666231484253 -0.03059150576591492 -0.045169959397151557 -0.025766058321352359 -0.033376271569210553 0.011380025706230066 0.018388983263419225 -0.035884864091873171 0.055724429368972789
leaf_weight=20 22 32 21 33 120 36 53 20 63 28 25 29 47 80 159 40 403 34 97 21 31 29 26 29 27 23 39 26 25 25
leaf_count=20 22 32 21 33 120 36 53 20 63 28 25 29 47 80 159 40 403 34 97 21 31 29 26 29 27 23 39 26 25 25
internal_value=0 -0.0132374 -0.0423023 -0.0102579 0.00690333 0.00476704 0.00632 -0.00250366 -0.00996904 0.0170049 -0.00195025 -0.0149705 -0.0233949 -0.00822398 -0.00466401 0.00963996 0.0124201 -0.000349507 0.00618113 -0.0354843 -0.0234911 -0.0067766 -0.00383763 -0.00315696 -0.0069863 -0.000275237 0.0050862 0.0123298 -0.00821584 0.0287021
internal_weight=0 570 53 517 1093 973 937 383 277 106 53 418 230 102 188 99 554 151 131 128 81 50 66 214 194 165 142 115 51 64
internal_count=1663 570 53 517 1093 973 937 383 277 106 53 418 230 102 188 99 554 151 131 128 81 50 66 214 194 165 142 115 51 64
shrinkage=0.1


Tree=7
num_leaves=31
num_cat=0
split_feature=3 13 3 2 15 8 0 1 7 11 0 2 14 15 3 3 0 7 8 15 5 5 2 14 6 3 3 8 3 8
split_gain=12.6903 5.05839 8.69676 5.7384 3.72167 4.71224 3.61421 3.84752 3.37075 4.2402 3.35464 4.00092 3.66997 4.74396 3.43451 3.93045 3.27336 3.25984 3.22567 3.20983 4.35881 4.11768 4.76738 3.16626 3.37211 3.10721 3.1122 2.95052 2.87458 2.72519
threshold=12.500000000000002 11.500000000000002 7.5000000000000009 23.500000000000004 7.5000000000000009 28.500000000000004 35.500000000000007 14.500000000000002 12.500000000000002 2.5000000000000004 28.500000000000004 37.500000000000007 5.5000000000000009 14.500000000000002 4.5000000000000009 8.5000000000000018 36.500000000000007 25.500000000000004 14.500000000000002 9.5000000000000018 2.5000000000000004 3.5000000000000004 21.500000000000004 24.500000000000004 2.5000000000000004 1.0000000180025095e-35 6.5000000000000009 8.5000000000000018 5.5000000000000009 9.5000000000000018
decision_type=2 2 2 2 2 2 2 2 2 2 2 2 2 2 2 2 2 2 2 2 2 2 2 2 2 2 2 2 2 2
left_child=1 8 16 -4 23 18 7 -5 10 17 12 -12 14 -14 -1 -16 19 -10 29 21 -21 -3 -23 24 -2 -11 -27 -18 -15 -6
right_child=4 2 3 6 5 -7 -8 -9 9 25 11 -13 13 28 15 -17 27 -19 -20 20 -22 22 -24 -25 -26 26 -28 -29 -30 -31
leaf_value=0.014328175534804664 -0.030629144757986074 0.019870097609236838 0.0089986751973628997 -0.059433793507773308 -0.012596663450583434 -0.048128082842197058 -0.0031711098093252913 -0.0094786101863497795 0.046226645469665532 0.032962290760947442 0.025224256118138635 -0.022089668398811706 0.012851962757607303 0.0031878769397735598 -0.053941601876056559 -0.0039296346902847291 -0.00097259567542509599 0.0072233128547668467 0.0051263950638851877 -0.031977487383065405 0.004886268597992161 0.019786176898262717 -0.04346407938462038 0.035787461400032049 0.0057680949143001014 -0.017315696466427583 0.015288104628449057 0.045762312327112475 -0.049194525588642471 -0.038009837450403157
leaf_weight=24 40 128 40 58 117 53 26 21 75 41 120 21 192 20 33 30 22 30 59 54 79 22 26 20 70 52 67 35 22 66
leaf_count=24 40 128 40 58 117 53 26 21 75 41 120 21 192 20 33 30 22 30 59 54 79 22 26 20 70 52 67 35 22 66
internal_value=0 0.00511829 -0.00250606 -0.0232325 -0.0149093 -0.0211213 -0.035511 -0.0461546 0.0104774 0.0194681 0.00532034 0.0181775 -0.000327199 0.00619254 -0.0178631 -0.0301264 0.00570524 0.0350828 -0.0152066 0.00164347 -0.010081 0.0105034 -0.0144744 -0.000812692 -0.00746726 0.00922088 0.00104107 0.0277243 -0.0242505 -0.0217621
internal_weight=0 1238 511 145 425 295 105 79 727 265 462 141 321 234 87 63 366 105 242 309 133 176 48 130 110 160 119 57 42 183
internal_count=1663 1238 511 145 425 295 105 79 727 265 462 141 321 234 87 63 366 105 242 309 133 176 48 130 110 160 119 57 42 183
shrinkage=0.1


Tree=8
num_leaves=31
num_cat=0
split_feature=3 2 0 11 8 8 2 13 3 0 5 9 13 14 1 13 2 2 8 0 13 2 15 0 12 6 9 3 10 14
split_gain=10.439 6.90983 5.79785 4.91093 4.78568 6.1738 4.68842 4.24429 3.52889 4.69565 3.19812 3.18086 2.79125 3.40685 3.96266 2.79441 2.55629 2.54269 2.54063 2.92249 4.23053 2.70707 4.83988 3.09232 2.46848 2.6274 2.43022 2.42702 5.83975 5.12101
threshold=5.5000000000000009 41.500000000000007 34.500000000000007 2.5000000000000004 23.500000000000004 50.500000000000007 9.5000000000000018 5.5000000000000009 18.500000000000004 25.500000000000004 1.5000000000000002 17.500000000000004 14.500000000000002 8.5000000000000018 10.500000000000002 31.500000000000004 27.500000000000004 22.500000000000004 10.500000000000002 18.500000000000004 11.500000000000002 34.500000000000007 14.500000000000002 24.500000000000004 2.5000000000000004 3.5000000000000004 28.500000000000004 10.500000000000002 2.5000000000000004 5.5000000000000009
decision_type=2 2 2 2 2 2 2 2 2 2 2 2 2 2 2 2 2 2 2 2 2 2 2 2 2 2 2 2 2 2
left_child=6 2 4 -3 8 7 -1 -6 11 -10 -8 27 13 16 17 -14 -13 -15 19 20 -12 -20 23 -23 -4 -26 -5 29 -29 -2
right_child=1 3 24 26 5 -7 10 -9 9 -11 18 12 15 14 -16 -17 -18 -19 21 -21 -22 22 -24 -25 25 -27 -28 28 -30 -31
leaf_value=0.053753945728143064 -0.026519033864692405 -0.0018491120714890332 0.032124035220061034 -0.059628731271494997 -0.0015602526756433341 0.025135612487792971 -0.022078790701925755 -0.048968438005101859 -0.04545559542519706 0.010754712249921717 0.0105728672898334 -0.024364738166332247 -0.021558213121486161 0.054911912131953892 -0.0076453418567262845 0.02154540192513239 0.012439550005871318 0.020332248747348788 0.021994112536572574 0.0081247884129146929 -0.050079613664875858 -0.0048970499764318057 -0.032749141220535551 0.048178592182341079 0.019855356961488727 -0.018523474136988322 -0.017874445617198944 -0.029194740078470727 0.011414774679220641 0.0092105720478754781
leaf_weight=24 54 38 56 46 26 20 32 69 42 23 23 32 53 37 29 21 46 50 228 206 23 23 28 21 44 30 20 111 52 156
leaf_count=24 54 38 56 46 26 20 32 69 42 23 23 32 53 37 29 21 46 50 228 206 23 23 28 21 44 30 20 111 52 156
internal_value=0 -0.00601462 -0.00333833 -0.0304873 -0.00644534 -0.0253624 0.0104366 -0.0359936 -0.00336395 -0.0255658 0.00865639 -0.00111259 0.00719796 0.013501 0.0243676 -0.00932611 -0.00265965 0.0350385 0.0104381 0.00303592 -0.0197534 0.016656 -0.000248023 0.0204345 0.0162837 0.00429637 -0.0469759 -0.00708372 -0.0162396 2.29591e-05
internal_weight=0 1055 951 104 821 115 608 95 706 65 584 641 268 194 116 74 78 87 552 252 46 300 72 44 130 74 66 373 163 210
internal_count=1663 1055 951 104 821 115 608 95 706 65 584 641 268 194 116 74 78 87 552 252 46 300 72 44 130 74 66 373 163 210
shrinkage=0.1


end of trees

feature_importances:
Column_2=47
Column_3=37
Column_0=34
Column_13=22
Column_1=20
Column_14=18
Column_15=18
Column_8=16
Column_7=10
Column_9=10
Column_4=8
Column_6=8
Column_12=7
Column_11=6
Column_5=5
Column_10=4

parameters:
[boosting: gbdt]
[objective: regression]
[metric: l2]
[tree_learner: serial]
[device_type: cpu]
[data: ]
[valid: ]
[num_iterations: 10000]
[learning_rate: 0.1]
[num_leaves: 31]
[num_threads: 0]
[deterministic: 0]
[force_col_wise: 0]
[force_row_wise: 0]
[histogram_pool_size: -1]
[max_depth: -1]
[min_data_in_leaf: 20]
[min_sum_hessian_in_leaf: 0.001]
[bagging_fraction: 1]
[pos_bagging_fraction: 1]
[neg_bagging_fraction: 1]
[bagging_freq: 0]
[bagging_seed: 3]
[feature_fraction: 1]
[feature_fraction_bynode: 1]
[feature_fraction_seed: 2]
[extra_trees: 0]
[extra_seed: 6]
[early_stopping_round: 10]
[first_metric_only: 0]
[max_delta_step: 0]
[lambda_l1: 0]
[lambda_l2: 0]
[min_gain_to_split: 0]
[drop_rate: 0.1]
[max_drop: 50]
[skip_drop: 0.5]
[xgboost_dart_mode: 0]
[uniform_drop: 0]
[drop_seed: 4]
[top_rate: 0.2]
[other_rate: 0.1]
[min_data_per_group: 100]
[max_cat_threshold: 32]
[cat_l2: 10]
[cat_smooth: 10]
[max_cat_to_onehot: 4]
[top_k: 20]
[monotone_constraints: ]
[monotone_constraints_method: basic]
[monotone_penalty: 0]
[feature_contri: ]
[forcedsplits_filename: ]
[refit_decay_rate: 0.9]
[cegb_tradeoff: 1]
[cegb_penalty_split: 0]
[cegb_penalty_feature_lazy: ]
[cegb_penalty_feature_coupled: ]
[path_smooth: 0]
[interaction_constraints: ]
[verbosity: 1]
[saved_feature_importance_type: 0]
[max_bin: 255]
[max_bin_by_feature: ]
[min_data_in_bin: 3]
[bin_construct_sample_cnt: 200000]
[data_random_seed: 1]
[is_enable_sparse: 1]
[enable_bundle: 1]
[use_missing: 1]
[zero_as_missing: 0]
[feature_pre_filter: 1]
[pre_partition: 0]
[two_round: 0]
[header: 0]
[label_column: ]
[weight_column: ]
[group_column: ]
[ignore_column: ]
[categorical_feature: ]
[forcedbins_filename: ]
[objective_seed: 5]
[num_class: 1]
[is_unbalance: 0]
[scale_pos_weight: 1]
[sigmoid: 1]
[boost_from_average: 1]
[reg_sqrt: 0]
[alpha: 0.9]
[fair_c: 1]
[poisson_max_delta_step: 0.7]
[tweedie_variance_power: 1.5]
[lambdarank_truncation_level: 30]
[lambdarank_norm: 1]
[label_gain: ]
[eval_at: ]
[multi_error_top_k: 1]
[auc_mu_weights: ]
[num_machines: 1]
[local_listen_port: 12400]
[time_out: 120]
[machine_list_filename: ]
[machines: ]
[gpu_platform_id: -1]
[gpu_device_id: -1]
[gpu_use_dp: 0]
[num_gpu: 1]

end of parameters

pandas_categorical:null
