tree
version=v3
num_class=1
num_tree_per_iteration=1
label_index=0
max_feature_idx=15
objective=regression
feature_names=Column_0 Column_1 Column_2 Column_3 Column_4 Column_5 Column_6 Column_7 Column_8 Column_9 Column_10 Column_11 Column_12 Column_13 Column_14 Column_15
feature_infos=[1:49] [0:38] [1:49] [0:61] [0:7] [0:6] [0:7] [6:151] [0:141] [0:156] [0:7] [0:7] [0:7] [0:198] [0:139] [0:142]
tree_sizes=2762 2743 2737 2752 2752 2736 2761 2741

Tree=0
num_leaves=31
num_cat=0
split_feature=2 0 3 14 1 8 2 1 7 0 0 15 6 15 1 8 15 11 7 7 14 13 0 7 14 4 2 8 7 5
split_gain=45.7364 23.2803 15.916 10.0437 9.32806 8.33759 7.95453 7.02899 12.928 7.12858 6.50457 5.88607 5.62604 7.61422 5.61061 6.72759 7.01933 4.7446 4.6398 4.40004 4.11706 3.94954 6.16789 6.28367 5.07834 4.84072 3.72769 3.68936 3.59529 5.05668
threshold=30.500000000000004 27.500000000000004 20.500000000000004 23.500000000000004 3.5000000000000004 20.500000000000004 33.500000000000007 6.5000000000000009 15.500000000000002 21.500000000000004 18.500000000000004 1.0000000180025095e-35 3.5000000000000004 10.500000000000002 12.500000000000002 14.500000000000002 17.500000000000004 1.5000000000000002 14.500000000000002 7.5000000000000009 11.500000000000002 6.5000000000000009 22.500000000000004 8.5000000000000018 6.5000000000000009 1.5000000000000002 20.500000000000004 17.500000000000004 14.500000000000002 3.5000000000000004
decision_type=2 2 2 2 2 2 2 2 2 2 2 2 2 2 2 2 2 2 2 2 2 2 2 2 2 2 2 2 2 2
left_child=1 2 4 14 10 7 -7 12 9 -9 -1 -6 -2 -14 15 16 20 -13 -8 -11 -3 25 24 -24 26 -19 -23 -4 29 -12
right_child=5 3 27 -5 11 6 18 8 -10 19 28 17 13 -15 -16 -17 -18 21 -20 -21 -22 22 23 -25 -26 -27 -28 -29 -30 -31
leaf_value=-0.042085208700424093 -0.061625140981965559 0.0054098976734791721 -0.053637719768520054 0.047195610852250061 0.03245423193241842 -0.016704387454978036 -0.092090099730348277 -0.046018672392700383 -0.067260907854818031 0.042695611008712248 -0.010130474585648997 0.026247335545120883 0.0078206118953313385 -0.06230438624699057 0.02850917068824773 0.026495611400612788 -0.065304386167517714 0.024695611448296503 -0.051699735365127189 -0.0074472448430657166 -0.027681436344513408 0.0059456119450018718 -0.036971053584761382 0.022895611495980218 -0.04398859725850908 -0.011943731843387425 -0.029304387121192023 -0.11030438497542482 -0.047304386644354865 -0.054442317489747032
leaf_weight=219 159 98 27 56 29 25 84 28 46 30 230 29 32 30 59 50 24 40 43 42 61 48 27 50 133 366 80 20 40 29
leaf_count=219 159 98 27 56 29 25 84 28 46 30 230 29 32 30 59 50 24 40 43 42 61 48 27 50 133 366 80 20 40 29
internal_value=-0.0225604 -0.0146892 -0.0205677 0.00840251 -0.0185317 -0.0485703 -0.0682649 -0.0404134 -0.0233866 -0.00320439 -0.0289916 -0.0117757 -0.0516619 -0.0261108 0.000962735 -0.00601254 -0.0148946 -0.013435 -0.0784146 0.0134456 -0.00728552 -0.0149818 -0.0229671 0.0019034 -0.0303044 -0.00833394 -0.0160856 -0.0777512 -0.0194014 -0.015092
internal_weight=0 1715 1367 348 1320 519 152 367 146 100 518 802 221 62 292 233 183 773 127 72 159 744 338 77 261 406 128 47 299 259
internal_count=2234 1715 1367 348 1320 519 152 367 146 100 518 802 221 62 292 233 183 773 127 72 159 744 338 77 261 406 128 47 299 259
shrinkage=1


Tree=1
num_leaves=31
num_cat=0
split_feature=2 0 0 13 1 2 1 1 7 6 3 2 6 11 0 8 4 7 11 9 13 10 14 15 3 14 2 4 3 15
split_gain=38.5108 16.8403 11.1458 10.5741 9.48458 7.42431 7.33794 6.32659 5.99109 5.8733 5.44503 4.96521 6.06658 4.70743 4.52798 4.49112 4.40234 4.13581 6.53594 4.0853 3.61373 8.16547 3.72134 6.29748 4.99931 3.54044 3.56679 4.44616 6.32805 3.70958
threshold=25.500000000000004 21.500000000000004 25.500000000000004 14.500000000000002 13.500000000000002 10.500000000000002 12.500000000000002 7.5000000000000009 6.5000000000000009 1.5000000000000002 16.500000000000004 35.500000000000007 2.5000000000000004 2.5000000000000004 32.500000000000007 15.500000000000002 2.5000000000000004 8.5000000000000018 2.5000000000000004 18.500000000000004 12.500000000000002 2.5000000000000004 8.5000000000000018 7.5000000000000009 9.5000000000000018 6.5000000000000009 21.500000000000004 1.5000000000000002 4.5000000000000009 1.5000000000000002
decision_type=2 2 2 2 2 2 2 2 2 2 2 2 2 2 2 2 2 2 2 2 2 2 2 2 2 2 2 2 2 2
left_child=1 3 9 7 5 -3 11 16 -7 -2 20 12 -4 -11 -14 -9 25 -13 -19 -8 22 -22 23 -10 -24 -1 27 -27 -29 -30
right_child=2 4 6 -5 -6 8 19 15 10 13 -12 17 14 -15 -16 -17 -18 18 -20 -21 21 -23 24 -25 -26 26 -28 28 29 -31
leaf_value=0.010907474465398904 -0.055247186061362141 0.063222092730658402 -0.019696858560337743 -0.041889201020294767 0.060589067734056902 -0.0091688928780732336 0.0052470691226146841 0.03947816700130314 0.067733092475355722 -0.0095715486411507254 -0.016365276234490533 -0.00073109216549817259 -0.0046373571898486168 -0.033171566063758887 0.045537190437316896 -0.0093040876388549801 -0.02346680052022436 0.0011615462925123133 -0.063250428080558779 0.052316935360431673 -0.032069307193160056 0.035702935308218005 0.0058967350543230428 0.020077845895731892 0.047908007247107372 0.031430046374981223 -0.036903788509040046 -0.035888298614969796 0.026497896432876589 -0.0037420661504878557
leaf_weight=332 71 35 85 53 62 81 54 77 57 141 35 34 37 211 35 25 67 23 50 28 32 40 87 54 42 39 29 53 50 215
leaf_count=332 71 35 85 53 62 81 54 77 57 141 35 34 37 211 35 25 67 23 50 28 32 40 87 54 42 39 29 53 50 215
internal_value=0 0.00951249 -0.018122 0.00149992 0.0238588 0.0189403 -0.00481058 0.00409251 0.0153191 -0.0290103 0.0210353 -0.0129268 -0.00160518 -0.0237181 0.019753 0.0275217 0.0010482 -0.0295389 -0.0429562 0.0213197 0.0252309 0.00558194 0.0311256 0.0445495 0.0195748 0.00333581 -0.0031766 -0.000436856 -0.00434506 0.00196359
internal_weight=0 1465 769 940 525 463 346 887 428 423 347 264 157 352 72 102 785 107 73 82 312 72 240 111 129 718 386 357 318 265
internal_count=2234 1465 769 940 525 463 346 887 428 423 347 264 157 352 72 102 785 107 73 82 312 72 240 111 129 718 386 357 318 265
shrinkage=0.1


Tree=2
num_leaves=31
num_cat=0
split_feature=2 0 0 13 1 1 14 1 9 12 3 14 13 15 8 7 0 2 6 9 15 12 15 12 2 14 9 1 7 7
split_gain=31.1938 14.2532 9.02806 8.97755 8.53133 6.9345 6.61297 5.94373 4.79738 4.78583 4.70948 4.64282 4.40137 4.39726 6.82746 4.0357 3.82824 3.57384 7.20926 3.55996 3.55499 3.7394 4.64518 3.40401 3.49937 4.53936 3.43293 3.2109 3.15762 4.24077
threshold=25.500000000000004 24.500000000000004 25.500000000000004 14.500000000000002 12.500000000000002 7.5000000000000009 23.500000000000004 12.500000000000002 3.5000000000000004 1.5000000000000002 22.500000000000004 9.5000000000000018 2.5000000000000004 18.500000000000004 14.500000000000002 15.500000000000002 18.500000000000004 35.500000000000007 2.5000000000000004 12.500000000000002 1.0000000180025095e-35 2.5000000000000004 9.5000000000000018 3.5000000000000004 14.500000000000002 5.5000000000000009 5.5000000000000009 12.500000000000002 8.5000000000000018 12.500000000000002
decision_type=2 2 2 2 2 2 2 2 2 2 2 2 2 2 2 2 2 2 2 2 2 2 2 2 2 2 2 2 2 2
left_child=1 3 8 5 6 11 13 10 -2 -10 17 20 -7 23 -15 -9 -14 18 -4 -20 -1 -22 -23 24 -3 -26 -27 -18 -19 -30
right_child=2 4 7 -5 -6 12 -8 15 9 -11 -12 -13 16 14 -16 -17 27 28 19 -21 21 22 -24 -25 25 26 -28 -29 29 -31
leaf_value=0.041491698777234118 -0.050877401684269769 0.05573069268259509 -0.017146528370772737 -0.031783768704959324 0.056240570106326715 0.064781354864438381 0.056372360388437903 0.034304028995601192 0.011531496888551956 -0.025584983619504006 -0.048251033406103816 -0.011171089299922981 -0.0047307077957236257 -0.054157832653626149 0.025730761587619784 -0.013370433678993814 0.045297309412406041 0.004115957021713257 -0.00050375530352959267 0.047517528816273337 0.0075083397249310043 -0.031384628497321036 0.015610279458941837 -0.0090154685472187256 0.047848943600783483 -0.025224466562271119 0.017105474050452069 -0.0018506628274917603 -0.071848406678154356 -0.016109783985675911
leaf_weight=27 66 29 79 70 73 24 39 56 39 318 31 207 46 23 20 26 52 30 26 38 562 58 33 38 37 25 82 20 21 39
leaf_count=27 66 29 79 70 73 24 39 56 39 318 31 207 46 23 20 26 52 30 26 38 562 58 33 38 37 25 82 20 21 39
internal_value=0 0.00856124 -0.0163098 0.00286906 0.0256533 0.0052264 0.0180326 -0.00432952 -0.0261092 -0.0215302 -0.0116341 0.0019418 0.0257436 0.0121458 -0.0170003 0.0191877 0.0178037 -0.00676235 0.00306289 0.0280089 0.00593352 0.00446327 -0.0143425 0.0180855 0.0240384 0.0176559 0.0072153 0.0322007 -0.0223735 -0.0356183
internal_weight=0 1465 769 1099 366 1029 293 346 423 357 264 887 142 254 43 82 118 233 143 64 680 653 91 211 173 144 107 72 90 60
internal_count=2234 1465 769 1099 366 1029 293 346 423 357 264 887 142 254 43 82 118 233 143 64 680 653 91 211 173 144 107 72 90 60
shrinkage=0.1


Tree=3
num_leaves=31
num_cat=0
split_feature=2 0 3 8 14 14 2 8 1 0 1 12 15 0 3 10 6 8 9 9 6 8 15 10 9 15 14 12 0 6
split_gain=26.0427 13.6755 12.0841 8.34779 8.02872 6.9519 6.61309 8.56138 8.31134 6.5848 6.47993 6.1799 4.99886 8.1433 5.62909 4.99134 5.22299 4.50258 3.97464 7.86103 3.82002 4.01674 3.98592 3.79741 3.77662 3.56549 3.55402 3.59828 3.40589 3.83286
threshold=32.500000000000007 27.500000000000004 20.500000000000004 18.500000000000004 37.500000000000007 2.5000000000000004 23.500000000000004 25.500000000000004 7.5000000000000009 35.500000000000007 13.500000000000002 1.5000000000000002 7.5000000000000009 22.500000000000004 10.500000000000002 2.5000000000000004 2.5000000000000004 21.500000000000004 9.5000000000000018 12.500000000000002 3.5000000000000004 12.500000000000002 11.500000000000002 2.5000000000000004 4.5000000000000009 1.0000000180025095e-35 10.500000000000002 2.5000000000000004 18.500000000000004 1.5000000000000002
decision_type=2 2 2 2 2 2 2 2 2 2 2 2 2 2 2 2 2 2 2 2 2 2 2 2 2 2 2 2 2 2
left_child=1 2 6 5 10 -2 8 12 25 -5 18 -7 13 24 15 16 -14 -10 26 23 21 -13 -22 -20 -8 -1 -3 -28 -27 -30
right_child=3 4 -4 9 -6 11 7 -9 17 -11 -12 20 14 -15 -16 -17 -18 -19 19 -21 22 -23 -24 -25 -26 28 27 -29 29 -31
leaf_value=0.030636621940703618 0.027309301724800696 0.036610187902006992 -0.048209228685923984 -0.048913914272013831 0.077714976171652475 0.021962978877127171 -0.052317599703868234 0.04517839002609253 0.032534785528440739 0.011250834805624825 0.045892116383594632 -0.044475115105509763 -0.029508887494311617 0.036159231265385942 -0.061076440960168843 -0.051960622199944087 0.025919884092667524 -0.015950835834849963 -0.060538396596908572 0.014866497611577531 0.028654698444449386 -0.0055208509167035428 -0.029601675520340605 -0.0020775341987609866 -0.0067419296105702721 -0.0098857702167184508 0.02958740166255406 -0.021109735752855029 -0.02724825508064694 0.0063256997268701654
leaf_weight=42 39 86 49 136 24 32 24 25 148 21 68 100 34 39 40 28 34 22 25 113 23 36 24 20 75 222 28 28 36 613
leaf_count=42 39 86 49 136 24 32 24 25 148 21 68 100 34 39 40 28 34 22 25 113 23 36 24 20 75 222 28 28 36 613
internal_value=0 0.0051266 0.00059344 -0.0227392 0.0216749 -0.0115345 0.00232378 -0.0108414 0.00595849 -0.0408664 0.0180202 -0.0185806 -0.0159527 -0.00254389 -0.0295587 -0.0164263 -0.0017945 0.0262602 0.0117025 0.000790529 -0.0256702 -0.0341637 -0.00109324 -0.0345558 -0.0177906 0.00217833 0.023844 0.00423883 0.000806057 0.00446335
internal_weight=0 1823 1431 411 392 254 1382 299 1083 157 368 215 274 138 136 96 68 170 300 158 183 136 47 45 99 913 142 56 871 649
internal_count=2234 1823 1431 411 392 254 1382 299 1083 157 368 215 274 138 136 96 68 170 300 158 183 136 47 45 99 913 142 56 871 649
shrinkage=0.1


Tree=4
num_leaves=31
num_cat=0
split_feature=2 0 3 14 6 1 13 8 7 12 6 15 1 7 8 0 13 9 0 14 9 8 8 1 8 1 0 14 2 15
split_gain=21.5334 11.264 9.09646 6.05864 5.84075 5.36033 4.74968 5.47013 5.60606 5.36005 4.84228 4.10808 4.08731 4.03098 3.90428 5.67196 3.57052 6.71381 3.93802 3.7562 4.48965 3.52161 6.4582 4.13524 5.48911 4.71241 4.4566 7.45092 4.2365 3.39239
threshold=30.500000000000004 27.500000000000004 20.500000000000004 37.500000000000007 1.0000000180025095e-35 2.5000000000000004 1.0000000180025095e-35 20.500000000000004 31.500000000000004 1.5000000000000002 3.5000000000000004 15.500000000000002 13.500000000000002 13.500000000000002 12.500000000000002 24.500000000000004 14.500000000000002 18.500000000000004 10.500000000000002 10.500000000000002 3.5000000000000004 26.500000000000004 15.500000000000002 7.5000000000000009 10.500000000000002 5.5000000000000009 23.500000000000004 9.5000000000000018 23.500000000000004 6.5000000000000009
decision_type=2 2 2 2 2 2 2 2 2 2 2 2 2 2 2 2 2 2 2 2 2 2 2 2 2 2 2 2 2 2
left_child=1 2 5 12 -2 13 -6 8 9 -8 14 -12 -3 16 -11 -16 17 18 -1 20 -20 22 23 25 28 26 27 -7 -25 -21
right_child=4 3 -4 -5 6 21 7 -9 -10 10 11 -13 -14 -15 15 -17 -18 -19 19 29 -22 -23 -24 24 -26 -27 -28 -29 -30 -31
leaf_value=-0.038280361890792848 -0.051077679544687275 0.01273788667436856 -0.041918599795787895 0.06994347845514616 0.030906001275235958 0.0098403239355445184 0.029394334554672243 -0.034355410022868051 -0.051736479381035122 -0.029288850142250935 0.027965581292907399 -0.024218284000049939 0.042442910958613668 -0.024486321851771367 -0.023399800393316482 0.039360557993253074 -0.034205313920974735 0.057986927032470707 0.030025694831725094 0.0054082633281240661 -0.011160701447428921 0.041745381930778772 -0.020172769118504352 0.022221102582083808 0.050353864595001824 -0.024492059191878964 0.047500478117554278 -0.030837240576744081 -0.020643035442598406 0.050097057452568643
leaf_weight=27 48 268 47 24 22 453 38 126 29 126 48 22 56 93 36 24 30 20 31 49 181 29 83 90 51 49 27 50 31 26
leaf_count=27 48 268 47 24 22 453 38 126 29 126 48 22 56 93 36 24 30 20 31 49 181 29 83 90 51 49 27 50 31 26
internal_value=0 0.0054009 0.00131188 0.0214632 -0.0178469 0.00285115 -0.0144603 -0.0166832 -0.00978936 -0.00565171 -0.0108539 0.0115649 0.0178721 -0.00590587 -0.019291 0.00170434 -0.00115866 0.0018096 -0.00176857 0.00166633 -0.00513816 0.00748841 0.00629722 0.00922266 0.0228373 0.00517825 0.00792135 0.00579683 0.0112394 0.0209004
internal_weight=0 1715 1367 348 519 1320 471 449 323 294 256 70 324 457 186 60 364 334 314 287 212 863 834 751 172 579 530 503 121 75
internal_count=2234 1715 1367 348 519 1320 471 449 323 294 256 70 324 457 186 60 364 334 314 287 212 863 834 751 172 579 530 503 121 75
shrinkage=0.1


Tree=5
num_leaves=31
num_cat=0
split_feature=2 0 7 13 12 2 2 13 8 1 11 2 13 9 6 15 9 13 11 9 15 12 9 15 0 7 8 11 13 8
split_gain=18.0089 8.39278 6.02689 5.86988 5.78841 5.79941 4.67164 4.12284 3.98889 3.93877 5.24996 4.87577 4.62126 3.90355 4.45517 3.74695 3.86516 3.72924 3.44518 3.35799 3.26604 4.43889 3.16961 4.59057 4.30914 3.27078 3.11724 4.48932 3.08981 3.06213
threshold=25.500000000000004 21.500000000000004 8.5000000000000018 14.500000000000002 1.5000000000000002 39.500000000000007 11.500000000000002 1.0000000180025095e-35 20.500000000000004 12.500000000000002 2.5000000000000004 19.500000000000004 9.5000000000000018 21.500000000000004 2.5000000000000004 7.5000000000000009 4.5000000000000009 3.5000000000000004 1.5000000000000002 7.5000000000000009 13.500000000000002 2.5000000000000004 14.500000000000002 5.5000000000000009 35.500000000000007 8.5000000000000018 4.5000000000000009 2.5000000000000004 13.500000000000002 10.500000000000002
decision_type=2 2 2 2 2 2 2 2 2 2 2 2 2 2 2 2 2 2 2 2 2 2 2 2 2 2 2 2 2 2
left_child=1 3 15 18 5 17 -4 -6 22 10 11 12 -8 14 -12 16 -3 -2 -1 -18 21 -17 24 -24 29 -26 -25 -28 -19 -9
right_child=4 2 6 -5 7 -7 9 8 -10 -11 13 -13 -14 -15 -16 20 19 28 -20 -21 -22 -23 23 26 25 -27 27 -29 -30 -31
leaf_value=0.036679254934705537 -0.012760818275538358 -0.021869898384267634 0.061626758690803286 -0.031479224393952565 0.020989391310461639 -0.031904230209497307 0.031900896032651269 -0.032980458385094349 -0.031876818205686226 0.046870915682948371 0.0055665357851646322 0.045057399552545431 -0.027678174557893172 0.037197750806808476 -0.04153570894684111 0.0026670482754707339 0.05262857120612572 0.053771707663933438 0.0016343342188077097 0.010009808400098016 0.0068592793884731471 -0.061121536791324621 0.024476351382884575 -0.046408850767395718 0.037752824170248854 -0.013360802588924284 0.025982520729303363 -0.019658592704570654 0.0068497040997380805 -0.011038087111599041
leaf_weight=29 22 22 31 53 29 26 30 159 149 49 71 81 23 24 28 20 29 36 858 51 42 24 47 22 21 31 32 66 23 106
leaf_count=29 22 22 31 53 29 26 30 159 149 49 71 81 23 24 28 20 29 36 858 51 42 24 47 22 21 31 32 66 23 106
internal_value=0 0.00650499 0.0166329 0.000848466 -0.0123925 0.00918763 0.0246355 -0.0158805 -0.0175696 0.020888 0.015934 0.0296274 0.00604583 0.00101602 -0.00775531 0.00228779 0.0152509 0.0223776 0.00278011 0.0254591 -0.013087 -0.0321267 -0.0131652 -0.00201576 -0.0190388 0.00728124 -0.0123918 -0.00475537 0.0354801 -0.0242035
internal_weight=0 1465 525 940 769 107 337 662 633 306 257 134 53 123 99 188 102 81 887 80 86 44 484 167 317 52 120 98 59 265
internal_count=2234 1465 525 940 769 107 337 662 633 306 257 134 53 123 99 188 102 81 887 80 86 44 484 167 317 52 120 98 59 265
shrinkage=0.1


Tree=6
num_leaves=31
num_cat=0
split_feature=2 0 3 14 6 1 15 6 13 14 8 2 1 7 0 13 7 6 7 9 14 0 8 3 1 2 8 1 14 2
split_gain=14.7899 8.10161 7.19616 4.6448 4.58112 4.19793 3.89799 3.5292 3.84897 3.40973 4.40075 3.51557 3.24149 3.16337 6.08478 4.57377 3.55649 3.09118 3.01065 5.41035 3.0857 2.9721 2.95052 2.86328 5.50288 4.25444 4.85494 2.85917 4.61954 3.39853
threshold=30.500000000000004 27.500000000000004 20.500000000000004 23.500000000000004 1.0000000180025095e-35 2.5000000000000004 39.500000000000007 1.5000000000000002 19.500000000000004 6.5000000000000009 17.500000000000004 27.500000000000004 6.5000000000000009 9.5000000000000018 20.500000000000004 2.5000000000000004 12.500000000000002 2.5000000000000004 13.500000000000002 17.500000000000004 10.500000000000002 17.500000000000004 17.500000000000004 3.5000000000000004 8.5000000000000018 19.500000000000004 15.500000000000002 2.5000000000000004 2.5000000000000004 43.500000000000007
decision_type=2 2 2 2 2 2 2 2 2 2 2 2 2 2 2 2 2 2 2 2 2 2 2 2 2 2 2 2 2 2
left_child=1 2 5 9 -2 7 12 -1 18 11 -11 -3 27 23 15 -15 -17 -16 19 20 -9 -22 -4 24 -7 -25 -27 28 -6 -30
right_child=4 3 22 -5 6 13 -8 8 -10 10 -12 -13 -14 14 17 16 -18 -19 -20 -21 21 -23 -24 25 -26 26 -28 -29 29 -31
leaf_value=-0.03414205924058572 -0.044220843662818275 0.038645987291085093 -0.015878285191677236 0.044479255910430643 0.028964000498806992 -0.027558246416014592 -0.049427459560907806 -0.0059685455002915977 -0.043399880691008141 -0.0015986673112185499 0.039588374091732888 -0.0039535102935937738 0.00081162900356940054 0.038071080528456591 0.049691557089487713 0.010891625989567151 -0.025768796252269372 0.012296498503003801 -0.018767253340107121 0.052798988137926377 -0.0046101555630967432 0.033279594081513424 -0.066554177999496464 0.026273347887881965 0.019257971644401552 0.0043112401801030991 -0.044975136007581441 -0.030851855031822042 -0.0098307701330336318 -0.053282707078116276
leaf_weight=39 48 76 27 56 27 74 26 218 22 159 31 26 179 29 60 55 51 35 73 21 37 47 20 86 38 414 21 92 126 21
leaf_count=39 48 76 27 56 27 74 26 218 22 159 31 26 179 29 60 55 51 35 73 21 37 47 20 86 38 414 21 92 126 21
internal_value=0 0.00447603 0.00100819 0.0180983 -0.0147907 0.00237727 -0.0117915 -0.00537231 -0.00268805 0.0130389 0.00512132 0.0277873 -0.00959253 0.00648104 0.0165251 0.00288068 -0.00674688 0.0359144 -0.000426284 0.00371889 0.000306034 0.0165901 -0.0374425 0.00283156 -0.0116742 0.00594987 0.0019319 -0.0165938 -0.00905509 -0.0160382
internal_weight=0 1715 1367 348 519 1320 471 457 418 292 190 102 445 863 230 135 106 95 396 323 302 84 47 633 112 521 435 266 174 147
internal_count=2234 1715 1367 348 519 1320 471 457 418 292 190 102 445 863 230 135 106 95 396 323 302 84 47 633 112 521 435 266 174 147
shrinkage=0.1


Tree=7
num_leaves=31
num_cat=0
split_feature=2 1 5 6 8 0 14 9 3 6 12 0 12 2 1 14 7 3 3 15 10 14 7 3 8 3 2 8 9 2
split_gain=12.1864 7.08992 7.62139 7.47675 4.97379 4.86261 4.69833 4.64059 8.26059 4.73537 4.03337 3.96154 3.64567 3.59275 3.2349 3.16203 3.30875 3.68021 3.1798 3.11628 4.86817 5.24206 4.59323 3.35615 3.64138 4.55977 3.02125 2.85637 2.85605 7.00494
threshold=32.500000000000007 7.5000000000000009 1.5000000000000002 1.5000000000000002 18.500000000000004 35.500000000000007 2.5000000000000004 5.5000000000000009 12.500000000000002 1.5000000000000002 1.5000000000000002 19.500000000000004 1.5000000000000002 14.500000000000002 19.500000000000004 4.5000000000000009 6.5000000000000009 15.500000000000002 2.5000000000000004 7.5000000000000009 1.5000000000000002 4.5000000000000009 9.5000000000000018 18.500000000000004 6.5000000000000009 1.0000000180025095e-35 20.500000000000004 6.5000000000000009 10.500000000000002 21.500000000000004
decision_type=2 2 2 2 2 2 2 2 2 2 2 2 2 2 2 2 2 2 2 2 2 2 2 2 2 2 2 2 2 2
left_child=1 3 27 10 6 -6 -2 8 -4 -9 -1 -5 -8 -13 15 -11 -17 18 -18 23 -21 22 -22 24 25 -15 -12 -3 -23 -30
right_child=4 2 7 11 5 -7 12 9 -10 14 26 13 -14 19 -16 16 17 -19 -20 20 21 28 -24 -25 -26 -27 -28 -29 29 -31
leaf_value=0.0019868041787828718 0.025026971865922978 -0.04031465207376788 0.017772362503824354 -0.0064195386536134401 -0.036462834378814001 0.01523895575886681 0.018441379070281982 0.061102015376091001 -0.048181254148483281 0.040493830390598465 -0.018510758214526708 0.026716506481170656 -0.018143959952101031 -0.010183963069209347 0.054199840845885111 -0.019819415437764137 0.041537478923797611 0.055871284859521059 0.00096637862570145543 0.026626083725377132 -0.017004936933517456 -0.035068529612058169 0.047034880270560582 -0.032542428374290465 0.0053256080931976067 0.037125364484557187 -0.056805068607393067 0.0074512694563184465 0.027896723824162639 -0.037380153792245047
leaf_weight=42 39 31 79 366 136 21 32 35 25 46 45 76 183 27 27 29 25 21 85 38 21 77 24 20 476 83 38 21 31 35
leaf_count=42 39 31 79 366 136 21 32 35 25 46 45 76 183 27 27 29 25 21 85 38 21 77 24 20 476 83 38 21 31 35
internal_value=0 0.00350691 0.0148349 7.36901e-05 -0.015555 -0.0295473 -0.00690618 0.0198475 0.00191813 0.0268052 -0.023265 0.0023636 -0.0126987 0.00590394 0.0216533 0.0173875 0.0107445 0.0175105 0.0101871 0.00400279 -0.00601885 -0.0126173 0.0171496 0.00774023 0.00911506 0.0255131 -0.0360431 -0.0210246 -0.0219845 -0.0067198
internal_weight=0 1823 424 1399 411 157 254 372 104 268 125 1274 215 908 233 206 160 131 110 832 226 188 45 606 586 110 83 52 143 66
internal_count=2234 1823 424 1399 411 157 254 372 104 268 125 1274 215 908 233 206 160 131 110 832 226 188 45 606 586 110 83 52 143 66
shrinkage=0.1


end of trees

feature_importances:
Column_2=26
Column_0=25
Column_1=23
Column_8=23
Column_14=21
Column_7=19
Column_15=18
Column_9=16
Column_3=15
Column_6=15
Column_13=14
Column_12=10
Column_11=6
Column_10=4
Column_4=3
Column_5=2

parameters:
[boosting: gbdt]
[objective: regression]
[metric: l2]
[tree_learner: serial]
[device_type: cpu]
[data: ]
[valid: ]
[num_iterations: 10000]
[learning_rate: 0.1]
[num_leaves: 31]
[num_threads: 0]
[deterministic: 0]
[force_col_wise: 0]
[force_row_wise: 0]
[histogram_pool_size: -1]
[max_depth: -1]
[min_data_in_leaf: 20]
[min_sum_hessian_in_leaf: 0.001]
[bagging_fraction: 1]
[pos_bagging_fraction: 1]
[neg_bagging_fraction: 1]
[bagging_freq: 0]
[bagging_seed: 3]
[feature_fraction: 1]
[feature_fraction_bynode: 1]
[feature_fraction_seed: 2]
[extra_trees: 0]
[extra_seed: 6]
[early_stopping_round: 10]
[first_metric_only: 0]
[max_delta_step: 0]
[lambda_l1: 0]
[lambda_l2: 0]
[min_gain_to_split: 0]
[drop_rate: 0.1]
[max_drop: 50]
[skip_drop: 0.5]
[xgboost_dart_mode: 0]
[uniform_drop: 0]
[drop_seed: 4]
[top_rate: 0.2]
[other_rate: 0.1]
[min_data_per_group: 100]
[max_cat_threshold: 32]
[cat_l2: 10]
[cat_smooth: 10]
[max_cat_to_onehot: 4]
[top_k: 20]
[monotone_constraints: ]
[monotone_constraints_method: basic]
[monotone_penalty: 0]
[feature_contri: ]
[forcedsplits_filename: ]
[refit_decay_rate: 0.9]
[cegb_tradeoff: 1]
[cegb_penalty_split: 0]
[cegb_penalty_feature_lazy: ]
[cegb_penalty_feature_coupled: ]
[path_smooth: 0]
[interaction_constraints: ]
[verbosity: 1]
[saved_feature_importance_type: 0]
[max_bin: 255]
[max_bin_by_feature: ]
[min_data_in_bin: 3]
[bin_construct_sample_cnt: 200000]
[data_random_seed: 1]
[is_enable_sparse: 1]
[enable_bundle: 1]
[use_missing: 1]
[zero_as_missing: 0]
[feature_pre_filter: 1]
[pre_partition: 0]
[two_round: 0]
[header: 0]
[label_column: ]
[weight_column: ]
[group_column: ]
[ignore_column: ]
[categorical_feature: ]
[forcedbins_filename: ]
[objective_seed: 5]
[num_class: 1]
[is_unbalance: 0]
[scale_pos_weight: 1]
[sigmoid: 1]
[boost_from_average: 1]
[reg_sqrt: 0]
[alpha: 0.9]
[fair_c: 1]
[poisson_max_delta_step: 0.7]
[tweedie_variance_power: 1.5]
[lambdarank_truncation_level: 30]
[lambdarank_norm: 1]
[label_gain: ]
[eval_at: ]
[multi_error_top_k: 1]
[auc_mu_weights: ]
[num_machines: 1]
[local_listen_port: 12400]
[time_out: 120]
[machine_list_filename: ]
[machines: ]
[gpu_platform_id: -1]
[gpu_device_id: -1]
[gpu_use_dp: 0]
[num_gpu: 1]

end of parameters

pandas_categorical:null
