tree
version=v3
num_class=1
num_tree_per_iteration=1
label_index=0
max_feature_idx=15
objective=regression
feature_names=Column_0 Column_1 Column_2 Column_3 Column_4 Column_5 Column_6 Column_7 Column_8 Column_9 Column_10 Column_11 Column_12 Column_13 Column_14 Column_15
feature_infos=[1:49] [0:63] [1:49] [0:74] [0:7] [0:7] [0:7] [0:175] [0:145] [0:170] [0:9] [0:7] [0:7] [0:164] [0:120] [0:134]
tree_sizes=1437 1453 1534 1455 1375 1368

Tree=0
num_leaves=16
num_cat=0
split_feature=0 2 3 8 2 1 13 13 8 3 11 12 13 0 2
split_gain=27.3138 17.0726 12.8224 4.52721 4.47392 4.24117 3.09514 5.03904 4.29781 2.47959 4.63339 0.884898 0.662727 0.412364 0.308571
threshold=34.500000000000007 34.500000000000007 7.5000000000000009 6.5000000000000009 20.500000000000004 9.5000000000000018 8.5000000000000018 22.500000000000004 25.500000000000004 2.5000000000000004 2.5000000000000004 2.5000000000000004 36.500000000000007 23.500000000000004 28.500000000000004
decision_type=2 2 2 2 2 2 2 2 2 2 2 2 2 2 2
left_child=2 5 3 -1 -4 -2 13 8 -8 14 -11 -7 -9 -6 -5
right_child=1 -3 4 9 6 11 7 12 -10 10 -12 -13 -14 -15 -16
leaf_value=-0.26728340386428773 -0.19992856916927154 -0.25582330267979086 -0.23965270473256289 -0.21364285406612213 -0.30792856273196989 -0.13966770306630655 -0.2213901062369783 -0.2833831096495385 -0.28221427855037506 -0.21230356843166406 -0.27042856496714407 -0.16842857089780625 -0.30792856273196989 -0.28992856380485355 -0.1964999979450589
leaf_weight=31 35 38 29 21 35 23 26 22 21 32 24 20 22 20 21
leaf_count=31 35 38 29 21 35 23 26 22 21 32 24 20 22 20 21
internal_value=-0.242143 -0.20086 -0.257896 -0.233975 -0.275529 -0.174082 -0.282655 -0.271335 -0.248567 -0.223439 -0.237214 -0.153045 -0.295656 -0.301383 -0.205071
internal_weight=0 116 304 129 175 78 146 91 47 98 56 43 44 55 42
internal_count=420 116 304 129 175 78 146 91 47 98 56 43 44 55 42
shrinkage=1


Tree=1
num_leaves=16
num_cat=0
split_feature=0 2 3 8 2 1 0 2 2 2 14 14 2 15 13
split_gain=22.1241 13.8288 10.3861 3.66704 3.62387 3.43535 2.76257 4.66024 2.47581 4.41179 3.15383 2.21761 0.909353 0.777563 0.00309087
threshold=34.500000000000007 34.500000000000007 7.5000000000000009 6.5000000000000009 20.500000000000004 9.5000000000000018 26.500000000000004 36.500000000000007 33.500000000000007 27.500000000000004 10.500000000000002 4.5000000000000009 29.500000000000004 13.500000000000002 9.5000000000000018
decision_type=2 2 2 2 2 2 2 2 2 2 2 2 2 2 2
left_child=2 5 3 -1 -4 -2 11 -8 9 10 -5 -6 -13 -7 -14
right_child=1 -3 4 8 6 13 7 -9 -10 -11 -12 12 14 -15 -16
leaf_value=-0.022626498053150795 0.037992854118347172 -0.012312406144644086 0.002241134232488172 0.031287093893174203 -0.017938410219821063 0.092727829969447603 0.010604679142987287 -0.053083139657974246 -0.014555358290672303 0.062826131419702017 -0.016450715780258179 -0.036755774779753253 -0.059819833636283876 0.065767637863755224 -0.061378211975097657
leaf_weight=31 35 38 29 31 22 23 27 20 20 22 25 22 20 20 35
leaf_count=31 35 38 29 31 22 23 27 20 20 22 25 22 20 20 35
internal_value=0 0.0371549 -0.0141775 0.00735099 -0.0300471 0.0612544 -0.0364606 -0.0164965 0.0168337 0.0248821 0.00997557 -0.0459384 -0.0539385 0.0801882 -0.0608115
internal_weight=0 116 304 129 175 78 146 47 98 78 56 99 77 43 55
internal_count=420 116 304 129 175 78 146 47 98 78 56 99 77 43 55
shrinkage=0.1


Tree=2
num_leaves=17
num_cat=0
split_feature=0 2 3 2 4 15 15 1 9 3 14 1 0 8 7 8
split_gain=17.9206 11.2013 9.18067 5.58874 5.34992 4.29083 3.21345 5.69672 2.08625 2.06896 1.92764 1.8434 1.73449 1.27794 0.389527 0.00253149
threshold=34.500000000000007 34.500000000000007 1.5000000000000002 34.500000000000007 3.5000000000000004 5.5000000000000009 6.5000000000000009 10.500000000000002 12.500000000000002 16.500000000000004 5.5000000000000009 4.5000000000000009 22.500000000000004 11.500000000000002 33.500000000000007 27.500000000000004
decision_type=2 2 2 2 2 2 2 2 2 2 2 2 2 2 2 2
left_child=2 6 11 4 5 8 -2 -8 -4 12 -5 -1 13 -7 15 -12
right_child=1 -3 3 10 -6 9 7 -9 -10 -11 14 -13 -14 -15 -16 -17
leaf_value=0.0053964192217046568 0.080121271384339179 -0.011081164918447796 -0.014172154664993287 -0.018873708535517966 0.023983126073270231 -0.029010649621486664 -0.0018064308166503907 0.068608426247481952 0.028582380782990233 -0.059857755331766044 -0.057152360081672675 0.044391965424572986 -0.0460940805348483 0.0067375946044921885 -0.039538072404407321 -0.055561293065547947
leaf_weight=22 31 38 25 28 37 20 20 27 21 21 20 27 22 20 21 20
leaf_count=22 31 38 25 28 37 20 20 27 21 21 20 27 22 20 21 20
internal_value=0 0.0334394 -0.0127598 -0.0203776 -0.0095376 -0.0191521 0.055129 0.0386447 0.00534622 -0.0327294 -0.0405959 0.0268838 -0.0235408 -0.0111365 -0.0505668 -0.0563568
internal_weight=0 116 304 255 166 129 78 47 46 83 89 49 62 40 61 40
internal_count=420 116 304 255 166 129 78 47 46 83 89 49 62 40 61 40
shrinkage=0.1


Tree=3
num_leaves=16
num_cat=0
split_feature=0 2 3 2 15 0 9 15 1 8 14 0 3 1 14
split_gain=14.5157 9.07306 7.45948 4.79553 4.27952 3.35963 2.85882 2.60289 4.61434 2.03395 1.72083 1.61721 1.40785 0.433661 0.0182556
threshold=34.500000000000007 34.500000000000007 2.5000000000000004 34.500000000000007 5.5000000000000009 28.500000000000004 12.500000000000002 6.5000000000000009 10.500000000000002 9.5000000000000018 11.500000000000002 22.500000000000004 7.5000000000000009 11.500000000000002 8.5000000000000018
decision_type=2 2 2 2 2 2 2 2 2 2 2 2 2 2 2
left_child=2 7 10 4 6 11 -4 -2 -9 -5 -1 12 -6 14 -11
right_child=1 -3 3 9 5 -7 -8 8 -10 13 -12 -13 -14 -15 -16
leaf_value=0.0073489616598401758 0.072109149118524882 -0.00997304728156642 -0.0056393775247758435 -0.012399138704590175 -0.0019832448959350587 0.016509971618652346 0.040891925148341973 -0.0016257846355438234 0.061747584512664211 -0.055016338147900329 0.043040196191180838 -0.050412922859191904 -0.032873471909099158 -0.035697303170507608 -0.050841913372278218
leaf_weight=35 31 38 31 23 25 20 23 20 27 22 22 25 36 22 20
leaf_count=35 31 38 31 23 25 20 23 20 27 22 22 25 36 22 20
internal_value=0 0.0300955 -0.0114838 -0.0190088 -0.0087341 -0.0204071 0.0141795 0.0496161 0.0347802 -0.0379048 0.0211245 -0.0289924 -0.0202135 -0.0470709 -0.0530285
internal_weight=0 116 304 247 160 106 54 78 47 87 57 86 61 64 42
internal_count=420 116 304 247 160 106 54 78 47 87 57 86 61 64 42
shrinkage=0.1


Tree=4
num_leaves=15
num_cat=0
split_feature=0 2 3 11 6 9 8 9 15 1 10 2 15 3
split_gain=11.7577 7.34918 6.13678 3.65604 2.8835 2.70636 2.69825 2.10895 2.10834 3.73761 1.64631 1.60347 0.734612 0.205843
threshold=34.500000000000007 34.500000000000007 1.5000000000000002 2.5000000000000004 3.5000000000000004 12.500000000000002 20.500000000000004 41.500000000000007 6.5000000000000009 10.500000000000002 3.5000000000000004 27.500000000000004 7.5000000000000009 9.5000000000000018
decision_type=2 2 2 2 2 2 2 2 2 2 2 2 2 2
left_child=2 8 11 4 5 6 -4 10 -2 -10 12 -1 -5 -14
right_child=1 -3 3 7 -6 -7 -8 -9 9 -11 -12 -13 13 -15
leaf_value=0.0036137719949086511 0.064898232875331752 -0.0089757423651845841 -0.023510310838097022 -0.030769608997636373 -0.032789890124247621 0.028363752085715534 0.021868005990982056 -0.004023160139719646 -0.0014632070064544678 0.055572827532887462 -0.013552036573146953 0.039800800561904909 -0.057189463433765235 -0.043495749520218896
leaf_weight=24 31 38 38 36 26 32 20 30 20 27 29 25 21 23
leaf_count=24 31 38 38 36 26 32 20 30 20 27 29 25 21 23
internal_value=0 0.0270859 -0.0103354 -0.0165636 -0.00345628 0.00501787 -0.00786262 -0.0275021 0.0446545 0.0313022 -0.0339642 0.0220765 -0.0413636 -0.0500314
internal_weight=0 116 304 255 116 90 58 139 78 47 109 49 80 44
internal_count=420 116 304 255 116 90 58 139 78 47 109 49 80 44
shrinkage=0.1


Tree=5
num_leaves=15
num_cat=0
split_feature=0 2 3 15 1 10 0 0 7 5 2 2 14 1
split_gain=9.52372 5.95284 5.60724 3.56912 2.74685 2.35675 2.49208 2.3181 2.06184 1.83903 2.87827 1.72332 0.998635 0.346148
threshold=34.500000000000007 34.500000000000007 7.5000000000000009 13.500000000000002 8.5000000000000018 1.5000000000000002 26.500000000000004 19.500000000000004 7.5000000000000009 3.5000000000000004 18.500000000000004 35.500000000000007 7.5000000000000009 9.5000000000000018
decision_type=2 2 2 2 2 2 2 2 2 2 2 2 2 2
left_child=2 9 3 4 7 -4 12 -1 -9 10 -2 -8 -7 -14
right_child=1 -3 5 -5 -6 6 11 8 -10 -11 -12 -13 13 -15
leaf_value=-0.014808344327170273 0.056258083199677261 -0.0080781679404409307 0.0040491312742233282 -0.020742850218500412 0.046700655636580102 -0.023242675926950243 0.0061348714174762854 0.045189333558082578 0.00082582086324691775 0.062546107113361366 0.0092384660243988032 -0.030966889006750927 -0.050680348106792998 -0.034440532610529949
leaf_weight=29 23 38 31 35 23 36 31 20 22 25 30 21 35 21
leaf_count=29 23 38 31 35 23 36 31 20 22 25 30 21 35 21
internal_value=0 0.0243773 -0.00930188 0.0065165 0.0166663 -0.0209623 -0.0263467 0.0069368 0.0219513 0.040189 0.0296432 -0.00884853 -0.036237 -0.0445904
internal_weight=0 116 304 129 94 175 144 71 42 78 53 52 92 56
internal_count=420 116 304 129 94 175 144 71 42 78 53 52 92 56
shrinkage=0.1


end of trees

feature_importances:
Column_2=18
Column_0=13
Column_3=10
Column_1=9
Column_15=8
Column_8=7
Column_14=6
Column_9=4
Column_13=4
Column_7=2
Column_10=2
Column_11=2
Column_4=1
Column_5=1
Column_6=1
Column_12=1

parameters:
[boosting: gbdt]
[objective: regression]
[metric: l2]
[tree_learner: serial]
[device_type: cpu]
[data: ]
[valid: ]
[num_iterations: 10000]
[learning_rate: 0.1]
[num_leaves: 31]
[num_threads: 0]
[deterministic: 0]
[force_col_wise: 0]
[force_row_wise: 0]
[histogram_pool_size: -1]
[max_depth: -1]
[min_data_in_leaf: 20]
[min_sum_hessian_in_leaf: 0.001]
[bagging_fraction: 1]
[pos_bagging_fraction: 1]
[neg_bagging_fraction: 1]
[bagging_freq: 0]
[bagging_seed: 3]
[feature_fraction: 1]
[feature_fraction_bynode: 1]
[feature_fraction_seed: 2]
[extra_trees: 0]
[extra_seed: 6]
[early_stopping_round: 10]
[first_metric_only: 0]
[max_delta_step: 0]
[lambda_l1: 0]
[lambda_l2: 0]
[min_gain_to_split: 0]
[drop_rate: 0.1]
[max_drop: 50]
[skip_drop: 0.5]
[xgboost_dart_mode: 0]
[uniform_drop: 0]
[drop_seed: 4]
[top_rate: 0.2]
[other_rate: 0.1]
[min_data_per_group: 100]
[max_cat_threshold: 32]
[cat_l2: 10]
[cat_smooth: 10]
[max_cat_to_onehot: 4]
[top_k: 20]
[monotone_constraints: ]
[monotone_constraints_method: basic]
[monotone_penalty: 0]
[feature_contri: ]
[forcedsplits_filename: ]
[refit_decay_rate: 0.9]
[cegb_tradeoff: 1]
[cegb_penalty_split: 0]
[cegb_penalty_feature_lazy: ]
[cegb_penalty_feature_coupled: ]
[path_smooth: 0]
[interaction_constraints: ]
[verbosity: 1]
[saved_feature_importance_type: 0]
[max_bin: 255]
[max_bin_by_feature: ]
[min_data_in_bin: 3]
[bin_construct_sample_cnt: 200000]
[data_random_seed: 1]
[is_enable_sparse: 1]
[enable_bundle: 1]
[use_missing: 1]
[zero_as_missing: 0]
[feature_pre_filter: 1]
[pre_partition: 0]
[two_round: 0]
[header: 0]
[label_column: ]
[weight_column: ]
[group_column: ]
[ignore_column: ]
[categorical_feature: ]
[forcedbins_filename: ]
[objective_seed: 5]
[num_class: 1]
[is_unbalance: 0]
[scale_pos_weight: 1]
[sigmoid: 1]
[boost_from_average: 1]
[reg_sqrt: 0]
[alpha: 0.9]
[fair_c: 1]
[poisson_max_delta_step: 0.7]
[tweedie_variance_power: 1.5]
[lambdarank_truncation_level: 30]
[lambdarank_norm: 1]
[label_gain: ]
[eval_at: ]
[multi_error_top_k: 1]
[auc_mu_weights: ]
[num_machines: 1]
[local_listen_port: 12400]
[time_out: 120]
[machine_list_filename: ]
[machines: ]
[gpu_platform_id: -1]
[gpu_device_id: -1]
[gpu_use_dp: 0]
[num_gpu: 1]

end of parameters

pandas_categorical:null
