tree
version=v3
num_class=1
num_tree_per_iteration=1
label_index=0
max_feature_idx=15
objective=regression
feature_names=Column_0 Column_1 Column_2 Column_3 Column_4 Column_5 Column_6 Column_7 Column_8 Column_9 Column_10 Column_11 Column_12 Column_13 Column_14 Column_15
feature_infos=[1:49] [0:64] [3:49] [0:53] [0:6] [0:7] [0:7] [0:132] [2:143] [0:133] [0:6] [1:7] [0:6] [0:134] [0:168] [0:101]
tree_sizes=1132 1116 1198 1196 1116 1202 1120 1200

Tree=0
num_leaves=12
num_cat=0
split_feature=2 1 0 2 2 9 13 2 14 15 2
split_gain=13.0709 10.8551 10.4642 6.62433 4.81895 4.79394 3.87965 4.88109 3.64338 2.20093 1.54917
threshold=21.500000000000004 9.5000000000000018 24.500000000000004 34.500000000000007 43.500000000000007 8.5000000000000018 21.500000000000004 27.500000000000004 3.5000000000000004 8.5000000000000018 26.500000000000004
decision_type=2 2 2 2 2 2 2 2 2 2 2
left_child=1 5 3 8 6 -1 7 -4 -2 -9 -10
right_child=2 -3 4 -5 -6 -7 -8 9 10 -11 -12
leaf_value=0.021803438214373146 -0.00081818280798016257 0.064299462525814824 0.022117300455404755 -0.099818180185375791 -0.050727272394931675 -0.028765550434761686 0.03351514961583045 -0.049418181520519841 -0.034363636464783645 -0.0098181825695615836 -0.072818180900631538
leaf_weight=37 20 34 31 22 22 38 27 25 22 32 20
leaf_count=37 20 34 31 22 22 38 27 25 22 32 20
internal_value=-0.0109091 0.0174295 -0.0248861 -0.0526753 -0.00784738 -0.00381818 0.00035573 -0.00981818 -0.0359472 -0.0271866 -0.0526753
internal_weight=0 109 221 84 137 75 115 88 62 57 42
internal_count=330 109 221 84 137 75 115 88 62 57 42
shrinkage=1


Tree=1
num_leaves=12
num_cat=0
split_feature=2 1 0 2 14 7 2 12 13 3 13
split_gain=10.5874 8.79261 8.47599 5.36571 4.42054 5.20258 3.90335 3.68982 3.14252 3.99043 3.10401
threshold=21.500000000000004 9.5000000000000018 24.500000000000004 34.500000000000007 8.5000000000000018 9.5000000000000018 43.500000000000007 2.5000000000000004 21.500000000000004 17.500000000000004 8.5000000000000018
decision_type=2 2 2 2 2 2 2 2 2 2 2
left_child=1 4 3 7 -1 -6 8 -2 9 10 -4
right_child=2 -3 6 -5 5 -7 -8 -9 -10 -11 -12
leaf_value=0.037835912193570825 -0.04467272635768442 0.067687698672799501 0.0084413829687479385 -0.080018180608749392 -0.047823365439068191 0.018853795453906058 -0.035836365006186748 0.0043480509093829561 0.039981816653852115 0.039017946947188603 -0.03484359939893087
leaf_weight=28 34 34 37 22 22 25 22 28 27 21 30
leaf_count=28 34 34 37 22 22 25 22 28 27 21 30
internal_value=0 0.0255048 -0.0125793 -0.0375896 0.00638182 -0.0123568 0.00275554 -0.0225343 0.0101383 0.000981819 -0.01094
internal_weight=0 109 221 84 75 47 137 62 115 88 67
internal_count=330 109 221 84 75 47 137 62 115 88 67
shrinkage=0.1


Tree=2
num_leaves=13
num_cat=0
split_feature=2 1 0 0 7 2 14 14 11 2 0 14
split_gain=8.77167 8.10965 10.2006 5.66186 4.47372 3.066 2.86019 2.52383 1.94248 1.41232 1.3752 1.09619
threshold=34.500000000000007 1.0000000180025095e-35 33.500000000000007 24.500000000000004 5.5000000000000009 21.500000000000004 12.500000000000002 7.5000000000000009 3.5000000000000004 23.500000000000004 20.500000000000004 18.500000000000004
decision_type=2 2 2 2 2 2 2 2 2 2 2 2
left_child=1 7 4 -2 -3 10 -5 -1 -7 -4 -6 -9
right_child=3 2 9 6 5 8 -8 11 -10 -11 -12 -13
leaf_value=0.0099877303838729874 -0.072016364336013799 -0.025678323581814766 0.080577819997614084 0.0090171086788177496 0.018348606066270309 -0.011597854683273718 -0.035422643806253165 -0.048069101312886116 0.02574008811603893 0.044321888685226442 0.052962023764848709 -0.018098886124789715
leaf_weight=20 22 32 22 30 22 38 28 23 22 21 24 26
leaf_count=20 22 32 22 30 22 38 28 23 22 21 24 26
internal_value=0 0.00922272 0.020343 -0.028821 0.00709141 0.0169842 -0.0124366 -0.0199479 0.00209272 0.0628714 0.0364078 -0.0321665
internal_weight=0 250 181 80 138 106 58 69 60 43 46 49
internal_count=330 250 181 80 138 106 58 69 60 43 46 49
shrinkage=0.1


Tree=3
num_leaves=13
num_cat=0
split_feature=2 1 0 0 7 2 5 14 8 2 0 14
split_gain=7.10505 6.56882 8.2625 4.5861 3.62372 2.48346 2.44378 2.0443 1.79313 1.14398 1.11391 0.887912
threshold=34.500000000000007 1.0000000180025095e-35 33.500000000000007 24.500000000000004 5.5000000000000009 21.500000000000004 3.5000000000000004 7.5000000000000009 13.500000000000002 23.500000000000004 20.500000000000004 18.500000000000004
decision_type=2 2 2 2 2 2 2 2 2 2 2 2
left_child=1 7 4 -2 -3 10 -5 -1 -7 -4 -6 -9
right_child=3 2 9 6 5 8 -8 11 -10 -11 -12 -13
leaf_value=0.0089889553189277643 -0.06481472253799439 -0.023110490478575232 0.072520034963434385 -0.031023471355438231 0.016513742912899365 -0.016597597726753781 0.010054122124399458 -0.043262191440748138 0.018054371699690819 0.039889699220657354 0.047665820767482124 -0.01628899800662811
leaf_weight=20 22 32 22 30 22 28 28 23 32 21 24 26
leaf_count=20 22 32 22 30 22 28 28 23 32 21 24 26
internal_value=0 0.00830045 0.0183087 -0.0259389 0.00638227 0.0152857 -0.0111929 -0.0179531 0.00188345 0.0565843 0.032767 -0.0289499
internal_weight=0 250 181 80 138 106 58 69 60 43 46 49
internal_count=330 250 181 80 138 106 58 69 60 43 46 49
shrinkage=0.1


Tree=4
num_leaves=12
num_cat=0
split_feature=2 0 0 13 11 15 13 0 8 13 7
split_gain=5.84637 6.08346 3.61969 3.56386 3.614 2.59236 4.08836 3.41525 2.55574 2.2684 3.21913
threshold=27.500000000000004 24.500000000000004 17.500000000000004 21.500000000000004 2.5000000000000004 2.5000000000000004 4.5000000000000009 19.500000000000004 17.500000000000004 3.5000000000000004 12.500000000000002
decision_type=2 2 2 2 2 2 2 2 2 2 2
left_child=1 5 -2 4 -4 -1 -7 -8 -6 -3 -11
right_child=2 9 3 -5 8 6 7 -9 -10 10 -12
leaf_value=-0.03570959730581804 -0.051286328357198964 0.055666278474606007 0.0091323652575092933 0.019489627200014452 -0.01519121404956369 -0.030364837497472763 0.046957122534513479 -0.0058550362586975097 -0.057309906005859383 -0.0046329381210463384 0.041154562024509206
leaf_weight=22 23 26 31 34 34 24 24 25 25 28 34
leaf_count=22 23 26 31 34 34 24 24 25 25 28 34
internal_value=0 0.0119294 -0.0148509 -0.00809273 -0.0185127 -0.00561865 0.00344985 0.0200121 -0.0330381 0.0308734 0.0204763
internal_weight=0 183 147 124 90 95 73 49 59 88 62
internal_count=330 183 147 124 90 95 73 49 59 88 62
shrinkage=0.1


Tree=5
num_leaves=13
num_cat=0
split_feature=2 1 0 0 7 7 11 7 11 14 4 13
split_gain=4.9552 5.17542 6.06258 3.16128 2.67171 2.75998 2.81731 4.47934 2.20251 1.687 0.871195 0.780243
threshold=34.500000000000007 1.0000000180025095e-35 33.500000000000007 24.500000000000004 5.5000000000000009 7.5000000000000009 2.5000000000000004 14.500000000000002 3.5000000000000004 7.5000000000000009 2.5000000000000004 11.500000000000002
decision_type=2 2 2 2 2 2 2 2 2 2 2 2
left_child=1 9 4 -2 -3 -6 -7 -8 -5 -1 -4 -11
right_child=3 2 10 8 5 6 7 -9 -10 11 -12 -13
leaf_value=0.0081031405925750723 -0.053938689827919009 -0.019724686816334727 0.062508519129319637 -0.025791468865731183 0.044774651256474583 0.027195098294931299 -0.043882281942801048 0.016415513626166753 0.013775048404932023 -0.036840422425804466 0.034033049855913433 -0.011166094243526459
leaf_weight=20 22 32 22 34 22 34 22 28 24 29 21 20
leaf_count=20 22 32 22 34 22 34 22 28 24 29 21 20
internal_value=0 0.00693184 0.0158154 -0.021662 0.00559935 0.0132443 0.0049864 -0.0101155 -0.00941912 -0.0163715 0.0486019 -0.0263611
internal_weight=0 250 181 80 138 106 84 50 58 69 43 49
internal_count=330 250 181 80 138 106 84 50 58 69 43 49
shrinkage=0.1


Tree=6
num_leaves=12
num_cat=0
split_feature=2 0 1 0 2 14 12 1 14 11 15
split_gain=4.5213 4.13902 4.12653 3.78561 2.46128 2.30358 3.07134 2.18927 3.91898 2.09878 1.30594
threshold=21.500000000000004 17.500000000000004 5.5000000000000009 24.500000000000004 43.500000000000007 3.5000000000000004 2.5000000000000004 9.5000000000000018 10.500000000000002 2.5000000000000004 13.500000000000002
decision_type=2 2 2 2 2 2 2 2 2 2 2
left_child=1 -1 9 5 7 -2 -7 8 -5 -3 -9
right_child=3 2 -4 4 -6 6 -8 10 -10 -11 -12
leaf_value=-0.022084074128757826 -0.00020111684615795432 0.025891937741211485 0.0517834036736875 -0.033640600133825235 -0.028616988117044623 -0.062460894823074348 -0.015993199926434141 0.0069352154074044069 0.018471428655808971 -0.015382161922752859 0.037212799489498141
leaf_weight=22 26 28 37 27 22 25 33 29 31 22 28
leaf_count=22 26 28 37 27 22 25 33 29 31 22 28
internal_value=0 0.016667 0.0264661 -0.00822038 0.00202791 -0.0249348 -0.0360224 0.00789041 -0.00578762 0.00773133 0.0218084
internal_weight=0 109 87 221 137 84 58 115 58 50 57
internal_count=330 109 87 221 137 84 58 115 58 50 57
shrinkage=0.1


Tree=7
num_leaves=13
num_cat=0
split_feature=2 0 14 0 1 8 1 13 15 13 7 0
split_gain=3.70915 3.42287 2.65274 7.06425 2.3502 2.44588 1.96667 3.09411 1.86565 1.51923 1.19499 0.643157
threshold=27.500000000000004 24.500000000000004 12.500000000000002 31.500000000000004 11.500000000000002 20.500000000000004 3.5000000000000004 8.5000000000000018 9.5000000000000018 6.5000000000000009 10.500000000000002 18.500000000000004
decision_type=2 2 2 2 2 2 2 2 2 2 2 2
left_child=1 6 4 -4 5 -2 11 -8 10 -10 -3 -1
right_child=2 8 3 -5 -6 -7 7 -9 9 -11 -12 -13
leaf_value=-0.0068450334668159491 0.0073450918992360439 0.020219383388757707 -0.064723609920058933 0.0035671389464176067 0.02266090224529135 -0.034141991094306663 -0.0096625342513575706 0.040183868706226353 0.029506653845310211 -0.0078112266957759864 0.053316287820537892 -0.0316224986856634
leaf_weight=20 30 20 28 33 29 27 33 20 20 24 24 22
leaf_count=20 30 20 28 33 29 27 33 20 20 24 24 22
internal_value=0 0.00950197 -0.011829 -0.0277794 -0.000515289 -0.0123067 -0.00366086 0.00914743 0.0237118 0.00915145 0.0382722 -0.0198237
internal_weight=0 183 147 61 86 57 95 53 88 44 44 42
internal_count=330 183 147 61 86 57 95 53 88 44 44 42
shrinkage=0.1


end of trees

feature_importances:
Column_2=19
Column_0=18
Column_14=11
Column_1=9
Column_13=9
Column_7=8
Column_11=5
Column_15=4
Column_8=3
Column_12=2
Column_3=1
Column_4=1
Column_5=1
Column_9=1

parameters:
[boosting: gbdt]
[objective: regression]
[metric: l2]
[tree_learner: serial]
[device_type: cpu]
[data: ]
[valid: ]
[num_iterations: 10000]
[learning_rate: 0.1]
[num_leaves: 31]
[num_threads: 0]
[deterministic: 0]
[force_col_wise: 0]
[force_row_wise: 0]
[histogram_pool_size: -1]
[max_depth: -1]
[min_data_in_leaf: 20]
[min_sum_hessian_in_leaf: 0.001]
[bagging_fraction: 1]
[pos_bagging_fraction: 1]
[neg_bagging_fraction: 1]
[bagging_freq: 0]
[bagging_seed: 3]
[feature_fraction: 1]
[feature_fraction_bynode: 1]
[feature_fraction_seed: 2]
[extra_trees: 0]
[extra_seed: 6]
[early_stopping_round: 10]
[first_metric_only: 0]
[max_delta_step: 0]
[lambda_l1: 0]
[lambda_l2: 0]
[min_gain_to_split: 0]
[drop_rate: 0.1]
[max_drop: 50]
[skip_drop: 0.5]
[xgboost_dart_mode: 0]
[uniform_drop: 0]
[drop_seed: 4]
[top_rate: 0.2]
[other_rate: 0.1]
[min_data_per_group: 100]
[max_cat_threshold: 32]
[cat_l2: 10]
[cat_smooth: 10]
[max_cat_to_onehot: 4]
[top_k: 20]
[monotone_constraints: ]
[monotone_constraints_method: basic]
[monotone_penalty: 0]
[feature_contri: ]
[forcedsplits_filename: ]
[refit_decay_rate: 0.9]
[cegb_tradeoff: 1]
[cegb_penalty_split: 0]
[cegb_penalty_feature_lazy: ]
[cegb_penalty_feature_coupled: ]
[path_smooth: 0]
[interaction_constraints: ]
[verbosity: 1]
[saved_feature_importance_type: 0]
[max_bin: 255]
[max_bin_by_feature: ]
[min_data_in_bin: 3]
[bin_construct_sample_cnt: 200000]
[data_random_seed: 1]
[is_enable_sparse: 1]
[enable_bundle: 1]
[use_missing: 1]
[zero_as_missing: 0]
[feature_pre_filter: 1]
[pre_partition: 0]
[two_round: 0]
[header: 0]
[label_column: ]
[weight_column: ]
[group_column: ]
[ignore_column: ]
[categorical_feature: ]
[forcedbins_filename: ]
[objective_seed: 5]
[num_class: 1]
[is_unbalance: 0]
[scale_pos_weight: 1]
[sigmoid: 1]
[boost_from_average: 1]
[reg_sqrt: 0]
[alpha: 0.9]
[fair_c: 1]
[poisson_max_delta_step: 0.7]
[tweedie_variance_power: 1.5]
[lambdarank_truncation_level: 30]
[lambdarank_norm: 1]
[label_gain: ]
[eval_at: ]
[multi_error_top_k: 1]
[auc_mu_weights: ]
[num_machines: 1]
[local_listen_port: 12400]
[time_out: 120]
[machine_list_filename: ]
[machines: ]
[gpu_platform_id: -1]
[gpu_device_id: -1]
[gpu_use_dp: 0]
[num_gpu: 1]

end of parameters

pandas_categorical:null
