tree
version=v3
num_class=1
num_tree_per_iteration=1
label_index=0
max_feature_idx=15
objective=regression
feature_names=Column_0 Column_1 Column_2 Column_3 Column_4 Column_5 Column_6 Column_7 Column_8 Column_9 Column_10 Column_11 Column_12 Column_13 Column_14 Column_15
feature_infos=[1:49] [0:60] [1:49] [0:56] [0:7] [0:7] [0:7] [0:180] [11:155] [0:133] [0:8] [0:7] [0:8] [0:265] [0:156] [0:138]
tree_sizes=2681 2759 2747 2741 2758 2736 2759 2755 2759 2757 2766 2762 2758 2746 2771 2771 2751 2762 2765

Tree=0
num_leaves=31
num_cat=0
split_feature=3 0 5 2 0 1 3 6 13 6 11 7 1 11 14 0 3 2 6 15 3 8 13 8 0 7 0 2 15 1
split_gain=50.3793 29.1732 21.3279 16.1253 15.9489 12.5882 9.12362 8.70017 7.15432 7.11736 7.06626 6.85204 6.71855 6.64948 6.0505 6.02381 9.79003 7.0926 5.85292 5.51131 5.29672 5.12031 4.92207 5.0068 6.45556 6.7132 4.81171 4.62037 4.3151 4.98364
threshold=23.500000000000004 12.500000000000002 2.5000000000000004 22.500000000000004 28.500000000000004 6.5000000000000009 8.5000000000000018 3.5000000000000004 18.500000000000004 1.0000000180025095e-35 2.5000000000000004 9.5000000000000018 7.5000000000000009 2.5000000000000004 11.500000000000002 20.500000000000004 11.500000000000002 14.500000000000002 1.5000000000000002 15.500000000000002 3.5000000000000004 11.500000000000002 2.5000000000000004 17.500000000000004 37.500000000000007 4.5000000000000009 24.500000000000004 32.500000000000007 4.5000000000000009 15.500000000000002
decision_type=2 2 2 2 2 2 2 2 2 2 2 2 2 2 2 2 2 2 2 2 2 2 2 2 2 2 2 2 2 2
left_child=1 6 3 11 -2 15 8 13 -1 -7 -11 12 -3 -5 -6 16 -4 -17 -15 -12 21 -20 -19 24 25 -24 -22 -25 -9 -30
right_child=4 2 5 7 14 9 -8 28 -10 10 19 -13 -14 18 -16 17 -18 22 20 -21 26 -23 23 27 -26 -27 -28 -29 29 -31
leaf_value=0.090746144801186965 0.006469831244273222 0.078996145112455673 0.097757014180679738 0.057746145675388424 0.040039624470108282 0.06654160005557555 0.031281860662166858 0.14426887065604618 0.031611530983103917 0.13848263002980066 0.12505781792074175 0.12993192359330286 0.1184419272000294 0.043447758957392141 0.1087202822560694 0.16199614291370656 0.03934908733921464 0.13699614357598039 0.068996145377365203 0.099043388675873256 0.063972889696482543 0.12853460533859615 0.058871145645586098 0.13799614354948944 0.054496145802876136 0.10907161603258456 0.10227916336359083 0.096371144683219445 0.082064638202265838 0.13379614366075143
leaf_weight=96 76 90 184 160 23 22 63 22 26 222 227 109 83 31 29 24 34 45 20 127 86 52 32 60 36 159 53 48 73 25
leaf_count=96 76 90 184 160 23 22 63 22 26 222 227 109 83 31 29 24 34 45 20 127 86 52 32 60 36 159 53 48 73 25
internal_value=0.0966624 0.100197 0.103671 0.091026 0.035668 0.112004 0.0621853 0.0806168 0.0781437 0.122364 0.124496 0.110294 0.097921 0.0735633 0.0783423 0.102044 0.0886475 0.109273 0.0840209 0.115725 0.0899819 0.111996 0.105944 0.101772 0.0933398 0.100661 0.0785789 0.119496 0.104246 0.0952615
internal_weight=0 2209 2024 804 128 1220 185 522 122 598 576 282 173 402 52 622 218 404 242 354 211 72 380 335 227 191 139 108 120 98
internal_count=2337 2209 2024 804 128 1220 185 522 122 598 576 282 173 402 52 622 218 404 242 354 211 72 380 335 227 191 139 108 120 98
shrinkage=1


Tree=1
num_leaves=31
num_cat=0
split_feature=3 0 2 5 0 1 2 3 6 13 7 11 12 12 11 7 7 13 4 0 3 1 14 7 2 13 9 8 0 2
split_gain=40.8073 23.6303 18.802 17.1973 12.9186 9.95417 9.63834 7.39013 7.04714 6.62483 5.85247 5.81928 5.62763 5.26487 4.82844 6.24892 4.95249 6.7885 6.16156 4.79432 8.71897 4.70253 5.62622 4.51026 4.21765 4.12385 4.05429 4.0312 5.02207 4.02601
threshold=23.500000000000004 12.500000000000002 8.5000000000000018 2.5000000000000004 28.500000000000004 6.5000000000000009 22.500000000000004 8.5000000000000018 3.5000000000000004 4.5000000000000009 21.500000000000004 2.5000000000000004 3.5000000000000004 1.5000000000000002 2.5000000000000004 12.500000000000002 3.5000000000000004 5.5000000000000009 2.5000000000000004 20.500000000000004 11.500000000000002 8.5000000000000018 13.500000000000002 12.500000000000002 32.500000000000007 2.5000000000000004 5.5000000000000009 17.500000000000004 21.500000000000004 32.500000000000007
decision_type=2 2 2 2 2 2 2 2 2 2 2 2 2 2 2 2 2 2 2 2 2 2 2 2 2 2 2 2 2 2
left_child=1 7 -3 6 -2 19 13 9 12 -1 -6 -7 14 -4 15 -8 -16 -18 -19 20 -5 22 23 -15 -13 -21 -23 28 -27 -29
right_child=4 2 3 5 10 11 8 -9 -10 -11 -12 24 -14 21 16 -17 17 18 -20 25 -22 26 -24 -25 -26 27 -28 29 -30 -31
leaf_value=0.025063313697946482 -0.081173298233433777 0.07333731549542126 0.051690435638794531 0.00011440548267993298 0.014571427780070477 0.034203654404567636 -0.039524616301059724 -0.058842473086856667 0.006825385733197133 -0.029679453244773293 -0.052724163482586545 0.02286500149366388 -0.046335862807824583 -0.0060189215426749371 0.030655349418520928 0.018770836700092663 0.016354604851115836 -0.049914254354579107 -0.0025717894236246749 0.037896128410988668 -0.055753088358676796 0.053011252962309741 -0.04384214654564858 0.044279533082788647 0.00066873336660450903 0.045524272464570553 0.0078275201812623048 0.037800383838740265 -0.0057215850382486243 -0.00026211757212877277
leaf_weight=29 76 41 26 182 28 230 112 63 120 93 24 209 71 94 32 22 55 56 54 47 33 29 32 22 145 21 63 66 214 48
leaf_count=29 76 41 26 182 28 230 112 63 120 93 24 209 71 94 32 22 55 56 54 47 33 29 32 22 145 21 63 66 214 48
internal_value=0 0.00318087 0.0063078 0.00492191 -0.0548949 0.0124841 -0.00654615 -0.0310293 -0.014441 -0.0166668 -0.0164881 0.0218195 -0.0207892 0.00894674 -0.0153094 -0.0299537 -0.00534823 -0.0123307 -0.0266734 0.00356125 -0.00846061 0.00431618 -0.00672012 0.00352044 0.0137733 0.0100883 0.0220702 0.00634336 -0.00114217 0.0217741
internal_weight=0 2209 2024 1983 128 1195 788 185 522 122 52 584 402 266 331 134 197 165 110 611 215 240 148 116 354 396 92 349 235 114
internal_count=2337 2209 2024 1983 128 1195 788 185 522 122 52 584 402 266 331 134 197 165 110 611 215 240 148 116 354 396 92 349 235 114
shrinkage=0.1


Tree=2
num_leaves=31
num_cat=0
split_feature=3 0 2 5 0 1 12 3 6 3 0 2 7 13 15 2 3 4 0 3 15 7 8 0 1 13 1 15 10 13
split_gain=33.0539 19.6371 17.0622 16.1457 10.8852 9.01792 7.5909 7.68039 6.966 6.77365 7.34045 6.32092 5.789 5.69379 5.60595 5.57414 5.12807 6.01186 4.65895 9.15063 5.11114 4.56455 4.52417 4.4455 4.24234 5.87724 4.79746 4.18953 4.50184 3.9999
threshold=23.500000000000004 8.5000000000000018 8.5000000000000018 2.5000000000000004 30.500000000000004 6.5000000000000009 3.5000000000000004 8.5000000000000018 2.5000000000000004 8.5000000000000018 18.500000000000004 25.500000000000004 21.500000000000004 10.500000000000002 4.5000000000000009 36.500000000000007 3.5000000000000004 2.5000000000000004 20.500000000000004 11.500000000000002 20.500000000000004 9.5000000000000018 12.500000000000002 19.500000000000004 3.5000000000000004 11.500000000000002 12.500000000000002 13.500000000000002 3.5000000000000004 6.5000000000000009
decision_type=2 2 2 2 2 2 2 2 2 2 2 2 2 2 2 2 2 2 2 2 2 2 2 2 2 2 2 2 2 2
left_child=1 -1 -3 6 -2 18 8 23 16 13 21 22 -6 -7 -13 -15 -4 29 19 20 -5 -11 -10 -8 -16 26 -26 -12 -29 -18
right_child=4 2 3 5 12 9 7 -9 11 10 27 14 -14 15 24 -17 17 -19 -20 -21 -22 -23 -24 -25 25 -27 -28 28 -30 -31
leaf_value=-0.052165455761409942 -0.06978467404842377 0.066835664871127118 0.0012268516831769201 0.0042367337108815762 0.031261457372456794 0.039525656193649214 -0.048091811180114748 -0.060637490846672838 0.0012359344959259034 0.0076732039451599121 0.027239620790146947 0.029259496761692896 -0.043074669621207498 0.024307074619613532 -0.046924852766096592 -0.018760007008528101 -0.020225539445877076 -0.0021193647122645116 0.0090794374140901399 -0.054184935060707297 -0.047551194542930247 -0.054876546987465448 0.037959814695424809 0.0010332278694425311 -0.010019710948390347 -0.03600579270472129 0.049532846609751387 0.012559219437130429 -0.038809961297859748 -0.055196355642943555
leaf_weight=63 86 43 167 206 20 193 25 49 55 20 114 36 22 131 32 39 75 91 396 37 21 28 86 70 31 36 24 59 24 58
leaf_count=63 86 43 167 206 20 193 25 49 55 20 114 36 22 131 32 39 75 91 396 37 21 28 86 70 31 36 24 59 24 58
internal_value=0 0.00286279 0.00447825 0.00320323 -0.0494054 0.0103136 -0.00759431 -0.0284806 -0.00324175 0.0191001 0.00625221 0.00822079 -0.00767651 0.0277715 -0.00544833 0.014427 -0.0120365 -0.0219248 0.0022194 -0.00807065 -0.00055422 -0.0288142 0.0236349 -0.0118944 -0.0156067 -0.00459375 0.0159669 0.0147963 -0.00229452 -0.035476
internal_weight=0 2209 2146 2103 128 1268 835 144 691 608 245 300 42 363 159 170 391 224 660 264 227 48 141 95 123 91 55 197 83 133
internal_count=2337 2209 2146 2103 128 1268 835 144 691 608 245 300 42 363 159 170 391 224 660 264 227 48 141 95 123 91 55 197 83 133
shrinkage=0.1


Tree=3
num_leaves=31
num_cat=0
split_feature=3 0 2 5 0 1 3 3 13 6 8 0 3 13 7 2 14 3 7 9 7 1 0 14 7 12 10 9 10 4
split_gain=26.7736 16.3645 12.2848 12.223 8.81698 6.80901 5.52743 5.43158 5.89966 5.61754 5.60664 5.22353 5.19983 4.85481 4.68909 4.6651 4.41804 4.35304 4.74603 4.79481 4.73612 4.51147 4.33835 5.11956 4.10062 3.99343 4.59617 6.25833 4.7182 3.99267
threshold=23.500000000000004 12.500000000000002 14.500000000000002 2.5000000000000004 30.500000000000004 7.5000000000000009 10.500000000000002 3.5000000000000004 5.5000000000000009 3.5000000000000004 12.500000000000002 15.500000000000002 2.5000000000000004 4.5000000000000009 21.500000000000004 24.500000000000004 8.5000000000000018 17.500000000000004 8.5000000000000018 16.500000000000004 8.5000000000000018 4.5000000000000009 21.500000000000004 18.500000000000004 9.5000000000000018 2.5000000000000004 2.5000000000000004 8.5000000000000018 3.5000000000000004 2.5000000000000004
decision_type=2 2 2 2 2 2 2 2 2 2 2 2 2 2 2 2 2 2 2 2 2 2 2 2 2 2 2 2 2 2
left_child=1 6 22 7 -2 17 13 8 16 11 15 -9 24 -1 -6 -10 -4 18 19 21 -19 -5 23 -3 -12 26 29 -28 -29 -20
right_child=4 2 3 5 14 -7 -8 9 10 -11 12 -13 -14 -15 -16 -17 -18 20 25 -21 -22 -23 -24 -25 -26 -27 27 28 -30 -31
leaf_value=0.018225091136991979 -0.062806204446526459 -0.0046047805498043697 -0.00048673545059404875 -0.025824288141570596 0.028135310523211957 0.018282136883247983 -0.055939776094063469 -0.067969243299393425 -0.0014913863756439904 0.0082446002575394875 -0.020379085023448151 -0.016565000904773749 0.050142535070578254 -0.026169149953628259 -0.038767202875830908 -0.047283717658784655 0.044748747587203985 0.0073167167958759138 0.022065351330316986 0.021646891321454729 -0.057711542273561157 0.0064284362963267748 0.046989023890988579 0.054593706982476377 0.021738026200271238 0.0020380512938473392 0.049934196174144747 -0.045329345189608065 0.018400176366170248 0.063578365246454868
leaf_weight=32 86 48 38 114 20 495 46 21 44 91 53 337 24 107 22 45 50 21 65 49 24 70 87 21 41 183 20 26 21 36
leaf_count=32 86 48 38 114 20 495 46 21 44 91 53 337 24 107 22 45 50 21 65 49 24 70 87 21 41 183 20 26 21 36
internal_value=0 0.00257651 0.00517867 0.00292727 -0.0444649 0.00950846 -0.0258926 -0.00701527 0.0035259 -0.013941 -0.00569469 -0.0195803 0.00859821 -0.0159489 -0.00690886 -0.0246448 0.0252152 0.0026039 0.00491314 -0.00615142 -0.027365 -0.0135542 0.0321377 0.0134122 -0.00200886 0.012258 0.0233904 0.00308246 -0.0168545 0.0368621
internal_weight=0 2209 2024 1868 128 1124 185 744 295 449 207 358 118 139 42 89 88 629 584 233 45 184 156 69 94 351 168 67 47 101
internal_count=2337 2209 2024 1868 128 1124 185 744 295 449 207 358 118 139 42 89 88 629 584 233 45 184 156 69 94 351 168 67 47 101
shrinkage=0.1


Tree=4
num_leaves=31
num_cat=0
split_feature=3 2 0 5 0 3 0 6 12 12 3 13 6 14 10 9 13 6 4 7 1 2 15 9 8 7 8 7 2 8
split_gain=21.6866 14.1596 15.4088 10.7703 7.31823 7.09815 10.719 7.97106 6.8156 6.08193 5.88578 5.38699 5.06091 4.98541 4.57484 4.27444 4.12602 4.06292 5.40998 5.11247 4.99689 4.65225 4.82517 4.33233 4.19941 4.05832 3.99649 4.16683 3.91745 6.73535
threshold=23.500000000000004 8.5000000000000018 8.5000000000000018 2.5000000000000004 28.500000000000004 8.5000000000000018 18.500000000000004 1.0000000180025095e-35 2.5000000000000004 3.5000000000000004 8.5000000000000018 1.5000000000000002 2.5000000000000004 11.500000000000002 1.5000000000000002 7.5000000000000009 6.5000000000000009 2.5000000000000004 2.5000000000000004 9.5000000000000018 10.500000000000002 25.500000000000004 4.5000000000000009 5.5000000000000009 15.500000000000002 15.500000000000002 12.500000000000002 5.5000000000000009 33.500000000000007 11.500000000000002
decision_type=2 2 2 2 2 2 2 2 2 2 2 2 2 2 2 2 2 2 2 2 2 2 2 2 2 2 2 2 2 2
left_child=1 -1 -3 9 -2 8 25 -8 16 11 -11 15 28 -6 -14 -4 -5 18 20 -20 24 26 -23 -21 -13 -7 -19 -28 29 -10
right_child=4 2 3 5 13 6 7 -9 12 10 -12 17 14 -15 -16 -17 -18 21 19 23 -22 22 -24 -25 -26 -27 27 -29 -30 -31
leaf_value=0.057839016914367686 -0.059796879166050969 -0.048381841475846343 -0.0040213854983448981 0.037195835878951942 -0.04587974026799202 -0.01631600648164749 -0.049821252699779432 0.011047872877470008 -0.04833962062130804 -0.010393110450945403 -0.053063177454228311 -0.023723218987758896 0.045671896423612329 0.016463501288973052 0.0082491489697475839 0.044746492839441071 0.015950393420033689 -0.0057616143122963285 -0.014420044667100255 0.061599784805661154 0.0040192447326801439 0.025690519809722902 -0.018384009203663818 0.00526271599989671 -0.066332301284585685 -0.05845288708806038 -5.8311011110033315e-05 0.047631785048628757 -0.030785951185591368 0.010267819542633861
leaf_weight=45 76 61 32 139 23 80 23 333 23 95 49 133 42 29 147 41 267 46 73 21 54 32 111 39 28 32 28 53 49 133
leaf_count=45 76 61 32 139 23 80 23 333 23 95 49 133 42 29 147 41 267 46 73 21 54 32 111 39 28 32 28 53 49 133
internal_value=0 0.00231886 0.00116433 0.00260147 -0.0400184 0.00840883 -0.00137333 0.00711532 0.0141314 -0.00621737 -0.0249128 -0.00232137 0.00476178 -0.0111114 0.0165653 0.0233688 0.0232241 -0.00535596 -0.0124979 0.00335472 -0.0223044 0.00384922 -0.00852118 0.0249807 -0.0311335 -0.0283551 0.0177781 0.0311463 -0.0061205 0.00162698
internal_weight=0 2209 2164 2103 128 1268 468 356 800 835 144 691 394 52 189 73 406 618 348 133 215 270 143 60 161 112 127 81 205 156
internal_count=2337 2209 2164 2103 128 1268 468 356 800 835 144 691 394 52 189 73 406 618 348 133 215 270 143 60 161 112 127 81 205 156
shrinkage=0.1


Tree=5
num_leaves=31
num_cat=0
split_feature=3 0 2 13 0 5 3 0 9 6 8 0 7 1 1 11 2 13 9 10 11 8 12 8 0 9 2 0 9 15
split_gain=18.4628 16.4982 11.149 8.62761 8.66926 8.40973 6.67294 5.08678 4.84766 4.16498 5.08134 4.4944 4.16235 5.92384 3.97012 5.47998 5.68528 4.31472 3.67995 4.00282 3.67151 3.31671 3.16219 7.64071 5.56451 4.38565 3.84446 4.75529 5.52956 3.73002
threshold=11.500000000000002 17.500000000000004 8.5000000000000018 1.0000000180025095e-35 8.5000000000000018 2.5000000000000004 27.500000000000004 31.500000000000004 6.5000000000000009 3.5000000000000004 17.500000000000004 16.500000000000004 7.5000000000000009 8.5000000000000018 6.5000000000000009 2.5000000000000004 35.500000000000007 10.500000000000002 17.500000000000004 2.5000000000000004 3.5000000000000004 19.500000000000004 2.5000000000000004 12.500000000000002 18.500000000000004 3.5000000000000004 20.500000000000004 21.500000000000004 10.500000000000002 11.500000000000002
decision_type=2 2 2 2 2 2 2 2 2 2 2 2 2 2 2 2 2 2 2 2 2 2 2 2 2 2 2 2 2 2
left_child=2 -2 -1 21 -5 9 8 -8 12 10 -6 -11 -3 -14 22 17 18 -16 19 20 -17 -4 -7 24 -24 -25 -27 28 -28 -29
right_child=1 6 3 4 5 14 7 -9 -10 11 -12 -13 13 -15 15 16 -18 -19 -20 -21 -22 -23 23 25 -26 26 27 29 -30 -31
leaf_value=0.055943231426534207 -0.048271985816173868 -0.062945095981870383 0.047992461010561149 -0.041086356242497762 -0.013130289812882744 0.011932556956638526 -0.062397425345012129 -0.00014278079782213484 0.0032129580454683458 -0.02961030265559321 0.01449012488890917 0.018959085139873866 -0.049609359015117996 0.018708048419406018 0.046157630465247415 0.0013254235430461606 -0.016132808062765333 0.0133951718742783 0.040163919657468794 -0.01299279658299572 0.04390906054526568 0.0045316920280456547 0.015454884086336411 -0.036785557866096497 -0.044104043322224777 0.041701825790935093 0.014469877133766809 0.00045627872149149579 -0.052729905843734742 0.043642065694762602
leaf_weight=42 122 21 59 45 456 243 35 21 317 23 78 111 22 30 88 41 72 74 50 53 40 25 21 20 62 36 24 45 25 36
leaf_count=42 122 21 59 45 456 243 35 21 317 23 78 111 22 30 88 41 72 74 50 53 40 25 21 20 62 36 24 45 25 36
internal_value=0 -0.0156859 0.00503651 0.00379848 0.00220032 0.00341929 -0.00677222 -0.0390519 -0.00213719 -0.00514036 -0.00909585 0.0106225 -0.02537 -0.0101955 0.0095675 0.0167986 0.00769031 0.0311921 0.0170124 0.00837378 0.0223544 0.0350577 0.00366395 -0.00380545 -0.0290349 0.00745285 0.0127828 0.00477443 -0.0198157 0.01965
internal_weight=0 568 1769 1727 1643 1598 446 56 390 668 534 134 73 52 930 418 256 162 184 134 81 84 512 269 83 186 166 130 49 81
internal_count=2337 568 1769 1727 1643 1598 446 56 390 668 534 134 73 52 930 418 256 162 184 134 81 84 512 269 83 186 166 130 49 81
shrinkage=0.1


Tree=6
num_leaves=31
num_cat=0
split_feature=3 0 2 13 7 3 1 0 6 2 12 7 9 14 12 0 10 0 15 6 7 2 4 11 7 3 2 9 1 7
split_gain=15.3777 18.0025 7.49325 7.00694 6.41382 6.31868 5.54509 6.6837 5.41805 4.85869 8.08154 5.81387 4.88902 4.7382 4.53489 4.17319 4.09895 4.05748 4.33266 4.04453 4.91328 3.96013 4.88894 6.09759 3.89663 3.82885 4.72225 5.83943 4.88585 4.65537
threshold=8.5000000000000018 16.500000000000004 8.5000000000000018 5.5000000000000009 8.5000000000000018 27.500000000000004 7.5000000000000009 24.500000000000004 2.5000000000000004 27.500000000000004 2.5000000000000004 4.5000000000000009 8.5000000000000018 33.500000000000007 1.5000000000000002 31.500000000000004 3.5000000000000004 22.500000000000004 3.5000000000000004 1.5000000000000002 2.5000000000000004 35.500000000000007 2.5000000000000004 2.5000000000000004 7.5000000000000009 2.5000000000000004 31.500000000000004 6.5000000000000009 6.5000000000000009 11.500000000000002
decision_type=2 2 2 2 2 2 2 2 2 2 2 2 2 2 2 2 2 2 2 2 2 2 2 2 2 2 2 2 2 2
left_child=2 13 -1 14 8 6 19 16 9 10 11 -5 -12 -2 -4 -7 -8 24 -19 -3 -21 22 23 -22 -16 -6 28 -28 29 -27
right_child=1 5 3 4 25 15 7 -9 -10 -11 12 -13 -14 -15 17 -17 -18 18 -20 20 21 -23 -24 -25 -26 26 27 -29 -30 -31
leaf_value=0.049398064154845017 -0.047840847917225052 -0.037976508802837795 0.039079485044759867 0.012251759789608144 0.016022521759564187 -0.056221738292111294 0.00010191602830557113 0.019882492359897815 0.004384356737136841 0.0020299398102039518 -0.079497190423913899 -0.031419695871216916 -0.019086428767158874 0.00030059044559796656 0.016941487485048725 -0.00012849966684977214 -0.043486727561269492 -0.020854433849453929 0.028754737669107869 -0.046047003180892387 -0.036131622624951738 -0.020924412070865362 0.024786598807791386 0.016247826166774917 -0.0098848214326811238 -0.032853661356745542 -0.061617316553990047 -0.0041311953494797887 0.030710360407829287 0.01158077460068923
leaf_weight=39 138 45 68 54 273 36 94 197 194 86 37 70 21 24 98 21 28 20 147 27 43 71 82 46 121 37 24 67 64 65
leaf_count=39 138 45 68 54 273 36 94 197 194 86 37 70 21 24 98 21 28 20 147 27 43 71 82 46 121 37 24 67 64 65
internal_value=0 -0.0107093 0.00614431 0.00497772 0.000268464 -0.00366592 -0.000794315 0.00849154 -0.00834384 -0.0175575 -0.0268132 -0.0124015 -0.0576243 -0.0407088 0.0152675 -0.0355558 -0.00990203 0.0110727 0.0228135 -0.010228 -0.0055861 -0.00107187 0.007171 -0.0090591 0.00211965 0.00777579 -0.000984349 -0.0192924 0.00905198 -0.0045376
internal_weight=0 852 1485 1446 992 690 633 319 462 268 182 124 58 162 454 57 122 386 167 314 269 242 171 89 219 530 257 91 166 102
internal_count=2337 852 1485 1446 992 690 633 319 462 268 182 124 58 162 454 57 122 386 167 314 269 242 171 89 219 530 257 91 166 102
shrinkage=0.1


Tree=7
num_leaves=31
num_cat=0
split_feature=3 0 5 2 0 1 9 10 5 13 4 14 2 12 13 0 5 7 12 4 9 6 2 6 2 15 8 13 1 2
split_gain=13.0908 12.3584 8.72383 7.30582 6.2958 6.77572 4.9108 5.23754 4.61445 4.70441 7.16995 7.01205 5.12264 4.57057 4.48059 4.94741 6.70419 3.8951 3.79263 8.85846 5.22182 3.55416 3.40443 3.38672 3.85379 4.1876 3.3201 3.19814 4.24554 3.37797
threshold=13.500000000000002 21.500000000000004 1.5000000000000002 8.5000000000000018 8.5000000000000018 8.5000000000000018 6.5000000000000009 3.5000000000000004 2.5000000000000004 5.5000000000000009 2.5000000000000004 12.500000000000002 24.500000000000004 1.5000000000000002 1.0000000180025095e-35 36.500000000000007 4.5000000000000009 9.5000000000000018 3.5000000000000004 1.0000000180025095e-35 5.5000000000000009 2.5000000000000004 29.500000000000004 2.5000000000000004 30.500000000000004 7.5000000000000009 16.500000000000004 9.5000000000000018 14.500000000000002 40.500000000000007
decision_type=2 2 2 2 2 2 2 2 2 2 2 2 2 2 2 2 2 2 2 2 2 2 2 2 2 2 2 2 2 2
left_child=2 22 -1 -4 17 8 -3 27 9 13 12 -12 21 -6 -7 16 -16 -5 19 -10 -20 -11 -2 24 25 -15 -17 29 -29 -8
right_child=1 6 3 4 5 14 7 -9 18 10 11 -13 -14 23 15 26 -18 -19 20 -21 -22 -23 -24 -25 -26 -27 -28 28 -30 -31
leaf_value=-0.044497905248725739 -0.022071150317788127 -0.030886385851988087 0.046284561404367777 -0.060706672569115966 0.049457006795065747 0.04344084120609544 0.0096973048969053888 -0.020633627981811332 -0.056255029439926156 -0.028059262037277224 0.019149099617469603 -0.04230669438838959 -0.045055157562782028 -0.05754455946958982 0.0089146745387388739 0.05173086482425069 -0.046327366258787077 -0.0031177668467811917 -0.04798668314303671 0.011599967083912123 -2.7471035718917849e-05 0.010278241691135226 -0.052846390590435124 0.017604015166299388 0.022857015132904054 -0.0022760047994810958 0.01492613062523959 0.047417230497707019 -0.00045373647008091212 -0.036829613745212555
leaf_weight=37 64 54 41 24 21 44 71 69 20 57 82 24 87 26 490 43 23 23 28 506 120 42 82 57 20 29 57 44 32 20
leaf_count=37 64 54 41 24 21 44 71 69 20 57 82 24 87 26 490 43 23 23 28 506 120 42 82 57 20 29 57 44 32 20
internal_value=0 -0.015628 0.00358432 0.00453874 0.00359986 0.00455586 -0.00368217 0.00254252 -0.000176999 -0.00808005 -0.0155227 0.00523458 -0.0273521 0.00612421 0.0126169 0.0104044 0.00643794 -0.0325249 0.00504089 0.00901993 -0.00910084 -0.0117949 -0.0393559 -0.000769648 -0.0147336 -0.028403 0.0307522 0.0121183 0.027261 -0.000528392
internal_weight=0 436 1901 1864 1823 1776 290 236 1119 445 292 106 186 153 657 613 513 47 674 526 148 99 146 132 75 55 100 167 76 91
internal_count=2337 436 1901 1864 1823 1776 290 236 1119 445 292 106 186 153 657 613 513 47 674 526 148 99 146 132 75 55 100 167 76 91
shrinkage=0.1


Tree=8
num_leaves=31
num_cat=0
split_feature=3 0 10 2 3 5 1 0 15 1 14 15 9 14 13 1 14 9 11 15 0 5 2 0 6 9 11 13 8 8
split_gain=11.1137 12.9698 5.76244 5.56226 4.63219 4.59528 4.23007 4.99492 4.02697 6.34808 4.91375 4.28894 5.32423 4.20533 3.98021 6.6717 3.96809 3.85393 3.70289 3.65772 3.14686 3.12365 4.58479 3.01535 2.94382 3.7719 5.55227 5.69737 4.41682 3.86122
threshold=8.5000000000000018 16.500000000000004 1.0000000180025095e-35 13.500000000000002 27.500000000000004 2.5000000000000004 7.5000000000000009 24.500000000000004 15.500000000000002 9.5000000000000018 12.500000000000002 6.5000000000000009 18.500000000000004 4.5000000000000009 12.500000000000002 5.5000000000000009 33.500000000000007 25.500000000000004 2.5000000000000004 14.500000000000002 31.500000000000004 3.5000000000000004 27.500000000000004 12.500000000000002 1.5000000000000002 12.500000000000002 2.5000000000000004 6.5000000000000009 14.500000000000002 14.500000000000002
decision_type=2 2 2 2 2 2 2 2 2 2 2 2 2 2 2 2 2 2 2 2 2 2 2 2 2 2 2 2 2 2
left_child=2 16 -1 -4 6 23 24 19 11 10 13 12 14 -10 15 -7 -2 -14 -11 21 -6 22 -8 -5 -3 29 28 -28 -27 -26
right_child=1 4 3 5 20 8 7 -9 9 18 -12 -13 17 -15 -16 -17 -18 -19 -20 -21 -22 -23 -24 -25 25 26 27 -29 -30 -31
leaf_value=0.030348065079644673 -0.041094294104023259 -0.032580112483766348 0.025929211080074312 -0.031031109356298683 -0.04837599388427205 -0.028926103090753365 0.014771926062447685 0.017290458173921268 -0.014298409494486722 0.042435643849549474 0.0063764928667633634 0.019954837612110934 0.062514157917188562 -0.073196980467549078 0.013429487521728773 0.014100165534437749 0.0029615240792433425 0.0063189203922565168 -0.0021579758326212566 -0.035220006718817691 0.00033371370463144214 0.033376865088939667 -0.040073434291062533 -0.0028630820604471064 -0.0068208993190810793 -0.018488150210149826 0.032148558925837283 -0.022556404392928522 -0.077885374994505027 0.027453162107202746
leaf_weight=86 138 45 104 41 36 98 35 197 22 27 27 278 23 27 89 57 24 26 60 36 21 24 27 520 84 31 32 47 21 54
leaf_count=86 138 45 104 41 36 98 35 197 22 27 27 278 23 27 89 57 24 26 60 36 21 24 27 520 84 31 32 47 21 54
internal_value=0 -0.00910422 0.00522343 0.00367896 -0.00312589 0.00189207 -0.000667193 0.0074432 0.00709987 -0.0067634 -0.0278779 0.0110573 0.00261534 -0.0467527 -0.00342551 -0.0131035 -0.0345675 0.0326963 0.0116814 -0.00845771 -0.0304303 0.00274511 -0.00911234 -0.00492171 -0.00890673 -0.0049465 -0.0171002 -0.000397432 -0.0424755 0.00659069
internal_weight=0 852 1485 1399 690 1295 633 319 734 163 76 571 293 49 244 155 162 49 87 122 57 86 62 561 314 269 131 79 52 138
internal_count=2337 852 1485 1399 690 1295 633 319 734 163 76 571 293 49 244 155 162 49 87 122 57 86 62 561 314 269 131 79 52 138
shrinkage=0.1


Tree=9
num_leaves=31
num_cat=0
split_feature=3 3 0 6 5 13 2 0 12 1 0 15 2 0 0 1 14 0 7 1 14 13 2 15 9 7 1 9 9 4
split_gain=9.60055 6.63463 5.53363 5.98989 5.93951 4.41196 4.41578 5.61847 4.94848 4.3665 4.85601 4.37709 3.98131 3.74391 3.41758 3.43126 4.76552 3.345 3.49072 3.30485 3.29236 3.17096 2.67511 2.58223 2.52661 2.47073 3.37661 2.88385 4.51397 3.46285
threshold=3.5000000000000004 23.500000000000004 10.500000000000002 1.0000000180025095e-35 2.5000000000000004 1.0000000180025095e-35 36.500000000000007 30.500000000000004 2.5000000000000004 8.5000000000000018 40.500000000000007 41.500000000000007 18.500000000000004 28.500000000000004 16.500000000000004 15.500000000000002 8.5000000000000018 30.500000000000004 21.500000000000004 5.5000000000000009 14.500000000000002 14.500000000000002 14.500000000000002 1.5000000000000002 4.5000000000000009 12.500000000000002 2.5000000000000004 7.5000000000000009 4.5000000000000009 2.5000000000000004
decision_type=2 2 2 2 2 2 2 2 2 2 2 2 2 2 2 2 2 2 2 2 2 2 2 2 2 2 2 2 2 2
left_child=5 2 -2 20 12 -1 13 8 -8 10 23 -11 -5 22 19 25 -17 -3 -19 -14 -4 -10 -7 -6 -25 27 -27 28 -16 -29
right_child=1 17 3 4 9 6 7 -9 21 11 -12 -13 14 -15 15 16 -18 18 -20 -21 -22 -23 -24 24 -26 26 -28 29 -30 -31
leaf_value=0.041203012391924865 -0.029666837470399013 -0.037745763569377193 -0.013708240363527746 0.015676571201469938 0.024849773285000824 0.028992615702251597 -0.066340751492458841 0.021700060186964094 -0.032559058141823 0.017429235918459549 -0.046571401879191399 -0.028751174970106649 -0.0045373706590561644 0.025551687591657865 -0.0023210623264312744 -0.018090599087568431 0.039547192305326467 0.026919928938150407 -0.030803990635004913 -0.055283874634540445 -0.063355658271095974 0.020403941273689271 0.0042558119886991928 0.026510665301353705 -0.0031977956247999069 -0.027853614389896392 0.022684547529579741 -0.019771791016682985 -0.056754641043834202 0.010424314825623124
leaf_weight=40 72 86 34 59 43 48 23 33 26 306 22 22 21 127 25 26 32 20 22 33 22 20 490 31 374 20 39 128 39 54
leaf_count=40 72 86 34 59 43 48 23 33 26 306 22 22 21 127 25 26 32 20 22 33 22 20 490 31 374 20 39 128 39 54
internal_value=0 -0.00465489 -0.00266516 -0.00120342 0.000203576 0.00882526 0.00713672 -0.0122372 -0.028468 0.005477 -0.000702501 0.0143318 -0.00863716 0.0101084 -0.0120772 -0.00858555 0.0137096 -0.0264486 -0.00331641 -0.0355491 -0.0332126 -0.00953167 0.00646281 0.00154999 -0.000923815 -0.0128253 0.00555297 -0.0172331 -0.0354915 -0.0108125
internal_weight=0 1530 1402 1330 1274 807 767 102 69 798 470 328 476 665 417 363 58 128 42 54 56 46 538 448 405 305 59 246 64 182
internal_count=2337 1530 1402 1330 1274 807 767 102 69 798 470 328 476 665 417 363 58 128 42 54 56 46 538 448 405 305 59 246 64 182
shrinkage=0.1


Tree=10
num_leaves=31
num_cat=0
split_feature=3 0 5 13 2 6 1 2 0 3 15 8 0 7 8 11 15 5 9 14 8 0 15 13 4 13 8 0 13 2
split_gain=7.82813 7.21492 5.49851 5.10272 4.42314 3.50018 4.20508 5.56921 5.84318 4.58156 4.41832 4.19442 6.60552 3.8938 3.69797 3.66998 3.62257 4.87517 3.70431 3.47679 3.41551 3.38906 3.32933 5.7478 3.24146 3.50954 3.14168 4.03893 3.09266 5.92823
threshold=11.500000000000002 17.500000000000004 1.5000000000000002 1.0000000180025095e-35 8.5000000000000018 3.5000000000000004 6.5000000000000009 35.500000000000007 36.500000000000007 3.5000000000000004 3.5000000000000004 17.500000000000004 21.500000000000004 7.5000000000000009 14.500000000000002 2.5000000000000004 11.500000000000002 3.5000000000000004 11.500000000000002 1.5000000000000002 19.500000000000004 33.500000000000007 6.5000000000000009 10.500000000000002 2.5000000000000004 7.5000000000000009 12.500000000000002 31.500000000000004 6.5000000000000009 37.500000000000007
decision_type=2 2 2 2 2 2 2 2 2 2 2 2 2 2 2 2 2 2 2 2 2 2 2 2 2 2 2 2 2 2
left_child=2 -2 -1 20 -5 6 11 8 9 10 -8 16 13 -13 24 -9 21 18 -18 -3 -4 -6 -11 -24 25 -7 28 -28 -21 -30
right_child=1 19 3 4 5 14 7 15 -10 22 -12 12 -14 -15 -16 -17 17 -19 -20 26 -22 -23 23 -25 -26 -27 27 -29 29 -31
leaf_value=-0.036546681922696098 -0.031762948998662298 -0.033250022797208088 0.042708462314172226 0.037038121352324614 -0.0035626497179612349 0.029802115231144184 -0.016772041397710002 0.015127449713904282 0.045770891946415572 -0.020317752866281402 0.024188204543931145 -0.036157898288784608 0.032280873304799847 0.0067362406496274275 0.00066330277150677096 -0.026842204702867047 -0.025744046370188397 0.0099249176979064949 -0.07660798373676482 0.027406137124184639 -0.00071971272980725321 -0.037281918339431286 0.019217406410091328 -0.020388623007706233 0.040705623030662538 -0.0084463354120863244 -0.016925513762017265 0.0077644200943340763 -0.031772304943629676 0.028807028929392499
leaf_weight=34 122 38 55 37 435 49 31 29 43 72 175 33 69 59 155 74 45 25 21 62 27 32 106 56 60 47 174 107 35 30
leaf_count=34 122 38 55 37 435 49 31 29 43 72 175 33 69 59 155 74 45 25 21 62 27 32 106 56 60 47 174 107 35 30
internal_value=0 -0.0102138 0.00327952 0.00405997 0.0028521 0.00206937 -0.000202579 0.0060852 0.0105871 0.00714865 0.0180243 -0.00532725 0.00889197 -0.0086497 0.0116028 -0.0150255 -0.00942993 -0.0276827 -0.041928 -0.00431925 0.0284089 -0.00587318 -0.00242562 0.00552643 0.0224722 0.0110763 -0.00162472 -0.00752401 0.011428 -0.00381261
internal_weight=0 568 1769 1735 1653 1616 1305 586 483 440 206 719 161 92 311 103 558 91 66 446 82 467 234 162 156 96 408 281 127 65
internal_count=2337 568 1769 1735 1653 1616 1305 586 483 440 206 719 161 92 311 103 558 91 66 446 82 467 234 162 156 96 408 281 127 65
shrinkage=0.1


Tree=11
num_leaves=31
num_cat=0
split_feature=3 0 9 5 1 2 12 3 0 8 15 2 13 13 9 11 6 2 3 15 7 8 10 14 14 13 2 1 7 11
split_gain=6.8187 4.77382 5.61696 5.22422 3.68517 3.61229 3.48662 3.29153 3.604 3.52178 3.12348 3.30442 3.09665 3.05192 8.0442 5.63998 5.67777 3.85649 3.72521 3.69114 3.33505 3.16617 3.43723 2.79673 5.28618 4.51658 4.16924 3.42021 3.11108 3.91569
threshold=23.500000000000004 8.5000000000000018 1.0000000180025095e-35 2.5000000000000004 5.5000000000000009 13.500000000000002 3.5000000000000004 9.5000000000000018 19.500000000000004 15.500000000000002 2.5000000000000004 26.500000000000004 10.500000000000002 12.500000000000002 12.500000000000002 4.5000000000000009 3.5000000000000004 30.500000000000004 15.500000000000002 12.500000000000002 10.500000000000002 28.500000000000004 1.5000000000000002 8.5000000000000018 5.5000000000000009 6.5000000000000009 27.500000000000004 6.5000000000000009 9.5000000000000018 3.5000000000000004
decision_type=2 2 2 2 2 2 2 2 2 2 2 2 2 2 2 2 2 2 2 2 2 2 2 2 2 2 2 2 2 2
left_child=1 -1 -3 5 13 -4 23 8 -8 -10 11 -6 -12 15 19 16 18 -18 21 -15 -16 22 -5 24 -7 -25 27 -26 -27 -30
right_child=-2 2 3 4 10 6 7 -9 9 -11 12 -13 -14 14 20 -17 17 -19 -20 -21 -22 -23 -24 25 26 28 -28 -29 29 -31
leaf_value=-0.025831604808095904 -0.022439554770244285 -0.048172427713871008 0.022882251471889263 0.014509454613826314 0.010376171218721491 0.0010371079691025894 -0.0401653528213501 -0.043664536103606225 -0.013036524154702012 0.034396996187127153 0.015776505401091916 0.052654740793837446 0.0017105874144583433 0.036225314956644307 0.010550683021545409 0.044981285387819467 0.040318801097179717 -0.010884097218513489 -0.049664043426513677 -0.0064464838458941536 -0.036729183956678658 -0.044978871860581901 -0.012591942581371288 0.018794101320985537 -0.030995967239141466 -0.020047606169422971 -0.046502511978149419 0.0096297494200773028 0.02704538384149241 -0.024824521487409421
leaf_weight=63 128 22 49 61 38 247 28 40 49 23 336 36 293 92 25 22 38 24 25 26 37 23 201 134 40 79 50 43 43 22
leaf_count=63 128 22 49 61 38 247 28 40 49 23 336 36 293 92 25 22 38 24 25 26 37 23 201 134 40 79 50 43 43 22
internal_value=0 0.00130026 0.00209676 0.00261744 0.0066565 -0.00347214 -0.00509039 -0.0194205 -0.00972289 0.00211585 0.0115106 0.0309441 0.00922434 0.000711452 0.0114995 -0.00421709 -0.00712667 0.0204983 -0.0126517 0.0268231 -0.0176647 -0.00940497 -0.00628208 -0.00204143 -0.00761768 0.00558079 -0.0236909 -0.00994891 -0.00671492 0.00948942
internal_weight=0 2209 2146 2124 1277 847 798 140 100 72 703 74 629 574 180 394 372 62 310 118 62 285 262 658 380 278 133 83 144 65
internal_count=2337 2209 2146 2124 1277 847 798 140 100 72 703 74 629 574 180 394 372 62 310 118 62 285 262 658 380 278 133 83 144 65
shrinkage=0.1


Tree=12
num_leaves=31
num_cat=0
split_feature=3 7 5 6 0 3 1 8 3 15 1 9 13 7 13 2 0 12 8 3 2 1 2 7 8 6 15 0 1 11
split_gain=5.86971 4.44571 3.96989 4.75275 4.04615 4.10665 4.02867 3.90521 4.21735 3.68157 3.49986 5.07548 3.29188 3.43901 3.08897 3.08458 4.29208 3.84484 3.11176 4.20125 4.23455 4.15461 6.08961 5.89894 4.86576 4.14573 4.0032 5.07907 3.32893 3.80783
threshold=3.5000000000000004 1.0000000180025095e-35 1.5000000000000002 3.5000000000000004 14.500000000000002 8.5000000000000018 1.5000000000000002 14.500000000000002 9.5000000000000018 1.5000000000000002 17.500000000000004 20.500000000000004 4.5000000000000009 10.500000000000002 1.0000000180025095e-35 36.500000000000007 30.500000000000004 2.5000000000000004 11.500000000000002 1.5000000000000002 27.500000000000004 4.5000000000000009 21.500000000000004 8.5000000000000018 16.500000000000004 3.5000000000000004 12.500000000000002 20.500000000000004 1.5000000000000002 2.5000000000000004
decision_type=2 2 2 2 2 2 2 2 2 2 2 2 2 2 2 2 2 2 2 2 2 2 2 2 2 2 2 2 2 2
left_child=14 -2 -3 4 5 -4 7 8 -6 -8 11 -5 -9 -14 -1 18 17 -17 26 20 21 22 -20 -24 -23 -26 27 28 -16 -30
right_child=1 2 3 10 6 -7 9 12 -10 -11 -12 -13 13 -15 15 16 -18 -19 19 -21 -22 24 23 -25 25 -27 -28 -29 29 -31
leaf_value=0.033992403708398344 -0.047272968680962278 -0.03366454986900818 -0.0015736074172533476 0.017392338031814211 -0.041052331368128463 -0.035137996687946552 0.026069234395926857 0.030209227012736456 -0.005802761072353009 -0.0012008727630463921 0.031336992863437226 -0.012376686462334224 0.012625265916188559 -0.035256636341412864 0.038777885138988499 -0.05827418695325437 0.018957419648314967 -0.0081991711277109771 0.0029681607698782897 0.028289792763775797 0.023728453754274934 0.023267019600481602 -0.081813095297132224 -0.007716163518753919 0.0049915579557418821 -0.048878762871026993 0.030903670787811279 -0.038033624552190309 0.017455692589282989 -0.040141444043679669
leaf_weight=40 23 41 65 126 75 83 53 28 62 751 58 105 30 30 20 23 33 46 78 116 108 111 21 22 50 20 25 48 24 22
leaf_count=40 23 41 65 126 75 83 53 28 62 751 58 105 30 30 20 23 33 46 78 116 108 111 21 22 50 20 25 48 24 22
internal_value=0 -0.00363974 -0.0029738 -0.00211547 -0.00493688 -0.0203969 -0.00271328 -0.0145412 -0.0251 0.000596784 0.00937518 0.00386096 0.00189679 -0.0113157 0.00690062 0.00548775 -0.0107046 -0.0248908 0.00797139 0.0114879 0.00673415 0.000656714 -0.0136885 -0.043903 0.0102466 -0.0104 -0.00533554 -0.0132827 0.00471792 -0.0100908
internal_weight=0 1530 1507 1466 1177 148 1029 225 137 804 289 231 88 60 807 767 102 69 665 526 410 302 121 43 181 70 139 114 66 46
internal_count=2337 1530 1507 1466 1177 148 1029 225 137 804 289 231 88 60 807 767 102 69 665 526 410 302 121 43 181 70 139 114 66 46
shrinkage=0.1


Tree=13
num_leaves=31
num_cat=0
split_feature=2 0 4 0 0 3 13 3 14 8 6 1 5 2 6 12 2 0 1 6 9 12 15 13 3 12 0 1 2 14
split_gain=5.11859 4.70389 4.2025 4.82793 4.76289 4.32872 4.06107 7.065 5.52583 4.79326 4.49078 4.41623 4.41577 4.06195 3.35246 3.30168 3.61972 3.28123 3.54141 3.24897 3.00366 2.99309 4.82642 3.28435 4.48942 2.83962 2.81715 2.64244 2.52154 2.5063
threshold=35.500000000000007 16.500000000000004 2.5000000000000004 43.500000000000007 9.5000000000000018 18.500000000000004 6.5000000000000009 5.5000000000000009 6.5000000000000009 11.500000000000002 3.5000000000000004 7.5000000000000009 3.5000000000000004 27.500000000000004 1.0000000180025095e-35 1.5000000000000002 19.500000000000004 32.500000000000007 15.500000000000002 2.5000000000000004 21.500000000000004 1.5000000000000002 16.500000000000004 17.500000000000004 2.5000000000000004 2.5000000000000004 23.500000000000004 11.500000000000002 28.500000000000004 22.500000000000004
decision_type=2 2 2 2 2 2 2 2 2 2 2 2 2 2 2 2 2 2 2 2 2 2 2 2 2 2 2 2 2 2
left_child=2 -2 4 5 -1 -4 7 13 11 -10 27 -9 17 15 -3 -6 -17 18 -8 25 -7 -14 23 24 -23 -18 -26 28 -11 -16
right_child=1 14 3 -5 6 20 12 8 9 10 -12 -13 21 -15 29 16 19 -19 -20 -21 -22 22 -24 -25 26 -27 -28 -29 -30 -31
leaf_value=-0.033092829717530144 -0.030877790562808517 -0.043674768720354355 0.0096014965885926878 0.052797704879806895 0.051204781234264377 -0.036721543222665791 -0.010086332865663477 -0.048319219549496972 0.038778986930847172 -0.031549302103190589 0.0360789039482673 0.000565714185888117 -0.023812187194824221 0.046407458310325944 0.00077909833352984587 0.027104679978730385 -0.0017452048532890553 -0.036413990299810066 0.028801668405532839 0.021937987634113858 0.011612473092973233 0.041615592874586584 -0.022361518343289696 0.048271063310759414 -0.024591443873941899 -0.048784475383304417 0.021893880584023216 0.018086304224055747 0.0069914795458316803 -0.018577841796526096
leaf_weight=45 80 21 605 24 20 36 370 42 35 58 24 33 25 48 363 57 33 44 25 28 20 32 30 35 32 21 22 23 24 82
leaf_count=45 80 21 605 24 20 36 370 42 35 58 24 33 25 48 363 57 33 44 25 28 20 32 30 35 32 21 22 23 24 82
internal_value=0 -0.00847612 0.00258401 0.00873916 -0.00122817 0.00713945 0.000123296 0.00738825 -0.00432493 0.0059578 -0.00294717 -0.0268098 -0.00514527 0.0209122 -0.00463034 0.0132155 0.00774939 -0.0105105 -0.00762507 -0.0057049 -0.0194594 0.00823736 0.0135436 0.0224457 0.0119353 -0.0200383 -0.00565298 -0.0118674 -0.0202691 -0.0027878
internal_weight=0 546 1791 685 1106 661 1061 446 239 164 129 75 615 207 466 159 139 439 395 82 56 176 151 121 86 54 54 105 82 445
internal_count=2337 546 1791 685 1106 661 1061 446 239 164 129 75 615 207 466 159 139 439 395 82 56 176 151 121 86 54 54 105 82 445
shrinkage=0.1


Tree=14
num_leaves=31
num_cat=0
split_feature=5 3 0 2 9 10 10 0 12 7 9 0 6 5 15 13 13 1 0 6 8 0 9 2 6 1 1 12 9 9
split_gain=4.72422 4.38649 5.70217 3.35739 3.3063 3.40019 3.20548 3.4965 2.83323 3.74067 3.90827 3.07059 3.05051 2.84027 4.2622 2.75609 2.70857 3.20004 2.49449 3.49894 2.48777 3.10933 2.88025 2.55806 3.11624 3.34459 3.83598 2.95988 2.48006 2.89466
threshold=1.5000000000000002 13.500000000000002 21.500000000000004 8.5000000000000018 6.5000000000000009 3.5000000000000004 1.0000000180025095e-35 8.5000000000000018 1.5000000000000002 24.500000000000004 13.500000000000002 36.500000000000007 1.0000000180025095e-35 2.5000000000000004 41.500000000000007 16.500000000000004 10.500000000000002 14.500000000000002 31.500000000000004 2.5000000000000004 17.500000000000004 12.500000000000002 12.500000000000002 36.500000000000007 2.5000000000000004 2.5000000000000004 5.5000000000000009 2.5000000000000004 9.5000000000000018 4.5000000000000009
decision_type=2 2 2 2 2 2 2 2 2 2 2 2 2 2 2 2 2 2 2 2 2 2 2 2 2 2 2 2 2 2
left_child=-1 3 -3 -2 -4 16 -5 -8 9 10 -9 12 -10 20 -15 -12 18 -18 -6 -20 21 -14 -22 24 27 -26 -27 28 29 -23
right_child=1 2 4 6 5 -7 7 8 11 -11 15 -13 13 14 -16 -17 17 -19 19 -21 22 23 -24 -25 25 26 -28 -29 -30 -31
leaf_value=-0.029515202469983196 0.031064663136877665 -0.025294042373225641 -0.022956991701755886 0.020747892660173503 -0.014474104158580303 -0.014417992261323063 -0.026975731863531957 0.016887712052890233 -0.028575191131004919 0.05197733681310307 0.0049296268224716189 0.014963334821390385 -0.043373498320579532 0.0053085250558553045 -0.037534517484088314 -0.044874807745218279 0.046437578247143674 0.0025743324181129196 -0.0081313412189483649 0.045913555958996655 0.019656656895365037 0.0074750016344354506 -0.021132426417392235 -0.03470564126968384 -0.016309044013420742 0.03932328969240189 0.0020027274265885355 -0.028433512743205241 0.012080288728078207 -0.023451241324929633
leaf_weight=53 41 137 53 88 48 66 43 133 39 22 25 132 24 715 24 20 39 29 25 23 70 47 23 30 48 42 80 73 60 85
leaf_count=53 41 137 53 88 48 66 43 133 39 22 25 132 24 715 24 20 39 29 25 23 70 47 23 30 48 42 80 73 60 85
internal_value=0 0.000684898 -0.00854738 0.00276513 -0.000440338 0.00474828 0.00212866 0.00118429 0.00189994 0.0130766 0.0082686 0.000401732 -0.0010116 -0.000197837 0.00391714 -0.0172057 0.0124615 0.0277312 0.00164553 0.0177652 -0.00542287 -0.00827409 0.00956903 -0.00646251 -0.00451471 0.00605272 0.0148508 -0.0112938 -0.00477715 -0.0124396
internal_weight=0 2284 420 1864 283 230 1823 1735 1692 200 178 1492 1360 1321 739 45 164 68 96 48 582 489 93 465 435 170 122 265 192 132
internal_count=2337 2284 420 1864 283 230 1823 1735 1692 200 178 1492 1360 1321 739 45 164 68 96 48 582 489 93 465 435 170 122 265 192 132
shrinkage=0.1


Tree=15
num_leaves=31
num_cat=0
split_feature=3 7 5 12 3 10 1 15 14 8 13 3 8 15 13 11 2 13 2 15 8 2 1 1 10 9 6 15 3 8
split_gain=3.90885 3.35263 3.48607 2.59416 2.96285 2.54022 2.83811 3.84052 4.8459 2.97636 2.88452 2.76757 3.97487 3.96755 2.87975 3.23692 4.36898 2.68864 3.6833 4.25928 3.43768 5.06621 4.2697 3.39033 3.84711 3.77798 4.14689 5.13188 4.47867 3.56512
threshold=23.500000000000004 1.0000000180025095e-35 2.5000000000000004 3.5000000000000004 13.500000000000002 1.0000000180025095e-35 29.500000000000004 14.500000000000002 34.500000000000007 11.500000000000002 55.500000000000007 14.500000000000002 12.500000000000002 41.500000000000007 7.5000000000000009 2.5000000000000004 31.500000000000004 12.500000000000002 35.500000000000007 6.5000000000000009 17.500000000000004 28.500000000000004 5.5000000000000009 5.5000000000000009 2.5000000000000004 17.500000000000004 1.5000000000000002 6.5000000000000009 11.500000000000002 13.500000000000002
decision_type=2 2 2 2 2 2 2 2 2 2 2 2 2 2 2 2 2 2 2 2 2 2 2 2 2 2 2 2 2 2
left_child=1 -1 3 -3 -5 -4 7 10 9 -9 17 12 -11 14 -14 -16 -17 18 23 -20 -19 22 -22 25 -25 26 -7 28 29 -28
right_child=-2 2 5 4 -6 6 -8 8 -10 11 -12 -13 13 -15 15 16 -18 20 19 -21 21 -23 -24 24 -26 -27 27 -29 -30 -31
leaf_value=-0.034712831002588457 -0.016989797900896522 -0.00097736173502480854 0.023762441561980683 -0.0094846618084507145 -0.048399548686068994 0.029682112356712077 0.032572254617557382 0.022169413685798646 0.028111327687899274 -0.039709027549799755 -0.030402511642092751 -0.033223176156652386 0.020391413276312782 -0.04091141755166261 0.016726844735217818 0.0043831486254930496 -0.052544208673330456 0.0066555311421999776 -0.0451946537340841 -3.4117046743631364e-05 0.034758190675215288 0.048126123234873919 -0.027543868530880325 0.0250675585269928 -0.0020868774689733983 0.028738875083021215 -0.017767005851344456 0.0087249053849114324 0.019437029957771301 -0.056549488360944547
leaf_weight=26 128 709 66 131 23 29 33 25 36 34 21 58 61 23 33 28 26 178 31 64 22 61 22 150 80 37 63 81 20 38
leaf_count=26 128 709 66 131 23 29 33 25 36 34 21 58 61 23 33 28 26 178 31 64 22 61 22 150 80 37 63 81 20 38
internal_value=0 0.00098447 0.00140963 -0.0035326 -0.0152966 0.0046408 0.0036344 0.00285229 -0.00647941 -0.0108033 0.00622295 -0.0139375 -0.00848112 -0.00227206 0.00373271 -0.00794753 -0.0230263 0.00710095 0.00327376 -0.0147707 0.0151205 0.0294706 0.00360716 0.00671598 0.0156225 -0.000927703 -0.00567949 -0.0107562 -0.0237972 -0.0323584
internal_weight=0 2209 2183 863 154 1320 1254 1221 324 288 897 263 205 171 148 87 54 876 593 95 283 105 44 498 230 268 231 202 121 101
internal_count=2337 2209 2183 863 154 1320 1254 1221 324 288 897 263 205 171 148 87 54 876 593 95 283 105 44 498 230 268 231 202 121 101
shrinkage=0.1


Tree=16
num_leaves=31
num_cat=0
split_feature=5 12 1 3 0 15 0 8 14 8 13 9 4 2 1 0 0 13 2 5 8 7 13 8 2 7 3 10 15 3
split_gain=3.6439 3.3084 3.28682 3.39007 3.63948 3.25878 5.11432 3.54724 2.79999 3.88163 2.71529 2.68201 2.62295 2.84445 2.6961 2.60554 2.56152 2.54511 2.4165 2.74965 3.63729 3.73124 3.71599 3.37819 4.18877 3.82212 4.55586 4.01524 3.13747 3.54558
threshold=1.5000000000000002 1.5000000000000002 27.500000000000004 11.500000000000002 14.500000000000002 37.500000000000007 26.500000000000004 42.500000000000007 50.500000000000007 12.500000000000002 5.5000000000000009 6.5000000000000009 2.5000000000000004 35.500000000000007 4.5000000000000009 36.500000000000007 20.500000000000004 1.0000000180025095e-35 11.500000000000002 3.5000000000000004 11.500000000000002 19.500000000000004 17.500000000000004 17.500000000000004 39.500000000000007 8.5000000000000018 1.5000000000000002 2.5000000000000004 6.5000000000000009 3.5000000000000004
decision_type=2 2 2 2 2 2 2 2 2 2 2 2 2 2 2 2 2 2 2 2 2 2 2 2 2 2 2 2 2 2
left_child=-1 10 3 5 -5 7 -7 17 9 16 11 -2 14 -14 -12 -4 -6 -3 -19 23 -21 22 28 -20 25 26 -25 -28 29 -22
right_child=1 2 15 4 8 6 -8 -9 -10 -11 12 -13 13 -15 -16 -17 -18 18 19 20 21 -23 -24 24 -26 -27 27 -29 -30 -31
leaf_value=-0.025921715458609024 0.0039034801878427209 0.021681285244331026 0.006427757187109244 -0.029822490555899486 -0.017129958925708646 -0.053859586792963522 0.008909211426973344 0.032362641434411747 0.029544307494705376 -0.013784043430402272 -0.040612762868404394 0.038082530503642971 0.028426132547227964 -0.014626492772783554 0.0010860630567523016 0.049671290052885363 0.016153424487009151 0.019713183753192427 -0.0062255398325527771 0.038294830392388735 0.011621761059059817 -0.021376820851345454 0.037136246913518661 -0.032144268069948467 -0.03281793296337128 0.033008129443183092 0.035848437287868594 -0.017580578002062711 0.014239151044836584 -0.031817912345840818
leaf_weight=53 38 57 38 70 31 27 25 37 22 271 20 58 57 21 69 22 91 60 790 34 34 49 39 28 21 66 39 22 106 42
leaf_count=53 38 57 38 70 31 27 25 37 22 271 20 58 57 21 69 22 91 60 790 34 34 49 39 28 21 66 39 22 106 42
internal_value=0 0.000601511 -0.000771442 -0.00147685 -0.00873019 0.000906528 -0.0236823 0.00180443 -0.00517245 -0.00711589 0.0111518 0.0245533 0.003448 0.016835 -0.00828446 0.0222837 0.00769617 0.000989254 0.000102453 -0.000824038 0.00747043 0.00358884 0.00912421 -0.00343431 0.00909453 0.014773 0.0012503 0.016579 0.00312163 -0.0123844
internal_weight=0 2284 2021 1961 485 1476 52 1424 415 393 263 96 167 78 89 60 122 1387 1330 1270 304 270 221 966 176 155 89 61 182 76
internal_count=2337 2284 2021 1961 485 1476 52 1424 415 393 263 96 167 78 89 60 122 1387 1330 1270 304 270 221 966 176 155 89 61 182 76
shrinkage=0.1


Tree=17
num_leaves=31
num_cat=0
split_feature=3 1 10 13 2 15 6 0 3 7 8 1 1 13 13 9 15 13 14 14 15 7 15 4 2 13 5 14 14 13
split_gain=3.18993 2.84593 2.76003 4.21904 3.60173 3.51832 2.95071 3.32942 3.57732 4.13931 3.42193 2.83044 3.75585 2.75926 2.75676 3.10545 2.72133 3.29871 2.62854 2.49676 2.46899 2.86005 2.93249 2.41312 5.27596 2.85267 2.6061 2.31443 2.29846 2.90838
threshold=3.5000000000000004 1.5000000000000002 3.5000000000000004 32.500000000000007 16.500000000000004 1.0000000180025095e-35 3.5000000000000004 24.500000000000004 11.500000000000002 16.500000000000004 12.500000000000002 8.5000000000000018 5.5000000000000009 16.500000000000004 2.5000000000000004 11.500000000000002 8.5000000000000018 37.500000000000007 13.500000000000002 7.5000000000000009 6.5000000000000009 9.5000000000000018 11.500000000000002 2.5000000000000004 33.500000000000007 9.5000000000000018 2.5000000000000004 17.500000000000004 10.500000000000002 8.5000000000000018
decision_type=2 2 2 2 2 2 2 2 2 2 2 2 2 2 2 2 2 2 2 2 2 2 2 2 2 2 2 2 2 2
left_child=-1 23 3 5 -4 -3 7 8 9 20 -9 12 -8 14 -12 18 17 -6 -16 -13 -7 -22 -23 -2 26 -26 -25 -21 -10 -30
right_child=1 2 4 -5 16 6 11 10 28 -11 13 19 -14 -15 15 -17 -18 -19 -20 27 21 22 -24 24 25 -27 -28 -29 29 -31
leaf_value=0.0050871022516466875 -0.017182623279649159 0.03810846102237702 0.02126921026995688 0.043604259565472606 0.011762476856670073 -0.011199031065810812 0.019319474417716268 0.02005298225652604 -0.037835525402000976 -0.040992071651495425 0.017938388983408611 0.042566820155633123 -0.029519753061955974 0.025053865231316665 -0.053947650769661216 1.2378900178841184e-05 -0.022754283260176148 -0.034094488762673882 -0.0086791198538697292 -0.0083360769531943598 -0.00033036456551662711 0.047153014521444998 2.597933230192765e-05 -0.0082094268873333931 -0.046466783613994207 0.001286236433820291 0.027564616022365436 0.029116328647642426 0.0088342250244958075 -0.036363020166754724
leaf_weight=807 215 25 33 24 62 110 32 105 56 26 30 38 31 29 29 56 138 21 23 33 129 31 23 32 29 22 56 33 35 24
leaf_count=807 215 25 33 24 62 110 32 105 56 26 30 38 31 29 29 56 138 21 23 33 129 31 23 32 29 22 56 33 35 24
internal_value=0 -0.0026832 -0.000316926 0.00222583 -0.00954692 0.00111995 6.07095e-05 -0.00276685 -0.00820338 -0.00275224 0.0059076 0.0120144 -0.00471253 -0.0029862 -0.00887867 -0.0163279 -0.0141484 0.000160112 -0.033925 0.022147 0.00064106 0.00775805 0.0270804 -0.010544 -0.000275703 -0.0258674 0.0145559 0.0103901 -0.0233244 -0.0095511
internal_weight=0 1530 1176 922 254 898 873 706 434 319 272 167 63 167 138 108 221 83 52 104 293 183 54 354 139 51 88 66 115 59
internal_count=2337 1530 1176 922 254 898 873 706 434 319 272 167 63 167 138 108 221 83 52 104 293 183 54 354 139 51 88 66 115 59
shrinkage=0.1


Tree=18
num_leaves=31
num_cat=0
split_feature=5 4 7 12 0 6 2 13 7 0 3 9 7 7 9 13 13 3 9 10 12 15 2 2 7 15 5 14 9 1
split_gain=2.75685 2.64797 3.82491 2.90886 2.94471 4.35881 2.49904 2.33199 2.25467 2.05973 2.68354 2.22288 1.97432 1.9616 1.86263 1.82922 2.4742 2.44297 1.75665 1.74061 2.54086 1.82762 4.22085 9.29428 1.88621 4.11257 4.74345 3.80614 3.37671 3.85013
threshold=1.5000000000000002 1.0000000180025095e-35 5.5000000000000009 1.5000000000000002 12.500000000000002 1.0000000180025095e-35 14.500000000000002 5.5000000000000009 1.5000000000000002 45.500000000000007 31.500000000000004 52.500000000000007 24.500000000000004 8.5000000000000018 6.5000000000000009 14.500000000000002 9.5000000000000018 5.5000000000000009 18.500000000000004 1.0000000180025095e-35 3.5000000000000004 1.5000000000000002 23.500000000000004 19.500000000000004 4.5000000000000009 12.500000000000002 3.5000000000000004 3.5000000000000004 4.5000000000000009 9.5000000000000018
decision_type=2 2 2 2 2 2 2 2 2 2 2 2 2 2 2 2 2 2 2 2 2 2 2 2 2 2 2 2 2 2
left_child=18 2 8 6 -5 13 -3 14 -2 10 11 19 15 -6 -8 16 17 -9 -1 20 -7 22 23 -21 25 27 -27 -23 29 -26
right_child=1 3 -4 4 5 9 7 12 -10 -11 -12 -13 -14 -15 -16 -17 -18 -19 -20 21 -22 24 -24 -25 28 26 -28 -29 -30 -31
leaf_value=-0.0059850036584097772 -0.014757329580742259 0.040009075485997733 0.018063009530305863 -0.012718361069464827 -0.047538536538680398 0.033410838456490101 0.004317037678427167 0.012390509868661564 -0.053016796211401623 0.031117743067443374 -0.033909510927540916 0.030522023389736815 0.02792992246421901 -0.010630204818314976 0.034686669610116794 -0.020409504291803941 0.026121985074132683 -0.033217238343280296 -0.042559277204175794 0.036062804237008098 -0.0097335010766983043 0.041164196147160104 0.037364156093708308 -0.055033078931626823 0.0015640830305906446 -0.026165827856225482 0.029176399963242668 0.0078623094428808254 -0.0038266400668362623 0.033331210249000126
leaf_weight=29 43 27 24 169 24 39 36 24 24 24 21 27 22 36 46 46 32 23 24 24 21 44 43 21 130 59 21 156 1024 54
leaf_count=29 43 27 24 169 24 39 36 24 24 24 21 27 22 36 46 46 32 23 24 24 21 44 43 21 130 59 21 156 1024 54
internal_value=0 0.0005232 -0.0161918 0.0012168 -0.000107229 0.00109825 0.0112349 0.00784236 -0.0284622 0.00202887 0.0016143 0.00206289 0.000305445 -0.0253935 0.0213537 -0.00455646 0.00467442 -0.00992818 -0.0225469 0.00159321 0.0183103 0.000956773 0.0149599 -0.00644861 0.00012863 0.00752381 -0.0116385 0.0151887 -0.00158548 0.010887
internal_weight=0 2284 91 2193 1937 1768 256 229 67 1708 1684 1663 147 60 82 125 79 47 53 1636 60 1576 88 45 1488 280 80 200 1208 184
internal_count=2337 2284 91 2193 1937 1768 256 229 67 1708 1684 1663 147 60 82 125 79 47 53 1636 60 1576 88 45 1488 280 80 200 1208 184
shrinkage=0.1


end of trees

feature_importances:
Column_0=71
Column_2=59
Column_3=54
Column_13=50
Column_1=46
Column_7=41
Column_9=36
Column_15=35
Column_8=34
Column_6=29
Column_5=25
Column_14=24
Column_12=23
Column_10=16
Column_11=14
Column_4=13

parameters:
[boosting: gbdt]
[objective: regression]
[metric: l2]
[tree_learner: serial]
[device_type: cpu]
[data: ]
[valid: ]
[num_iterations: 10000]
[learning_rate: 0.1]
[num_leaves: 31]
[num_threads: 0]
[deterministic: 0]
[force_col_wise: 0]
[force_row_wise: 0]
[histogram_pool_size: -1]
[max_depth: -1]
[min_data_in_leaf: 20]
[min_sum_hessian_in_leaf: 0.001]
[bagging_fraction: 1]
[pos_bagging_fraction: 1]
[neg_bagging_fraction: 1]
[bagging_freq: 0]
[bagging_seed: 3]
[feature_fraction: 1]
[feature_fraction_bynode: 1]
[feature_fraction_seed: 2]
[extra_trees: 0]
[extra_seed: 6]
[early_stopping_round: 10]
[first_metric_only: 0]
[max_delta_step: 0]
[lambda_l1: 0]
[lambda_l2: 0]
[min_gain_to_split: 0]
[drop_rate: 0.1]
[max_drop: 50]
[skip_drop: 0.5]
[xgboost_dart_mode: 0]
[uniform_drop: 0]
[drop_seed: 4]
[top_rate: 0.2]
[other_rate: 0.1]
[min_data_per_group: 100]
[max_cat_threshold: 32]
[cat_l2: 10]
[cat_smooth: 10]
[max_cat_to_onehot: 4]
[top_k: 20]
[monotone_constraints: ]
[monotone_constraints_method: basic]
[monotone_penalty: 0]
[feature_contri: ]
[forcedsplits_filename: ]
[refit_decay_rate: 0.9]
[cegb_tradeoff: 1]
[cegb_penalty_split: 0]
[cegb_penalty_feature_lazy: ]
[cegb_penalty_feature_coupled: ]
[path_smooth: 0]
[interaction_constraints: ]
[verbosity: 1]
[saved_feature_importance_type: 0]
[max_bin: 255]
[max_bin_by_feature: ]
[min_data_in_bin: 3]
[bin_construct_sample_cnt: 200000]
[data_random_seed: 1]
[is_enable_sparse: 1]
[enable_bundle: 1]
[use_missing: 1]
[zero_as_missing: 0]
[feature_pre_filter: 1]
[pre_partition: 0]
[two_round: 0]
[header: 0]
[label_column: ]
[weight_column: ]
[group_column: ]
[ignore_column: ]
[categorical_feature: ]
[forcedbins_filename: ]
[objective_seed: 5]
[num_class: 1]
[is_unbalance: 0]
[scale_pos_weight: 1]
[sigmoid: 1]
[boost_from_average: 1]
[reg_sqrt: 0]
[alpha: 0.9]
[fair_c: 1]
[poisson_max_delta_step: 0.7]
[tweedie_variance_power: 1.5]
[lambdarank_truncation_level: 30]
[lambdarank_norm: 1]
[label_gain: ]
[eval_at: ]
[multi_error_top_k: 1]
[auc_mu_weights: ]
[num_machines: 1]
[local_listen_port: 12400]
[time_out: 120]
[machine_list_filename: ]
[machines: ]
[gpu_platform_id: -1]
[gpu_device_id: -1]
[gpu_use_dp: 0]
[num_gpu: 1]

end of parameters

pandas_categorical:null
