tree
version=v3
num_class=1
num_tree_per_iteration=1
label_index=0
max_feature_idx=15
objective=regression
feature_names=Column_0 Column_1 Column_2 Column_3 Column_4 Column_5 Column_6 Column_7 Column_8 Column_9 Column_10 Column_11 Column_12 Column_13 Column_14 Column_15
feature_infos=[3:49] [0:62] [2:49] [0:83] [0:8] [1:7] [0:7] [7:145] [2:149] [0:132] [0:6] [0:6] [0:7] [0:162] [0:164] [0:135]
tree_sizes=1194 1285 1284 1285 1289 1201 1204 1201 1201 1198 1204 1377 1294 1213

Tree=0
num_leaves=13
num_cat=0
split_feature=0 2 13 0 4 1 15 14 10 0 2 14
split_gain=9.80643 11.5063 9.90896 5.42954 6.6104 5.36887 4.75149 3.97554 2.06427 1.95557 1.5879 1.5876
threshold=13.500000000000002 13.500000000000002 7.5000000000000009 27.500000000000004 2.5000000000000004 10.500000000000002 4.5000000000000009 17.500000000000004 3.5000000000000004 35.500000000000007 31.500000000000004 6.5000000000000009
decision_type=2 2 2 2 2 2 2 2 2 2 2 2
left_child=-1 -2 3 4 -3 6 -4 11 -9 -8 -5 -7
right_child=1 2 5 10 -6 7 9 8 -10 -11 -12 -13
leaf_value=-0.15515758935451052 -0.041157592374479191 -0.13221641349165592 -0.10515759067905818 -0.037884865188449579 -0.067226557201128828 -0.10415759070554914 -0.17015758895714622 -0.10265759074528556 -0.059157591897642033 -0.13115758999029339 -0.074388360724933669 -0.14195758970419109
leaf_weight=36 30 34 27 22 29 20 36 24 20 20 26 25
leaf_count=36 30 34 27 22 29 20 36 24 20 20 26 25
internal_value=-0.105731 -0.100046 -0.106288 -0.0829954 -0.1023 -0.12132 -0.139615 -0.104259 -0.0828849 -0.156229 -0.0576576 -0.125158
internal_weight=0 313 283 111 63 172 83 89 44 56 48 45
internal_count=349 313 283 111 63 172 83 89 44 56 48 45
shrinkage=1


Tree=1
num_leaves=14
num_cat=0
split_feature=2 0 2 13 1 0 4 15 0 0 3 11 10
split_gain=8.61734 9.31568 6.25961 5.46489 4.5652 4.16898 4.43495 4.09427 3.59773 3.27925 1.60307 1.35663 1.16485
threshold=40.500000000000007 14.500000000000002 13.500000000000002 7.5000000000000009 18.500000000000004 27.500000000000004 2.5000000000000004 15.500000000000002 31.500000000000004 34.500000000000007 11.500000000000002 2.5000000000000004 2.5000000000000004
decision_type=2 2 2 2 2 2 2 2 2 2 2 2 2
left_child=1 11 -3 5 7 6 -4 9 -2 12 -7 -1 -5
right_child=8 2 3 4 -6 10 -8 -9 -10 -11 -12 -13 -14
leaf_value=-0.020334242284297945 -0.063643814899303305 0.056874379618414517 -0.018713841707475722 -0.035345601764592255 0.024257425301604803 0.065309466421604165 0.036722652117411297 -0.04966245293617249 -0.0076852783560752876 0.029777760505676272 0.027476800055730912 -0.05716674059629441 -0.0034892402589321138
leaf_weight=20 27 29 31 22 36 24 27 28 20 20 21 20 24
leaf_count=20 27 29 31 22 36 24 27 28 20 20 21 20 24
internal_value=0 0.00619897 0.0130615 0.00760837 -0.00602362 0.0248138 0.0070928 -0.0176206 -0.0398317 -0.00402712 0.0476542 -0.0387505 -0.0187249
internal_weight=0 302 262 233 130 103 58 94 47 66 45 40 46
internal_count=349 302 262 233 130 103 58 94 47 66 45 40 46
shrinkage=0.1


Tree=2
num_leaves=14
num_cat=0
split_feature=2 0 2 13 13 14 7 0 6 0 13 3 13
split_gain=6.98005 7.5979 5.84042 4.85118 4.01892 3.50376 4.0967 2.91416 2.73797 1.74692 1.72355 1.26641 0.627703
threshold=40.500000000000007 13.500000000000002 13.500000000000002 7.5000000000000009 2.5000000000000004 16.500000000000004 20.500000000000004 31.500000000000004 2.5000000000000004 27.500000000000004 15.500000000000002 6.5000000000000009 11.500000000000002
decision_type=2 2 2 2 2 2 2 2 2 2 2 2 2
left_child=1 -1 -3 4 8 10 -7 -2 -4 -6 12 -12 -5
right_child=7 2 3 5 9 6 -8 -9 -10 -11 11 -13 -14
leaf_value=-0.038952816759838776 -0.057279433365221379 0.052808456619580592 -0.025654433803124863 -0.021790339052677157 0.023620393059470439 -0.017079060233157615 0.039879544505051212 -0.006916751563549043 0.024826543671744212 0.057918793625301793 0.013780688643455505 -0.021805937886238098 -0.04577771067619324
leaf_weight=34 27 30 22 24 33 23 28 20 21 27 20 20 20
leaf_count=34 27 30 22 24 33 23 28 20 21 27 20 20 20
internal_value=0 0.00557907 0.0112286 0.00598749 0.0223324 -0.0064831 0.0141923 -0.0358485 -0.00100093 0.0390547 -0.019036 -0.00401262 -0.0326937
internal_weight=0 302 268 238 103 135 51 47 43 60 84 40 44
internal_count=349 302 268 238 103 135 51 47 43 60 84 40 44
shrinkage=0.1


Tree=3
num_leaves=14
num_cat=0
split_feature=2 0 2 13 1 13 15 4 7 1 6 0 11
split_gain=5.65384 6.16782 4.06365 3.56052 3.26382 3.25532 3.20186 2.9283 2.59938 3.56197 2.21776 1.41501 1.10501
threshold=40.500000000000007 14.500000000000002 13.500000000000002 7.5000000000000009 18.500000000000004 2.5000000000000004 15.500000000000002 3.5000000000000004 20.500000000000004 3.5000000000000004 2.5000000000000004 27.500000000000004 2.5000000000000004
decision_type=2 2 2 2 2 2 2 2 2 2 2 2 2
left_child=1 12 -3 5 6 10 8 -2 9 -5 -4 -7 -1
right_child=7 2 3 4 -6 11 -8 -9 -10 -11 -12 -13 -14
leaf_value=-0.014932869970798493 -0.061265487074851993 0.045906093819388032 -0.023088990287347275 0.016065342426300051 0.020811849832534791 0.021258353825771448 -0.04293311642748969 -0.010780814621183608 0.02752072423696518 -0.040068193582388077 0.022343887033916654 0.052126912275950114 -0.048174568712711335
leaf_weight=20 20 29 22 20 36 33 28 27 20 26 21 27 20
leaf_count=20 20 29 22 20 36 33 28 27 20 26 21 27 20
internal_value=0 0.00502116 0.0106051 0.00621143 -0.00479194 0.0200992 -0.0145976 -0.0322637 -0.00257654 -0.0156623 -0.000900841 0.0351492 -0.0315537
internal_weight=0 302 262 233 130 103 94 47 66 46 43 60 40
internal_count=349 302 262 233 130 103 94 47 66 46 43 60 40
shrinkage=0.1


Tree=4
num_leaves=14
num_cat=0
split_feature=2 0 2 13 1 13 14 8 8 7 0 0 7
split_gain=4.57961 5.10962 3.92781 3.18091 2.75862 2.63681 2.5831 3.47149 3.37391 1.8038 1.64647 1.14616 0.994509
threshold=40.500000000000007 13.500000000000002 13.500000000000002 7.5000000000000009 14.500000000000002 2.5000000000000004 12.500000000000002 12.500000000000002 22.500000000000004 12.500000000000002 28.500000000000004 27.500000000000004 10.500000000000002
decision_type=2 2 2 2 2 2 2 2 2 2 2 2 2
left_child=1 -1 -3 5 -2 9 10 -8 -9 -4 12 -7 -5
right_child=4 2 3 6 -6 11 7 8 -10 -11 -12 -13 -14
leaf_value=-0.031999932317172783 -0.055994431177775063 0.043250604470570886 -0.021774149792534964 -0.015078617334365847 -0.0072642136078614463 0.019132518407070278 -0.024997867856706893 0.054949846565723416 0.00031823309568258432 0.01919975524598902 0.00080233468459202687 0.046914223829905198 -0.045889388702132487
leaf_weight=34 21 30 21 20 26 33 21 20 26 22 26 27 22
leaf_count=34 21 30 21 20 26 33 21 20 26 22 26 27 22
internal_value=0 0.00451905 0.00915205 0.00485392 -0.0290373 0.0180893 -0.00524417 0.00869128 0.0240711 -0.000810757 -0.0189747 0.0316343 -0.0312176
internal_weight=0 302 268 238 47 103 135 67 46 43 68 60 42
internal_count=349 302 268 238 47 103 135 67 46 43 68 60 42
shrinkage=0.1


Tree=5
num_leaves=13
num_cat=0
split_feature=0 1 2 14 3 14 1 3 1 15 13 2
split_gain=3.73724 5.27834 4.5267 3.89743 3.28474 3.02048 2.93318 2.72001 1.87215 1.729 1.62008 0.95509
threshold=27.500000000000004 2.5000000000000004 20.500000000000004 15.500000000000002 17.500000000000004 6.5000000000000009 20.500000000000004 5.5000000000000009 3.5000000000000004 10.500000000000002 6.5000000000000009 36.500000000000007
decision_type=2 2 2 2 2 2 2 2 2 2 2 2
left_child=2 -2 5 7 -5 -1 8 -3 -4 -10 -7 -11
right_child=1 3 6 4 -6 10 -8 -9 9 11 -12 -13
leaf_value=0.042668824575164105 -0.023235532466103048 0.028926129983021666 -0.0075474917888641363 0.057992444650546926 0.0084754594734736868 0.016137009007590158 0.011752280592918397 -0.013279292229059582 -0.054381944735844935 -0.0092046043147211484 -0.023631092309951782 -0.039084386229515079
leaf_weight=22 34 26 34 37 21 21 24 37 30 23 20 20
leaf_count=22 34 26 34 37 21 21 24 37 30 23 20 20
internal_value=0 0.011577 -0.0092497 0.0213591 0.0400639 0.0127773 -0.0198428 0.00413882 -0.0269296 -0.0359569 -0.00326206 -0.0231022
internal_weight=0 155 194 121 58 63 131 63 107 73 41 43
internal_count=349 155 194 121 58 63 131 63 107 73 41 43
shrinkage=0.1


Tree=6
num_leaves=13
num_cat=0
split_feature=2 0 2 13 4 15 13 7 5 3 0 14
split_gain=3.48045 3.76212 2.89594 2.42358 2.24189 2.19062 2.84504 1.83727 3.64296 2.4519 1.1989 0.927468
threshold=40.500000000000007 13.500000000000002 13.500000000000002 7.5000000000000009 3.5000000000000004 6.5000000000000009 2.5000000000000004 20.500000000000004 3.5000000000000004 4.5000000000000009 27.500000000000004 10.500000000000002
decision_type=2 2 2 2 2 2 2 2 2 2 2 2
left_child=1 -1 -3 5 -2 11 -7 9 -9 -5 -11 -4
right_child=4 2 3 7 -6 6 -8 8 -10 10 -12 -13
leaf_value=-0.027396214884870193 -0.050690073370933536 0.037193951408068339 0.018852336108684541 0.0058903143261418199 -0.0065167907211515635 -0.018131218949953714 0.024418519843708388 -0.012961924256700459 0.037645525932312018 -0.014395843122316444 -0.047443719137282597 0.049306691586971291
leaf_weight=34 20 30 20 33 27 30 33 33 25 23 21 20
leaf_count=34 20 30 20 33 27 30 33 33 25 23 21 20
internal_value=0 0.00393959 0.00791502 0.0042244 -0.0253139 0.0157772 0.00415674 -0.00458998 0.00885163 -0.0147148 -0.0301687 0.0340795
internal_weight=0 302 268 238 47 103 63 135 58 77 44 40
internal_count=349 302 268 238 47 103 63 135 58 77 44 40
shrinkage=0.1


Tree=7
num_leaves=13
num_cat=0
split_feature=0 1 9 1 2 14 1 8 15 15 14 1
split_gain=2.97436 4.13926 3.69282 6.15589 3.2829 2.47616 2.34607 1.71377 1.93884 1.61484 1.46487 1.42286
threshold=27.500000000000004 2.5000000000000004 14.500000000000002 16.500000000000004 20.500000000000004 6.5000000000000009 20.500000000000004 21.500000000000004 5.5000000000000009 10.500000000000002 15.500000000000002 4.5000000000000009
decision_type=2 2 2 2 2 2 2 2 2 2 2 2
left_child=4 -2 3 -3 5 -1 7 8 -6 -10 -4 -7
right_child=1 2 10 -5 6 11 -8 -9 9 -11 -12 -13
leaf_value=0.037570969083092431 -0.020500145940219656 0.026839294153101309 0.018479721299533187 -0.041048045591874555 0.010201098947297961 0.015073064267635345 0.010983706762393316 -0.043886298338572188 -0.048211383223533633 -0.012771533760759566 0.048679604960812466 -0.022195935533160255
leaf_weight=22 34 34 29 22 21 20 24 30 20 36 36 21
leaf_count=22 34 34 29 22 21 20 24 30 20 36 36 21
internal_value=0 0.0103281 0.0189906 0.000169268 -0.00825181 0.0105065 -0.017273 -0.0236109 -0.0157114 -0.0254286 0.0352058 -0.00401594
internal_weight=0 155 121 56 194 63 131 107 77 56 65 41
internal_count=349 155 121 56 194 63 131 107 77 56 65 41
shrinkage=0.1


Tree=8
num_leaves=13
num_cat=0
split_feature=0 2 13 5 1 5 4 0 2 8 8 9
split_gain=2.6291 3.17327 3.25832 2.9852 3.94768 4.5538 2.31196 3.43811 3.11494 1.67209 2.9257 1.74522
threshold=11.500000000000002 13.500000000000002 7.5000000000000009 4.5000000000000009 18.500000000000004 3.5000000000000004 3.5000000000000004 27.500000000000004 20.500000000000004 8.5000000000000018 12.500000000000002 17.500000000000004
decision_type=2 2 2 2 2 2 2 2 2 2 2 2
left_child=-1 -2 6 4 9 -6 7 8 -3 -4 -11 -12
right_child=1 2 3 -5 5 -7 -8 -9 -10 10 11 -13
leaf_value=-0.031939398994048435 0.032258558832108979 0.015590912580490113 0.0067431030528885983 -0.044697858606066024 -0.0079554817676544196 0.056063396632671361 0.039947347094615303 0.029972773615051719 -0.032203293740749366 -0.048657642911981658 0.00532691240310669 -0.029684637362758323
leaf_weight=24 32 25 28 21 25 20 24 34 30 27 35 24
leaf_count=24 32 25 28 21 25 20 24 34 30 27 35 24
internal_value=0 0.0023586 -0.000906923 -0.00926229 -0.00458213 0.0204974 0.0124025 0.0049747 -0.0104787 -0.0144819 -0.0213924 -0.00891507
internal_weight=0 325 293 180 159 45 113 89 55 114 86 59
internal_count=349 325 293 180 159 45 113 89 55 114 86 59
shrinkage=0.1


Tree=9
num_leaves=13
num_cat=0
split_feature=2 15 0 6 0 2 3 0 14 9 15 11
split_gain=2.3373 2.46169 3.37909 2.67763 3.87431 2.54945 2.296 1.90179 1.87847 2.582 2.49924 2.51899
threshold=40.500000000000007 5.5000000000000009 13.500000000000002 2.5000000000000004 24.500000000000004 21.500000000000004 17.500000000000004 31.500000000000004 20.500000000000004 19.500000000000004 9.5000000000000018 2.5000000000000004
decision_type=2 2 2 2 2 2 2 2 2 2 2 2
left_child=1 3 -3 5 -5 -1 8 -2 9 10 -4 -12
right_child=7 2 6 4 -6 -7 -8 -9 -10 -11 11 -13
leaf_value=0.023386219853446598 -0.038057060484532959 -0.0378451868891716 -0.014149607624858618 0.0069325214872757602 0.065747529552096423 -0.026501150429248811 -0.02006061751591532 0.002627886086702347 0.026682288709439728 -0.028935928189236189 0.047413577274842696 0.0050946851571400968
leaf_weight=21 27 24 32 24 21 20 38 20 38 23 22 39
leaf_count=21 27 24 32 24 21 20 38 20 38 23 22 39
internal_value=0 0.00322842 -0.00246844 0.0175368 0.0343795 -0.000949083 0.00195365 -0.0207443 0.00738574 0.00106446 0.00848391 0.0203572
internal_weight=0 302 216 86 45 41 192 47 154 116 93 61
internal_count=349 302 216 86 45 41 192 47 154 116 93 61
shrinkage=0.1


Tree=10
num_leaves=13
num_cat=0
split_feature=0 3 6 0 13 14 15 8 2 0 14 2
split_gain=2.1521 2.9002 2.96133 3.19468 2.27301 2.08569 3.74332 2.77187 1.77159 2.33661 1.51987 1.25796
threshold=42.500000000000007 23.500000000000004 1.5000000000000002 28.500000000000004 19.500000000000004 14.500000000000002 14.500000000000002 21.500000000000004 20.500000000000004 17.500000000000004 6.5000000000000009 30.500000000000004
decision_type=2 2 2 2 2 2 2 2 2 2 2 2
left_child=1 2 -1 5 11 7 -7 8 10 -10 -4 -5
right_child=-2 -3 3 4 -6 6 -8 -9 9 -11 -12 -13
leaf_value=-0.028448760990173589 0.026085232044088431 -0.031431448940307867 0.031990830302238468 0.045532568423978743 -0.0041401953697204593 0.035997992753982543 -0.016010175824165345 -0.043587485807282583 0.012957639992237091 -0.02908321657241919 -0.006098310784860091 0.015037614852190018
leaf_weight=31 29 31 20 31 25 31 25 21 20 39 22 24
leaf_count=31 29 31 20 31 25 31 25 21 20 39 22 24
internal_value=0 -0.00236397 0.00075399 0.00426285 0.0208613 -0.00319715 0.0127801 -0.010531 -0.00365781 -0.0148321 0.0120394 0.0322257
internal_weight=0 320 289 258 80 178 56 122 101 59 42 55
internal_count=349 320 289 258 80 178 56 122 101 59 42 55
shrinkage=0.1


Tree=11
num_leaves=15
num_cat=0
split_feature=9 13 14 2 1 9 1 4 9 6 6 15 5 8
split_gain=1.92659 3.19588 2.32591 2.59934 3.13293 3.40752 2.22381 3.19174 2.97083 3.28834 2.0284 1.78055 0.958618 0.398974
threshold=50.500000000000007 20.500000000000004 2.5000000000000004 38.500000000000007 14.500000000000002 13.500000000000002 1.0000000180025095e-35 3.5000000000000004 16.500000000000004 2.5000000000000004 3.5000000000000004 4.5000000000000009 3.5000000000000004 8.5000000000000018
decision_type=2 2 2 2 2 2 2 2 2 2 2 2 2 2
left_child=1 2 -1 4 6 -6 11 8 9 13 12 -4 -3 -8
right_child=-2 10 3 -5 5 -7 7 -9 -10 -11 -12 -13 -14 -15
leaf_value=-0.029423085153102876 0.026747610569000248 -0.045088824515159318 0.044376941919326784 -0.019409315200412974 0.010231852637869972 0.064275655150413516 -0.0086505372887072367 0.031575759947299963 -0.045474337538083394 0.030346493919690451 0.0040974768607512767 0.0035795664009840595 -0.017373784755667053 -0.027715024493989493
leaf_weight=20 25 26 20 34 28 20 23 20 21 21 23 23 24 21
leaf_count=20 25 26 20 34 28 20 23 20 21 21 23 23 24 21
internal_value=0 -0.00206386 0.00329222 0.00612472 0.0105316 0.0327501 0.00337397 -0.00440705 -0.0127751 -0.00221079 -0.02048 0.0225551 -0.0317856 -0.0177495
internal_weight=0 324 251 231 197 48 149 106 86 65 73 43 50 44
internal_count=349 324 251 231 197 48 149 106 86 65 73 43 50 44
shrinkage=0.1


Tree=12
num_leaves=14
num_cat=0
split_feature=1 15 2 0 3 3 9 14 7 13 13 6 10
split_gain=1.8255 2.66111 2.01605 1.77358 2.49357 1.65741 1.6359 1.81903 3.43961 1.4725 2.08241 1.33078 0.988603
threshold=28.500000000000004 39.500000000000007 42.500000000000007 31.500000000000004 14.500000000000002 16.500000000000004 19.500000000000004 10.500000000000002 13.500000000000002 4.5000000000000009 7.5000000000000009 2.5000000000000004 2.5000000000000004
decision_type=2 2 2 2 2 2 2 2 2 2 2 2 2
left_child=1 2 3 5 12 6 7 9 -9 -1 -11 -12 -5
right_child=-2 -3 -4 4 -6 -7 -8 8 -10 10 11 -13 -14
leaf_value=-0.025399520451372323 0.022763163037598136 -0.030127267491432932 -0.027021787315607074 0.044993994806123816 -0.0067198937137921654 -0.028538944040025983 -0.020688010965074815 0.049423139509947409 -0.0027680293789931706 0.030321585280554637 -0.025984140095256625 0.010058848559856415 0.016266510963439944
leaf_weight=22 32 31 24 23 30 21 28 23 28 21 21 20 25
leaf_count=22 32 31 24 23 30 21 28 23 28 21 21 20 25
internal_value=0 -0.00229786 0.000718616 0.00325972 0.0158965 -0.00209718 0.00130943 0.00587186 0.0207692 -0.00317293 0.00471392 -0.00840219 0.0300318
internal_weight=0 317 286 262 78 184 163 135 51 84 62 41 48
internal_count=349 317 286 262 78 184 163 135 51 84 62 41 48
shrinkage=0.1


Tree=13
num_leaves=13
num_cat=0
split_feature=9 9 13 0 2 8 1 0 8 15 7 3
split_gain=1.64708 2.41589 2.22209 2.21479 1.75402 4.18567 3.29903 3.64056 1.97378 1.97116 1.95597 0.837942
threshold=50.500000000000007 34.500000000000007 27.000000000000004 11.500000000000002 32.500000000000007 27.500000000000004 14.500000000000002 29.500000000000004 12.500000000000002 11.500000000000002 10.500000000000002 10.500000000000002
decision_type=2 2 2 2 2 2 2 2 2 2 2 2
left_child=1 2 3 -1 6 8 7 9 -6 10 -5 -4
right_child=-2 -3 11 4 5 -7 -8 -9 -10 -11 -12 -13
leaf_value=-0.027865091264247896 0.024731306672096255 -0.031142212794377257 -0.0063281925022602081 0.019165541835733366 -0.0023948520421981814 0.023569782872994743 0.040398721659884736 0.034430193528532986 -0.043464077711105352 -0.032475331574678426 -0.013350322681504326 -0.034928737651734126
leaf_weight=20 25 26 20 37 22 30 34 32 25 20 37 21
leaf_count=20 25 26 20 37 22 30 34 32 25 20 37 21
internal_value=0 -0.00190828 0.000642332 0.00409137 0.00678812 -0.00561292 0.0127561 0.00529701 -0.0242402 -0.00462068 0.00290761 -0.0209773
internal_weight=0 324 298 257 237 77 160 126 47 94 74 41
internal_count=349 324 298 257 237 77 160 126 47 94 74 41
shrinkage=0.1


end of trees

feature_importances:
Column_0=30
Column_2=24
Column_13=19
Column_1=17
Column_14=14
Column_15=13
Column_3=10
Column_8=9
Column_9=9
Column_6=7
Column_7=7
Column_4=6
Column_5=4
Column_10=3
Column_11=3

parameters:
[boosting: gbdt]
[objective: regression]
[metric: l2]
[tree_learner: serial]
[device_type: cpu]
[data: ]
[valid: ]
[num_iterations: 10000]
[learning_rate: 0.1]
[num_leaves: 31]
[num_threads: 0]
[deterministic: 0]
[force_col_wise: 0]
[force_row_wise: 0]
[histogram_pool_size: -1]
[max_depth: -1]
[min_data_in_leaf: 20]
[min_sum_hessian_in_leaf: 0.001]
[bagging_fraction: 1]
[pos_bagging_fraction: 1]
[neg_bagging_fraction: 1]
[bagging_freq: 0]
[bagging_seed: 3]
[feature_fraction: 1]
[feature_fraction_bynode: 1]
[feature_fraction_seed: 2]
[extra_trees: 0]
[extra_seed: 6]
[early_stopping_round: 10]
[first_metric_only: 0]
[max_delta_step: 0]
[lambda_l1: 0]
[lambda_l2: 0]
[min_gain_to_split: 0]
[drop_rate: 0.1]
[max_drop: 50]
[skip_drop: 0.5]
[xgboost_dart_mode: 0]
[uniform_drop: 0]
[drop_seed: 4]
[top_rate: 0.2]
[other_rate: 0.1]
[min_data_per_group: 100]
[max_cat_threshold: 32]
[cat_l2: 10]
[cat_smooth: 10]
[max_cat_to_onehot: 4]
[top_k: 20]
[monotone_constraints: ]
[monotone_constraints_method: basic]
[monotone_penalty: 0]
[feature_contri: ]
[forcedsplits_filename: ]
[refit_decay_rate: 0.9]
[cegb_tradeoff: 1]
[cegb_penalty_split: 0]
[cegb_penalty_feature_lazy: ]
[cegb_penalty_feature_coupled: ]
[path_smooth: 0]
[interaction_constraints: ]
[verbosity: 1]
[saved_feature_importance_type: 0]
[max_bin: 255]
[max_bin_by_feature: ]
[min_data_in_bin: 3]
[bin_construct_sample_cnt: 200000]
[data_random_seed: 1]
[is_enable_sparse: 1]
[enable_bundle: 1]
[use_missing: 1]
[zero_as_missing: 0]
[feature_pre_filter: 1]
[pre_partition: 0]
[two_round: 0]
[header: 0]
[label_column: ]
[weight_column: ]
[group_column: ]
[ignore_column: ]
[categorical_feature: ]
[forcedbins_filename: ]
[objective_seed: 5]
[num_class: 1]
[is_unbalance: 0]
[scale_pos_weight: 1]
[sigmoid: 1]
[boost_from_average: 1]
[reg_sqrt: 0]
[alpha: 0.9]
[fair_c: 1]
[poisson_max_delta_step: 0.7]
[tweedie_variance_power: 1.5]
[lambdarank_truncation_level: 30]
[lambdarank_norm: 1]
[label_gain: ]
[eval_at: ]
[multi_error_top_k: 1]
[auc_mu_weights: ]
[num_machines: 1]
[local_listen_port: 12400]
[time_out: 120]
[machine_list_filename: ]
[machines: ]
[gpu_platform_id: -1]
[gpu_device_id: -1]
[gpu_use_dp: 0]
[num_gpu: 1]

end of parameters

pandas_categorical:null
