tree
version=v3
num_class=1
num_tree_per_iteration=1
label_index=0
max_feature_idx=15
objective=regression
feature_names=Column_0 Column_1 Column_2 Column_3 Column_4 Column_5 Column_6 Column_7 Column_8 Column_9 Column_10 Column_11 Column_12 Column_13 Column_14 Column_15
feature_infos=[1:49] [0:52] [1:49] [0:83] [0:8] [0:6] [0:7] [2:131] [0:142] [0:144] [0:7] [0:8] [0:7] [0:156] [0:108] [0:121]
tree_sizes=2671 2723 2723 2711 2721 2715 2719 2731 2726

Tree=0
num_leaves=31
num_cat=0
split_feature=2 0 0 6 10 15 6 5 2 15 7 6 1 7 3 2 3 2 0 1 13 2 11 9 5 9 7 9 5 12
split_gain=24.3015 17.5943 12.9532 9.56092 9.49076 9.0195 7.8846 6.21292 5.9816 4.89185 4.8445 4.31376 5.994 4.23925 6.39537 4.59238 3.60818 3.60723 3.58368 4.6878 5.7834 4.38001 3.426 3.41673 3.1212 3.07218 2.45951 2.84954 2.41195 2.30986
threshold=32.500000000000007 40.500000000000007 16.500000000000004 2.5000000000000004 1.0000000180025095e-35 1.0000000180025095e-35 2.5000000000000004 2.5000000000000004 43.500000000000007 21.500000000000004 12.500000000000002 1.5000000000000002 2.5000000000000004 16.500000000000004 18.500000000000004 20.500000000000004 7.5000000000000009 24.500000000000004 18.500000000000004 1.0000000180025095e-35 7.5000000000000009 15.500000000000002 2.5000000000000004 4.5000000000000009 2.5000000000000004 20.500000000000004 8.5000000000000018 6.5000000000000009 2.5000000000000004 2.5000000000000004
decision_type=2 2 2 2 2 2 2 2 2 2 2 2 2 2 2 2 2 2 2 2 2 2 2 2 2 2 2 2 2 2
left_child=1 4 -2 9 24 -6 7 26 10 -4 -5 23 -13 18 15 -15 -12 -14 21 22 -21 -8 -20 -9 -1 -22 -7 -28 -23 -3
right_child=2 29 3 8 5 6 13 11 -10 -11 16 12 17 14 -16 -17 -18 -19 19 20 25 28 -24 -25 -26 -27 27 -29 -30 -31
leaf_value=-0.14988494242826336 -0.22488494047692081 -0.075537118310851609 -0.21533948614885551 -0.17238494183221689 -0.11838494326272837 -0.21417065501098778 -0.14296186568858532 -0.16730429685358597 -0.19834647960600946 -0.15888494218984478 -0.092612216672745218 -0.17748494169711304 -0.11488494335544672 -0.14988494247964668 -0.18588494147458903 -0.095339489372924927 -0.14988494242826336 -0.16274208494480824 -0.14597189905366273 -0.10853359217234872 -0.18450032612665343 -0.20757724859224683 -0.1962485775636828 -0.21505735449488744 -0.098884943828972491 -0.13488494282562766 -0.16188494211037191 -0.2038849409977519 -0.17020752253506011 -0.11988494322299195
leaf_weight=20 84 23 66 32 40 49 26 31 26 20 22 75 36 29 20 33 22 28 23 37 26 39 33 29 30 24 30 35 31 24
leaf_count=20 84 23 66 32 40 49 26 31 26 20 22 75 36 29 20 33 22 28 23 37 26 39 33 29 30 24 30 35 31 24
internal_value=-0.166539 -0.157472 -0.192238 -0.177651 -0.161321 -0.16444 -0.167346 -0.178639 -0.156944 -0.202211 -0.14278 -0.167975 -0.158302 -0.156334 -0.136714 -0.120853 -0.121249 -0.135822 -0.163065 -0.153032 -0.138506 -0.17801 -0.175599 -0.190385 -0.119285 -0.160685 -0.197253 -0.1845 -0.191028 -0.0981828
internal_weight=0 771 272 188 724 674 634 313 102 86 76 199 139 321 82 62 44 64 239 143 87 96 56 60 50 50 114 65 70 47
internal_count=1043 771 272 188 724 674 634 313 102 86 76 199 139 321 82 62 44 64 239 143 87 96 56 60 50 50 114 65 70 47
shrinkage=1


Tree=1
num_leaves=31
num_cat=0
split_feature=2 0 0 6 10 15 6 5 2 7 15 6 1 1 13 13 9 0 7 15 10 11 2 2 0 3 5 14 2 2
split_gain=19.6842 14.2514 10.4921 7.74434 7.68752 7.30579 6.38653 5.03246 4.90013 4.63827 3.9624 3.49414 4.85514 3.4424 7.11658 3.62165 3.56866 3.39415 3.08265 4.5218 3.98579 3.01209 2.92186 2.52976 7.13138 4.50355 2.52817 2.16938 2.13251 2.03658
threshold=32.500000000000007 40.500000000000007 16.500000000000004 2.5000000000000004 1.0000000180025095e-35 1.0000000180025095e-35 2.5000000000000004 2.5000000000000004 42.500000000000007 12.500000000000002 21.500000000000004 1.5000000000000002 2.5000000000000004 5.5000000000000009 23.500000000000004 8.5000000000000018 18.500000000000004 16.500000000000004 16.500000000000004 18.500000000000004 2.5000000000000004 3.5000000000000004 24.500000000000004 17.500000000000004 18.500000000000004 7.5000000000000009 2.5000000000000004 8.5000000000000018 23.500000000000004 24.500000000000004
decision_type=2 2 2 2 2 2 2 2 2 2 2 2 2 2 2 2 2 2 2 2 2 2 2 2 2 2 2 2 2 2
left_child=1 4 -2 10 26 -6 7 29 9 -5 -4 17 -13 14 18 -15 -17 -9 19 21 -20 23 -14 -8 -25 -26 -1 -11 -3 -7
right_child=2 28 3 8 5 6 13 11 -10 27 -12 12 22 15 -16 16 -18 -19 20 -21 -22 -23 -24 24 25 -27 -28 -29 -30 -31
leaf_value=0.014988493919372559 -0.052511504824672428 0.079853229390250316 -0.043920594724741857 -0.0067615054051081347 0.043338494896888735 -0.018191956062065927 0.026451151818037033 -0.051628131387026412 -0.024534963792370214 0.067430050600142719 0.0068884918093681333 -0.0098515042463938399 0.046488496330049305 0.053048450313508515 -0.037926081816355393 -0.021538377943493073 0.031852116507868615 -0.0027092775783023322 0.05498121996720632 0.046164430323101226 -0.0018218948017983212 -0.038526243255251932 0.0034170678683689663 -0.042985761910676962 -0.014424393858228411 0.049627242399298631 0.060888492663701381 0.021411220729351046 0.036771104931831361 -0.046545338787530602
leaf_weight=20 84 27 66 30 40 76 32 23 31 21 20 75 36 32 36 21 31 37 30 21 21 21 28 32 21 23 30 20 20 38
leaf_count=20 84 27 66 30 40 76 32 23 31 21 20 75 36 32 36 21 31 37 30 21 21 21 28 32 21 23 30 20 20 38
internal_value=0 0.0081597 -0.0231292 -0.0100009 0.00469568 0.00188909 -0.000726016 -0.0108901 0.00863555 0.0231185 -0.0321045 -0.00129291 0.00741296 0.00918476 0.00301961 0.0265793 0.0102906 -0.0214615 0.0103532 0.00313206 0.0315917 -0.00387321 0.0276447 0.00286488 -0.00706619 0.0190571 0.0425285 0.0449818 0.0615204 -0.0276431
internal_weight=0 771 272 188 724 674 634 313 102 71 86 199 139 321 237 84 52 60 201 150 51 129 64 108 76 44 50 41 47 114
internal_count=1043 771 272 188 724 674 634 313 102 71 86 199 139 321 237 84 52 60 201 150 51 129 64 108 76 44 50 41 47 114
shrinkage=0.1


Tree=2
num_leaves=31
num_cat=0
split_feature=2 0 13 0 3 7 2 15 0 8 9 0 3 7 3 1 6 2 7 2 3 0 14 5 14 0 14 3 13 7
split_gain=16.4002 12.1148 10.3857 8.48343 6.99391 6.19967 5.83051 5.75278 5.14536 4.80841 5.15795 6.18862 4.29554 4.06931 4.15402 3.91896 3.17279 3.0335 4.97138 3.93328 3.70964 3.40026 2.93481 2.88906 6.28296 5.04836 4.58649 3.22074 3.05773 4.02612
threshold=24.500000000000004 22.500000000000004 4.5000000000000009 40.500000000000007 1.5000000000000002 16.500000000000004 41.500000000000007 1.0000000180025095e-35 20.500000000000004 14.500000000000002 21.500000000000004 36.500000000000007 1.0000000180025095e-35 11.500000000000002 15.500000000000002 14.500000000000002 1.5000000000000002 34.500000000000007 19.500000000000004 28.500000000000004 5.5000000000000009 16.500000000000004 15.500000000000002 2.5000000000000004 12.500000000000002 24.500000000000004 7.5000000000000009 7.5000000000000009 19.500000000000004 9.5000000000000018
decision_type=2 2 2 2 2 2 2 2 2 2 2 2 2 2 2 2 2 2 2 2 2 2 2 2 2 2 2 2 2 2
left_child=2 12 5 7 22 8 9 -4 -1 13 11 -11 -2 -6 -15 16 -9 18 19 -14 -21 -19 -3 28 26 -26 27 -25 29 -18
right_child=1 4 3 -5 6 -7 -8 15 -10 10 -12 -13 17 14 -16 -17 23 21 -20 20 -22 -23 -24 24 25 -27 -28 -29 -30 -31
leaf_value=0.0037199454648154124 -0.05388383184160505 0.060981501579284669 0.047344041109085085 0.062514363229274755 -0.037941198286257298 0.078083512522280227 -0.036443472556445915 -0.034190399199724199 0.051730757515604908 -0.021322925579853547 0.053449268142382302 0.044079919353775358 -0.039831797919183412 0.029842940692243903 -0.029397501945495608 0.037413878868455479 -0.023861859169873326 -0.051875738455699039 0.034189149439334869 0.031448227734792798 -0.020236239346062265 -0.010835796413999616 0.012024756520986557 0.034027890517161444 0.05537196510546917 -0.0027982041835784913 -0.037738496916634695 -0.015283514393700494 -0.046003113881401395 0.016228849991508153
leaf_weight=49 49 25 25 24 38 30 46 34 41 39 30 23 53 29 20 23 55 52 20 21 41 33 24 26 37 25 35 27 23 46
leaf_count=49 49 25 25 24 38 30 46 34 41 39 30 23 53 29 20 23 55 52 20 21 41 33 24 26 37 25 35 27 23 46
internal_value=0 -0.0120328 0.0130676 0.00496862 0.00276709 0.0387145 -0.00468866 0.00108913 0.0255915 0.0034718 0.01941 0.00293942 -0.0271078 -0.0133824 0.00566317 -0.00240444 -0.00537789 -0.0211441 -0.0118265 -0.0198292 -0.00273021 -0.0359426 0.0370027 -0.00180261 0.00753354 0.0319163 -0.00964519 0.00890699 -0.0130963 -0.00560272
internal_weight=0 543 500 380 274 120 225 356 90 179 92 62 269 87 49 331 308 220 135 115 62 85 49 274 150 62 88 53 124 101
internal_count=1043 543 500 380 274 120 225 356 90 179 92 62 269 87 49 331 308 220 135 115 62 85 49 274 150 62 88 53 124 101
shrinkage=0.1


Tree=3
num_leaves=31
num_cat=0
split_feature=2 0 13 7 0 13 6 14 2 8 0 0 3 9 4 2 9 11 3 15 6 3 6 2 15 1 8 3 0 15
split_gain=13.4271 10.3625 8.78092 8.45873 6.85544 5.92425 5.64084 5.11524 4.55239 4.41373 4.51689 4.35903 4.81905 4.0932 5.69572 4.05773 4.53162 3.86129 4.56362 3.10973 3.03218 4.22998 2.99937 2.96604 2.95391 3.7899 4.08514 2.38495 2.363 2.20921
threshold=32.500000000000007 32.500000000000007 12.500000000000002 17.500000000000004 16.500000000000004 11.500000000000002 2.5000000000000004 28.500000000000004 24.500000000000004 16.500000000000004 17.500000000000004 45.500000000000007 1.0000000180025095e-35 10.500000000000002 3.5000000000000004 26.500000000000004 9.5000000000000018 3.5000000000000004 10.500000000000002 21.500000000000004 2.5000000000000004 9.5000000000000018 3.5000000000000004 24.500000000000004 5.5000000000000009 5.5000000000000009 15.500000000000002 13.500000000000002 15.500000000000002 7.5000000000000009
decision_type=2 2 2 2 2 2 2 2 2 2 2 2 2 2 2 2 2 2 2 2 2 2 2 2 2 2 2 2 2 2
left_child=1 2 3 5 -2 8 19 23 9 20 -11 12 -3 -5 -15 -10 -17 18 -8 -6 -1 29 27 24 28 26 -26 -14 -4 -22
right_child=4 11 7 13 6 -7 17 -9 15 10 -12 -13 22 14 -16 16 -18 -19 -20 -21 21 -23 -24 -25 25 -27 -28 -29 -30 -31
leaf_value=-0.014344372719894222 -0.042853034394127985 0.061749655237564677 -0.016405646179033364 0.068407917221387227 -0.037822844494472853 0.054497604143051874 0.043131874054670338 0.026361429691314699 -0.043783518108161723 0.0074881345885140565 0.062513647400415859 0.072626978700811223 0.0058566205323703838 0.057681918601420794 -0.012760798881451289 -0.029142317507002094 0.019762576669454576 -0.017314176834546603 -0.012770618822263637 0.0071886378526687632 -0.025687383688413182 0.040669383244080981 -0.014994488380573415 -0.040727058628149203 -0.037002899391310559 -0.062714115977287294 0.019875249137049137 0.045753159810756817 0.028449440747499468 0.015946465015411377
leaf_weight=81 84 26 23 30 66 21 40 25 37 35 26 22 31 22 24 36 40 39 23 20 26 33 27 57 28 20 23 29 24 25
leaf_count=81 84 26 23 30 66 21 40 25 37 35 26 22 31 22 24 36 40 39 23 20 26 33 27 57 28 20 23 29 24 25
internal_value=0 0.00673916 0.0013979 0.00935607 -0.0191025 0.00295629 -0.00849062 -0.0159509 -0.000236537 0.00795763 0.0309416 0.0319024 0.0239738 0.0396708 0.0209292 -0.0166249 -0.0034029 0.00741468 0.022723 -0.0273551 -0.000539484 0.0127724 0.0126844 -0.0219955 -0.0129473 -0.0258202 -0.011352 0.0251399 0.00649908 -0.00527863
internal_weight=0 771 636 436 272 360 188 200 339 226 61 135 113 76 46 113 76 102 63 86 165 84 87 175 118 71 51 60 47 51
internal_count=1043 771 636 436 272 360 188 200 339 226 61 135 113 76 46 113 76 102 63 86 165 84 87 175 118 71 51 60 47 51
shrinkage=0.1


Tree=4
num_leaves=31
num_cat=0
split_feature=2 0 13 7 0 10 13 14 2 2 15 8 0 0 3 9 4 6 0 1 14 8 8 15 10 5 9 8 6 0
split_gain=10.8759 8.39365 7.11254 6.85157 5.55291 4.86065 4.79864 4.14335 3.68744 3.65502 4.6892 3.57512 3.65868 3.53082 3.90343 3.3155 4.61353 3.27897 3.42818 2.81521 2.64743 2.58345 4.03189 3.52155 3.21643 2.57987 2.91279 2.7712 2.42949 2.16046
threshold=32.500000000000007 32.500000000000007 12.500000000000002 17.500000000000004 16.500000000000004 1.5000000000000002 11.500000000000002 28.500000000000004 24.500000000000004 30.500000000000004 11.500000000000002 16.500000000000004 17.500000000000004 45.500000000000007 1.0000000180025095e-35 10.500000000000002 3.5000000000000004 2.5000000000000004 28.500000000000004 2.5000000000000004 14.500000000000002 38.500000000000007 26.500000000000004 5.5000000000000009 3.5000000000000004 2.5000000000000004 12.500000000000002 10.500000000000002 3.5000000000000004 15.500000000000002
decision_type=2 2 2 2 2 2 2 2 2 2 2 2 2 2 2 2 2 2 2 2 2 2 2 2 2 2 2 2 2 2
left_child=1 2 3 6 -2 20 8 21 11 10 -10 25 -13 14 -3 -5 -17 19 -19 -7 -6 22 23 24 -4 27 -27 -1 -16 -25
right_child=4 13 7 15 5 17 -8 -9 9 -11 -12 12 -14 -15 28 16 -18 18 -20 -21 -22 -23 -24 29 -26 26 -28 -29 -30 -31
leaf_value=-0.00018850447426379567 -0.038567734119437994 0.055574688544640177 0.018617103561278311 0.061567125717798869 0.041650188656953663 -0.0090360579952116944 0.049047843899045679 0.023725286975502968 -0.041008812086335548 0.020614079547965011 0.0066761810332536704 0.0067393210956028533 0.056262282683299136 0.065364279530265121 0.022625952307134867 0.051913726533001116 -0.011484718571106594 -0.023511980090822494 0.020748163461685183 -0.048970630837649833 -0.0067435505986213687 -0.052698720352990294 0.023306627636370453 -0.006716575920581818 -0.032819942235946656 -0.0015754561598707991 0.041732225418090824 -0.037337196086134228 -0.01349504038139626 -0.044667928814888007
leaf_weight=71 84 26 31 30 26 31 21 25 58 23 32 35 26 22 60 22 24 35 35 41 20 21 23 20 20 41 25 28 27 60
leaf_count=71 84 26 31 30 26 31 21 25 58 23 32 35 26 22 60 22 24 35 35 41 20 21 23 20 20 41 25 28 27 60
internal_value=0 0.00606524 0.00125811 0.00842046 -0.0171923 -0.00764156 0.00266066 -0.0143558 -0.000212883 -0.0149624 -0.0240541 0.00716187 0.0278475 0.0287122 0.0215764 0.0357037 0.0188363 -0.0167933 -0.00138191 -0.0317766 0.0206094 -0.019796 -0.0153092 -0.0220891 -0.00155429 -0.000485536 0.014829 -0.0106952 0.011416 -0.0351801
internal_weight=0 771 636 436 272 188 360 200 339 113 90 226 61 135 113 76 46 142 70 72 46 175 154 131 51 165 66 99 87 80
internal_count=1043 771 636 436 272 188 360 200 339 113 90 226 61 135 113 76 46 142 70 72 46 175 154 131 51 165 66 99 87 80
shrinkage=0.1


Tree=5
num_leaves=31
num_cat=0
split_feature=2 0 13 9 8 15 2 5 13 2 3 7 7 8 5 11 14 13 3 13 1 7 9 7 7 15 15 7 13 3
split_gain=9.39253 8.70715 10.9197 5.90332 5.38921 4.90924 5.8664 4.65968 4.46671 4.09935 4.01639 4.47796 3.62498 3.40265 3.66891 3.01952 5.34019 2.67745 3.67057 2.89095 2.8609 2.56529 2.52859 2.41326 2.56555 2.23002 2.20855 1.99827 1.95599 1.92811
threshold=41.500000000000007 22.500000000000004 19.500000000000004 12.500000000000002 8.5000000000000018 8.5000000000000018 19.500000000000004 2.5000000000000004 2.5000000000000004 24.500000000000004 1.0000000180025095e-35 11.500000000000002 12.500000000000002 13.500000000000002 2.5000000000000004 2.5000000000000004 11.500000000000002 3.5000000000000004 10.500000000000002 11.500000000000002 2.5000000000000004 5.5000000000000009 6.5000000000000009 14.500000000000002 10.500000000000002 4.5000000000000009 4.5000000000000009 8.5000000000000018 10.500000000000002 3.5000000000000004
decision_type=2 2 2 2 2 2 2 2 2 2 2 2 2 2 2 2 2 2 2 2 2 2 2 2 2 2 2 2 2 2
left_child=1 2 3 9 8 7 -7 -5 -3 12 27 17 15 14 -11 16 29 -12 19 -19 -20 -4 -14 24 -10 -13 -9 -6 -25 -1
right_child=-2 4 21 5 10 6 -8 26 23 13 11 25 22 -15 -16 -17 -18 18 20 -21 -22 -23 -24 28 -26 -27 -28 -29 -30 -31
leaf_value=0.011225717124484835 -0.029977234256894966 0.038026428222656256 -0.0092695570127530533 0.00050363262494405121 0.029977375481809888 0.033535150119236544 -0.024286244207240168 0.03214481510221958 -0.013438847152198233 -0.027851977944374086 0.032264234870672225 0.054419138176100591 0.050208785317160866 -0.035537636606660608 0.028684756430712617 -0.032980867949399077 0.043714165687561035 -0.050218821608501933 -0.0089416651725769038 -0.0010933279991149902 0.039927835049836533 -0.049016233413450183 0.004537380624700476 -0.049405050277709965 0.028892059217799793 0.022188230684917907 0.072274644300341612 0.070784588087172737 -0.0081636066022126568 -0.026530678178134721
leaf_weight=21 95 22 22 30 28 28 47 32 41 24 24 28 22 73 22 33 23 23 25 25 23 62 27 23 22 92 24 21 23 38
leaf_count=21 95 22 22 30 28 28 47 32 41 24 24 28 22 73 22 33 23 23 25 25 23 62 27 23 22 92 24 21 23 38
internal_value=0 0.00300405 -0.0055435 0.000711642 0.0137495 0.0159992 -0.00269959 0.0323062 -0.00307531 -0.0079855 0.021376 0.0160493 0.00226667 -0.0221145 -0.00081267 -0.00743799 0.00284146 0.00238978 -0.00507883 -0.0246326 0.014475 -0.0386064 0.0250429 -0.0113711 0.00134337 0.0297088 0.0493433 0.0474662 -0.0287843 -0.013092
internal_weight=0 948 528 444 420 161 75 86 131 283 289 240 164 119 46 115 82 120 96 48 48 84 49 109 63 120 56 49 46 59
internal_count=1043 948 528 444 420 161 75 86 131 283 289 240 164 119 46 115 82 120 96 48 48 84 49 109 63 120 56 49 46 59
shrinkage=0.1


Tree=6
num_leaves=31
num_cat=0
split_feature=6 2 0 2 0 13 8 9 15 7 8 2 13 5 13 8 3 13 0 0 1 15 1 3 7 7 0 7 15 15
split_gain=8.05701 5.26606 6.04733 4.90568 5.19688 5.23275 3.61784 4.0926 6.50654 5.73378 3.34416 4.02788 3.5132 4.22055 3.2435 3.3278 4.79263 3.19125 3.09255 2.95316 2.81267 4.72469 2.54495 1.9479 1.85247 2.79437 2.39153 3.96659 1.74485 1.69729
threshold=2.5000000000000004 32.500000000000007 36.500000000000007 42.500000000000007 20.500000000000004 19.500000000000004 5.5000000000000009 12.500000000000002 10.500000000000002 13.500000000000002 26.500000000000004 17.500000000000004 12.500000000000002 3.5000000000000004 4.5000000000000009 16.500000000000004 5.5000000000000009 9.5000000000000018 14.500000000000002 42.500000000000007 13.500000000000002 29.500000000000004 3.5000000000000004 11.500000000000002 12.500000000000002 20.500000000000004 26.500000000000004 5.5000000000000009 4.5000000000000009 34.500000000000007
decision_type=2 2 2 2 2 2 2 2 2 2 2 2 2 2 2 2 2 2 2 2 2 2 2 2 2 2 2 2 2 2
left_child=1 2 10 4 5 6 -2 9 23 -8 11 22 13 17 15 16 -6 28 -12 20 21 24 -1 -9 26 -26 -16 -28 -13 -3
right_child=3 29 -4 -5 14 -7 7 8 -10 -11 18 12 -14 -15 19 -17 -18 -19 -20 -21 -22 -23 -24 -25 25 -27 27 -29 -30 -31
leaf_value=0.0043601619079709055 0.041450947880744937 -0.031399668820269476 0.045404920727014547 -0.025101477053107286 0.055721263363957413 -0.035589979257848528 -0.038470333101956744 0.052172193676233297 -0.019949177900950115 0.018925231056553977 -0.054176715245613682 0.001912009157240391 -0.027637913364630479 0.029531452623573512 0.020218551803279569 0.059835961375917714 -0.0093912395147176895 0.024317944568136466 -0.0062817628894533441 0.044667374858489407 0.037923841198374122 -0.041892404258251192 0.048542650179429492 0.014019448860831882 0.045684932634748265 -0.00044422592133438842 0.018056960268454117 -0.039145332574844365 -0.026686954917386176 -0.00039740332535335
leaf_weight=32 25 111 24 41 20 36 46 32 33 28 26 32 65 37 37 35 26 23 28 26 28 20 22 23 29 24 22 27 64 21
leaf_count=32 25 111 24 41 20 36 46 32 33 28 26 32 65 37 37 35 26 23 28 26 28 20 22 23 29 24 22 27 64 21
internal_value=0 -0.00942738 -0.00305544 0.00819405 0.0108345 -0.000677398 0.00604374 0.000579665 0.0151549 -0.0167531 -0.00659054 -0.00212293 -0.00810529 3.33055e-05 0.0195663 0.0365989 0.0189185 -0.00913839 -0.0293423 0.0130891 0.00869859 0.00355201 0.0223604 0.0362174 0.0100908 0.0247963 0.00102809 -0.0134627 -0.017154 -0.0264675
internal_weight=0 485 353 558 517 223 187 162 88 74 329 275 221 156 294 81 46 119 54 213 187 159 54 55 139 53 86 49 96 132
internal_count=1043 485 353 558 517 223 187 162 88 74 329 275 221 156 294 81 46 119 54 213 187 159 54 55 139 53 86 49 96 132
shrinkage=0.1


Tree=7
num_leaves=31
num_cat=0
split_feature=2 13 0 0 3 15 13 0 3 8 8 7 13 13 3 14 9 15 1 14 4 0 14 13 8 14 2 2 9 14
split_gain=6.75374 5.9161 4.73377 4.7134 3.40272 3.33409 3.37067 4.32052 3.07134 2.86161 4.76681 4.81231 3.85873 3.32442 2.69127 2.61844 2.58209 2.2952 2.19245 3.1941 3.51002 2.90181 2.82974 3.40491 3.83779 2.6303 2.15741 2.80228 2.78297 3.92936
threshold=24.500000000000004 1.0000000180025095e-35 22.500000000000004 42.500000000000007 1.5000000000000002 1.0000000180025095e-35 4.5000000000000009 20.500000000000004 1.0000000180025095e-35 42.500000000000007 17.500000000000004 8.5000000000000018 19.500000000000004 9.5000000000000018 7.5000000000000009 15.500000000000002 12.500000000000002 8.5000000000000018 7.5000000000000009 3.5000000000000004 3.5000000000000004 19.500000000000004 10.500000000000002 22.500000000000004 12.500000000000002 11.500000000000002 25.500000000000004 34.500000000000007 9.5000000000000018 12.500000000000002
decision_type=2 2 2 2 2 2 2 2 2 2 2 2 2 2 2 2 2 2 2 2 2 2 2 2 2 2 2 2 2 2
left_child=1 -1 8 5 15 -3 7 17 -2 10 12 -12 13 14 -6 -4 -13 -7 19 -8 22 -20 -21 24 -24 -23 -10 28 -28 -30
right_child=2 3 4 -5 9 6 18 -9 26 -11 11 16 -14 -15 -16 -17 -18 -19 21 20 -22 25 23 -25 -26 -27 27 -29 29 -31
leaf_value=0.05792261193627897 -0.039786334366214524 0.034989388845860961 0.048058926582336431 0.052318542060397925 0.011262369803760363 0.021347178842710413 0.023739288250605266 0.043796621377651508 -0.042586191211427961 -0.030400396795833812 -0.014068365966280303 0.015772099170966874 -0.044153170122040647 0.023180486559867861 -0.032297797621907418 0.0018161460757255554 0.063787116110324865 -0.022859670221805573 0.041036532943447432 -0.019746805693615567 -0.041702105849981311 -0.024510249868035319 -0.0052754720737194193 -0.033803845047950747 0.034416424660455615 0.024592782445251943 -0.013991144659190342 -0.022628003323779386 0.041922377844651547 -0.011191477683874277
leaf_weight=23 49 32 25 21 23 23 30 39 21 34 24 21 27 35 37 24 24 24 24 88 32 24 58 20 42 20 58 85 30 26
leaf_count=23 49 32 25 21 23 23 30 39 21 34 24 21 27 35 37 24 24 24 24 88 32 24 58 20 42 20 58 85 30 26
internal_value=0 0.00838581 -0.00772174 0.00599724 0.00152959 0.00386403 0.00151494 0.0191909 -0.017145 -0.0036709 0.00108723 0.0220937 -0.0107935 -0.00131228 -0.0155997 0.0254094 0.0413801 -0.00122653 -0.0029825 -0.00702434 -0.0108698 0.013066 -0.00612636 0.00386196 0.0113951 -0.00219069 -0.0121022 -0.0088853 0.00136146 0.0172624
internal_weight=0 500 543 477 274 456 424 86 269 225 191 69 122 95 60 49 45 47 338 270 240 68 208 120 100 44 220 199 114 56
internal_count=1043 500 543 477 274 456 424 86 269 225 191 69 122 95 60 49 45 47 338 270 240 68 208 120 100 44 220 199 114 56
shrinkage=0.1


Tree=8
num_leaves=31
num_cat=0
split_feature=6 2 0 15 14 2 0 13 11 8 9 7 15 2 2 13 14 8 4 15 14 13 8 8 0 2 8 8 13 11
split_gain=5.84178 3.75492 3.67853 4.09236 5.84423 3.66534 4.60768 3.57252 3.12662 3.29022 3.45442 4.47355 3.37711 2.57989 2.8976 3.19837 2.53493 2.39727 3.64978 3.26012 3.01331 3.29319 2.23459 4.75549 2.88585 2.4074 1.80102 2.52552 1.73191 1.68055
threshold=2.5000000000000004 42.500000000000007 20.500000000000004 21.500000000000004 28.500000000000004 32.500000000000007 36.500000000000007 19.500000000000004 3.5000000000000004 5.5000000000000009 12.500000000000002 10.500000000000002 6.5000000000000009 30.500000000000004 24.500000000000004 2.5000000000000004 4.5000000000000009 8.5000000000000018 3.5000000000000004 20.500000000000004 30.500000000000004 7.5000000000000009 13.500000000000002 26.500000000000004 14.500000000000002 17.500000000000004 16.500000000000004 8.5000000000000018 8.5000000000000018 2.5000000000000004
decision_type=2 2 2 2 2 2 2 2 2 2 2 2 2 2 2 2 2 2 2 2 2 2 2 2 2 2 2 2 2 2
left_child=5 2 3 4 7 6 13 8 9 -2 11 -11 -12 14 15 -1 -4 28 19 20 21 -19 25 24 -24 -17 27 -16 -18 -23
right_child=1 -3 16 -5 -6 -7 -8 -9 -10 10 12 -13 -14 -15 26 22 17 18 -20 -21 -22 29 23 -25 -26 -27 -28 -29 -30 -31
leaf_value=0.032875747481981916 0.046181879124858161 -0.022152499527466007 0.041893203173364917 -0.039406105503439905 0.055574826449155817 -0.022243724356998097 0.039589158445596698 -0.034941516761426573 -0.027040498302533078 -0.039727390607198085 0.046362504473438974 0.019641084698113528 -0.004643653273582459 0.02381867137220171 -0.032589644670486452 0.013583262860774995 -0.019780322723090649 0.033236940370665657 0.047201834850617359 -0.012754699052908484 0.046765735745429998 0.014648307561874392 0.047860203186670947 -0.030888176679611207 0.0028383315461022515 -0.025756503002984182 -0.035636296391487125 0.01078170877078484 0.011989223151593596 -0.02390871663721135
leaf_weight=24 22 41 35 24 20 132 24 27 26 30 27 22 25 27 25 20 32 36 37 39 32 20 24 25 35 70 50 29 37 26
leaf_count=24 22 41 35 24 20 132 24 27 26 30 27 22 25 27 25 20 32 36 37 39 32 20 24 25 35 70 50 29 37 26
internal_value=0 0.00697725 0.00928734 -0.000397956 0.00430654 -0.00802743 -0.00271142 -0.00142175 0.00453241 0.0110475 0.00361518 -0.01461 0.0218403 -0.00579718 -0.00844495 -0.00134591 0.0166337 0.0132202 0.0190179 0.0122022 0.0207401 0.0105838 -0.00606614 0.00566407 0.0211523 -0.0170143 -0.0219604 -0.00929762 -0.00274448 -0.00714479
internal_weight=0 558 517 223 199 485 353 179 152 126 104 52 52 329 302 198 294 259 190 153 114 82 174 84 59 90 104 54 69 46
internal_count=1043 558 517 223 199 485 353 179 152 126 104 52 52 329 302 198 294 259 190 153 114 82 174 84 59 90 104 54 69 46
shrinkage=0.1


end of trees

feature_importances:
Column_0=37
Column_2=36
Column_13=27
Column_7=23
Column_15=23
Column_3=21
Column_8=21
Column_14=16
Column_9=15
Column_6=14
Column_1=11
Column_5=10
Column_11=6
Column_10=5
Column_4=4
Column_12=1

parameters:
[boosting: gbdt]
[objective: regression]
[metric: l2]
[tree_learner: serial]
[device_type: cpu]
[data: ]
[valid: ]
[num_iterations: 10000]
[learning_rate: 0.1]
[num_leaves: 31]
[num_threads: 0]
[deterministic: 0]
[force_col_wise: 0]
[force_row_wise: 0]
[histogram_pool_size: -1]
[max_depth: -1]
[min_data_in_leaf: 20]
[min_sum_hessian_in_leaf: 0.001]
[bagging_fraction: 1]
[pos_bagging_fraction: 1]
[neg_bagging_fraction: 1]
[bagging_freq: 0]
[bagging_seed: 3]
[feature_fraction: 1]
[feature_fraction_bynode: 1]
[feature_fraction_seed: 2]
[extra_trees: 0]
[extra_seed: 6]
[early_stopping_round: 10]
[first_metric_only: 0]
[max_delta_step: 0]
[lambda_l1: 0]
[lambda_l2: 0]
[min_gain_to_split: 0]
[drop_rate: 0.1]
[max_drop: 50]
[skip_drop: 0.5]
[xgboost_dart_mode: 0]
[uniform_drop: 0]
[drop_seed: 4]
[top_rate: 0.2]
[other_rate: 0.1]
[min_data_per_group: 100]
[max_cat_threshold: 32]
[cat_l2: 10]
[cat_smooth: 10]
[max_cat_to_onehot: 4]
[top_k: 20]
[monotone_constraints: ]
[monotone_constraints_method: basic]
[monotone_penalty: 0]
[feature_contri: ]
[forcedsplits_filename: ]
[refit_decay_rate: 0.9]
[cegb_tradeoff: 1]
[cegb_penalty_split: 0]
[cegb_penalty_feature_lazy: ]
[cegb_penalty_feature_coupled: ]
[path_smooth: 0]
[interaction_constraints: ]
[verbosity: 1]
[saved_feature_importance_type: 0]
[max_bin: 255]
[max_bin_by_feature: ]
[min_data_in_bin: 3]
[bin_construct_sample_cnt: 200000]
[data_random_seed: 1]
[is_enable_sparse: 1]
[enable_bundle: 1]
[use_missing: 1]
[zero_as_missing: 0]
[feature_pre_filter: 1]
[pre_partition: 0]
[two_round: 0]
[header: 0]
[label_column: ]
[weight_column: ]
[group_column: ]
[ignore_column: ]
[categorical_feature: ]
[forcedbins_filename: ]
[objective_seed: 5]
[num_class: 1]
[is_unbalance: 0]
[scale_pos_weight: 1]
[sigmoid: 1]
[boost_from_average: 1]
[reg_sqrt: 0]
[alpha: 0.9]
[fair_c: 1]
[poisson_max_delta_step: 0.7]
[tweedie_variance_power: 1.5]
[lambdarank_truncation_level: 30]
[lambdarank_norm: 1]
[label_gain: ]
[eval_at: ]
[multi_error_top_k: 1]
[auc_mu_weights: ]
[num_machines: 1]
[local_listen_port: 12400]
[time_out: 120]
[machine_list_filename: ]
[machines: ]
[gpu_platform_id: -1]
[gpu_device_id: -1]
[gpu_use_dp: 0]
[num_gpu: 1]

end of parameters

pandas_categorical:null
