tree
version=v3
num_class=1
num_tree_per_iteration=1
label_index=0
max_feature_idx=15
objective=regression
feature_names=Column_0 Column_1 Column_2 Column_3 Column_4 Column_5 Column_6 Column_7 Column_8 Column_9 Column_10 Column_11 Column_12 Column_13 Column_14 Column_15
feature_infos=[1:49] [0:61] [1:49] [0:63] [0:9] [0:9] [0:7] [7:205] [0:186] [0:182] [0:9] [0:8] [0:8] [0:204] [0:242] [0:281]
tree_sizes=2726 2750 2772 2774 2780 2768 2756 2767 2785 2779 2766 2776 2786 2759 2768 2764 2774 2761 2781 2749 2773

Tree=0
num_leaves=31
num_cat=0
split_feature=0 2 2 0 0 6 1 1 15 14 2 12 0 8 3 1 14 2 2 1 3 12 7 7 1 10 11 2 13 0
split_gain=59.9294 35.4604 22.8829 19.5641 16.6015 12.6045 10.9038 9.22749 8.46765 8.37826 9.6605 7.68836 8.43842 7.39584 7.35075 7.31765 7.32386 6.9727 6.92772 6.95992 6.72151 6.46657 9.4212 6.3804 6.14603 5.90711 5.88421 5.79956 6.11209 6.79394
threshold=31.500000000000004 40.500000000000007 36.500000000000007 20.500000000000004 42.500000000000007 2.5000000000000004 21.500000000000004 17.500000000000004 7.5000000000000009 9.5000000000000018 13.500000000000002 2.5000000000000004 27.500000000000004 62.500000000000007 19.500000000000004 18.500000000000004 38.500000000000007 29.500000000000004 14.500000000000002 8.5000000000000018 12.500000000000002 2.5000000000000004 33.500000000000007 9.5000000000000018 5.5000000000000009 3.5000000000000004 2.5000000000000004 43.500000000000007 9.5000000000000018 22.500000000000004
decision_type=2 2 2 2 2 2 2 2 2 2 2 2 2 2 2 2 2 2 2 2 2 2 2 2 2 2 2 2 2 2
left_child=2 4 3 18 6 11 9 8 -7 -2 -11 -5 -13 15 21 -3 -17 -16 19 23 -8 -12 -23 -1 -6 -26 -10 28 29 -4
right_child=1 13 27 5 24 7 20 -9 26 10 14 12 -14 -15 17 16 -18 -19 -20 -21 -22 22 -24 -25 25 -27 -28 -29 -30 -31
leaf_value=-0.1847522610545953 -0.13807331248059723 -0.16318141142359854 -0.16308973061108667 -0.13012375108143637 -0.11681957054650477 -0.10273028520545767 -0.063873143377677563 -0.094364571141359127 -0.11601599913922071 -0.056444572145896071 -0.086444571351167482 -0.16904031384397855 -0.12525707032298736 -0.19502521363605302 -0.11533930738861004 -0.11079751188250545 -0.16899629330222465 -0.17869456890737706 -0.15265004904937601 -0.092444571192221756 -0.10920927663046166 -0.1341112367550987 -0.06705995648006903 -0.12544457031802031 -0.049977039830342546 -0.092444571139936982 -0.14931956967520077 -0.17976940963374352 -0.16722289433442536 -0.11699002508744381
leaf_weight=26 167 95 62 293 32 105 63 125 84 30 90 141 64 31 38 85 29 32 876 39 68 108 26 60 77 57 144 157 203 66
leaf_count=26 167 95 62 293 32 105 63 125 84 30 90 141 64 31 38 85 29 32 876 39 68 108 26 60 77 57 144 157 203 66
internal_value=-0.13605 -0.115791 -0.144567 -0.139736 -0.105541 -0.129505 -0.113039 -0.117532 -0.126228 -0.119878 -0.1105 -0.140517 -0.155371 -0.149445 -0.116016 -0.142684 -0.125602 -0.144302 -0.149508 -0.127485 -0.0874064 -0.107177 -0.121101 -0.143375 -0.0774446 -0.0680416 -0.13705 -0.16394 -0.156432 -0.13932
internal_weight=0 1028 2445 1957 788 956 622 458 333 491 324 498 205 240 294 209 114 70 1001 125 131 224 134 86 166 134 228 488 331 128
internal_count=3473 1028 2445 1957 788 956 622 458 333 491 324 498 205 240 294 209 114 70 1001 125 131 224 134 86 166 134 228 488 331 128
shrinkage=1


Tree=1
num_leaves=31
num_cat=0
split_feature=0 2 2 0 1 3 12 6 14 15 15 15 8 0 8 9 3 9 2 7 2 3 1 4 1 13 7 1 8 8
split_gain=48.5428 29.0325 18.5351 15.8469 11.9982 11.9221 10.5783 9.22238 7.46475 7.56997 7.14338 6.66504 8.83363 7.85076 6.84411 6.59177 6.27899 8.04353 7.5681 6.63826 5.95391 7.8223 5.94757 5.92252 6.13864 5.90869 5.37531 5.65752 5.37394 5.16636
threshold=31.500000000000004 34.500000000000007 36.500000000000007 20.500000000000004 12.500000000000002 10.500000000000002 1.5000000000000002 2.5000000000000004 6.5000000000000009 12.500000000000002 5.5000000000000009 11.500000000000002 18.500000000000004 22.500000000000004 49.500000000000007 18.500000000000004 15.500000000000002 12.500000000000002 29.500000000000004 25.500000000000004 17.500000000000004 6.5000000000000009 5.5000000000000009 1.5000000000000002 17.500000000000004 27.500000000000004 22.500000000000004 7.5000000000000009 8.5000000000000018 29.500000000000004
decision_type=2 2 2 2 2 2 2 2 2 2 2 2 2 2 2 2 2 2 2 2 2 2 2 2 2 2 2 2 2 2
left_child=2 4 3 16 8 7 29 20 9 -2 -7 12 13 -9 -13 -15 17 18 19 -1 -5 -22 -23 -12 -25 -8 -10 -28 -4 -3
right_child=1 6 28 5 -6 10 25 11 26 -11 23 14 -14 15 -16 -17 -18 -19 -20 -21 21 22 -24 24 -26 -27 27 -29 -30 -31
leaf_value=-0.013337441079349439 0.020671845592082818 0.057152230274386519 -0.0022522023144890282 0.037953630743957148 0.049904163169259788 0.014341832821567854 0.0011461936660456759 0.083852761089801789 0.019244627159818142 -0.040756798301424299 -0.068559038639068606 0.021104578248092108 0.085881371630562683 -0.004595608051334109 -0.041432758271694181 0.060005945509130312 -0.030686347515552076 0.006673125368504485 -0.042007721012288876 0.031766529764447896 -0.014200052887043624 -0.0017092227935791016 0.05175197532302455 -0.023620700223679923 0.012147232276551866 -0.025517032993957401 0.029695806439433783 0.081894172682906649 -0.029921258985996249 -0.0012663945555686951
leaf_weight=482 47 41 85 41 238 96 237 20 189 35 21 140 36 56 20 22 154 242 88 35 189 46 38 163 68 128 56 33 403 24
leaf_count=482 47 41 85 41 238 96 237 20 189 35 21 140 36 56 20 22 154 242 88 35 189 46 38 163 68 128 56 33 403 24
internal_value=0 0.0182328 -0.00766597 -0.00331814 0.0324833 0.00588985 -0.00158531 0.0143385 0.0209661 -0.0055477 -0.00887094 0.0270665 0.0435191 0.0279575 0.0132874 0.0136253 -0.0121122 -0.00873507 -0.0148983 -0.010284 0.00242115 -0.00291524 0.0224756 -0.0177139 -0.0130916 -0.0082042 0.0287867 0.0490503 -0.0251019 0.0355823
internal_weight=0 1028 2445 1957 598 956 430 608 360 82 348 294 134 98 160 78 1001 847 605 517 314 273 84 252 231 365 278 89 488 65
internal_count=3473 1028 2445 1957 598 956 430 608 360 82 348 294 134 98 160 78 1001 847 605 517 314 273 84 252 231 365 278 89 488 65
shrinkage=0.1


Tree=2
num_leaves=31
num_cat=0
split_feature=0 2 2 0 4 12 3 7 7 13 15 2 1 14 14 15 4 1 0 10 2 1 15 6 15 15 0 3 14 8
split_gain=39.5993 21.6877 17.1095 14.7092 11.156 9.82208 9.52444 7.92543 7.87599 9.34738 7.57267 7.47505 13.4414 7.29185 6.4553 6.45665 6.74737 6.14549 6.02804 5.81659 5.8665 6.50355 6.72152 6.07445 5.65503 5.97603 5.41718 5.40758 5.30146 6.38033
threshold=33.500000000000007 42.500000000000007 34.500000000000007 20.500000000000004 2.5000000000000004 1.5000000000000002 13.500000000000002 22.500000000000004 60.500000000000007 27.500000000000004 5.5000000000000009 36.500000000000007 17.500000000000004 8.5000000000000018 1.0000000180025095e-35 6.5000000000000009 2.5000000000000004 1.0000000180025095e-35 6.5000000000000009 1.0000000180025095e-35 29.500000000000004 19.500000000000004 17.500000000000004 1.5000000000000002 19.500000000000004 41.500000000000007 25.500000000000004 7.5000000000000009 10.500000000000002 12.500000000000002
decision_type=2 2 2 2 2 2 2 2 2 2 2 2 2 2 2 2 2 2 2 2 2 2 2 2 2 2 2 2 2 2
left_child=1 3 4 18 7 -4 11 -2 9 -7 26 12 14 -6 -5 28 17 -17 -1 -20 21 23 -23 -21 -18 -26 -8 -13 29 -16
right_child=2 -3 5 6 13 8 10 -9 -10 -11 -12 27 -14 -15 15 16 24 -19 19 20 -22 22 -24 -25 25 -27 -28 -29 -30 -31
leaf_value=-0.043155563494254805 0.0038569530691974652 -0.035436906935606464 0.039733842570902941 0.05487784169338368 0.016856623666459011 0.0021683123774368668 -0.0086205435560104699 0.06240271329879761 0.038999901546372312 -0.037945332291514373 -0.017261473952290118 -0.025433433244102882 0.04078971628485055 0.052871052210253705 -0.01306478691427675 0.01356739816921098 0.023629579765181388 -0.025083502444528769 0.030649837851524354 -0.042562860025549841 -0.024715101623152158 0.052972156490598415 -0.0077671029065784665 -0.0073087991138172763 -0.036383546739816662 0.028503942218693817 0.039391770641854472 0.014933992367164762 0.035287238845547429 0.03992058129021616
leaf_weight=58 161 229 59 27 76 179 47 27 36 86 291 95 145 216 73 56 124 155 34 53 249 35 38 628 40 22 47 51 103 33
leaf_count=58 161 229 59 27 76 179 47 27 36 86 291 95 145 216 73 56 124 155 34 53 249 35 38 628 40 22 47 51 103 33
internal_value=0 -0.00603123 0.018905 -0.0032301 0.0312648 0.00242534 0.00392415 0.0122651 -0.00488762 -0.0108497 -0.0092905 0.00943025 0.0133266 0.0434974 0.00703567 0.00490409 -0.00258528 -0.0148254 -0.0117825 -0.0100278 -0.0114067 -0.00701178 0.0213545 -0.0100525 0.0113001 -0.013359 0.0153856 -0.0113325 0.0191303 0.00343066
internal_weight=0 2633 840 2404 480 360 1309 188 301 265 385 924 778 292 633 606 397 211 1095 1037 1003 754 73 681 186 62 94 146 209 106
internal_count=3473 2633 840 2404 480 360 1309 188 301 265 385 924 778 292 633 606 397 211 1095 1037 1003 754 73 681 186 62 94 146 209 106
shrinkage=0.1


Tree=3
num_leaves=31
num_cat=0
split_feature=0 2 1 2 0 9 10 15 13 0 2 4 3 2 1 13 9 14 1 2 1 14 14 12 1 1 8 8 1 0
split_gain=32.4272 22.9147 15.7785 12.3122 11.601 10.5639 10.3007 9.41601 7.7334 7.00633 6.952 7.20971 6.94761 7.0853 6.71274 6.31581 6.44512 6.03878 5.8033 5.73917 5.53248 5.53085 5.52534 5.19668 5.46883 4.99735 6.49148 7.21965 4.92176 4.82269
threshold=28.500000000000004 40.500000000000007 21.500000000000004 42.500000000000007 42.500000000000007 6.5000000000000009 1.5000000000000002 5.5000000000000009 8.5000000000000018 16.500000000000004 27.500000000000004 2.5000000000000004 15.500000000000002 8.5000000000000018 8.5000000000000018 34.500000000000007 35.500000000000007 17.500000000000004 6.5000000000000009 22.500000000000004 18.500000000000004 16.500000000000004 38.500000000000007 3.5000000000000004 3.5000000000000004 28.500000000000004 37.500000000000007 14.500000000000002 29.500000000000004 20.500000000000004
decision_type=2 2 2 2 2 2 2 2 2 2 2 2 2 2 2 2 2 2 2 2 2 2 2 2 2 2 2 2 2 2
left_child=3 2 4 5 7 19 9 8 -2 14 11 21 13 -8 -7 16 17 -12 -19 -1 -3 -9 -22 29 -25 -4 27 -27 -14 -15
right_child=1 20 25 -5 -6 6 12 10 -10 -11 15 -13 28 23 -16 -17 -18 18 -20 -21 22 -23 -24 24 -26 26 -28 -29 -30 -31
leaf_value=-0.006831179416697958 0.053482358892199024 -0.026636621398585181 0.058613569123073694 -0.035077541706219219 0.042518353399022352 -0.037920474840535061 0.050576154773051919 -0.027427972535618017 0.010671054342618357 0.030407441246743296 0.00047663795677098364 0.025946842285769958 -0.022908657368491681 -0.0053693916987289092 0.023582178013665338 -0.04929122146632936 0.035933245455517487 -0.077256341602491299 -0.012593702248164584 -0.028516798959328578 0.011249046209381849 0.016514351908807401 -0.029702976412243315 0.0080054077051453683 -0.028748662573422575 0.011160471269062588 -0.0020675853318111461 0.071150890817033491 0.024459530661503474 0.010884214975895028
leaf_weight=230 71 140 103 153 112 36 26 61 104 153 132 162 255 440 35 36 34 23 35 260 123 54 45 59 129 35 44 47 24 312
leaf_count=230 71 140 103 153 112 36 26 61 104 153 132 162 255 440 35 36 34 23 35 260 123 54 45 59 129 35 44 47 24 312
internal_value=0 0.0120371 0.0190547 -0.00775684 0.0126015 -0.00562306 -0.00138192 0.00789548 0.0280402 0.0183597 0.00133062 0.012354 -0.00493383 -0.000919188 -0.00760227 -0.0104135 -0.00416531 -0.0113408 -0.0382358 -0.0183378 -0.011955 -0.00679419 0.000279754 -0.00234353 -0.0172141 0.0422748 0.0289185 0.0455452 -0.018834 0.00137413
internal_weight=0 1361 1053 2112 824 1959 1469 712 175 224 537 277 1245 966 71 260 224 190 58 490 308 115 168 940 188 229 126 82 279 752
internal_count=3473 1361 1053 2112 824 1959 1469 712 175 224 537 277 1245 966 71 260 224 190 58 490 308 115 168 940 188 229 126 82 279 752
shrinkage=0.1


Tree=4
num_leaves=31
num_cat=0
split_feature=0 2 1 2 4 10 15 15 7 15 0 7 13 9 1 4 1 15 14 3 0 8 0 2 13 2 2 6 10 9
split_gain=27.1469 14.8798 15.0687 11.7491 8.06983 7.99686 7.62929 7.27783 7.17467 6.97304 6.85185 6.60553 6.45771 6.02038 6.31441 7.58144 5.99503 6.82376 5.80065 5.7966 7.54523 6.36887 5.35814 5.26362 5.13609 9.67 5.03767 5.35818 5.72153 5.67834
threshold=33.500000000000007 36.500000000000007 15.500000000000002 34.500000000000007 2.5000000000000004 1.0000000180025095e-35 5.5000000000000009 22.500000000000004 60.500000000000007 10.500000000000002 6.5000000000000009 19.500000000000004 27.500000000000004 6.5000000000000009 1.5000000000000002 2.5000000000000004 18.500000000000004 46.500000000000007 8.5000000000000018 20.500000000000004 28.500000000000004 19.500000000000004 19.500000000000004 22.500000000000004 15.500000000000002 19.500000000000004 10.500000000000002 2.5000000000000004 2.5000000000000004 17.500000000000004
decision_type=2 2 2 2 2 2 2 2 2 2 2 2 2 2 2 2 2 2 2 2 2 2 2 2 2 2 2 2 2 2
left_child=1 2 5 4 11 -1 -5 10 12 -4 -7 -2 16 22 26 -16 -8 -18 -6 20 21 -11 -12 -24 25 -17 -15 -28 -29 -30
right_child=3 -3 9 6 18 7 8 -9 -10 19 13 -13 -14 14 15 24 17 -19 -20 -21 -22 -23 23 -25 -26 -27 27 28 29 -31
leaf_value=0.029902297844652273 -0.00062575713705478441 -0.019691025217374168 0.033540698034422743 0.039111417407790824 0.012537890246236012 -0.046137246565941058 -0.015057110903309842 -0.028028287383533964 0.035830383896827703 -0.019839694157038651 -0.029109484910964968 0.04364583356813951 -0.031809023090384227 0.058413575092951454 -0.014441417723663095 0.058906963609513786 0.042597460859226735 -0.017739277872545967 0.044659400520915236 -0.022782325853000988 0.044382258668794472 0.017280572179764038 0.0090616700149351564 -0.021860221118638012 -0.013986569488203371 0.0041977825335093909 -0.0026448387801647189 0.040259822283262088 -0.029531145282089711 0.030042037740349772
leaf_weight=61 144 546 140 48 76 39 102 149 40 73 150 44 88 21 387 42 53 29 216 55 59 126 124 99 77 140 200 81 32 32
leaf_count=61 144 546 140 48 76 39 102 149 40 73 150 44 88 21 387 42 53 29 216 55 59 126 124 99 77 140 200 81 32 32
internal_value=0 -0.00499369 -0.00114858 0.0156528 0.025895 -0.00562262 0.00199658 -0.00700026 -0.00371339 0.0149896 -0.00479999 0.00973568 -0.00952865 -0.00363598 0.000366699 -0.00557897 0.00112718 0.0212589 0.036299 0.00669195 0.0129752 0.00366359 -0.0144958 -0.00466599 0.00766338 0.016823 0.010861 0.00796645 0.0226027 0.000255446
internal_weight=0 2633 2087 840 480 1634 360 1573 312 453 1424 188 272 1385 1012 646 184 82 292 313 258 199 373 223 259 182 366 345 145 64
internal_count=3473 2633 2087 840 480 1634 360 1573 312 453 1424 188 272 1385 1012 646 184 82 292 313 258 199 373 223 259 182 366 345 145 64
shrinkage=0.1


Tree=5
num_leaves=31
num_cat=0
split_feature=0 2 0 3 1 2 9 13 15 1 15 10 12 13 15 13 9 6 2 2 13 1 0 1 9 14 12 7 3 13
split_gain=22.126 15.9943 11.812 9.07245 8.85182 8.06679 7.43051 8.8268 8.39175 7.45085 7.35715 6.42142 7.93777 6.03807 6.1625 5.8369 5.36805 5.34328 5.10839 4.66813 6.15937 4.45993 4.30051 4.29034 4.27704 4.25756 7.07876 6.20681 6.66216 5.19059
threshold=28.500000000000004 41.500000000000007 43.500000000000007 15.500000000000002 21.500000000000004 10.500000000000002 11.500000000000002 15.500000000000002 11.500000000000002 5.5000000000000009 5.5000000000000009 3.5000000000000004 2.5000000000000004 8.5000000000000018 1.0000000180025095e-35 42.500000000000007 8.5000000000000018 2.5000000000000004 35.500000000000007 34.500000000000007 3.5000000000000004 28.500000000000004 8.5000000000000018 18.500000000000004 6.5000000000000009 6.5000000000000009 2.5000000000000004 33.500000000000007 16.500000000000004 23.500000000000004
decision_type=2 2 2 2 2 2 2 2 2 2 2 2 2 2 2 2 2 2 2 2 2 2 2 2 2 2 2 2 2 2
left_child=3 2 4 5 10 -1 7 -7 9 17 13 -4 -13 -2 -15 25 -16 -8 -6 20 -11 -9 -5 -3 -24 29 -27 -28 -29 -12
right_child=1 23 11 22 18 6 8 21 -10 19 15 12 -14 14 16 -17 -18 -19 -20 -21 -22 -23 24 -25 -26 26 27 28 -30 -31
leaf_value=0.0303678319937941 0.046259234947701025 -0.026293422421838488 0.060435784608125688 -0.064732078313827518 0.042162839775010362 -0.0055583556217871028 -0.019030584815220956 -0.037323493772261851 -0.0083220045425389938 0.08747131461682528 -0.019211676087780079 0.063064424887947418 -0.012142876729032854 -0.041095898151397706 0.059581508398056031 -0.034515273571014408 0.0046904002466509427 0.015453008885653513 0.0080354138986388265 0.0032028539975484209 0.029485463235113359 0.004961152871449789 -0.041401093717544309 -0.00081883861046088368 -0.012860940088336043 0.028636928618423582 -0.008169586921065319 0.055971881789820536 -0.016378327310085299 0.03080525088310242
leaf_weight=69 73 117 82 20 127 794 78 148 304 23 122 23 36 20 25 43 62 106 67 45 90 30 62 152 343 127 205 35 20 25
leaf_count=69 73 117 82 20 127 794 78 148 304 23 122 23 36 20 25 43 62 106 67 45 90 30 62 152 343 127 205 35 20 25
internal_value=0 0.00994299 0.0153234 -0.00640739 0.0113187 -0.00311772 -0.00454572 -0.0100703 0.00376688 0.0145126 0.00643471 0.0423338 0.0171752 0.0240853 0.00895724 0.000928464 0.0204637 0.000834964 0.0303766 0.0304409 0.0412879 -0.0301969 -0.0194654 -0.0118989 -0.0172301 0.00378255 0.00928572 -0.0001666 0.0296627 -0.0107054
internal_weight=0 1361 1092 2112 951 1687 1618 972 646 342 757 141 59 180 107 577 87 184 194 158 113 178 425 269 405 534 387 260 55 147
internal_count=3473 1361 1092 2112 951 1687 1618 972 646 342 757 141 59 180 107 577 87 184 194 158 113 178 425 269 405 534 387 260 55 147
shrinkage=0.1


Tree=6
num_leaves=31
num_cat=0
split_feature=0 2 0 2 1 10 15 14 7 6 2 3 7 13 7 13 8 2 14 9 3 14 4 7 0 3 3 8 7 1
split_gain=18.7038 12.0249 9.0195 8.40029 7.59415 7.2814 7.9332 7.6151 5.22249 5.10474 8.47763 6.515 6.29835 6.1593 8.4334 5.62865 4.88856 4.79152 5.33702 4.55727 5.89294 4.93896 4.53723 6.49449 4.19957 5.05671 4.0573 5.49436 4.28055 3.99639
threshold=33.500000000000007 43.500000000000007 20.500000000000004 28.500000000000004 15.500000000000002 1.5000000000000002 9.5000000000000018 6.5000000000000009 9.5000000000000018 2.5000000000000004 36.500000000000007 8.5000000000000018 19.500000000000004 10.500000000000002 32.500000000000007 18.500000000000004 17.500000000000004 29.500000000000004 57.500000000000007 12.500000000000002 16.500000000000004 21.500000000000004 2.5000000000000004 12.500000000000002 27.500000000000004 14.500000000000002 2.5000000000000004 5.5000000000000009 32.500000000000007 20.500000000000004
decision_type=2 2 2 2 2 2 2 2 2 2 2 2 2 2 2 2 2 2 2 2 2 2 2 2 2 2 2 2 2 2
left_child=1 2 17 4 8 -5 7 -7 -2 24 11 26 15 22 16 -12 -15 18 -1 -19 21 -21 23 -13 25 -4 27 -11 -28 -8
right_child=3 -3 9 5 -6 6 29 -9 -10 10 12 13 -14 14 -16 -17 -18 19 -20 20 -22 -23 -24 -25 -26 -27 28 -29 -30 -31
leaf_value=-0.0064008970278659361 -0.016123944379034496 -0.029018484624051256 -0.0031001830916451323 0.030212609755231979 0.049365848344015445 -0.027935732603073124 -0.019284197600961429 0.034093523213737896 0.022879155051517996 0.054128961052213403 0.025829005344160674 -0.035781388410500124 -0.030343900802658825 -0.049183002661685557 0.032769690982757081 -0.030932931184768676 -0.0032623800364407624 -0.031868513425191244 0.04246368200882622 0.020204049514399636 -0.036422131631685339 -0.032177871465682982 0.036719978033606687 0.032956000169118246 0.007346385616793411 -0.029190507591987144 0.047474546421248959 0.0050477388428478709 0.0052294488876096666 0.0039778168040972492
leaf_weight=793 42 181 307 94 95 25 171 95 188 28 58 28 82 49 31 25 44 153 23 72 46 24 67 27 237 98 106 123 31 130
leaf_count=793 42 181 307 94 95 25 171 95 188 28 58 28 82 49 31 25 44 153 23 72 46 24 67 27 237 98 106 123 31 130
internal_value=0 -0.00414502 -0.00230892 0.0129927 0.025581 0.00504853 -0.000570048 0.0211708 0.0157568 0.00321152 0.00912443 0.0152461 -0.0106875 0.0032948 -0.0124004 0.00873204 -0.0274571 -0.00897221 -0.00502359 -0.0198945 -0.00699293 0.00710857 0.0192473 -0.00203758 -0.00322637 -0.0094134 0.0254545 0.0141489 0.0379154 -0.00923748
internal_weight=0 2633 2452 840 325 515 421 120 230 1341 699 534 165 246 124 83 93 1111 816 295 142 96 122 55 642 405 288 151 137 301
internal_count=3473 2633 2452 840 325 515 421 120 230 1341 699 534 165 246 124 83 93 1111 816 295 142 96 122 55 642 405 288 151 137 301
shrinkage=0.1


Tree=7
num_leaves=31
num_cat=0
split_feature=0 2 0 1 3 2 2 15 10 12 10 0 9 15 8 15 7 9 11 6 15 13 15 15 9 7 9 0 13 2
split_gain=15.3735 11.7341 11.6228 7.78926 7.38446 6.66255 6.2161 6.2115 6.01733 6.26512 5.39714 4.96124 5.08913 5.24399 6.51439 5.44155 5.04933 4.59044 5.76848 4.35298 4.31918 4.24718 4.29757 4.17758 4.12214 4.27609 4.09025 4.03474 4.00385 4.46978
threshold=43.500000000000007 42.500000000000007 25.500000000000004 21.500000000000004 16.500000000000004 44.500000000000007 26.500000000000004 5.5000000000000009 3.5000000000000004 2.5000000000000004 1.0000000180025095e-35 6.5000000000000009 11.500000000000002 17.500000000000004 29.500000000000004 36.500000000000007 22.500000000000004 12.500000000000002 4.5000000000000009 3.5000000000000004 5.5000000000000009 8.5000000000000018 2.5000000000000004 26.500000000000004 20.500000000000004 11.500000000000002 10.500000000000002 23.500000000000004 15.500000000000002 30.500000000000004
decision_type=2 2 2 2 2 2 2 2 2 2 2 2 2 2 2 2 2 2 2 2 2 2 2 2 2 2 2 2 2 2
left_child=1 2 4 7 11 8 -5 21 -2 -10 -9 20 28 14 16 -15 24 -3 27 -18 -1 -4 -23 -8 25 -14 -24 -19 -13 -30
right_child=5 17 3 6 -6 -7 23 10 9 -11 -12 12 13 15 -16 -17 19 18 -20 -21 -22 22 26 -25 -26 -27 -28 -29 29 -31
leaf_value=0.0046638911962509156 0.052143724295108218 -0.031693492397185295 0.032657607883777258 0.048446417694360443 -0.019921501405047674 -0.02554255098104477 0.00015686171726115699 0.034074871171088449 0.051293883323669437 -0.012834788333529083 -0.0028219104629889913 -0.002494199798877216 0.0095538673922419548 -0.026039630901522753 0.045851610629063733 0.012868550047278405 0.06406248145633274 -0.026743206807545258 -0.035071607704820311 0.0082660490068896062 -0.054229521390163543 -0.011669491512188013 0.051456545591354375 0.03001245197861694 0.023600306203871064 -0.020293274521827699 0.003111089978899275 0.01260581779129365 -0.0080125344055955137 -0.045333077469650582
leaf_weight=20 92 155 106 71 274 20 103 42 25 39 707 709 96 82 53 64 27 35 58 29 33 69 30 86 66 96 42 102 93 49
leaf_count=20 92 155 106 71 274 20 103 42 25 39 707 709 96 82 53 64 27 35 58 29 33 69 30 86 66 96 42 102 93 49
internal_value=0 -0.0015372 0.000518731 0.00780561 -0.00489364 0.0287964 0.0232189 0.00378206 0.0357629 0.0122155 -0.000752932 -0.00198776 -0.00082138 0.00704583 0.0134228 -0.00898399 0.00794917 -0.0188482 -0.00863781 0.0351679 -0.0320056 0.0175339 0.00616431 0.0137419 0.00204123 -0.0053697 0.023255 0.00255315 -0.00556389 -0.0208907
internal_weight=0 3297 2947 1256 1691 176 260 996 156 64 749 1417 1364 513 367 146 314 350 195 56 53 247 141 189 258 192 72 137 851 142
internal_count=3473 3297 2947 1256 1691 176 260 996 156 64 749 1417 1364 513 367 146 314 350 195 56 53 247 141 189 258 192 72 137 851 142
shrinkage=0.1


Tree=8
num_leaves=31
num_cat=0
split_feature=0 2 10 12 9 5 2 8 12 7 4 0 15 1 13 13 1 1 1 8 0 8 1 1 9 1 4 15 2 4
split_gain=12.9242 8.16616 6.64092 6.6986 7.15808 6.2091 6.15234 7.33981 5.95492 6.78024 5.77385 4.72771 4.6605 5.46236 4.54965 5.67275 4.51894 4.51549 4.39183 4.19764 4.81809 4.15216 4.05738 4.01622 4.10474 3.99836 5.66806 6.99719 5.54303 5.12404
threshold=33.500000000000007 43.500000000000007 1.5000000000000002 2.5000000000000004 2.5000000000000004 1.5000000000000002 28.500000000000004 60.500000000000007 1.5000000000000002 60.500000000000007 2.5000000000000004 6.5000000000000009 3.5000000000000004 5.5000000000000009 32.500000000000007 24.500000000000004 28.500000000000004 34.500000000000007 1.5000000000000002 19.500000000000004 20.500000000000004 34.500000000000007 3.5000000000000004 7.5000000000000009 15.500000000000002 11.500000000000002 2.5000000000000004 13.500000000000002 36.500000000000007 3.5000000000000004
decision_type=2 2 2 2 2 2 2 2 2 2 2 2 2 2 2 2 2 2 2 2 2 2 2 2 2 2 2 2 2 2
left_child=1 2 3 4 -1 -2 10 8 -8 14 -7 -4 13 22 15 -10 -16 18 19 20 -14 -19 -13 24 -12 26 -20 29 -27 -28
right_child=5 -3 11 -5 -6 6 7 -9 9 -11 23 12 17 -15 16 -17 -18 21 25 -21 -22 -23 -24 -25 -26 28 27 -29 -30 -31
leaf_value=-0.031576196442950857 -0.03637756594905147 -0.023943261415260274 -0.040156299041377179 -0.0034802022958413149 0.028761162532342451 0.0069870947671006435 0.036502184750328605 -0.027032129161181997 0.0020089698874432107 0.046078640222549441 0.034400388989597561 0.0042080766084242839 -0.0055792022319067092 0.024862745508813025 -0.035747158208063672 0.053099957853555681 0.018647955996649607 0.047396975557009384 -0.022351977064381894 -0.019473899877988379 0.021027849574346801 -0.0097991688684983692 -0.030384025050372611 0.045352465065180765 -0.017253084138035776 0.0024489574479284112 0.026090315361132568 -0.022518316214367496 -0.019491195963446502 -0.0089735738933086392
leaf_weight=22 27 181 36 195 185 128 71 61 230 36 40 196 126 114 56 24 21 30 398 65 148 22 41 121 25 432 87 118 157 80
leaf_count=22 27 181 36 195 185 128 71 61 230 36 40 196 126 114 56 24 21 30 398 65 148 22 41 121 25 432 87 118 157 80
internal_value=0 -0.00344559 -0.00193251 0.00981965 0.0223485 0.0108003 0.0123671 0.00546644 0.0099925 0.00486392 0.0233334 -0.00423708 -0.00359503 0.00687576 0.000381354 0.00683646 -0.0209121 -0.00580504 -0.00674122 0.00337268 0.00879249 0.0231986 -0.00177621 0.0345825 0.0145337 -0.00943667 -0.0146432 -0.00387786 -0.00339927 0.00929324
internal_weight=0 2633 2452 402 207 840 813 499 438 367 314 2050 2014 351 331 254 77 1663 1611 339 274 52 237 186 65 1272 683 285 589 167
internal_count=3473 2633 2452 402 207 840 813 499 438 367 314 2050 2014 351 331 254 77 1663 1611 339 274 52 237 186 65 1272 683 285 589 167
shrinkage=0.1


Tree=9
num_leaves=31
num_cat=0
split_feature=0 2 1 7 15 2 8 0 3 3 6 3 9 12 1 13 13 7 13 3 5 12 10 15 4 0 15 1 1 3
split_gain=11.4609 8.02848 11.7562 7.58999 7.51305 7.21323 6.89093 6.61082 7.18306 6.36431 5.87419 6.11745 5.81555 5.77574 5.82717 5.4857 5.46387 5.85905 5.40487 5.22143 4.84161 5.21127 4.65031 5.68442 4.62037 6.92203 6.28845 4.56425 4.55633 4.49729
threshold=42.500000000000007 29.500000000000004 13.500000000000002 9.5000000000000018 11.500000000000002 44.500000000000007 32.500000000000007 12.500000000000002 8.5000000000000018 9.5000000000000018 1.5000000000000002 6.5000000000000009 8.5000000000000018 4.5000000000000009 12.500000000000002 16.500000000000004 24.500000000000004 55.500000000000007 55.500000000000007 1.0000000180025095e-35 1.5000000000000002 1.5000000000000002 2.5000000000000004 4.5000000000000009 2.5000000000000004 18.500000000000004 7.5000000000000009 5.5000000000000009 17.500000000000004 19.500000000000004
decision_type=2 2 2 2 2 2 2 2 2 2 2 2 2 2 2 2 2 2 2 2 2 2 2 2 2 2 2 2 2 2
left_child=1 2 3 4 24 -2 12 -5 10 -10 -9 15 19 14 -8 -12 17 -16 22 -3 -14 -22 -4 -24 26 -26 -1 -17 29 -23
right_child=5 6 18 7 -6 -7 13 8 9 -11 11 -13 20 -15 16 27 -18 -19 -20 -21 21 28 23 -25 25 -27 -28 -29 -30 -31
leaf_value=-0.0052011068347546695 0.029066937961860707 0.012935120612382889 0.025605940423816084 -0.019010493340699569 -0.041410582931074386 -0.027093199124703038 -0.038853851661962625 -0.024531706836488514 -0.041763795465230943 0.00050797566484946479 0.0060074378683717547 0.042931950780061574 -0.026941155254840851 0.008822091028723918 -0.0085565607843360297 0.054467271420420439 -0.03051842519870171 0.049803272783756264 0.047152373138463724 -0.021219564112312593 0.03393191022091898 0.0013692464480620687 0.041432962634346704 -0.0037151413907607397 -0.026358093072970708 0.040143082141876223 -0.041662590754659556 0.0054385246769074469 0.015252710327259084 -0.026959457014288219
leaf_weight=278 190 56 166 115 73 26 136 36 40 325 301 78 50 71 123 49 104 20 53 223 58 281 33 180 24 45 57 31 181 70
leaf_count=278 190 56 166 115 73 26 136 36 40 325 301 78 50 71 123 49 104 20 53 223 58 281 33 180 24 45 57 31 181 70
internal_value=0 -0.00147937 0.00275904 -0.00154972 -0.0118864 0.0223069 -0.00729521 0.0035073 0.0065184 -0.00412455 0.0143662 0.017417 -0.00231585 -0.0173746 -0.0222309 0.0121935 -0.0130782 -0.000394346 0.0172413 -0.0143641 0.00293645 0.00546845 0.0130584 0.00327964 -0.00655156 0.0170122 -0.011405 0.0354686 0.00236529 -0.00428035
internal_weight=0 3257 1884 1452 477 216 1373 975 860 365 495 459 919 454 383 381 247 143 432 279 640 590 379 213 404 69 335 80 532 351
internal_count=3473 3257 1884 1452 477 216 1373 975 860 365 495 459 919 454 383 381 247 143 432 279 640 590 379 213 404 69 335 80 532 351
shrinkage=0.1


Tree=10
num_leaves=31
num_cat=0
split_feature=0 2 10 9 5 15 1 0 12 0 2 14 3 3 8 15 2 0 12 14 1 12 1 6 9 1 10 1 0 7
split_gain=9.45856 8.37314 7.86035 6.62297 5.90567 5.65841 5.03754 5.59067 4.95215 5.08251 5.59002 5.19457 4.90517 4.89984 4.89304 4.87827 6.37781 5.54135 6.36367 4.93308 4.66429 4.62444 4.51478 5.37451 4.30144 4.58776 4.43961 4.24006 4.23131 4.93509
threshold=39.500000000000007 42.500000000000007 1.5000000000000002 4.5000000000000009 2.5000000000000004 10.500000000000002 11.500000000000002 34.500000000000007 2.5000000000000004 22.500000000000004 36.500000000000007 16.500000000000004 15.500000000000002 7.5000000000000009 23.500000000000004 50.500000000000007 20.500000000000004 16.500000000000004 2.5000000000000004 15.500000000000002 23.500000000000004 4.5000000000000009 3.5000000000000004 3.5000000000000004 11.500000000000002 20.500000000000004 2.5000000000000004 4.5000000000000009 18.500000000000004 23.500000000000004
decision_type=2 2 2 2 2 2 2 2 2 2 2 2 2 2 2 2 2 2 2 2 2 2 2 2 2 2 2 2 2 2
left_child=1 2 3 13 12 21 15 -8 -5 11 -11 27 20 -1 -9 16 17 -7 -19 -18 22 -6 23 -4 -3 -26 -27 -10 -24 -30
right_child=-2 24 4 8 5 6 7 14 9 10 -12 -13 -14 -15 -16 -17 19 18 -20 -21 -22 -23 28 -25 25 26 -28 -29 29 -31
leaf_value=-0.035326247836681125 0.014999789673089981 -0.032006208949941932 -0.0030407067548715327 0.028854612413273063 0.010268563258071101 -0.040861573426619821 -0.0022887390046506316 0.062962968188982754 -0.016333563945123128 0.030826441865218313 -0.021503564715385438 -0.040497571552121969 -0.025412669619293633 0.014095152275902884 0.0080097391161807752 0.021164837479591372 -0.017919272979100547 0.061956701392219184 -0.0029184057239305091 -0.053037227739890419 0.026468407553295759 -0.029931778510411584 -0.030140115906085285 0.036557398045935281 -0.01997594302683546 -0.017383642281804765 0.034807684329839855 0.043108699151447848 -0.010794197817933109 0.039144987719399588
leaf_weight=47 375 123 209 186 620 23 370 26 28 95 26 37 148 35 43 35 120 21 54 60 43 30 112 41 114 28 39 21 343 21
leaf_count=47 375 123 209 186 620 23 370 26 28 95 26 37 148 35 43 35 120 21 54 60 43 30 112 41 114 28 39 21 343 21
internal_value=0 -0.00181566 -0.000100808 0.0116188 -0.00250132 0.00157994 -0.00432643 0.00258456 0.0170125 0.00637175 0.019582 -0.0122147 -0.00874116 -0.0142317 0.0287168 -0.0140195 -0.0184492 0.00207837 0.0152466 -0.0296253 -0.0055326 0.00841316 -0.00742798 0.00345338 -0.0175765 -0.00777072 0.0129964 0.00914169 -0.013143 -0.00791309
internal_weight=0 3098 2794 475 2319 1402 752 439 393 207 121 86 917 82 69 313 278 98 75 180 769 650 726 250 304 181 67 49 476 364
internal_count=3473 3098 2794 475 2319 1402 752 439 393 207 121 86 917 82 69 313 278 98 75 180 769 650 726 250 304 181 67 49 476 364
shrinkage=0.1


Tree=11
num_leaves=31
num_cat=0
split_feature=0 10 2 1 4 15 2 8 6 4 12 7 12 1 9 10 13 12 2 0 2 14 13 9 1 2 3 13 7 4
split_gain=8.19826 6.46059 6.79532 9.98709 6.12926 6.14884 5.83035 5.55514 4.94391 5.87537 4.9267 4.7916 5.05187 5.55061 4.40323 4.34481 4.36257 4.25162 8.00785 6.6606 5.36668 4.26198 4.62512 6.42717 4.95713 4.41362 4.24642 4.1944 4.14641 4.06917
threshold=43.500000000000007 1.0000000180025095e-35 29.500000000000004 17.500000000000004 2.5000000000000004 5.5000000000000009 10.500000000000002 32.500000000000007 3.5000000000000004 2.5000000000000004 2.5000000000000004 10.500000000000002 4.5000000000000009 12.500000000000002 15.500000000000002 3.5000000000000004 48.500000000000007 3.5000000000000004 18.500000000000004 13.500000000000002 9.5000000000000018 17.500000000000004 13.500000000000002 17.500000000000004 3.5000000000000004 23.500000000000004 13.500000000000002 27.500000000000004 8.5000000000000018 3.5000000000000004
decision_type=2 2 2 2 2 2 2 2 2 2 2 2 2 2 2 2 2 2 2 2 2 2 2 2 2 2 2 2 2 2
left_child=1 -1 3 4 5 -3 -7 8 -4 14 -2 -9 13 -13 -10 -12 -17 18 19 -6 -21 22 23 24 -20 -24 -5 -15 -8 -26
right_child=10 2 7 26 17 6 28 11 9 -11 15 12 -14 27 -16 16 -18 -19 21 20 -22 -23 25 -25 29 -27 -28 -29 -30 -31
leaf_value=0.019153307100137074 0.041136813867423273 0.0026398774473418412 -0.0075674406008917564 0.029212684617071095 -0.014847602248191833 0.029442039440418111 -0.033456373583953994 -0.040020663593266462 -0.0058353830467570917 -0.0014783098661538326 0.024268443906893495 -0.035981822679343738 0.015813770781863822 0.005674623968926343 0.047099037820642647 -0.048356461795893591 0.015364805183240347 -0.0076490852078705124 -0.017755896329879763 -0.0073316631109818162 0.045364322002269024 -0.020003663391283115 -0.043001459836959841 0.058337822357813519 0.041416938032241585 0.012202722259930202 0.0050578447737435039 -0.023524532224355119 -0.011484570876180128 -0.0036208113602229533
leaf_weight=150 72 393 653 167 30 29 113 74 22 165 61 103 55 110 55 22 21 165 50 23 121 73 30 30 47 28 129 89 358 35
leaf_count=150 72 393 653 167 30 29 113 74 22 165 61 103 55 110 55 22 21 165 50 23 121 73 30 30 47 28 129 89 358 35
internal_value=0 -0.00112255 -0.00208899 0.00187629 -0.0013864 -0.00671977 -0.0140765 -0.00753451 -0.0030429 0.0091659 0.0210287 -0.0168617 -0.0120612 -0.0171378 0.0319749 0.00710763 -0.0172368 0.00614953 0.0110248 0.0280174 0.0369476 0.000933695 0.00788109 0.0165568 0.00706116 -0.0163512 0.0186857 -0.0073843 -0.0167559 0.0221935
internal_weight=0 3297 3147 1821 1525 893 500 1326 895 242 176 431 357 302 77 104 43 632 467 174 144 293 220 162 132 58 296 199 471 82
internal_count=3473 3297 3147 1821 1525 893 500 1326 895 242 176 431 357 302 77 104 43 632 467 174 144 293 220 162 132 58 296 199 471 82
shrinkage=0.1


Tree=12
num_leaves=31
num_cat=0
split_feature=0 2 14 3 11 10 15 5 9 0 2 13 0 15 9 8 10 7 2 3 9 9 11 8 8 4 13 14 12 3
split_gain=7.70709 6.91662 6.47767 4.98923 3.82686 5.32572 3.84292 4.87499 4.71123 3.63701 3.63843 3.62614 4.05702 3.65189 3.57849 3.50318 3.4601 3.54201 4.9858 3.4567 4.09094 3.36295 3.42926 3.31963 3.02194 5.25442 7.09861 3.31293 2.95929 2.93965
threshold=25.500000000000004 41.500000000000007 32.500000000000007 16.500000000000004 2.5000000000000004 1.0000000180025095e-35 17.500000000000004 2.5000000000000004 6.5000000000000009 7.5000000000000009 14.500000000000002 12.500000000000002 21.500000000000004 10.500000000000002 29.500000000000004 5.5000000000000009 4.5000000000000009 17.500000000000004 24.500000000000004 25.500000000000004 29.500000000000004 13.500000000000002 4.5000000000000009 69.500000000000014 31.500000000000004 2.5000000000000004 6.5000000000000009 22.500000000000004 1.0000000180025095e-35 10.500000000000002
decision_type=2 2 2 2 2 2 2 2 2 2 2 2 2 2 2 2 2 2 2 2 2 2 2 2 2 2 2 2 2 2
left_child=3 2 29 4 5 -1 8 -8 11 -10 -11 12 13 -6 15 -7 17 -17 -19 -4 -21 -3 -23 -9 25 -5 -27 -26 -12 -2
right_child=1 21 19 24 6 14 7 23 9 10 28 -13 -14 -15 -16 16 -18 18 -20 20 -22 22 -24 -25 27 26 -28 -29 -30 -31
leaf_value=0.05443070679903031 0.0090973474831612441 -0.020115976078786714 0.026742591295700408 -0.031117034088010379 -0.029270594682492004 -0.019682443539301556 -0.041371491929841422 -0.0032161042304106168 -0.03370237410068512 0.033460520278839841 0.034854077146603511 -0.037581282909269688 0.021278484608675985 0.015171592593193055 0.040737743481345803 0.0016661892662633141 -0.030193106778736774 0.046678380966186525 -0.0032505602472358282 -0.029452842588608082 0.030704519450664519 0.0091931243813954868 -0.021623146772384645 -0.046731534004211428 -0.042742827361908514 -0.031114623447259265 0.018586616103465743 -0.007120808888049353 -0.00017150257697362385 -0.0014486275675130223
leaf_weight=20 609 138 229 69 71 75 63 142 25 42 26 54 37 25 23 424 29 45 36 26 20 130 50 20 69 42 91 42 334 467
leaf_count=20 609 138 229 69 71 75 63 142 25 42 26 54 37 25 23 424 29 45 36 26 20 130 50 20 69 42 91 42 334 467
internal_value=0 0.0048976 0.00802083 -0.00453109 -0.00212156 0.00362541 -0.00658763 -0.0177677 -0.00249072 0.0033061 0.00560763 -0.0157273 -0.00685427 -0.0176971 0.00201765 0.000555317 0.0033977 0.00532668 0.0244877 0.0217177 -0.00329747 -0.00837124 0.000633049 -0.00858838 -0.0160091 -0.00872528 0.00289149 -0.0292642 0.00235812 0.00452024
internal_weight=0 1669 1351 1804 1491 652 839 225 614 427 402 187 133 96 632 609 534 505 81 275 46 318 180 162 313 202 133 111 360 1076
internal_count=3473 1669 1351 1804 1491 652 839 225 614 427 402 187 133 96 632 609 534 505 81 275 46 318 180 162 313 202 133 111 360 1076
shrinkage=0.1


Tree=13
num_leaves=31
num_cat=0
split_feature=0 14 2 12 11 1 13 9 14 4 8 8 4 14 15 2 12 14 2 1 15 6 8 5 5 15 7 0 9 15
split_gain=6.24275 6.1609 6.6978 5.57565 10.0653 5.4712 5.00923 6.00551 4.25271 4.51008 7.10058 4.51882 4.50311 5.08857 6.56137 4.41485 4.47292 4.72935 4.016 4.88542 4.51271 4.90712 4.43511 4.46294 3.76492 4.01799 3.64787 3.53004 3.42861 3.30032
threshold=25.500000000000004 12.500000000000002 35.500000000000007 2.5000000000000004 4.5000000000000009 12.500000000000002 12.500000000000002 8.5000000000000018 4.5000000000000009 2.5000000000000004 37.500000000000007 28.500000000000004 3.5000000000000004 2.5000000000000004 11.500000000000002 20.500000000000004 2.5000000000000004 22.500000000000004 44.500000000000007 21.500000000000004 19.500000000000004 3.5000000000000004 7.5000000000000009 2.5000000000000004 2.5000000000000004 7.5000000000000009 11.500000000000002 27.500000000000004 17.500000000000004 51.500000000000007
decision_type=2 2 2 2 2 2 2 2 2 2 2 2 2 2 2 2 2 2 2 2 2 2 2 2 2 2 2 2 2 2
left_child=8 18 5 4 -4 6 24 -8 9 -1 11 12 13 14 -11 16 17 28 19 20 21 22 -2 -24 -3 -26 -9 -22 -10 -17
right_child=1 2 3 -5 -6 -7 7 26 15 10 -12 -13 -14 -15 -16 29 -18 -19 -20 -21 27 -23 23 -25 25 -27 -28 -29 -30 -31
leaf_value=-0.0047399373938195148 0.011733974702656269 -0.0057104004824415173 0.04258869318735032 -0.011546101523380654 -0.018194704254468282 0.027471156643023565 0.030871010527891277 -0.047645418911144655 0.0059122452968793197 0.059509887297948205 -0.035734876854853201 0.064869361867507302 0.040832477986812596 -0.02815051656216383 -0.018043880015611649 -0.013234559950524997 -0.010708825964156029 0.039275332540273669 -0.024311739407681131 0.017508210151484519 0.018336767735688583 0.022241354774642778 -0.035401292020575174 -0.0030286907492315072 0.046561825623114908 0.012328580708708615 -0.0064460210053317521 -0.023956977463454654 -0.031281626114138851 0.0099247852368141293
leaf_weight=201 112 47 63 204 48 252 34 29 302 24 22 24 50 32 20 754 241 40 74 132 23 91 62 136 60 80 83 139 27 67
leaf_count=201 112 47 63 204 48 252 34 29 302 24 22 24 50 32 20 754 241 40 74 132 23 91 62 136 60 80 83 139 27 67
internal_value=0 0.00440784 0.0100239 -0.00173226 0.016304 0.0163542 0.0079414 -0.0059392 -0.00407798 0.005432 0.017319 0.0251002 0.0175251 0.00219136 0.0242582 -0.00655683 -0.000112983 0.00680734 -0.00216498 0.000193088 -0.00386659 0.00182391 -0.0041696 -0.0131656 0.0187786 0.027 -0.0171137 -0.0179523 0.00285986 -0.0113446
internal_weight=0 1669 900 315 111 585 333 146 1804 373 172 150 126 76 44 1431 610 369 769 695 563 401 310 198 187 140 112 162 329 821
internal_count=3473 1669 900 315 111 585 333 146 1804 373 172 150 126 76 44 1431 610 369 769 695 563 401 310 198 187 140 112 162 329 821
shrinkage=0.1


Tree=14
num_leaves=31
num_cat=0
split_feature=10 5 1 0 15 8 13 12 0 7 2 4 2 12 8 13 13 1 8 10 9 1 3 13 9 3 3 3 0 13
split_gain=5.56073 5.61395 6.24841 6.84084 7.23488 7.09419 5.18235 5.59458 5.08152 5.07845 7.14416 4.9882 4.89611 4.50192 5.08747 4.45352 3.92936 3.8985 3.57522 6.13718 3.52404 3.51602 3.43395 3.42711 3.3826 3.78796 4.88934 4.27998 4.51818 6.03269
threshold=1.0000000180025095e-35 1.5000000000000002 20.500000000000004 44.500000000000007 11.500000000000002 57.500000000000007 26.500000000000004 2.5000000000000004 23.500000000000004 9.5000000000000018 16.500000000000004 2.5000000000000004 29.500000000000004 2.5000000000000004 15.500000000000002 55.500000000000007 18.500000000000004 25.500000000000004 15.500000000000002 4.5000000000000009 4.5000000000000009 11.500000000000002 11.500000000000002 18.500000000000004 7.5000000000000009 8.5000000000000018 9.5000000000000018 2.5000000000000004 23.500000000000004 7.5000000000000009
decision_type=2 2 2 2 2 2 2 2 2 2 2 2 2 2 2 2 2 2 2 2 2 2 2 2 2 2 2 2 2 2
left_child=20 -2 3 4 5 6 7 24 -4 -6 13 21 15 -11 -15 -10 -13 -14 -8 22 -1 -9 -20 -5 -3 27 -27 -26 29 -29
right_child=1 2 8 23 9 -7 18 11 12 10 -12 16 17 14 -16 -17 -18 -19 19 -21 -22 -23 -24 -25 25 26 -28 28 -30 -31
leaf_value=-0.021285368800163268 -0.020059728887799669 -0.0020939114064346125 -0.0043919418707932577 0.04484597033924527 -0.026305971114161594 -0.04160152736463045 0.039679450002209897 -0.023398173283161731 0.01914289279298468 0.05225549169949123 -0.01050076415961774 0.008677420656128627 0.024236360620154013 -0.027307420512982485 0.027149911437715803 0.059902889046229812 -0.034644954030712445 0.00041797229023866878 0.0090836463151154692 0.046596934437751772 0.023530444794601493 0.011276793918188881 -0.044833390769504371 0.0024183859427769979 0.0001025974057441534 -0.032844016618198822 0.0070430069594156182 -0.0090472646333553172 0.048034710730567122 0.037209128828371983
leaf_weight=20 146 405 202 45 161 38 58 209 91 28 663 164 101 29 42 38 24 215 27 25 143 34 21 33 86 36 210 54 66 59
leaf_count=20 146 405 202 45 161 38 58 209 91 28 663 164 101 29 42 38 24 215 27 25 143 34 21 33 86 36 210 54 66 59
internal_value=0 -0.00088796 -3.29508e-06 -0.00225638 -0.00318867 0.00106105 0.00215792 0.000311302 0.00876179 -0.0101687 -0.00675915 -0.00908397 0.0147327 0.0182983 0.00490678 0.0311497 0.0031469 0.00803081 0.0211457 0.00642028 0.0180316 -0.0185465 -0.0145051 0.0268958 0.004732 0.010142 0.00120588 0.0184374 0.0272462 0.0151043
internal_weight=0 3310 3164 2517 2439 1516 1478 1347 647 923 762 431 445 99 71 129 188 316 131 73 163 243 48 78 916 511 246 265 179 113
internal_count=3473 3310 3164 2517 2439 1516 1478 1347 647 923 762 431 445 99 71 129 188 316 131 73 163 243 48 78 916 511 246 265 179 113
shrinkage=0.1


Tree=15
num_leaves=31
num_cat=0
split_feature=10 9 5 0 2 8 12 7 8 2 0 7 1 4 7 2 13 0 15 9 7 6 8 8 0 2 2 13 9 7
split_gain=4.89147 4.9791 4.82311 4.1472 4.87357 6.02719 4.33072 5.78753 4.3704 4.00229 4.27789 4.25211 3.98064 3.73535 5.27679 3.65959 4.96392 3.57116 5.71744 4.93894 3.34745 3.33563 3.30359 3.40458 3.24638 3.21847 3.50922 3.13248 2.91114 5.30174
threshold=1.5000000000000002 5.5000000000000009 1.5000000000000002 31.500000000000004 28.500000000000004 62.500000000000007 1.5000000000000002 60.500000000000007 7.5000000000000009 16.500000000000004 14.500000000000002 13.500000000000002 3.5000000000000004 2.5000000000000004 14.500000000000002 35.500000000000007 4.5000000000000009 33.500000000000007 13.500000000000002 14.500000000000002 21.500000000000004 2.5000000000000004 28.500000000000004 16.500000000000004 25.500000000000004 46.500000000000007 30.500000000000004 57.500000000000007 20.500000000000004 19.500000000000004
decision_type=2 2 2 2 2 2 2 2 2 2 2 2 2 2 2 2 2 2 2 2 2 2 2 2 2 2 2 2 2 2
left_child=1 -1 15 9 13 6 -6 8 -8 10 -4 -12 -3 20 -15 16 -2 18 -14 -20 -5 -18 23 -16 -21 26 -10 -28 -11 -30
right_child=2 12 3 4 5 -7 7 -9 25 28 11 -13 17 14 22 -17 21 -19 19 24 -22 -23 -24 -25 -26 -27 27 -29 29 -31
leaf_value=-0.010027355789127997 -0.054271101057529449 -0.0021537463496050496 -0.015192291835943859 -0.0053409143893615061 0.026656343340873717 -0.030958249022563302 -0.030158518460290187 0.039961528201257035 -0.031434817194938659 -0.0073214879934993971 0.00012887076785167057 0.029382149166273842 0.026709621884520092 0.049865971947157826 0.014930085789189855 -0.048973871329251462 -0.019998389745459838 0.034473571270704266 0.023713884847920117 -0.03939526058160342 0.035033093452453611 0.023980090618133547 0.034898100856770857 -0.026083797935781805 0.0025564025129590721 -0.029247929742842012 0.012267279840007271 -0.026763709342998005 0.014766002442341686 -0.0094736937391624032
leaf_weight=118 20 127 60 115 65 60 58 31 25 1318 96 103 126 54 67 34 34 100 41 39 25 35 47 29 35 33 194 23 183 178
leaf_count=118 20 127 60 115 65 60 58 31 25 1318 96 103 126 54 67 34 34 100 41 39 25 35 47 29 35 33 194 23 183 178
internal_value=0 0.00832994 -0.0016908 -0.00082857 0.00510472 -0.00127195 0.00287998 -0.0013658 -0.00521309 -0.00335741 0.00821311 0.01527 0.0129585 0.0143575 0.0232328 -0.0210665 -0.0104052 0.0185868 0.0119948 -0.00412758 0.00186873 0.00230954 0.0131755 0.00254048 -0.0195533 4.81268e-05 0.00404304 0.00813035 -0.00514226 0.00281402
internal_weight=0 586 2887 2764 826 489 429 364 333 1938 259 199 468 337 197 123 89 341 241 115 140 69 143 96 74 275 242 217 1679 361
internal_count=3473 586 2887 2764 826 489 429 364 333 1938 259 199 468 337 197 123 89 341 241 115 140 69 143 96 74 275 242 217 1679 361
shrinkage=0.1


Tree=16
num_leaves=31
num_cat=0
split_feature=0 2 1 3 13 14 4 9 3 2 0 1 0 9 11 8 15 7 6 14 2 14 0 1 3 10 11 3 13 14
split_gain=4.13721 4.50422 5.42955 3.98708 8.83004 6.08275 4.84907 4.35037 4.18092 3.85605 5.05928 3.55525 4.49523 4.49462 4.32574 4.28449 6.05603 3.92669 3.92491 5.91343 4.59959 7.4135 5.7144 6.27978 3.84415 3.46663 4.81993 3.84267 3.46871 3.45828
threshold=39.500000000000007 36.500000000000007 15.500000000000002 8.5000000000000018 14.500000000000002 53.500000000000007 2.5000000000000004 34.500000000000007 1.0000000180025095e-35 23.500000000000004 31.500000000000004 3.5000000000000004 9.5000000000000018 4.5000000000000009 2.5000000000000004 11.500000000000002 4.5000000000000009 14.500000000000002 3.5000000000000004 8.5000000000000018 20.500000000000004 13.500000000000002 29.500000000000004 1.0000000180025095e-35 5.5000000000000009 1.5000000000000002 4.5000000000000009 27.500000000000004 2.5000000000000004 4.5000000000000009
decision_type=2 2 2 2 2 2 2 2 2 2 2 2 2 2 2 2 2 2 2 2 2 2 2 2 2 2 2 2 2 2
left_child=1 2 3 5 6 7 -5 11 -9 10 -8 12 -1 17 15 -15 -17 -13 20 -20 -14 22 23 -22 -18 26 -4 28 -27 -11
right_child=-2 -3 25 4 -6 -7 9 8 -10 29 -12 13 18 14 -16 16 24 -19 19 -21 21 -23 -24 -25 -26 27 -28 -29 -30 -31
leaf_value=-0.035711650177836417 0.0099203357458114635 -0.0081619221847374131 0.040247598416368727 -0.010449379708591874 -0.027076499386765492 0.049903042385211364 0.011803211910384042 -0.0018464420522962299 0.05867858099937439 0.025913321068792634 0.064543215507133447 -0.012285769467844683 0.015637360021706025 -0.001427268916433984 -0.011614284577307763 0.072420112291971844 -0.0093725642875621198 -0.05678123161196709 0.070950121184190126 0.0057130586017261854 0.0079696717961081145 -0.048732804638497967 0.050124838406389406 -0.045763525880616288 0.042424974104632501 -0.02938328412446109 -0.010809604644775391 -0.02104425113251869 0.011478438525992488 -0.010706856505850614
leaf_weight=24 375 715 71 286 174 26 105 21 25 33 22 68 191 182 231 21 38 28 24 33 87 34 22 29 23 22 25 47 373 118
leaf_count=24 375 715 71 286 174 26 105 21 25 33 22 68 191 182 231 21 38 28 24 33 87 34 22 29 23 22 25 47 373 118
internal_value=0 -0.00120082 0.000887809 -0.00168978 -0.00738322 0.00210585 -0.00130763 0.000956244 0.0310476 0.00809719 0.0209393 -0.00038115 0.00638072 -0.00546113 -0.00162065 0.00712377 0.0261029 -0.0252636 0.008786 0.0331813 0.00495533 -0.00690668 0.0033983 -0.00546363 0.0101577 0.0097273 0.0269515 0.0059863 0.0092026 -0.00270377
internal_weight=0 3098 2383 1845 738 1107 564 1081 46 278 127 1035 444 591 495 264 82 96 420 57 363 172 138 116 61 538 96 442 395 151
internal_count=3473 3098 2383 1845 738 1107 564 1081 46 278 127 1035 444 591 495 264 82 96 420 57 363 172 138 116 61 538 96 442 395 151
shrinkage=0.1


Tree=17
num_leaves=31
num_cat=0
split_feature=0 2 1 4 14 6 15 14 8 5 7 9 14 8 7 13 7 7 7 13 13 1 0 9 2 7 11 1 1 14
split_gain=4.0805 5.12576 6.09991 5.43873 4.85794 4.33259 5.45059 5.76635 4.0197 3.96877 3.94434 4.33045 4.24168 3.96582 4.70606 3.8802 5.06462 4.51374 4.96284 3.84534 5.17605 3.81213 3.64239 5.05247 3.90766 4.20894 5.21519 3.88982 5.06328 3.85994
threshold=18.500000000000004 19.500000000000004 1.5000000000000002 4.5000000000000009 54.500000000000007 2.5000000000000004 11.500000000000002 4.5000000000000009 38.500000000000007 1.5000000000000002 25.500000000000004 29.500000000000004 50.500000000000007 5.5000000000000009 9.5000000000000018 16.500000000000004 16.500000000000004 21.500000000000004 13.500000000000002 28.500000000000004 45.500000000000007 20.500000000000004 27.500000000000004 27.500000000000004 33.500000000000007 14.500000000000002 2.5000000000000004 18.500000000000004 32.500000000000007 4.5000000000000009
decision_type=2 2 2 2 2 2 2 2 2 2 2 2 2 2 2 2 2 2 2 2 2 2 2 2 2 2 2 2 2 2
left_child=-1 2 -2 4 -4 9 7 -7 -9 -3 13 12 -12 -8 -15 16 -16 18 -17 21 -21 -13 -11 24 -24 29 -27 -28 -29 -26
right_child=1 5 3 -5 -6 6 10 8 -10 22 11 19 -14 14 15 17 -18 -19 -20 20 -22 -23 23 -25 25 26 27 28 -30 -31
leaf_value=-0.0063796063525970925 0.028828966747159547 -0.039510498754680157 -0.0034162990846275509 0.036791435877482098 0.047453399002552035 0.0374355544646581 0.03248280299746472 0.012451295716827418 -0.014857493386124122 -0.0094846387722781894 -0.027073700084454484 0.003587148203091188 0.022073002457618715 -0.017501243918212419 0.037019451237038564 0.012140123966412668 -0.0008456317764340025 0.034433373938436096 -0.034674039427880887 -0.053008546612479474 0.010851486027240754 0.055372242558570144 0.013705293178067776 -0.038116121292114259 -0.057218331098556521 0.038818182713455628 -0.027997349202632905 0.030797752596083139 -0.029340659578641255 -0.0091453350469714312
leaf_weight=778 138 32 306 45 20 78 46 294 66 535 144 44 20 97 76 39 66 23 54 22 30 21 243 29 23 36 44 42 21 61
leaf_count=778 138 32 306 45 20 78 46 294 66 535 144 44 20 97 76 39 66 23 54 22 30 21 243 29 23 36 44 42 21 61
internal_value=0 0.00184168 0.0108796 0.00420295 -0.000295459 -0.000262744 0.00408054 0.0127855 0.00744468 -0.00482604 -0.00151005 -0.0105948 -0.0210802 0.00485608 0.00127628 0.00833605 0.0194202 -0.00523246 -0.0150423 0.00410263 -0.0161662 0.0203177 -0.00375264 0.0023929 0.00489239 -0.00454169 0.00589457 -0.00518254 0.0107516 -0.0223082
internal_weight=0 2695 509 371 326 2186 1120 438 360 1066 682 281 164 401 355 258 142 116 93 117 52 65 1034 499 470 227 143 107 63 84
internal_count=3473 2695 509 371 326 2186 1120 438 360 1066 682 281 164 401 355 258 142 116 93 117 52 65 1034 499 470 227 143 107 63 84
shrinkage=0.1


Tree=18
num_leaves=31
num_cat=0
split_feature=10 1 15 8 12 5 0 15 8 7 3 3 13 0 13 2 10 3 9 12 9 14 6 9 15 15 2 13 1 4
split_gain=3.32945 3.75229 4.26848 4.26776 3.88982 4.24911 4.00871 5.12962 3.97926 4.06761 3.82321 4.19155 7.22709 3.62211 3.56207 3.71129 3.47653 3.4015 5.66221 3.36078 3.56182 3.54422 4.98843 3.25693 3.81071 4.56027 3.31247 5.19193 3.40128 5.02828
threshold=1.0000000180025095e-35 20.500000000000004 11.500000000000002 54.500000000000007 4.5000000000000009 2.5000000000000004 18.500000000000004 10.500000000000002 17.500000000000004 23.500000000000004 17.500000000000004 3.5000000000000004 6.5000000000000009 46.500000000000007 26.500000000000004 10.500000000000002 1.5000000000000002 11.500000000000002 12.500000000000002 2.5000000000000004 3.5000000000000004 2.5000000000000004 2.5000000000000004 7.5000000000000009 52.500000000000007 36.500000000000007 28.500000000000004 59.500000000000007 25.500000000000004 3.5000000000000004
decision_type=2 2 2 2 2 2 2 2 2 2 2 2 2 2 2 2 2 2 2 2 2 2 2 2 2 2 2 2 2 2
left_child=-1 2 3 4 5 6 -2 8 9 10 11 12 -8 -4 15 -7 -13 18 -16 -17 -21 -22 -23 24 25 -3 -25 28 -28 -30
right_child=1 23 13 -5 -6 14 7 -9 -10 -11 -12 16 -14 -15 17 19 -18 -19 -20 20 21 22 -24 26 -26 -27 27 -29 29 -31
leaf_value=0.013952569325277412 -0.015368149864176908 -0.0058034648042206375 -0.0084233000343947716 -0.027965547978878021 -0.028304540827160791 0.03772653837998708 -0.055050763095680036 0.040959728917767925 0.036392268648854011 0.033221245223078233 -0.03818313100121238 0.032317752667835785 0.0018721220118028147 0.030893360326687498 0.0019046885811764261 0.0083977402893302099 -0.001065287502800546 0.0041598080264197458 0.065423735645082262 0.031282667680220172 0.027620300082933338 -0.034192266352474687 -0.00013431381153804 0.020897198683124479 0.022548880241811276 -0.055715602907267486 0.024360494782226256 -0.024725231359589775 0.022905707742486681 -0.010716910220560481
leaf_weight=163 192 109 990 50 42 33 38 31 27 29 33 35 54 24 23 437 287 45 36 22 21 80 93 177 36 22 99 53 70 122
leaf_count=163 192 109 990 50 42 33 38 31 27 29 33 35 54 24 23 437 287 45 36 22 21 80 93 177 36 22 99 53 70 122
internal_value=0 -0.00068709 -0.00241178 0.000792243 0.00171515 0.00254683 -0.00297578 0.0014799 -0.000953254 -0.00307159 -0.00542616 -0.0028151 -0.0216395 -0.00749273 0.00762204 0.00500752 0.0025633 0.0248678 0.0406621 0.00335404 -0.00685013 -0.0111745 -0.0158837 0.0058858 -0.00626683 -0.0141857 0.00978118 0.00406159 0.00930455 0.00154134
internal_weight=0 3310 2622 1608 1558 1516 726 534 503 476 447 414 92 1014 790 686 322 104 59 653 216 194 173 688 167 131 521 344 291 192
internal_count=3473 3310 2622 1608 1558 1516 726 534 503 476 447 414 92 1014 790 686 322 104 59 653 216 194 173 688 167 131 521 344 291 192
shrinkage=0.1


Tree=19
num_leaves=31
num_cat=0
split_feature=0 2 0 15 8 9 10 9 3 9 15 3 3 13 8 8 3 11 8 11 0 10 15 15 12 15 4 9 9 1
split_gain=3.27063 3.23675 3.28214 3.20493 2.85424 3.1601 2.76357 3.95613 3.21615 3.07049 4.34407 3.17192 3.08633 2.77421 5.22604 3.08688 3.51399 4.75293 2.61726 3.11807 3.27559 3.37124 2.93055 2.92281 2.51404 2.47734 2.47406 3.02183 5.3269 5.18132
threshold=6.5000000000000009 42.500000000000007 42.500000000000007 4.5000000000000009 10.500000000000002 47.500000000000007 1.5000000000000002 3.5000000000000004 7.5000000000000009 23.500000000000004 23.500000000000004 17.500000000000004 2.5000000000000004 9.5000000000000018 10.500000000000002 5.5000000000000009 4.5000000000000009 3.5000000000000004 62.500000000000007 4.5000000000000009 37.500000000000007 3.5000000000000004 37.500000000000007 21.500000000000004 2.5000000000000004 20.500000000000004 1.5000000000000002 28.500000000000004 52.500000000000007 23.500000000000004
decision_type=2 2 2 2 2 2 2 2 2 2 2 2 2 2 2 2 2 2 2 2 2 2 2 2 2 2 2 2 2 2
left_child=3 2 6 -1 25 -6 7 8 -2 11 12 13 -11 15 -15 -9 -17 -18 19 20 21 23 -21 24 -3 -4 -8 -28 29 -29
right_child=1 18 4 -5 5 -7 26 9 -10 10 -12 -13 -14 14 -16 16 17 -19 -20 22 -22 -23 -24 -25 -26 -27 27 28 -30 -31
leaf_value=0.0092025671899318689 -0.036469733802711263 -0.017645487499733766 0.013042060413011692 -0.040034032899599808 0.032881035697594117 -0.0094447966326366775 -0.010851672168718567 -0.0040348310922754217 0.013304033591633752 -0.016870471941573279 -0.029059569314122204 -0.017834300672014556 0.023232115878433476 0.034130976455552235 -0.023831064786229816 0.015103365682266855 0.06057812024335392 0.012490969127224338 -0.029140296320502575 -0.032972145666841604 0.019892376753000113 0.016765675202329109 0.01033971252895537 -0.033201934017387094 0.017597287552697318 -0.027411054447293283 -0.0012061719191628461 0.0096281629643942199 -0.0084333634431209056 0.046197050809860231
leaf_weight=20 34 48 41 39 89 22 218 29 21 28 40 24 61 28 35 74 61 31 52 61 65 47 21 51 35 24 1861 152 109 52
leaf_count=20 34 48 41 39 89 22 218 29 21 28 40 24 61 28 35 74 61 31 52 61 65 47 21 51 35 24 1861 152 109 52
internal_value=0 0.00040342 0.00149312 -0.0233437 0.0147471 0.0244921 0.00067692 0.0077221 -0.0174652 0.0110927 -0.0016868 0.0169386 0.0106156 0.0201733 0.00192984 0.0260673 0.0313261 0.0443748 -0.00829697 -0.00499254 0.000636643 -0.0062784 -0.0218801 -0.014361 -0.00278408 -0.00189447 -0.000695594 0.000322817 0.00941371 0.0189496
internal_weight=0 3414 3034 59 176 111 2858 466 55 411 129 282 89 258 63 195 166 92 380 328 246 181 82 134 83 65 2392 2174 313 204
internal_count=3473 3414 3034 59 176 111 2858 466 55 411 129 282 89 258 63 195 166 92 380 328 246 181 82 134 83 65 2392 2174 313 204
shrinkage=0.1


Tree=20
num_leaves=31
num_cat=0
split_feature=0 10 2 1 8 5 1 15 7 3 13 13 1 3 2 7 1 15 14 10 8 7 14 8 11 5 6 8 9 15
split_gain=2.69566 3.04795 3.19272 3.21342 3.17635 3.63708 4.81127 5.02586 4.4713 3.46944 3.92837 6.10094 4.41477 3.87674 3.15504 3.13432 3.46428 3.02214 2.86998 2.84697 4.56065 3.10246 2.87698 2.95313 3.39428 2.7984 3.39658 3.40005 5.52692 2.76899
threshold=7.5000000000000009 1.0000000180025095e-35 43.500000000000007 22.500000000000004 64.500000000000014 2.5000000000000004 1.5000000000000002 17.500000000000004 21.500000000000004 8.5000000000000018 10.500000000000002 6.5000000000000009 6.5000000000000009 7.5000000000000009 27.500000000000004 15.500000000000002 7.5000000000000009 3.5000000000000004 18.500000000000004 3.5000000000000004 19.500000000000004 15.500000000000002 5.5000000000000009 16.500000000000004 3.5000000000000004 4.5000000000000009 4.5000000000000009 17.500000000000004 10.500000000000002 2.5000000000000004
decision_type=2 2 2 2 2 2 2 2 2 2 2 2 2 2 2 2 2 2 2 2 2 2 2 2 2 2 2 2 2 2
left_child=17 25 3 4 5 6 18 8 -8 13 11 29 -12 -7 -6 16 -13 -1 -3 20 -14 -22 -21 -24 -25 26 27 28 -2 -11
right_child=1 2 -4 -5 14 9 7 -9 -10 10 12 15 19 -15 -16 -17 -18 -19 -20 22 21 -23 23 24 -26 -27 -28 -29 -30 -31
leaf_value=0.0090875742612061671 -0.020855678796768189 0.010864275414892969 -0.010179032878664167 0.0083278385259337347 0.005610256210753793 0.0061571581464893417 -0.0078876304483237424 -0.027505556469162307 0.021558723749037376 0.02661984001214688 -0.022553912560558984 0.025597622516480362 0.0095758282861044246 0.033380035977614554 -0.030271843097348147 0.041212202528757708 -0.022293333774027618 -0.032016293929432921 -0.019098992363826648 0.044318690754118421 -0.065259590446948998 -0.010840458761562002 -0.023765564922775543 -0.0041919164560936589 0.042955321646653694 -0.0093068286776542674 -0.014365906090963455 0.051279253548099882 0.044395940723242586 -0.0081219822321182654
leaf_weight=27 25 235 293 472 38 636 541 120 57 26 144 44 43 57 69 56 23 53 37 21 20 22 28 37 26 38 21 42 27 195
leaf_count=27 25 235 293 472 38 636 541 120 57 26 144 44 43 57 69 56 23 53 37 21 20 22 28 37 26 38 21 42 27 195
internal_value=0 0.000427792 -0.000223514 0.000766295 -0.000675744 8.57685e-05 -0.00453797 -0.00882873 -0.00508087 0.00340761 -0.00163931 0.00590047 -0.00924543 0.00839627 -0.0175287 0.0237515 0.00915744 -0.0181437 0.00678839 0.000482603 -0.0133167 -0.0367543 0.0109553 0.00325606 0.0152657 0.0142202 0.0219943 0.0301173 0.013025 -0.00403471
internal_weight=0 3393 3240 2947 2475 2368 990 718 598 1378 685 344 341 693 107 123 67 80 272 197 85 42 112 91 63 153 115 94 52 221
internal_count=3473 3393 3240 2947 2475 2368 990 718 598 1378 685 344 341 693 107 123 67 80 272 197 85 42 112 91 63 153 115 94 52 221
shrinkage=0.1


end of trees

feature_importances:
Column_2=72
Column_1=68
Column_0=67
Column_15=54
Column_9=45
Column_13=45
Column_3=44
Column_8=44
Column_7=41
Column_14=34
Column_10=27
Column_12=27
Column_4=23
Column_6=16
Column_5=12
Column_11=11

parameters:
[boosting: gbdt]
[objective: regression]
[metric: l2]
[tree_learner: serial]
[device_type: cpu]
[data: ]
[valid: ]
[num_iterations: 10000]
[learning_rate: 0.1]
[num_leaves: 31]
[num_threads: 0]
[deterministic: 0]
[force_col_wise: 0]
[force_row_wise: 0]
[histogram_pool_size: -1]
[max_depth: -1]
[min_data_in_leaf: 20]
[min_sum_hessian_in_leaf: 0.001]
[bagging_fraction: 1]
[pos_bagging_fraction: 1]
[neg_bagging_fraction: 1]
[bagging_freq: 0]
[bagging_seed: 3]
[feature_fraction: 1]
[feature_fraction_bynode: 1]
[feature_fraction_seed: 2]
[extra_trees: 0]
[extra_seed: 6]
[early_stopping_round: 10]
[first_metric_only: 0]
[max_delta_step: 0]
[lambda_l1: 0]
[lambda_l2: 0]
[min_gain_to_split: 0]
[drop_rate: 0.1]
[max_drop: 50]
[skip_drop: 0.5]
[xgboost_dart_mode: 0]
[uniform_drop: 0]
[drop_seed: 4]
[top_rate: 0.2]
[other_rate: 0.1]
[min_data_per_group: 100]
[max_cat_threshold: 32]
[cat_l2: 10]
[cat_smooth: 10]
[max_cat_to_onehot: 4]
[top_k: 20]
[monotone_constraints: ]
[monotone_constraints_method: basic]
[monotone_penalty: 0]
[feature_contri: ]
[forcedsplits_filename: ]
[refit_decay_rate: 0.9]
[cegb_tradeoff: 1]
[cegb_penalty_split: 0]
[cegb_penalty_feature_lazy: ]
[cegb_penalty_feature_coupled: ]
[path_smooth: 0]
[interaction_constraints: ]
[verbosity: 1]
[saved_feature_importance_type: 0]
[max_bin: 255]
[max_bin_by_feature: ]
[min_data_in_bin: 3]
[bin_construct_sample_cnt: 200000]
[data_random_seed: 1]
[is_enable_sparse: 1]
[enable_bundle: 1]
[use_missing: 1]
[zero_as_missing: 0]
[feature_pre_filter: 1]
[pre_partition: 0]
[two_round: 0]
[header: 0]
[label_column: ]
[weight_column: ]
[group_column: ]
[ignore_column: ]
[categorical_feature: ]
[forcedbins_filename: ]
[objective_seed: 5]
[num_class: 1]
[is_unbalance: 0]
[scale_pos_weight: 1]
[sigmoid: 1]
[boost_from_average: 1]
[reg_sqrt: 0]
[alpha: 0.9]
[fair_c: 1]
[poisson_max_delta_step: 0.7]
[tweedie_variance_power: 1.5]
[lambdarank_truncation_level: 30]
[lambdarank_norm: 1]
[label_gain: ]
[eval_at: ]
[multi_error_top_k: 1]
[auc_mu_weights: ]
[num_machines: 1]
[local_listen_port: 12400]
[time_out: 120]
[machine_list_filename: ]
[machines: ]
[gpu_platform_id: -1]
[gpu_device_id: -1]
[gpu_use_dp: 0]
[num_gpu: 1]

end of parameters

pandas_categorical:null
