tree
version=v3
num_class=1
num_tree_per_iteration=1
label_index=0
max_feature_idx=15
objective=regression
feature_names=Column_0 Column_1 Column_2 Column_3 Column_4 Column_5 Column_6 Column_7 Column_8 Column_9 Column_10 Column_11 Column_12 Column_13 Column_14 Column_15
feature_infos=[1:49] [0:68] [1:49] [0:79] [0:7] [0:8] [0:8] [0:246] [0:247] [0:229] [0:8] [0:7] [0:8] [0:167] [0:205] [0:273]
tree_sizes=2738 2724 2725 2725 2723 2727 2729 2722 2735 2734 2737 2727 2722 2733 2741 2742

Tree=0
num_leaves=31
num_cat=0
split_feature=0 2 2 8 7 1 0 0 7 2 3 1 13 9 13 9 15 0 13 11 1 14 0 15 9 3 3 15 8 8
split_gain=38.4866 22.9379 14.9628 9.51229 9.34936 7.97259 7.56295 7.07068 6.82612 8.13684 6.21594 7.29715 6.18492 6.20698 6.04088 5.99415 6.5526 5.81966 5.8052 5.06037 4.9064 4.85083 5.64811 4.80708 4.45303 4.15259 3.98731 6.30888 4.7383 5.31172
threshold=30.500000000000004 43.500000000000007 27.500000000000004 9.5000000000000018 21.500000000000004 1.5000000000000002 13.500000000000002 42.500000000000007 5.5000000000000009 39.500000000000007 10.500000000000002 23.500000000000004 4.5000000000000009 8.5000000000000018 9.5000000000000018 6.5000000000000009 4.5000000000000009 18.500000000000004 4.5000000000000009 2.5000000000000004 11.500000000000002 16.500000000000004 23.500000000000004 9.5000000000000018 11.500000000000002 9.5000000000000018 6.5000000000000009 4.5000000000000009 14.500000000000002 6.5000000000000009
decision_type=2 2 2 2 2 2 2 2 2 2 2 2 2 2 2 2 2 2 2 2 2 2 2 2 2 2 2 2 2 2
left_child=2 7 3 21 26 25 -6 10 -9 -10 11 15 -12 -14 17 -2 -17 -7 -18 20 -16 22 -1 -3 -25 -5 27 -4 29 -28
right_child=1 23 4 5 6 14 -8 8 9 -11 12 -13 13 -15 19 16 18 -19 -20 -21 -22 -23 -24 24 -26 -27 28 -29 -30 -31
leaf_value=-0.061032247151228361 -0.060995414739681071 -0.030739005284791961 -0.10366208027606708 -0.042956199531282581 -0.090995413931155095 -0.032925240044690281 -0.029787082228429622 -0.048462081738367684 0.018503330021489267 -0.037662082024469981 -0.072662081097286613 0.034918561214089872 0.015096537267559045 -0.035733510644327324 0.014837916584754973 0.033052201816526905 0.020837916444435708 0.017253170764374784 -0.043287081867697343 -0.066083133903148156 -0.048462081738367684 -0.10311662574506214 -0.017662082554289041 -0.041947796196651607 -0.09650823431173311 -0.094934807779988112 -0.10418381939268048 -0.049504186973919215 -0.1017161343816711 -0.042662081892015209
leaf_weight=181 27 26 30 51 27 38 80 25 133 32 36 31 29 140 24 28 20 59 48 38 25 22 36 21 52 22 23 76 111 36
leaf_count=181 27 26 30 51 27 38 80 25 133 32 36 31 29 140 24 28 20 59 48 38 25 22 36 21 52 22 23 76 111 36
internal_value=-0.0418468 -0.0233565 -0.0554778 -0.0440129 -0.0703253 -0.0306582 -0.0452322 -0.015367 0.000232654 0.00761064 -0.0236231 -0.0084413 -0.0350279 -0.0270112 -0.0195643 -0.0193694 -0.00766208 -0.00240435 -0.0244268 -0.0386966 -0.017458 -0.0583734 -0.0538372 -0.0676621 -0.0808128 -0.058621 -0.0800534 -0.0648319 -0.0895444 -0.0666451
internal_weight=0 648 879 496 383 257 107 549 190 165 359 154 205 169 184 123 96 97 68 87 49 239 217 99 73 73 276 106 170 59
internal_count=1527 648 879 496 383 257 107 549 190 165 359 154 205 169 184 123 96 97 68 87 49 239 217 99 73 73 276 106 170 59
shrinkage=1


Tree=1
num_leaves=31
num_cat=0
split_feature=0 2 2 0 8 13 3 10 7 4 9 2 0 2 9 2 1 15 8 8 5 11 0 1 14 8 3 9 1 14
split_gain=31.2135 19.3812 12.1537 7.60132 7.44689 7.38659 7.18566 6.76637 6.69863 6.58683 6.56752 6.39779 6.22999 5.89803 5.32135 5.3183 4.9275 4.63502 4.82761 6.11896 4.22654 4.22428 4.87478 4.60403 4.49806 5.17959 4.08214 3.98606 3.91058 3.89181
threshold=29.500000000000004 41.500000000000007 27.500000000000004 42.500000000000007 9.5000000000000018 9.5000000000000018 10.500000000000002 3.5000000000000004 6.5000000000000009 1.5000000000000002 7.5000000000000009 20.500000000000004 15.500000000000002 33.500000000000007 24.500000000000004 23.500000000000004 23.500000000000004 3.5000000000000004 13.500000000000002 37.500000000000007 4.5000000000000009 1.5000000000000002 10.500000000000002 26.500000000000004 5.5000000000000009 6.5000000000000009 20.500000000000004 7.5000000000000009 15.500000000000002 19.500000000000004
decision_type=2 2 2 2 2 2 2 2 2 2 2 2 2 2 2 2 2 2 2 2 2 2 2 2 2 2 2 2 2 2
left_child=2 3 4 6 -1 11 16 13 28 -8 -3 12 -6 14 -5 -7 20 -11 26 29 27 -10 -23 24 -24 -26 -19 -2 -4 -20
right_child=1 10 8 7 5 15 9 -9 21 17 -12 -13 -14 -15 -16 -17 -18 18 19 -21 -22 22 23 -25 25 -27 -28 -29 -30 -31
leaf_value=-0.015229923293945638 0.0016271463755903573 0.02885144305229187 -0.059968889633814498 0.066688438595795055 -0.041096498370170598 0.0026587701573663833 -0.033588050854833504 0.067235436898011425 0.021451375385125482 0.051323875555625335 -0.027789555608698752 0.05100478529930115 0.02533323725219816 -0.0059715668897371036 0.011265758872032166 -0.049013318300247195 0.068723828792572023 -0.052505405382676562 0.018081580217068013 -0.0058429797323277365 -0.010659811539309366 -0.060265520662069319 -0.037496053003797346 -0.059466264299724417 -0.042090525009013995 0.0067032375672299947 0.0077470717222794241 0.045284662288924062 -0.010202404260635376 0.075961535317557199
leaf_weight=235 29 25 75 41 20 98 38 65 24 26 113 58 48 37 30 25 30 22 26 52 28 30 51 23 27 112 23 75 20 21
leaf_count=235 29 25 75 41 20 98 38 65 24 26 113 58 48 37 30 25 30 22 26 52 28 30 51 23 27 112 23 75 20 21
internal_value=0 0.0159354 -0.0128274 0.0244401 -0.0024617 0.00958863 0.0163497 0.0417431 -0.0266866 0.00405104 -0.0175285 0.0266059 0.00579508 0.0264005 0.0432704 -0.00784369 0.0321406 0.0124645 0.00544821 0.0177927 0.0238262 -0.0185724 -0.0225254 -0.0172099 -0.0120946 -0.00277469 -0.0217097 0.0331109 -0.0494917 0.0439428
internal_weight=0 681 846 543 484 249 370 173 362 208 138 126 68 108 71 123 162 170 144 99 132 267 243 213 190 139 45 104 95 47
internal_count=1527 681 846 543 484 249 370 173 362 208 138 126 68 108 71 123 162 170 144 99 132 267 243 213 190 139 45 104 95 47
shrinkage=0.1


Tree=2
num_leaves=31
num_cat=0
split_feature=0 2 2 3 4 12 1 0 8 1 15 2 7 3 14 13 11 1 8 15 0 9 13 7 9 8 13 13 9 1
split_gain=25.711 16.3156 7.58614 7.30736 7.34113 5.84472 5.77776 5.24924 5.02094 5.68081 4.70247 4.68973 4.52063 7.05688 4.20094 7.41859 4.0837 5.65798 4.56731 4.69373 3.87943 4.04474 6.18693 3.70522 3.67253 3.59681 4.07095 3.43746 5.51615 4.04489
threshold=27.500000000000004 43.500000000000007 26.500000000000004 5.5000000000000009 1.5000000000000002 3.5000000000000004 4.5000000000000009 38.500000000000007 9.5000000000000018 1.5000000000000002 63.500000000000007 27.500000000000004 7.5000000000000009 2.5000000000000004 10.500000000000002 8.5000000000000018 1.5000000000000002 18.500000000000004 42.500000000000007 2.5000000000000004 18.500000000000004 6.5000000000000009 5.5000000000000009 24.500000000000004 30.500000000000004 13.500000000000002 7.5000000000000009 12.500000000000002 31.500000000000004 18.500000000000004
decision_type=2 2 2 2 2 2 2 2 2 2 2 2 2 2 2 2 2 2 2 2 2 2 2 2 2 2 2 2 2 2
left_child=2 3 8 5 6 -2 -5 11 14 -10 27 23 13 -4 15 20 -14 18 19 -18 -1 -22 -23 -6 -8 -13 -27 29 -29 -9
right_child=1 -3 12 4 7 -7 24 10 9 -11 -12 25 16 -15 -16 -17 17 -19 -20 -21 21 22 -24 -25 -26 26 -28 28 -30 -31
leaf_value=-0.056659494979040964 0.048332924343412742 -0.02245432268489491 0.0084986927608648941 -0.049279786547025049 0.033730815938024815 0.0072355076670646669 -0.018308122404690447 0.039524271430038831 -0.018474327287976707 0.01720494322624861 -0.006368014588952065 -0.040067152935883095 0.026360142230987552 -0.052322131074884884 -0.04450260400772095 0.041073942413696878 0.026322492659091951 -0.049596181937626438 0.027612810639234694 -0.026305672128659648 0.022545249092167822 -0.0020660898318657509 -0.05523247827183117 -0.010839135142473075 0.034574862321217856 -0.031861758232116698 0.025314217986482562 0.067570482348573629 0.022485471443802703 -0.0075106422106424979
leaf_weight=21 124 110 24 30 66 48 29 41 63 153 32 29 21 93 39 26 20 49 26 111 29 65 33 26 24 20 33 58 51 33
leaf_count=21 124 110 24 30 66 48 29 41 63 153 32 29 21 93 39 26 20 49 26 111 29 65 33 26 24 20 33 58 51 33
internal_value=0 0.0131385 -0.0128155 0.019218 0.0127877 0.0368639 -0.0142112 0.0185484 -0.00394455 0.00679849 0.0289987 0.00563565 -0.0238784 -0.0398461 -0.0148389 -0.00819013 -0.0156484 -0.0199309 -0.0106723 -0.0182708 -0.0168446 -0.0102611 -0.0199691 0.021135 0.00563889 -0.0117538 0.00373838 0.035183 0.0464757 0.0185492
internal_weight=0 754 773 644 472 172 83 389 429 216 215 174 344 117 213 174 227 206 157 131 148 127 98 92 53 82 53 183 109 74
internal_count=1527 754 773 644 472 172 83 389 429 216 215 174 344 117 213 174 227 206 157 131 148 127 98 92 53 82 53 183 109 74
shrinkage=0.1


Tree=3
num_leaves=31
num_cat=0
split_feature=0 2 2 7 1 13 2 15 0 7 0 1 14 13 10 11 3 9 1 2 7 9 7 3 1 8 14 14 15 14
split_gain=20.8364 13.5343 8.19764 6.37107 5.30021 6.46115 6.36154 5.2454 5.14682 4.81778 6.22709 5.94043 5.24119 7.85294 6.00225 6.46144 4.35911 3.95461 6.94278 3.88632 3.8276 5.06281 5.40495 4.53754 3.83817 3.57141 6.0631 6.63396 4.12855 3.51915
threshold=30.500000000000004 37.500000000000007 27.500000000000004 21.500000000000004 12.500000000000002 8.5000000000000018 17.500000000000004 9.5000000000000018 13.500000000000002 4.5000000000000009 42.500000000000007 8.5000000000000018 25.500000000000004 6.5000000000000009 4.5000000000000009 2.5000000000000004 22.500000000000004 11.500000000000002 22.500000000000004 42.500000000000007 14.500000000000002 7.5000000000000009 6.5000000000000009 14.500000000000002 11.500000000000002 9.5000000000000018 2.5000000000000004 14.500000000000002 9.5000000000000018 10.500000000000002
decision_type=2 2 2 2 2 2 2 2 2 2 2 2 2 2 2 2 2 2 2 2 2 2 2 2 2 2 2 2 2 2
left_child=2 9 4 20 25 -6 -7 -3 -5 11 12 -2 13 -11 15 -15 -14 18 -9 -19 21 -4 24 -24 -23 29 -27 -28 -29 -1
right_child=1 7 3 8 5 6 -8 17 -10 10 -12 -13 16 14 -16 -17 -18 19 -20 -21 -22 22 23 -25 -26 26 27 28 -30 -31
leaf_value=-0.0085457005553482655 -0.041541186223427458 0.018748249965054649 -0.04558505833148957 -0.038057284609035208 0.06075774346079145 -0.041321059635707313 0.029962952675357941 -0.027645886827398231 0.012436119285412134 -0.01976056497116558 0.045732351753019519 0.028817615161339447 0.057096973319466296 0.057991875211397807 -0.022796732146778836 0.0092951716076244001 0.0048135596772898798 -0.004769346117973328 0.048032457720149649 -0.044296777248382574 -0.053205894411734816 -0.047371552082208487 0.019961263526949966 -0.031872119754552841 0.0041764158010482791 0.054640288580031629 -0.016777274922073423 0.045911888612641227 -0.0076329636077086139 -0.040370763595714128
leaf_weight=181 24 56 70 27 28 21 31 27 80 61 124 24 52 54 23 55 23 42 22 61 53 52 57 24 20 21 111 36 24 43
leaf_count=181 24 56 70 27 28 21 31 27 80 61 124 24 52 54 23 55 23 42 22 61 53 52 57 24 20 21 111 36 24 43
internal_value=0 0.013605 -0.0100296 -0.0210195 -0.00154351 0.0220291 0.00117518 -0.00741461 -0.000305207 0.0235415 0.0272032 -0.00636179 0.01863 0.00991231 0.0236248 0.0334201 0.0410634 -0.0170536 0.00633215 -0.0281788 -0.02905 -0.0233089 -0.0131172 0.00460322 -0.0330527 -0.0060767 0.00393128 -0.00229614 0.0244939 -0.014655
internal_weight=0 648 879 383 496 80 52 208 107 440 392 48 268 193 132 109 75 152 49 103 276 223 153 81 72 416 192 171 60 224
internal_count=1527 648 879 383 496 80 52 208 107 440 392 48 268 193 132 109 75 152 49 103 276 223 153 81 72 416 192 171 60 224
shrinkage=0.1


Tree=4
num_leaves=31
num_cat=0
split_feature=0 2 3 4 2 10 15 7 13 7 14 12 0 2 14 11 14 3 13 14 0 2 2 5 3 3 1 14 14 1
split_gain=17.2043 10.9397 5.70655 5.38633 4.96598 4.52848 4.60475 5.37733 5.49782 4.66158 4.51614 4.41683 4.32365 7.56579 4.15795 4.07913 3.72614 4.69185 4.29269 3.72376 3.69132 3.6178 3.34078 8.25744 6.81094 3.97949 3.32125 3.45049 3.1964 3.29599
threshold=27.500000000000004 43.500000000000007 5.5000000000000009 1.5000000000000002 26.500000000000004 3.5000000000000004 60.500000000000007 5.5000000000000009 12.500000000000002 24.500000000000004 16.500000000000004 3.5000000000000004 39.500000000000007 27.500000000000004 10.500000000000002 3.5000000000000004 25.500000000000004 4.5000000000000009 5.5000000000000009 34.500000000000007 8.5000000000000018 17.500000000000004 34.500000000000007 2.5000000000000004 12.500000000000002 7.5000000000000009 9.5000000000000018 5.5000000000000009 20.500000000000004 22.500000000000004
decision_type=2 2 2 2 2 2 2 2 2 2 2 2 2 2 2 2 2 2 2 2 2 2 2 2 2 2 2 2 2 2
left_child=4 2 11 10 16 6 7 -5 28 -10 -4 -2 13 -7 -6 -11 17 26 -19 -18 -16 -20 23 -22 -24 -25 27 -1 29 -9
right_child=1 -3 3 5 14 12 -8 8 9 15 -12 -13 -14 -15 20 -17 19 18 21 -21 22 -23 24 25 -26 -27 -28 -29 -30 -31
leaf_value=0.03214603687326114 0.041289472129316107 -0.018397618315436622 0.0088774643161080094 -0.032398883819580081 -0.029331969112942093 0.041348856687545781 -0.034144394159317019 0.0042284091313680014 0.063053915951703052 0.046417344212532047 -0.037859878631738515 0.0055631667375564582 0.045366076879987595 -0.02318935481940999 -0.047296824306249624 -0.016685804298945835 0.054774518523897447 0.0011006965752570861 -0.053741503134369852 -0.0055172240734100344 -0.038436346352100373 -0.016206806668868434 -0.04938122539809256 0.070579621905372258 0.013514311777220834 0.010971638063589733 0.041413275378623181 -0.013982042670249939 0.033464942757899949 -0.042111473977565768
leaf_weight=24 124 110 44 25 190 39 25 66 37 20 39 48 76 34 20 21 21 124 32 20 20 130 33 21 36 24 28 50 26 20
leaf_count=24 124 110 44 25 190 39 25 66 37 20 39 48 76 34 20 21 21 124 32 20 20 130 33 21 36 24 28 50 26 20
internal_value=0 0.0107474 0.0157256 0.0100431 -0.0104832 0.0149776 0.00647622 0.0111995 0.0169362 0.0373197 -0.0130835 0.0313193 0.0286711 0.01129 -0.019434 0.0140962 -0.0033059 -0.00633544 -0.0129025 0.0253639 -0.00722232 -0.0236211 -0.00124105 0.0150271 -0.0165662 0.0387887 0.0120782 0.000978416 0.00274048 -0.00654831
internal_weight=0 754 644 472 773 389 240 215 190 78 83 172 149 73 344 41 429 388 286 41 154 162 134 65 69 45 102 74 112 86
internal_count=1527 754 644 472 773 389 240 215 190 78 83 172 149 73 344 41 429 388 286 41 154 162 134 65 69 45 102 74 112 86
shrinkage=0.1


Tree=5
num_leaves=31
num_cat=0
split_feature=0 2 2 7 15 3 13 14 1 2 0 5 14 15 1 2 7 9 3 7 9 1 0 8 2 14 15 1 9 15
split_gain=14.0931 9.51098 5.48406 4.97506 4.13968 4.03732 4.67781 4.58109 4.74668 5.41606 3.78847 3.74881 3.61618 3.44858 3.93976 3.86931 3.19799 3.99629 4.52716 4.82707 3.13956 5.492 3.60161 3.05819 3.03968 2.96861 2.89698 2.86816 2.82067 4.98449
threshold=30.500000000000004 37.500000000000007 27.500000000000004 21.500000000000004 9.5000000000000018 4.5000000000000009 5.5000000000000009 2.5000000000000004 9.5000000000000018 20.500000000000004 20.500000000000004 2.5000000000000004 11.500000000000002 5.5000000000000009 5.5000000000000009 24.500000000000004 14.500000000000002 7.5000000000000009 2.5000000000000004 7.5000000000000009 11.500000000000002 22.500000000000004 38.500000000000007 12.500000000000002 42.500000000000007 18.500000000000004 89.000000000000014 42.500000000000007 18.500000000000004 11.500000000000002
decision_type=2 2 2 2 2 2 2 2 2 2 2 2 2 2 2 2 2 2 2 2 2 2 2 2 2 2 2 2 2 2
left_child=2 13 5 16 25 7 10 -1 -9 -10 -7 -5 -13 15 -15 -2 17 -4 -19 -20 21 -6 -22 -17 -24 -3 27 -16 -8 -30
right_child=1 4 3 11 20 6 28 8 9 -11 -12 12 -14 14 26 23 -18 18 19 -21 22 -23 24 -25 -26 -27 -28 -29 29 -31
leaf_value=0.057209960222244262 0.056150011221567792 0.036032360611539901 -0.038877158846173973 -0.026961959424343981 -0.024377787775463528 -0.0013864446816773252 -0.024009456010472857 -0.0086203957781379615 -0.0055710583552718166 0.065582580151765255 0.039023455052540221 -0.0085389522281852925 0.03567297152570776 -0.0059373864148919648 0.020276406442667073 -0.011614169315858321 -0.046413621137726985 0.022770904772209402 -0.036889923775373999 0.0034985117192538281 -0.059781980773677003 0.042930731177330018 0.007792206722147324 0.034602536515491771 -0.031639016711193589 -0.010768090642016868 -0.01279620478550593 0.059899766445159909 0.029342222982837309 -0.029428576319305982
leaf_weight=20 48 33 70 33 27 116 149 81 20 23 29 37 37 74 211 22 53 33 67 53 23 22 34 41 46 23 24 20 31 27
leaf_count=20 48 33 70 33 27 116 149 81 20 23 29 37 37 74 211 22 53 33 67 53 23 22 34 41 46 23 24 20 31 27
internal_value=0 0.011189 -0.00824854 -0.0172373 -0.00643158 -0.00130765 -0.00707818 0.0127981 0.00563489 0.0324879 0.00669554 0.00106742 0.013567 0.0195187 0.0143764 0.0347603 -0.0243336 -0.0190859 -0.0100311 -0.0190517 -0.0149945 0.00584236 -0.0249072 0.0184634 -0.0148807 0.0168107 0.0202714 0.023707 -0.0167264 0.0019834
internal_weight=0 648 879 383 208 496 352 144 124 43 145 107 74 440 329 111 276 223 153 120 152 49 103 63 80 56 255 231 207 58
internal_count=1527 648 879 383 208 496 352 144 124 43 145 107 74 440 329 111 276 223 153 120 152 49 103 63 80 56 255 231 207 58
shrinkage=0.1


Tree=6
num_leaves=31
num_cat=0
split_feature=0 2 0 15 4 1 5 8 0 2 1 7 14 13 2 11 15 1 7 7 2 7 9 2 8 15 3 14 8 5
split_gain=11.5038 7.04264 6.18103 6.92352 6.20592 4.54301 5.6855 6.57106 4.57169 4.31423 3.76426 4.27039 3.35217 3.31502 3.26043 3.24552 3.08349 3.97478 5.98881 3.89929 4.77595 3.04453 2.8613 2.81018 2.7862 2.72788 2.80104 2.76399 2.65231 3.49789
threshold=20.500000000000004 32.500000000000007 42.500000000000007 4.5000000000000009 1.5000000000000002 5.5000000000000009 2.5000000000000004 34.500000000000007 30.500000000000004 42.500000000000007 26.500000000000004 36.500000000000007 2.5000000000000004 12.500000000000002 24.500000000000004 1.5000000000000002 10.500000000000002 4.5000000000000009 5.5000000000000009 20.500000000000004 41.500000000000007 6.5000000000000009 23.500000000000004 24.500000000000004 39.500000000000007 26.500000000000004 6.5000000000000009 16.500000000000004 55.500000000000007 3.5000000000000004
decision_type=2 2 2 2 2 2 2 2 2 2 2 2 2 2 2 2 2 2 2 2 2 2 2 2 2 2 2 2 2 2
left_child=9 2 3 4 -2 12 8 25 -7 10 11 28 -5 23 -6 -3 17 21 -19 22 -21 -17 -18 -14 -22 26 -8 -28 29 -1
right_child=1 15 -4 5 14 6 7 -9 -10 -11 -12 -13 13 -15 -16 16 19 18 -20 20 24 -23 -24 -25 -26 -27 27 -29 -30 -31
leaf_value=-0.013907269326744565 -0.011171458301873043 0.031368335247039796 0.03513242775034682 0.023770577609539031 0.0569745632154601 -0.04488553692554606 0.053685190356694737 -0.0019953543908501929 0.0095369474454359577 -0.045385879526535673 -0.052007785737514502 0.02589351466723851 0.010794021267639965 -0.042694974486117386 0.018401320113076103 -0.048349560726256596 -0.014447432065355606 0.061422494866631254 0.0036333197170926126 0.01944083253205833 -0.00047015585005283356 0.0028436637841738189 -0.047802476766632823 -0.031871651915403518 -0.043664583350930902 0.068593585220250219 -0.013611679417746408 0.038332337439060213 -0.045984042584896093 0.0074871918942668652
leaf_weight=314 29 25 107 20 56 29 26 76 33 36 20 35 38 42 36 21 69 22 97 59 32 26 41 26 28 22 21 20 20 101
leaf_count=314 29 25 107 20 56 29 26 76 33 36 20 35 38 42 36 21 69 22 97 59 32 26 41 26 28 22 21 20 20 101
internal_value=0 0.00629184 0.0134234 0.00852289 0.0291657 0.00144702 0.00989897 0.0196002 -0.0159187 -0.0119736 -0.00951886 -0.00771082 -0.0137799 -0.0208649 0.0418807 -0.00357354 -0.00578506 0.0045923 0.014317 -0.0133075 -0.000761716 -0.0200299 -0.0268798 -0.00653891 -0.0206276 0.0380413 0.0280092 0.0117269 -0.0104146 -0.00870042
internal_weight=0 1001 581 474 121 353 227 165 62 526 490 470 126 106 92 420 395 166 119 229 119 47 110 64 60 89 67 41 435 415
internal_count=1527 1001 581 474 121 353 227 165 62 526 490 470 126 106 92 420 395 166 119 229 119 47 110 64 60 89 67 41 435 415
shrinkage=0.1


Tree=7
num_leaves=31
num_cat=0
split_feature=0 2 3 7 2 9 9 1 13 9 0 3 2 5 7 13 8 3 2 5 15 1 15 2 10 3 7 4 2 7
split_gain=9.59155 6.47355 4.46921 5.12448 4.03904 4.17595 5.15447 4.89484 4.54667 3.96028 3.54717 3.51725 3.46123 3.44137 3.38431 3.2389 3.15662 4.99978 3.13878 3.24087 3.02944 2.94034 3.33296 2.92039 3.81774 6.78787 6.1051 3.13164 2.88937 3.3151
threshold=29.500000000000004 44.500000000000007 16.500000000000004 4.5000000000000009 26.500000000000004 19.500000000000004 29.500000000000004 9.5000000000000018 13.500000000000002 37.500000000000007 36.500000000000007 14.500000000000002 20.500000000000004 4.5000000000000009 6.5000000000000009 36.500000000000007 10.500000000000002 5.5000000000000009 18.500000000000004 3.5000000000000004 9.5000000000000018 24.500000000000004 9.5000000000000018 37.500000000000007 3.5000000000000004 27.500000000000004 18.500000000000004 2.5000000000000004 25.500000000000004 29.500000000000004
decision_type=2 2 2 2 2 2 2 2 2 2 2 2 2 2 2 2 2 2 2 2 2 2 2 2 2 2 2 2 2 2
left_child=4 2 13 -4 5 7 20 8 18 -8 28 -3 -9 16 -6 -16 17 -2 -1 -20 -7 22 -15 24 25 26 -12 -26 -5 -30
right_child=1 11 3 10 14 6 9 12 -10 -11 23 -13 -14 21 15 -17 -18 -19 19 -21 -22 -23 -24 -25 27 -27 -28 -29 29 -31
leaf_value=-0.026759144266446433 0.038542395202737112 -0.050483205784922061 -0.039944984436035162 0.014678521028586798 -0.030310068936908949 0.06843195178292015 -0.039231873750686652 -0.00043775329464360285 -0.04459751347700755 0.016847790755769788 0.029269924617948986 -0.0045938054069143827 0.046389447759698943 0.013305356389000303 -0.012615903917508635 0.023227779247931072 0.034354392823225222 -0.0091778940879381626 -0.0050331683953603115 0.036479712384087697 0.017551762819290162 0.028500879059235259 -0.042391218922354958 -0.0030613698191561942 0.015734015107154848 0.054363792098086818 -0.042057392639773233 0.067543907676424306 -0.048758493970941619 0.0049571305513381961
leaf_weight=60 38 23 25 28 102 22 20 38 36 34 21 61 27 21 253 28 161 52 180 21 25 24 22 59 20 23 28 28 27 20
leaf_count=60 38 23 25 28 102 22 20 38 36 34 21 61 27 21 253 28 161 52 180 21 25 24 22 59 20 23 28 28 27 20
internal_value=0 0.00883357 0.0124908 0.0032536 -0.00711071 -0.00082633 0.0171533 -0.00584275 -0.0112827 -0.00392246 0.00750543 -0.0171588 0.0190135 0.0205951 -0.0147078 -0.00904429 0.0259698 0.0109707 -0.00668753 -0.000696002 0.041368 0.000460101 -0.0151906 0.0151548 0.0241112 0.00954762 -0.0114885 0.0459565 -0.0107512 -0.0259008
internal_weight=0 681 597 279 846 463 101 362 297 54 254 84 65 318 383 281 251 90 261 201 47 67 43 179 120 72 49 48 75 47
internal_count=1527 681 597 279 846 463 101 362 297 54 254 84 65 318 383 281 251 90 261 201 47 67 43 179 120 72 49 48 75 47
shrinkage=0.1


Tree=8
num_leaves=31
num_cat=0
split_feature=0 2 1 15 5 8 11 3 6 15 7 9 15 9 3 8 14 7 10 2 9 8 9 2 3 0 14 2 13 10
split_gain=7.99813 5.27945 4.71196 4.79824 4.39799 4.61996 3.19121 2.94496 4.14835 2.73335 2.99791 2.80027 3.57359 4.07272 3.18312 2.69147 3.29161 5.28337 3.32499 4.2469 3.95608 2.90492 2.68477 2.63383 3.60683 3.10972 4.41449 2.87895 2.60168 2.47087
threshold=23.500000000000004 32.500000000000007 5.5000000000000009 5.5000000000000009 2.5000000000000004 33.500000000000007 1.5000000000000002 14.500000000000002 3.5000000000000004 8.5000000000000018 4.5000000000000009 14.500000000000002 6.5000000000000009 38.500000000000007 12.500000000000002 3.5000000000000004 19.500000000000004 18.500000000000004 3.5000000000000004 37.500000000000007 13.500000000000002 24.500000000000004 53.500000000000007 44.500000000000007 11.500000000000002 38.500000000000007 22.500000000000004 36.500000000000007 22.500000000000004 2.5000000000000004
decision_type=2 2 2 2 2 2 2 2 2 2 2 2 2 2 2 2 2 2 2 2 2 2 2 2 2 2 2 2 2 2
left_child=15 2 3 -2 -4 -6 -3 8 29 11 -11 14 13 -13 -8 -1 18 21 19 -17 -21 -18 -7 24 27 -26 -27 -12 -25 -5
right_child=1 6 4 7 5 22 9 -9 -10 10 23 12 -14 -15 -16 16 17 -19 -20 20 -22 -23 -24 28 25 26 -28 -29 -30 -31
leaf_value=-0.031924844500811206 0.020365135778080336 0.034471310268748889 0.00022821720908669865 -0.042364845752716068 0.039558839568725003 0.019049991729358833 -0.030732457868514525 -0.039942127604398039 0.028850035942517796 -0.045155326438986738 -0.010292190881002517 0.029416842998996856 0.056122374832630162 -0.027619764350709466 0.019003690779209138 -0.0031962995204337153 0.019838738739490509 0.042709013548764316 -0.030554456808673802 -0.063421915719906491 -0.0053839655026145612 -0.030060437960284098 -0.021224672086536885 -0.0070334212481975552 -0.032459788024425507 -0.023000543514887492 0.032735392340907346 0.035843958039032786 -0.046372327722352127 0.0041642396222977413
leaf_weight=46 66 22 85 25 130 96 31 31 26 23 21 31 20 21 22 389 20 33 67 24 23 28 20 40 42 30 27 38 29 21
leaf_count=46 66 22 85 25 130 96 31 31 26 23 21 31 20 21 22 389 20 33 67 24 23 28 20 40 42 30 27 38 29 21
internal_value=0 0.00606525 0.0129014 -0.000684486 0.0198379 0.0266136 -0.00254445 -0.0141726 -0.00307738 -0.00471604 -0.010753 0.00735784 0.0201994 0.00638283 -0.0100873 -0.00863576 -0.00680135 0.0119072 -0.00981405 -0.00662688 -0.0350204 -0.00926911 0.0121061 -0.00726728 -0.000148971 -0.0118128 0.00340069 0.0194226 -0.0235672 -0.0211233
internal_weight=0 897 500 169 331 246 397 103 72 375 250 125 72 52 53 630 584 81 503 436 47 48 116 227 158 99 57 59 69 46
internal_count=1527 897 500 169 331 246 397 103 72 375 250 125 72 52 53 630 584 81 503 436 47 48 116 227 158 99 57 59 69 46
shrinkage=0.1


Tree=9
num_leaves=31
num_cat=0
split_feature=0 2 1 13 15 4 2 7 8 4 7 7 15 7 9 9 1 14 14 13 0 6 8 9 13 3 8 14 14 7
split_gain=6.65308 3.91343 3.87573 4.25685 3.66955 3.39181 3.29939 4.41402 3.54975 3.88231 5.2661 3.28144 3.18866 2.89222 3.11544 3.82599 3.84511 2.84008 2.94806 3.28824 2.90192 2.73961 2.6173 2.5162 5.16281 2.34567 2.24927 3.57905 3.12772 4.2711
threshold=36.500000000000007 27.500000000000004 12.500000000000002 5.5000000000000009 1.5000000000000002 2.5000000000000004 37.500000000000007 4.5000000000000009 9.5000000000000018 3.5000000000000004 10.500000000000002 43.500000000000007 13.500000000000002 21.500000000000004 7.5000000000000009 24.500000000000004 15.500000000000002 39.500000000000007 10.500000000000002 6.5000000000000009 24.500000000000004 2.5000000000000004 12.500000000000002 15.500000000000002 8.5000000000000018 6.5000000000000009 9.5000000000000018 2.5000000000000004 7.5000000000000009 9.5000000000000018
decision_type=2 2 2 2 2 2 2 2 2 2 2 2 2 2 2 2 2 2 2 2 2 2 2 2 2 2 2 2 2 2
left_child=1 2 4 -4 21 -5 7 -2 -8 10 12 -11 -10 14 22 16 23 18 20 -20 -15 -1 -3 24 -16 -7 -6 -28 29 -29
right_child=6 13 3 5 26 25 8 -9 9 11 -12 -13 -14 17 15 -17 -18 -19 19 -21 -22 -23 -24 -25 -26 -27 27 28 -30 -31
leaf_value=0.037143306796615191 -0.020945644804409573 -0.0070078287521998092 0.057164498621767215 0.029756884603965573 -0.013418991404159048 0.016093756393952805 0.035568708440531858 0.020873713661421791 0.037683611214160917 0.047865474224090578 -0.038035983805145536 -0.0064787380695343014 -0.016380593925714493 -0.025130344349890948 -0.057375697170694677 -0.02494359265784828 0.031957490982547881 -0.030533017992973328 -0.0074691612612117417 0.04160274085071352 0.016013122797012332 -0.0043159276247024536 -0.042630741722656018 0.01017206126735324 0.0035805022174661815 -0.026895835200945534 0.035169874518005934 0.0046535130058016098 0.0052447136739889781 -0.050102159637829359
leaf_weight=37 28 30 22 41 214 22 23 256 20 20 56 25 24 40 24 98 31 25 22 36 30 28 66 42 33 30 27 28 120 29
leaf_count=37 28 30 22 41 214 22 23 256 20 20 56 25 24 40 24 98 31 25 22 36 30 28 66 42 33 30 27 28 120 29
internal_value=0 -0.00428013 0.00110856 0.0176073 -0.00281971 0.00824968 0.0101795 0.0167507 -0.000928904 -0.00671818 -0.0176948 0.0176742 0.00819404 -0.0110358 -0.0163867 -0.0100238 0.00122345 0.000295631 0.00631685 0.0229893 -0.00749743 0.0192839 -0.0314986 -0.00840034 -0.0220853 -0.00870793 -0.00625688 0.00125631 -0.00391694 -0.0232046
internal_weight=0 1075 598 115 483 93 452 284 168 145 100 45 44 477 324 228 130 153 128 58 70 65 96 99 57 52 418 204 177 57
internal_count=1527 1075 598 115 483 93 452 284 168 145 100 45 44 477 324 228 130 153 128 58 70 65 96 99 57 52 418 204 177 57
shrinkage=0.1


Tree=10
num_leaves=31
num_cat=0
split_feature=0 15 4 2 8 14 7 9 10 1 0 15 10 13 12 15 8 15 0 2 15 7 9 13 15 0 3 2 14 7
split_gain=5.58513 4.32153 3.47639 4.32743 4.12793 3.85859 4.98959 4.56928 3.37216 3.43075 3.14731 3.23868 2.99258 3.28212 2.85159 5.42601 4.46831 2.89674 2.84164 3.12884 2.82067 2.81848 4.59591 3.0816 2.75256 3.91979 2.75693 2.62102 2.9868 4.35456
threshold=20.500000000000004 8.5000000000000018 1.5000000000000002 24.500000000000004 8.5000000000000018 7.5000000000000009 51.500000000000007 15.500000000000002 2.5000000000000004 5.5000000000000009 31.500000000000004 2.5000000000000004 2.5000000000000004 1.0000000180025095e-35 2.5000000000000004 24.500000000000004 37.500000000000007 37.500000000000007 42.500000000000007 11.500000000000002 4.5000000000000009 11.500000000000002 28.500000000000004 13.500000000000002 20.500000000000004 30.500000000000004 19.500000000000004 42.500000000000007 10.500000000000002 26.500000000000004
decision_type=2 2 2 2 2 2 2 2 2 2 2 2 2 2 2 2 2 2 2 2 2 2 2 2 2 2 2 2 2 2
left_child=27 2 8 4 20 7 10 -5 -2 -10 -7 -12 13 -3 16 -16 -15 -17 19 -14 -4 22 23 -21 26 -26 -23 28 -1 -30
right_child=1 12 3 5 -6 6 -8 -9 9 -11 11 -13 18 14 15 17 -18 -19 -20 21 -22 24 -24 -25 25 -27 -28 -29 29 -31
leaf_value=-0.011590471732651384 0.018251873728107004 0.026454140067748402 0.030650466032650162 0.0070622387177803935 0.045021515684883773 -0.015420190915465355 -0.04784785270690918 0.066389761226517824 -0.050690329074859625 0.0033569927016894024 -0.0099326455074807887 0.036749660968780518 0.03579245668702892 0.022316705774177204 -0.042315062203190548 0.017932881883212497 -0.034689245373010637 -0.019000462746178663 0.017549182937926604 0.0075521197008050003 -0.020698453485965732 -0.0099924096329645686 -0.020742980562723601 0.061223597377538685 -0.03450358659029007 0.01268911041093595 -0.049305946206053101 -0.03438586923811171 -0.0032020859608129296 0.039429457783699037
leaf_weight=341 34 23 23 34 82 40 20 21 23 24 23 42 21 44 66 35 20 54 119 23 20 44 26 20 24 66 30 36 119 30
leaf_count=341 34 23 23 34 82 40 20 21 23 24 23 42 21 44 66 35 20 54 119 23 20 44 26 20 24 66 30 36 119 30
internal_value=0 0.00438402 0.0126777 0.0175683 0.031862 0.00764206 -0.00206984 0.0297146 -0.00573761 -0.0230917 0.00664978 0.0202313 -0.000821422 -0.00948171 -0.0132558 -0.0205882 0.00450235 -0.00447611 0.00479731 -0.00117699 0.00676725 -0.004509 0.0124471 0.0325156 -0.011643 0.000104391 -0.0259303 -0.00834298 -0.00642962 0.00538145
internal_weight=0 1001 386 305 125 180 125 55 81 47 105 65 615 242 219 155 64 89 373 254 43 233 69 43 164 90 74 526 490 149
internal_count=1527 1001 386 305 125 180 125 55 81 47 105 65 615 242 219 155 64 89 373 254 43 233 69 43 164 90 74 526 490 149
shrinkage=0.1


Tree=11
num_leaves=31
num_cat=0
split_feature=0 3 15 7 0 2 6 14 13 14 13 1 7 12 13 1 3 4 15 6 8 14 14 7 10 2 9 9 7 4
split_gain=4.57527 4.00553 4.13623 4.52624 4.36596 3.43669 2.8289 2.91548 2.63585 2.40488 2.23297 2.38191 3.31163 3.38562 2.14353 2.11439 2.23089 3.2854 2.22126 2.05879 2.03137 2.15121 3.65876 4.24286 2.46811 2.67814 2.97479 2.11976 2.81228 2.801
threshold=23.500000000000004 5.5000000000000009 4.5000000000000009 4.5000000000000009 38.500000000000007 25.500000000000004 2.5000000000000004 7.5000000000000009 19.500000000000004 3.5000000000000004 31.500000000000004 1.5000000000000002 9.5000000000000018 1.5000000000000002 4.5000000000000009 1.5000000000000002 18.500000000000004 2.5000000000000004 16.500000000000004 3.5000000000000004 3.5000000000000004 19.500000000000004 39.500000000000007 18.500000000000004 3.5000000000000004 37.500000000000007 13.500000000000002 4.5000000000000009 6.5000000000000009 1.5000000000000002
decision_type=2 2 2 2 2 2 2 2 2 2 2 2 2 2 2 2 2 2 2 2 2 2 2 2 2 2 2 2 2 2
left_child=20 5 10 8 9 -2 7 -7 -4 -5 11 -3 -13 -14 -8 -11 17 -17 -19 -16 -1 24 23 -23 25 27 -27 28 -22 -29
right_child=1 2 3 4 -6 6 14 -9 -10 15 -12 12 13 -15 19 16 -18 18 -20 -21 21 22 -24 -25 -26 26 -28 29 -30 -31
leaf_value=-0.026764121846012446 0.027342774991582081 0.00032071530818939209 -0.012196762894475183 0.01667312345197124 0.0098691507273664086 0.008805324733257295 0.042797656655311586 -0.045189893096685411 -0.053029687881469723 -0.035987180734381959 -0.012872878909111025 0.065015501043070925 -0.0096751567992297092 0.045196719143701637 0.021314610739549003 -0.020049607109379128 -0.020306944669712158 0.036466718018054962 -0.0065570920705795288 -0.018960399248383261 -0.015528334230184555 0.0017939859145396466 -0.025738020879881723 0.056488028298253605 -0.025242563281486288 -0.051803437744577734 -0.0014756902404453444 0.016449855647835077 0.030210763652150224 -0.0090518301251993286
leaf_weight=46 123 30 43 31 240 20 20 20 25 34 20 23 22 23 30 37 84 30 20 22 20 37 21 23 67 24 23 51 41 277
leaf_count=46 123 30 43 31 240 20 20 20 25 34 20 23 22 23 30 37 84 30 20 22 20 37 21 23 67 24 23 51 41 277
internal_value=0 0.00458736 0.000605934 -0.00307548 0.000372142 0.0158031 0.0031301 -0.0181923 -0.0272089 -0.00928583 0.0175779 0.0237923 0.0341475 0.0183705 0.0149759 -0.0132113 -0.0086828 0.00254051 0.0192572 0.00427518 -0.00653152 -0.00493786 0.0101865 0.02276 -0.00737339 -0.00462744 -0.027175 -0.00190319 0.0152143 -0.00508663
internal_weight=0 897 662 544 476 235 112 40 68 236 118 98 68 45 72 205 171 87 50 52 630 584 81 60 503 436 47 389 61 328
internal_count=1527 897 662 544 476 235 112 40 68 236 118 98 68 45 72 205 171 87 50 52 630 584 81 60 503 436 47 389 61 328
shrinkage=0.1


Tree=12
num_leaves=31
num_cat=0
split_feature=0 15 4 2 8 14 7 4 2 0 3 3 1 2 5 10 2 14 9 2 1 10 1 3 0 15 11 15 13 14
split_gain=3.80268 3.18404 2.73547 3.30044 3.21161 3.05772 3.87275 3.8627 2.6254 3.34481 3.64823 3.95422 7.75189 3.35618 3.09643 3.25791 4.75147 4.50962 2.88534 2.6244 2.61553 2.56283 2.60068 2.52894 2.49737 2.49278 2.45584 2.38721 2.37059 4.69068
threshold=20.500000000000004 8.5000000000000018 1.5000000000000002 24.500000000000004 8.5000000000000018 7.5000000000000009 51.500000000000007 2.5000000000000004 44.500000000000007 27.500000000000004 16.500000000000004 22.500000000000004 13.500000000000002 25.500000000000004 4.5000000000000009 2.5000000000000004 24.500000000000004 7.5000000000000009 28.500000000000004 36.500000000000007 20.500000000000004 2.5000000000000004 5.5000000000000009 16.500000000000004 31.500000000000004 2.5000000000000004 3.5000000000000004 54.500000000000007 21.500000000000004 22.500000000000004
decision_type=2 2 2 2 2 2 2 2 2 2 2 2 2 2 2 2 2 2 2 2 2 2 2 2 2 2 2 2 2 2
left_child=-1 2 21 4 -4 7 24 -5 9 -3 14 12 -12 -13 15 16 -11 -17 -14 -18 -16 -2 -23 -10 -7 -26 -6 28 29 -15
right_child=1 8 3 5 26 6 -8 -9 23 10 11 13 18 27 20 17 19 -19 -20 -21 -22 22 -24 -25 25 -27 -28 -29 -30 -31
leaf_value=-0.0068841381444677205 0.015314489778350383 -0.014138042766635665 0.0054226169752520188 0.00096179616862329936 0.049970122616169815 -0.014217073917388919 -0.042570147812366489 0.054043030509581938 -0.044905956834554672 0.033616973544870109 -0.068022322416305556 0.031390790359393975 -0.024555296003818512 -0.039270210146903996 -0.026742243355718155 0.0061221164464950566 -0.039044511188631476 0.052039354497736147 0.028516747554143268 0.010485723316669464 0.017395288348197938 -0.044756969809532171 0.0022998971243699392 -0.0061075084975787571 -0.0089227891486624005 0.032032520288512827 0.011447376790254014 -0.031342854847510655 0.025120966633160907 0.024838534423283168
leaf_weight=526 34 107 43 29 59 40 20 26 24 35 25 37 20 25 29 35 23 55 21 20 25 23 24 56 23 42 23 24 33 21
leaf_count=526 34 107 43 29 59 40 20 26 24 35 25 37 20 25 29 35 23 55 21 20 25 23 24 56 23 42 23 24 33 21
internal_value=0 0.00361744 0.0107364 0.0150746 0.0275576 0.00640593 -0.00223955 0.0260547 -0.000850714 0.00167584 0.00562931 -0.00395503 -0.0241335 0.00555769 0.0145229 0.0212186 0.00626006 0.0341827 0.00262795 -0.0160072 -0.0063082 -0.00559901 -0.0207279 -0.017747 0.00544246 0.0175406 0.039165 -0.00372216 0.00466894 -0.0100032
internal_weight=0 1001 386 305 125 180 125 55 615 535 428 206 66 140 222 168 78 90 41 43 54 81 47 80 105 65 82 103 79 46
internal_count=1527 1001 386 305 125 180 125 55 615 535 428 206 66 140 222 168 78 90 41 43 54 81 47 80 105 65 82 103 79 46
shrinkage=0.1


Tree=13
num_leaves=31
num_cat=0
split_feature=0 2 8 15 11 8 5 1 13 3 1 7 8 0 2 6 0 4 13 2 9 6 15 9 5 15 12 7 9 15
split_gain=3.25503 2.41403 3.28081 4.84466 3.26547 3.78491 2.9855 2.84325 2.57964 2.16107 2.89246 3.84567 3.56529 2.7939 2.72994 3.3446 4.1511 3.20079 2.67639 3.4478 2.43516 2.23066 2.66219 2.33066 2.14972 4.9304 3.51378 3.29257 2.82051 2.97512
threshold=38.500000000000007 34.500000000000007 56.500000000000007 22.500000000000004 2.5000000000000004 37.500000000000007 2.5000000000000004 25.500000000000004 17.500000000000004 6.5000000000000009 9.5000000000000018 14.500000000000002 40.500000000000007 29.500000000000004 21.500000000000004 3.5000000000000004 17.500000000000004 3.5000000000000004 3.5000000000000004 30.500000000000004 6.5000000000000009 2.5000000000000004 5.5000000000000009 18.500000000000004 3.5000000000000004 1.5000000000000002 2.5000000000000004 24.500000000000004 8.5000000000000018 9.5000000000000018
decision_type=2 2 2 2 2 2 2 2 2 2 2 2 2 2 2 2 2 2 2 2 2 2 2 2 2 2 2 2 2 2
left_child=9 2 -2 -4 5 -3 -6 -8 -9 10 13 12 -12 14 15 16 -1 21 -13 -20 -18 22 -16 -23 25 -11 27 28 -26 -30
right_child=1 4 3 -5 6 -7 7 8 -10 24 11 18 -14 -15 17 -17 20 -19 19 -21 -22 23 -24 -25 26 -27 -28 -29 29 -31
leaf_value=-0.039501786673510515 0.022710932859408312 0.041500962503028642 0.028321860662915491 -0.034386628759758814 -0.039680707913178667 -0.0095154863137465254 -0.017074317512688814 -0.0098083952069282533 0.038375401020050048 0.025683124507627181 0.015917724370956423 0.02600212125551133 0.063056508451700216 0.021109504893768668 -0.0097089132537012523 0.032618310650189719 0.028576373060544332 0.018017106859580332 0.0062308610513292515 -0.046267483044754379 -0.0039080505967140199 0.007173202517959807 -0.053033078763936016 -0.031693360761359889 -0.049675221465252065 -0.016226989186372019 0.0095217039440847508 0.016631518197911126 0.0043216887684095475 -0.041776941361881439
leaf_weight=27 153 33 22 28 26 26 54 20 25 31 68 21 21 43 23 30 30 23 29 22 100 36 37 27 27 297 157 28 42 21
leaf_count=27 153 33 22 28 26 26 54 20 25 31 68 21 21 43 23 30 30 23 29 22 100 36 37 27 27 297 157 28 42 21
internal_value=0 0.00792419 0.0154435 -0.00679489 -0.000371551 0.0190191 -0.00952396 -0.001604 0.0169604 -0.00269006 0.00192369 0.0131394 0.0270404 -0.00287879 -0.00597638 0.002024 -0.00382205 -0.0162234 -0.00404368 -0.0164155 0.00358835 -0.0226261 -0.0364255 -0.0094839 -0.00679881 -0.012266 -0.000277985 -0.0133166 -0.0226337 -0.0110445
internal_weight=0 387 203 50 184 59 125 99 45 1140 537 161 89 376 333 187 157 146 72 51 130 123 60 63 603 328 275 118 90 63
internal_count=1527 387 203 50 184 59 125 99 45 1140 537 161 89 376 333 187 157 146 72 51 130 123 60 63 603 328 275 118 90 63
shrinkage=0.1


Tree=14
num_leaves=31
num_cat=0
split_feature=0 10 2 7 2 0 14 8 8 11 3 9 9 9 3 7 7 1 13 1 1 1 0 9 1 9 14 5 14 2
split_gain=2.7881 2.86818 2.86168 3.04718 2.61834 2.65003 2.91005 2.55032 2.84952 2.50423 2.47814 2.46111 3.00251 3.62911 3.24382 3.50905 2.78152 4.78064 3.6245 2.87806 2.69343 3.69573 2.91378 2.33006 2.2997 2.88227 2.78053 2.59833 2.20365 2.21777
threshold=42.500000000000007 1.0000000180025095e-35 38.500000000000007 5.5000000000000009 45.500000000000007 10.500000000000002 19.500000000000004 30.500000000000004 12.500000000000002 2.5000000000000004 27.500000000000004 1.5000000000000002 4.5000000000000009 13.500000000000002 25.500000000000004 12.500000000000002 8.5000000000000018 4.5000000000000009 25.500000000000004 19.500000000000004 1.5000000000000002 7.5000000000000009 20.500000000000004 37.500000000000007 2.5000000000000004 27.500000000000004 24.500000000000004 2.5000000000000004 25.500000000000004 16.500000000000004
decision_type=2 2 2 2 2 2 2 2 2 2 2 2 2 2 2 2 2 2 2 2 2 2 2 2 2 2 2 2 2 2
left_child=1 7 3 -2 5 6 -3 8 -1 -6 23 -7 20 28 16 -16 17 -15 24 -20 -13 -22 -23 -5 25 -18 27 -26 29 -14
right_child=2 4 -4 10 9 11 -8 -9 -10 -11 -12 12 13 14 15 -17 18 -19 19 -21 21 22 -24 -25 26 -27 -28 -29 -30 -31
leaf_value=0.0081753306445621326 -0.016674772330692835 -0.026986631986341981 -0.0036062746308743957 0.026507293158455899 0.003045565128326416 -0.029154604776152251 0.013610659345336583 -0.0023090480549915414 0.06091686740517617 -0.036754806998164156 0.053381421789526942 -0.0091593951918184768 -0.030869504555742795 -0.0071476138450882647 -0.039176726437384089 0.0007440332029210895 -0.0072629297933270859 0.032723857007528605 0.048404086553133455 0.0032891856085869573 0.054597510610307966 -0.019346293239366444 0.02777086206844875 -0.0081735958273594211 -0.049485122699003958 0.040719074294680642 0.010280811446053641 -0.011007471879323324 0.015035725445360752 -0.0076942105328335481
leaf_weight=21 21 76 96 76 25 29 23 37 20 43 24 32 47 44 31 76 31 95 26 31 28 21 35 26 26 21 35 54 37 340
leaf_count=21 21 76 96 76 25 29 23 37 20 43 24 32 47 44 31 76 31 95 26 31 28 21 35 26 26 21 35 54 37 340
internal_value=0 -0.0018589 0.00982231 0.018592 -0.00306087 -0.00192187 -0.0175549 0.0167254 0.0339029 -0.0221223 0.0244698 -0.000432291 0.000392409 -0.00157159 0.00447994 -0.0108218 0.00899037 0.0201027 0.00209479 0.0238679 0.0155288 0.0249338 0.0101019 0.0176671 -0.00533676 0.0121144 -0.0132277 -0.0235127 -0.00827966 -0.0105088
internal_weight=0 1284 243 147 1206 1138 99 78 41 68 126 1039 1010 894 470 107 363 139 224 57 116 84 56 102 167 52 115 80 424 387
internal_count=1527 1284 243 147 1206 1138 99 78 41 68 126 1039 1010 894 470 107 363 139 224 57 116 84 56 102 167 52 115 80 424 387
shrinkage=0.1


Tree=15
num_leaves=31
num_cat=0
split_feature=0 11 5 8 8 6 15 12 14 10 15 0 7 2 15 4 1 12 10 10 14 14 1 9 9 9 3 15 3 3
split_gain=2.28231 4.44768 2.62138 3.28557 4.24367 4.16339 3.57945 2.96531 8.45866 3.16556 2.57083 2.55383 2.17637 2.58308 3.15681 2.38162 2.38096 4.14554 3.06283 2.1223 2.12205 2.76367 2.11132 2.03068 3.66907 3.05358 2.89154 2.07727 1.98255 2.22144
threshold=16.500000000000004 1.5000000000000002 2.5000000000000004 45.500000000000007 53.500000000000007 1.5000000000000002 32.500000000000007 3.5000000000000004 10.500000000000002 4.5000000000000009 5.5000000000000009 45.500000000000007 34.500000000000007 34.500000000000007 10.500000000000002 2.5000000000000004 1.0000000180025095e-35 2.5000000000000004 1.5000000000000002 3.5000000000000004 22.500000000000004 14.500000000000002 9.5000000000000018 11.500000000000002 19.500000000000004 53.500000000000007 18.500000000000004 21.500000000000004 24.500000000000004 2.5000000000000004
decision_type=2 2 2 2 2 2 2 2 2 2 2 2 2 2 2 2 2 2 2 2 2 2 2 2 2 2 2 2 2 2
left_child=1 -1 10 5 6 19 -5 9 22 11 -2 12 13 16 15 -15 -7 18 -18 -4 21 -10 -9 27 -25 26 -26 -6 29 -3
right_child=2 28 3 4 23 7 -8 8 20 -11 -12 -13 -14 14 -16 -17 17 -19 -20 -21 -22 -23 -24 24 25 -27 -28 -29 -30 -31
leaf_value=0.026775633808105222 0.0047226677509559986 0.0014179671406745911 -0.026792921159002517 -0.047007165970029061 -0.0028522333751122161 -0.00041041920582453415 0.003928469663316554 -0.046259987704894125 0.033112057333900817 -0.014757386942704518 -0.011043300272202961 0.046018123906105761 0.036357440910440811 -0.0059682953816193804 -0.026458191592246296 0.03930985700516474 0.043171938300132752 0.046842173859477046 0.0027552398045857748 0.0095463616847991945 0.042167106476323359 -0.017605298486622897 -0.0053131957352161412 -0.031842209015573775 0.043439568792070664 -0.01469321622616715 0.00084628752759985024 0.036618687411149341 0.014814242178743537 -0.022941361837739115
leaf_weight=31 174 50 45 37 24 48 22 34 21 30 255 32 47 26 32 21 25 56 75 25 29 22 20 35 28 45 37 30 22 149
leaf_count=31 174 50 45 37 24 48 22 34 21 30 255 32 47 26 32 21 25 56 75 25 29 22 20 35 28 45 37 30 22 149
internal_value=0 -0.00869606 0.00171875 0.00494764 -0.0044604 0.00907566 -0.0280142 0.0121689 -0.00117636 0.0164585 -0.00464871 0.0190454 0.0164299 0.0131204 -0.00223204 0.0142624 0.0190657 0.0250584 0.0128594 -0.0138146 0.0212623 0.00716364 -0.0310945 0.00252289 -0.00364173 0.00533114 0.0191942 0.0190761 -0.0136717 -0.0168209
internal_weight=0 252 1275 846 258 588 59 518 126 392 429 362 330 283 79 47 204 156 100 70 72 43 54 199 145 110 65 54 221 199
internal_count=1527 252 1275 846 258 588 59 518 126 392 429 362 330 283 79 47 204 156 100 70 72 43 54 199 145 110 65 54 221 199
shrinkage=0.1


end of trees

feature_importances:
Column_2=59
Column_0=47
Column_1=43
Column_7=43
Column_15=42
Column_9=41
Column_14=40
Column_3=36
Column_8=33
Column_13=29
Column_10=15
Column_4=14
Column_5=13
Column_11=11
Column_6=7
Column_12=7

parameters:
[boosting: gbdt]
[objective: regression]
[metric: l2]
[tree_learner: serial]
[device_type: cpu]
[data: ]
[valid: ]
[num_iterations: 10000]
[learning_rate: 0.1]
[num_leaves: 31]
[num_threads: 0]
[deterministic: 0]
[force_col_wise: 0]
[force_row_wise: 0]
[histogram_pool_size: -1]
[max_depth: -1]
[min_data_in_leaf: 20]
[min_sum_hessian_in_leaf: 0.001]
[bagging_fraction: 1]
[pos_bagging_fraction: 1]
[neg_bagging_fraction: 1]
[bagging_freq: 0]
[bagging_seed: 3]
[feature_fraction: 1]
[feature_fraction_bynode: 1]
[feature_fraction_seed: 2]
[extra_trees: 0]
[extra_seed: 6]
[early_stopping_round: 10]
[first_metric_only: 0]
[max_delta_step: 0]
[lambda_l1: 0]
[lambda_l2: 0]
[min_gain_to_split: 0]
[drop_rate: 0.1]
[max_drop: 50]
[skip_drop: 0.5]
[xgboost_dart_mode: 0]
[uniform_drop: 0]
[drop_seed: 4]
[top_rate: 0.2]
[other_rate: 0.1]
[min_data_per_group: 100]
[max_cat_threshold: 32]
[cat_l2: 10]
[cat_smooth: 10]
[max_cat_to_onehot: 4]
[top_k: 20]
[monotone_constraints: ]
[monotone_constraints_method: basic]
[monotone_penalty: 0]
[feature_contri: ]
[forcedsplits_filename: ]
[refit_decay_rate: 0.9]
[cegb_tradeoff: 1]
[cegb_penalty_split: 0]
[cegb_penalty_feature_lazy: ]
[cegb_penalty_feature_coupled: ]
[path_smooth: 0]
[interaction_constraints: ]
[verbosity: 1]
[saved_feature_importance_type: 0]
[max_bin: 255]
[max_bin_by_feature: ]
[min_data_in_bin: 3]
[bin_construct_sample_cnt: 200000]
[data_random_seed: 1]
[is_enable_sparse: 1]
[enable_bundle: 1]
[use_missing: 1]
[zero_as_missing: 0]
[feature_pre_filter: 1]
[pre_partition: 0]
[two_round: 0]
[header: 0]
[label_column: ]
[weight_column: ]
[group_column: ]
[ignore_column: ]
[categorical_feature: ]
[forcedbins_filename: ]
[objective_seed: 5]
[num_class: 1]
[is_unbalance: 0]
[scale_pos_weight: 1]
[sigmoid: 1]
[boost_from_average: 1]
[reg_sqrt: 0]
[alpha: 0.9]
[fair_c: 1]
[poisson_max_delta_step: 0.7]
[tweedie_variance_power: 1.5]
[lambdarank_truncation_level: 30]
[lambdarank_norm: 1]
[label_gain: ]
[eval_at: ]
[multi_error_top_k: 1]
[auc_mu_weights: ]
[num_machines: 1]
[local_listen_port: 12400]
[time_out: 120]
[machine_list_filename: ]
[machines: ]
[gpu_platform_id: -1]
[gpu_device_id: -1]
[gpu_use_dp: 0]
[num_gpu: 1]

end of parameters

pandas_categorical:null
