tree
version=v3
num_class=1
num_tree_per_iteration=1
label_index=0
max_feature_idx=15
objective=regression
feature_names=Column_0 Column_1 Column_2 Column_3 Column_4 Column_5 Column_6 Column_7 Column_8 Column_9 Column_10 Column_11 Column_12 Column_13 Column_14 Column_15
feature_infos=[1:49] [0:69] [1:49] [0:58] [0:8] [0:7] [0:7] [0:187] [0:188] [0:159] [0:8] [0:8] [0:7] [0:235] [0:169] [0:291]
tree_sizes=2740 2774 2772 2780 2766 2769 2775 2772 2768 2781 2778 2784 2764 2770 2772 2762 2791 2783 2790 2776 2784 2743 2771 2756 2758 2756 2758 2774 2728 2751 2762 2762

Tree=0
num_leaves=31
num_cat=0
split_feature=2 0 3 4 6 0 0 2 1 2 9 8 15 2 14 8 4 8 8 7 8 1 0 9 3 4 2 2 14 0
split_gain=80.7512 79.4499 20.4359 16.6068 14.7749 14.6531 14.1571 10.386 10.1627 9.47351 8.50815 7.38359 7.24226 9.89823 7.19858 7.03517 6.92618 6.8051 6.81433 7.01506 6.75857 6.71058 6.66446 7.82819 6.63028 6.7586 6.20064 6.08545 8.50256 5.97702
threshold=37.500000000000007 32.500000000000007 7.5000000000000009 1.5000000000000002 1.0000000180025095e-35 40.500000000000007 21.500000000000004 22.500000000000004 1.0000000180025095e-35 26.500000000000004 5.5000000000000009 6.5000000000000009 2.5000000000000004 21.500000000000004 12.500000000000002 30.500000000000004 1.5000000000000002 22.500000000000004 9.5000000000000018 12.500000000000002 13.500000000000002 19.500000000000004 23.500000000000004 11.500000000000002 21.500000000000004 1.5000000000000002 30.500000000000004 25.500000000000004 6.5000000000000009 26.500000000000004
decision_type=2 2 2 2 2 2 2 2 2 2 2 2 2 2 2 2 2 2 2 2 2 2 2 2 2 2 2 2 2 2
left_child=1 2 3 12 -3 10 20 -8 15 -10 -2 16 13 -1 21 22 -6 18 -9 -20 26 -7 -4 -24 25 -12 -5 -22 -29 -27
right_child=5 4 8 6 11 14 7 17 9 -11 24 -13 -14 -15 -16 -17 -18 -19 19 -21 27 -23 23 -25 -26 29 -28 28 -30 -31
leaf_value=-0.1485189020695675 -0.17628848478476261 -0.15256278915493152 -0.16284250914010204 -0.12645692098661626 -0.13976558665158378 -0.16670655194862538 -0.079936528407452787 -0.10152382942288618 -0.12334024772019085 -0.14552466615091686 -0.16853351291564428 -0.077714306257085114 -0.1477680678291686 -0.064380973263978722 -0.093854656693719049 -0.20438096955524526 -0.090080972598062387 -0.078380972893105388 -0.11688097187320368 -0.1675627887124122 -0.097322148861923793 -0.10567129475080388 -0.1652505358092391 -0.088251940373549526 -0.17334648764444927 -0.15352895297850824 -0.1652505358092391 -0.094815755066427976 -0.15064962769505769 -0.13081250679240275
leaf_weight=29 173 33 130 395 39 43 162 112 442 341 118 459 248 27 57 28 100 50 72 44 153 31 23 31 116 223 46 46 67 241
leaf_count=29 173 33 130 395 39 43 162 112 442 341 118 459 248 27 57 28 100 50 72 44 153 31 23 31 116 223 46 46 67 241
internal_value=-0.12709 -0.119061 -0.127222 -0.119653 -0.0874238 -0.151746 -0.114146 -0.100063 -0.13826 -0.133002 -0.156436 -0.0838291 -0.140434 -0.107952 -0.120564 -0.157683 -0.104021 -0.111791 -0.119118 -0.136105 -0.12291 -0.141138 -0.150577 -0.121048 -0.151516 -0.147164 -0.130503 -0.110321 -0.127921 -0.14173
internal_weight=0 3077 2446 1451 631 1002 1147 440 995 783 871 598 304 56 131 212 139 278 228 116 707 74 184 54 698 582 441 266 113 464
internal_count=4079 3077 2446 1451 631 1002 1147 440 995 783 871 598 304 56 131 212 139 278 228 116 707 74 184 54 698 582 441 266 113 464
shrinkage=1


Tree=1
num_leaves=31
num_cat=0
split_feature=2 0 3 4 6 0 0 2 1 2 2 0 8 6 10 0 2 12 1 6 8 8 0 8 13 11 7 7 13 12
split_gain=65.4084 64.3544 16.5531 13.4515 11.9677 11.9674 11.4672 8.41267 8.23175 7.67354 6.87063 7.00166 8.32991 6.73498 6.42082 7.46872 5.8276 5.81498 5.89834 5.75766 5.7162 5.69849 5.55014 5.47444 5.26668 5.49002 5.39508 5.24598 5.59334 5.18074
threshold=37.500000000000007 32.500000000000007 7.5000000000000009 1.5000000000000002 1.0000000180025095e-35 26.500000000000004 21.500000000000004 22.500000000000004 1.0000000180025095e-35 26.500000000000004 29.500000000000004 39.500000000000007 6.5000000000000009 1.5000000000000002 1.5000000000000002 19.500000000000004 32.500000000000007 2.5000000000000004 19.500000000000004 1.0000000180025095e-35 25.500000000000004 30.500000000000004 25.500000000000004 13.500000000000002 7.5000000000000009 1.5000000000000002 12.500000000000002 8.5000000000000018 10.500000000000002 3.5000000000000004
decision_type=2 2 2 2 2 2 2 2 2 2 2 2 2 2 2 2 2 2 2 2 2 2 2 2 2 2 2 2 2 2
left_child=1 2 3 14 -3 -2 23 27 21 19 11 12 -6 -7 -1 -16 -12 -11 -19 -10 -9 22 -4 29 26 -26 -21 28 -8 -5
right_child=5 4 8 6 10 13 7 20 9 17 16 -13 -14 -15 15 -17 -18 18 -20 24 -22 -23 -24 -25 25 -27 -28 -29 -30 -31
leaf_value=0.01005209937043812 -0.035029088902218612 -0.022925539134126722 -0.029555500593761469 0.00093378118940235411 -0.0020745951504934405 -0.040433203806350765 0.040720922296697444 0.0083269877443588325 0.05324311473152854 -0.02851204847296079 0.0063110179216652133 0.068510811919705913 0.047331870895820666 -0.0086794102534888291 -0.044302174379659255 -0.0060763856721302821 0.037699288870455955 -0.018000724404416187 0.021929513821836378 0.0012381347891402572 0.05155238475118365 -0.069561898708343506 0.014696562971387592 0.015092232935410694 0.039334024190902712 -0.015761212444810012 0.035872485821063706 0.057168906865660674 -0.022006348768870036 -0.032398211618639393
leaf_weight=92 421 33 149 388 42 77 44 243 22 186 91 114 182 504 86 126 169 94 61 146 35 28 35 266 20 189 65 97 21 53
leaf_count=92 421 33 149 388 42 77 44 243 22 186 91 114 182 504 86 126 169 94 61 146 35 28 35 266 20 189 65 97 21 53
internal_value=0 0.0072262 -0.000119138 0.00669309 0.0356996 -0.0221906 0.01165 0.0243245 -0.0100534 -0.00532052 0.0389348 0.0483358 0.0380682 -0.0128877 -0.0120093 -0.0215831 0.0267134 -0.0165912 -0.00228624 0.00337475 0.013769 -0.0275336 -0.021138 0.003762 0.000762597 -0.0104889 0.0119075 0.0424381 0.0204552 -0.0030721
internal_weight=0 3077 2446 1451 631 1002 1147 440 995 783 598 338 224 581 304 212 260 341 155 442 278 212 184 707 420 209 211 162 65 441
internal_count=4079 3077 2446 1451 631 1002 1147 440 995 783 598 338 224 581 304 212 260 341 155 442 278 212 184 707 420 209 211 162 65 441
shrinkage=0.1


Tree=2
num_leaves=31
num_cat=0
split_feature=2 0 3 0 4 5 6 2 1 9 0 8 14 3 2 7 15 2 2 10 13 2 0 4 5 1 2 3 1 0
split_gain=52.9808 52.1271 13.408 11.0089 10.8957 10.391 9.69381 8.31949 6.66772 6.54763 6.54735 6.52516 6.41397 6.53052 6.21557 5.95864 5.9322 7.77935 5.80142 5.88181 5.59169 5.56521 5.72521 6.58231 5.42735 5.92477 8.61268 5.45175 5.31787 5.16034
threshold=37.500000000000007 32.500000000000007 7.5000000000000009 40.500000000000007 1.5000000000000002 2.5000000000000004 1.0000000180025095e-35 30.500000000000004 1.0000000180025095e-35 5.5000000000000009 13.500000000000002 12.500000000000002 26.500000000000004 5.5000000000000009 26.500000000000004 22.500000000000004 2.5000000000000004 21.500000000000004 46.500000000000007 1.0000000180025095e-35 10.500000000000002 29.500000000000004 42.500000000000007 1.0000000180025095e-35 1.5000000000000002 26.500000000000004 41.500000000000007 20.500000000000004 9.5000000000000018 21.500000000000004
decision_type=2 2 2 2 2 2 2 2 2 2 2 2 2 2 2 2 2 2 2 2 2 2 2 2 2 2 2 2 2 2
left_child=1 2 4 9 16 7 -3 11 -4 -2 15 -6 13 -5 -10 -7 17 -1 19 -11 -15 22 23 -8 -21 27 -27 -26 29 -18
right_child=3 6 8 12 5 10 21 -9 14 18 -12 -13 -14 20 -16 -17 28 -19 -20 24 -22 -23 -24 -25 25 26 -28 -29 -30 -31
leaf_value=-0.017374721888838145 -0.041452188824298068 -0.020632981983098118 -0.024780240711176172 0.043511545658111578 1.4504241943359375e-05 -0.020132267475128175 -0.00058585558182153944 -0.02488749730587006 0.0030372758796312154 0.025540872595526953 0.025253912403073377 0.026088070176368539 0.057698678402673634 0.016831454544356375 -0.014932103616750837 0.041255732945033485 -0.047999322332748 0.057216001660735517 -0.039144761517407402 -0.050416751522967151 -0.035604086462056865 0.024042053901805329 0.071803971773045039 0.043709016427164904 -0.014076397437239091 0.0513528309041454 -0.022604895569384099 -0.044583451705319549 0.0019557874732547336 -0.011750254841411817
leaf_weight=29 173 33 212 24 375 64 39 100 442 33 458 129 21 33 341 21 73 27 126 47 53 260 59 240 359 31 32 70 90 85
leaf_count=29 173 33 212 24 375 64 39 100 442 33 458 129 21 33 341 21 73 27 126 47 53 260 59 240 359 31 32 70 90 85
internal_value=0 0.00650358 -0.000107224 -0.0199716 0.00602378 0.010485 0.0321296 0.00146035 -0.00904802 -0.0240366 0.0205234 0.0066881 0.00705627 -0.00261183 -0.00478847 -0.00496582 -0.0108083 0.0185887 -0.0197202 -0.0154413 -0.0154835 0.0350413 0.0435022 0.0375173 -0.0179504 -0.014849 0.013787 -0.0190542 -0.0174464 -0.0284982
internal_weight=0 3077 2446 1002 1451 1147 631 604 995 871 543 504 131 110 783 85 304 56 698 572 86 598 338 279 539 492 63 429 248 158
internal_count=4079 3077 2446 1002 1451 1147 631 604 995 871 543 504 131 110 783 85 304 56 698 572 86 598 338 279 539 492 63 429 248 158
shrinkage=0.1


Tree=3
num_leaves=31
num_cat=0
split_feature=2 0 0 0 2 3 8 7 14 0 4 9 15 1 14 15 10 0 9 2 9 2 14 15 2 12 13 4 1 8
split_gain=43.2038 40.3633 11.7076 11.2626 10.0393 7.35064 7.08512 6.82543 7.44089 6.589 6.3242 6.30966 6.14023 6.09714 6.87813 5.7773 5.61255 7.66209 7.31956 6.96784 6.06391 5.28492 5.24681 5.63815 5.22543 5.15836 5.1484 5.95208 5.07091 5.02672
threshold=36.500000000000007 32.500000000000007 21.500000000000004 28.500000000000004 24.500000000000004 7.5000000000000009 6.5000000000000009 6.5000000000000009 20.500000000000004 36.500000000000007 1.5000000000000002 9.5000000000000018 15.500000000000002 1.0000000180025095e-35 8.5000000000000018 30.500000000000004 2.5000000000000004 40.500000000000007 28.500000000000004 42.500000000000007 6.5000000000000009 28.500000000000004 21.500000000000004 15.500000000000002 22.500000000000004 2.5000000000000004 3.5000000000000004 3.5000000000000004 6.5000000000000009 23.500000000000004
decision_type=2 2 2 2 2 2 2 2 2 2 2 2 2 2 2 2 2 2 2 2 2 2 2 2 2 2 2 2 2 2
left_child=1 2 4 11 7 10 9 13 15 -3 22 -2 -8 -1 -15 -9 17 18 -5 20 -18 -11 23 -4 -12 -19 27 -7 -22 -26
right_child=3 6 5 16 -6 26 12 8 -10 21 24 -13 -14 14 -16 -17 19 25 -20 -21 28 -23 -24 -25 29 -27 -28 -29 -30 -31
leaf_value=-0.037855182177778605 -0.040935841626396373 -0.018699375437755211 0.00063038675681404452 0.0036363919890379606 -0.016290723067477236 0.0062098634679143023 0.045224279629229737 0.00033953464260959017 0.034821010345504402 0.050406648895957251 0.036407460952982494 -0.01872656264127865 0.021409889771056744 0.021745754843172822 -0.019134030505722644 0.055224532783031466 -0.034859070643073038 0.061137308267986072 -0.04751117632669561 -0.031510907811606495 -0.035997756535098673 -0.0020862851291894914 0.041433305325715437 -0.052924260377883919 0.0077621638508779669 0.0012999320030212403 -0.0063001795585363937 0.063774838395740677 0.017748256417635444 0.04624705091118813
leaf_weight=69 204 51 92 158 532 82 274 467 84 44 162 343 179 69 102 20 42 34 34 149 21 34 23 25 224 25 366 23 107 40
leaf_count=69 204 51 92 158 532 82 274 467 84 44 162 343 179 69 102 20 42 34 34 149 21 34 23 25 224 25 366 23 107 40
internal_value=0 0.00632001 0.000547381 -0.0167591 -0.00561569 0.00852906 0.0299263 0.00138693 0.00733453 0.00925032 0.0162093 -0.0270094 0.0358142 -0.0127634 -0.00263868 0.00259354 -0.00692238 0.00426429 -0.00542099 -0.0157244 -0.00188806 0.0275251 -0.00222961 -0.0108129 0.0222691 0.0357825 -0.000700288 0.0188193 0.00893055 0.0135932
internal_weight=0 2962 2380 1117 1343 1037 582 811 571 129 566 547 453 240 171 487 570 251 192 319 170 78 140 117 426 59 471 105 128 264
internal_count=4079 2962 2380 1117 1343 1037 582 811 571 129 566 547 453 240 171 487 570 251 192 319 170 78 140 117 426 59 471 105 128 264
shrinkage=0.1


Tree=4
num_leaves=31
num_cat=0
split_feature=2 0 0 0 2 6 12 2 5 1 11 7 14 10 2 2 9 3 0 9 15 2 3 15 13 1 8 12 4 1
split_gain=34.9951 32.8506 13.2045 9.1227 8.13187 7.88903 8.17615 8.89312 7.20417 6.1253 5.94493 5.9422 6.8385 6.69027 5.85933 5.36659 5.36288 6.01927 6.04473 5.11082 5.07805 6.80719 8.92928 4.97117 5.50909 8.85554 6.52684 4.68971 5.69578 4.68279
threshold=36.500000000000007 36.500000000000007 21.500000000000004 28.500000000000004 24.500000000000004 3.5000000000000004 1.5000000000000002 31.500000000000004 1.5000000000000002 11.500000000000002 1.5000000000000002 6.5000000000000009 20.500000000000004 3.5000000000000004 29.500000000000004 34.500000000000007 60.500000000000007 10.500000000000002 44.500000000000007 9.5000000000000018 8.5000000000000018 32.500000000000007 10.500000000000002 6.5000000000000009 26.500000000000004 12.500000000000002 21.500000000000004 2.5000000000000004 2.5000000000000004 5.5000000000000009
decision_type=2 2 2 2 2 2 2 2 2 2 2 2 2 2 2 2 2 2 2 2 2 2 2 2 2 2 2 2 2 2
left_child=1 2 4 19 10 6 7 -4 -8 -10 -1 13 -13 29 -11 23 17 18 -5 -2 -16 -22 -23 -7 25 -25 -27 -3 -29 -12
right_child=3 27 5 16 -6 15 8 -9 9 14 11 12 -14 -15 20 -17 -18 -19 -20 -21 21 22 -24 24 -26 26 -28 28 -30 -31
leaf_value=0.042177496412221127 -0.036842258771260579 0.045920603195798465 0.041652101389715611 -0.0030064197034219056 -0.014661650673339242 0.047547180419680722 -0.039107009768486023 -0.015222146060015705 -0.0036947288718379915 0.025905565442619745 -0.022137666463851929 0.00034122702389827614 0.031338908700715928 -0.055779918576731827 -0.035600037285775848 -0.023343114351684398 0.041073146851166441 -0.01924042956187175 0.045903883661542626 -0.016853906874580216 -0.017659732341766359 0.067877716198563573 -0.01188513207435608 0.0043284924677860588 -0.023278664218054881 0.079344281019308627 0.011224586313421075 0.0019320803719597894 0.039198778845045884 0.0089500689760167555
leaf_weight=34 204 179 107 259 532 87 42 37 488 182 100 466 84 33 33 22 23 260 28 343 50 32 25 81 27 39 22 74 92 94
leaf_count=34 204 179 107 259 532 87 42 37 488 182 100 466 84 33 33 22 23 260 28 343 50 32 25 81 27 39 22 74 92 94
internal_value=0 0.00568801 0.00186429 -0.0150832 -0.00505412 0.0091574 0.00500002 0.0270386 0.00127519 0.00336908 0.00124823 -0.000542751 0.00507542 -0.0141551 0.0140745 0.0240522 -0.00623015 -0.00821913 0.00176532 -0.0243084 -0.00130592 0.00927077 0.032894 0.0281252 0.0181269 0.0259998 0.0547765 0.0346929 0.0225859 -0.00707454
internal_weight=0 2962 2617 1117 1343 1274 996 144 852 810 811 777 550 227 322 278 570 547 287 547 140 107 57 256 169 142 61 345 166 194
internal_count=4079 2962 2617 1117 1343 1274 996 144 852 810 811 777 550 227 322 278 570 547 287 547 140 107 57 256 169 142 61 345 166 194
shrinkage=0.1


Tree=5
num_leaves=31
num_cat=0
split_feature=2 0 3 4 5 6 0 15 6 14 8 8 10 0 9 8 3 0 7 8 13 4 7 5 15 1 4 5 0 5
split_gain=28.7494 28.5414 9.73536 7.39416 7.57427 7.12995 6.51042 6.16267 6.66386 5.75165 5.88702 5.4215 5.17252 4.99179 4.85794 5.85914 4.79276 4.74095 4.83413 4.58818 5.84034 4.88747 6.66286 7.39461 4.38308 6.45026 4.3767 4.37414 4.34436 4.34506
threshold=37.500000000000007 32.500000000000007 7.5000000000000009 1.5000000000000002 2.5000000000000004 1.0000000180025095e-35 41.500000000000007 10.500000000000002 3.5000000000000004 12.500000000000002 9.5000000000000018 30.500000000000004 1.5000000000000002 14.500000000000002 5.5000000000000009 40.500000000000007 20.500000000000004 13.500000000000002 22.500000000000004 10.500000000000002 2.5000000000000004 1.5000000000000002 35.500000000000007 2.5000000000000004 11.500000000000002 13.500000000000002 1.5000000000000002 1.5000000000000002 19.500000000000004 3.5000000000000004
decision_type=2 2 2 2 2 2 2 2 2 2 2 2 2 2 2 2 2 2 2 2 2 2 2 2 2 2 2 2 2 2
left_child=1 2 3 12 7 -3 14 8 13 10 -8 -4 -1 -5 -2 16 26 18 -6 20 -7 -22 23 -23 -21 -26 -16 -28 -14 -30
right_child=6 5 11 4 17 19 9 -9 -10 -11 -12 -13 28 -15 15 -17 -18 -19 -20 24 21 22 -24 -25 25 -27 27 -29 29 -31
leaf_value=0.011058277086071346 -0.032427309097891509 -0.021497444402087819 -0.0042975578989301417 0.034700712925050316 -0.017981464974582195 0.058823927838740679 -0.051163823405901587 -0.014980085621103209 0.034990416732552931 0.032836724262611541 0.01313958627837045 -0.023642745199189946 -0.034662996128548028 -0.002366698722480607 -0.025088243388260406 -0.034043759107589722 -0.030289921940614778 0.021394356707818644 0.037311374005817237 0.046148243475752547 -0.011126807116080023 0.0085876004326911198 -0.032205480904806232 0.053909322761353996 -0.00089730129522435807 0.038562591148997259 -0.034602619542015926 0.0019199918915072214 -0.015662843787793031 0.028453357877402469
leaf_weight=92 176 33 819 41 64 29 24 171 73 51 35 176 86 319 96 120 96 458 21 158 69 84 21 63 68 106 36 368 97 29
leaf_count=92 176 33 819 41 64 29 24 171 73 51 35 176 86 319 96 120 96 458 21 158 69 84 21 63 68 106 36 368 97 29
internal_value=0 0.00479079 -0.000100911 0.00512336 0.00879843 0.0237529 -0.0147118 0.00109347 0.00744123 0.00824206 -0.0130177 -0.00771942 -0.00874278 0.00185487 -0.0175425 -0.0138836 -0.00982457 0.017369 -0.00432088 0.02625 0.0164642 0.0112809 0.0204841 0.0280112 0.0340905 0.0231415 -0.00589522 -0.0013345 -0.0173357 -0.00550911
internal_weight=0 3077 2446 1451 1147 631 1002 604 433 110 59 995 304 360 892 716 596 543 85 598 266 237 168 147 332 174 500 404 212 126
internal_count=4079 3077 2446 1451 1147 631 1002 604 433 110 59 995 304 360 892 716 596 543 85 598 266 237 168 147 332 174 500 404 212 126
shrinkage=0.1


Tree=6
num_leaves=31
num_cat=0
split_feature=2 0 0 1 0 6 12 15 11 5 3 7 11 12 1 2 14 2 10 15 9 0 9 10 13 2 13 15 2 3
split_gain=23.3948 22.6577 9.61092 7.10441 6.63255 6.11641 6.53761 7.08864 5.94114 5.56409 4.95402 6.01668 4.88448 7.48088 4.8047 4.80864 4.65419 4.44336 4.40624 6.44194 5.34607 5.27206 6.16562 4.37322 4.22737 4.16032 4.16931 4.15269 5.36408 6.80519
threshold=36.500000000000007 36.500000000000007 21.500000000000004 1.0000000180025095e-35 28.500000000000004 3.5000000000000004 1.5000000000000002 8.5000000000000018 1.5000000000000002 1.5000000000000002 14.500000000000002 6.5000000000000009 2.5000000000000004 2.5000000000000004 11.500000000000002 29.500000000000004 16.500000000000004 13.500000000000002 2.5000000000000004 3.5000000000000004 48.500000000000007 40.500000000000007 28.500000000000004 1.5000000000000002 5.5000000000000009 30.500000000000004 28.500000000000004 8.5000000000000018 32.500000000000007 10.500000000000002
decision_type=2 2 2 2 2 2 2 2 2 2 2 2 2 2 2 2 2 2 2 2 2 2 2 2 2 2 2 2 2 2
left_child=1 2 3 10 -2 6 7 16 -5 -8 11 23 13 -7 -11 -16 -4 -14 21 -20 -21 22 -6 -1 -9 -10 -27 -17 -29 -30
right_child=4 -3 5 8 18 12 9 24 25 14 -12 -13 17 -15 15 27 -18 -19 19 20 -22 -23 -24 -25 -26 26 -28 28 29 -31
leaf_value=0.0045604487260182706 -0.020198503850365035 0.028739066287011339 0.054440407827496533 0.039094689730051403 0.005406961844691748 0.012540152461029764 -0.034783333681878595 0.019416569850661539 0.0013575347511083713 -0.0037102092820845665 -0.045412881557758043 -0.0014659344832947915 0.053532576820124758 0.073020822115433523 0.022745316336443139 -0.032918384400281039 0.010258902374066806 0.0067486380221526742 0.026060544189653902 -0.02162674725683713 0.032018973529338836 0.031272428116555943 -0.041536052086774043 -0.04481691197610238 -0.044106764793396001 -0.021074476448973273 0.027404526472091673 -0.016247438907623292 0.059169466234743597 -0.010463111639022828
leaf_weight=24 547 345 64 37 158 43 42 22 794 488 52 188 23 39 182 33 38 173 38 261 20 59 34 71 20 157 20 50 32 25
leaf_count=24 547 345 64 37 158 43 42 22 794 488 52 188 23 39 182 33 38 173 38 261 20 59 34 71 20 157 20 50 32 25
internal_value=0 0.00465069 0.00147511 -0.00442728 -0.0123324 0.00769716 0.00403653 0.0237434 -0.000234341 0.000705789 -0.0170436 -0.0118309 0.0208122 0.0413053 0.00254597 0.0120274 0.0379806 0.0122386 -0.00478378 -0.0125828 -0.0178085 0.00512808 -0.00290586 -0.0323426 -0.0108326 -0.00173298 -0.0155966 -0.00190595 0.00765863 0.0286289
internal_weight=0 2962 2617 1343 1117 1274 996 144 1008 852 335 283 278 82 810 322 102 196 570 319 281 251 192 95 42 971 177 140 107 57
internal_count=4079 2962 2617 1343 1117 1274 996 144 1008 852 335 283 278 82 810 322 102 196 570 319 281 251 192 95 42 971 177 140 107 57
shrinkage=0.1


Tree=7
num_leaves=31
num_cat=0
split_feature=2 0 3 2 4 5 1 2 5 0 2 9 0 8 3 9 13 7 2 3 15 14 10 11 1 3 15 2 0 12
split_gain=19.4229 16.2044 9.33896 8.12784 7.63749 7.9442 6.99439 6.34111 5.97281 5.78573 5.78032 5.29511 5.25621 5.15319 5.14104 5.07474 5.05886 5.91569 4.88918 4.55751 4.55667 7.06119 4.48482 5.44364 4.4606 4.30846 4.30453 5.0996 4.22484 5.39523
threshold=41.500000000000007 32.500000000000007 7.5000000000000009 29.500000000000004 1.5000000000000002 2.5000000000000004 18.500000000000004 23.500000000000004 2.5000000000000004 38.500000000000007 43.500000000000007 13.500000000000002 4.5000000000000009 12.500000000000002 18.500000000000004 7.5000000000000009 11.500000000000002 44.500000000000007 20.500000000000004 18.500000000000004 22.500000000000004 10.500000000000002 2.5000000000000004 3.5000000000000004 4.5000000000000009 23.500000000000004 2.5000000000000004 21.500000000000004 13.500000000000002 1.5000000000000002
decision_type=2 2 2 2 2 2 2 2 2 2 2 2 2 2 2 2 2 2 2 2 2 2 2 2 2 2 2 2 2 2
left_child=1 2 4 24 26 7 19 13 14 11 -11 -2 -4 18 -8 22 17 25 -6 -5 -13 -22 23 -7 -3 -14 27 -1 -17 -30
right_child=9 3 12 6 5 15 8 -9 -10 10 -12 20 16 -15 -16 28 -18 -19 -20 -21 21 -23 -24 -25 -26 -27 -28 -29 29 -31
leaf_value=-0.014286178144915352 -0.032685831677297071 0.0070545761064551354 -0.058589098155498509 -0.010029369351212625 -0.0047614611447129619 0.030122936177022247 -0.017557624157737286 -0.011263633448327809 0.036917181255725712 0.039960941383915566 -0.010645832785640855 -0.02092884139668557 -0.00098641322528729663 0.030419562402225677 0.042263525426387789 -0.0024062030455645395 -0.01519639555221242 0.049578332088210365 0.027458311220010124 0.026718037091195586 0.045573705530935725 -0.017347183114006407 -0.0085079921806444896 -0.011252294934314231 0.033139148948336007 -0.033736964575079985 -0.01462184571436722 0.045017805798300385 0.061939946100825365 0.023124938547120666
leaf_weight=29 232 87 20 216 219 103 51 283 104 31 83 155 610 84 20 51 441 22 60 40 31 42 122 46 266 43 274 29 42 243
leaf_count=29 232 87 20 216 219 103 51 283 104 31 83 155 610 84 20 51 441 22 60 40 31 42 122 46 266 43 274 29 42 243
internal_value=0 0.0027925 -0.000857281 0.0154596 0.00410247 0.00767564 0.006245 -4.27652e-05 0.0216527 -0.0170517 0.00311566 -0.0220497 -0.00777735 0.00870518 -0.000706596 0.01589 -0.00686675 -0.00142471 0.00216752 -0.00428759 -0.011227 0.00937265 0.00570879 0.0173494 0.0267104 -0.00314303 -0.00938304 0.0153658 0.0241016 0.028845
internal_weight=0 3505 2721 784 1585 1253 431 646 175 574 114 460 1136 363 71 607 1116 675 279 256 228 73 271 149 353 653 332 58 336 285
internal_count=4079 3505 2721 784 1585 1253 431 646 175 574 114 460 1136 363 71 607 1116 675 279 256 228 73 271 149 353 653 332 58 336 285
shrinkage=0.1


Tree=8
num_leaves=31
num_cat=0
split_feature=2 0 7 11 5 6 14 13 0 12 9 2 9 7 14 1 3 0 3 7 2 3 8 0 10 0 13 3 4 0
split_gain=16.2574 15.8795 8.33682 13.6479 7.95898 6.63982 7.27367 6.85221 6.6228 6.12899 6.01577 6.28777 6.7538 12.9786 5.88584 4.9028 5.3182 4.77247 4.67577 4.63365 4.63224 5.59414 5.5316 4.8366 4.90467 4.62192 4.58246 4.5348 6.96652 5.29183
threshold=38.500000000000007 39.500000000000007 1.5000000000000002 1.5000000000000002 5.5000000000000009 3.5000000000000004 63.500000000000007 11.500000000000002 35.500000000000007 1.5000000000000002 13.500000000000002 46.500000000000007 23.500000000000004 16.500000000000004 21.500000000000004 19.500000000000004 9.5000000000000018 13.500000000000002 24.500000000000004 57.500000000000007 34.500000000000007 1.5000000000000002 7.5000000000000009 15.500000000000002 1.5000000000000002 15.500000000000002 16.500000000000004 7.5000000000000009 1.5000000000000002 21.500000000000004
decision_type=2 2 2 2 2 2 2 2 2 2 2 2 2 2 2 2 2 2 2 2 2 2 2 2 2 2 2 2 2 2
left_child=1 2 9 25 5 6 7 8 14 -1 -2 12 13 15 27 16 -12 -11 -9 20 21 -7 -22 -23 -25 -4 -3 28 -5 -30
right_child=10 26 3 4 -6 19 -8 18 -10 17 11 -13 -14 -15 -16 -17 -18 -19 -20 -21 22 23 -24 24 -26 -27 -28 -29 29 -31
leaf_value=0.024080230338232859 -0.020329115432378086 0.016574051204362724 0.0020209929217462957 -0.020602759749619004 -0.052364353780393252 0.036659506431295855 0.05112919652903522 -0.0076714312206514132 0.037377353509267172 -0.045445867893049274 0.050584345114858535 -0.026571471896022561 -0.0087248144199221916 -0.024516106314129302 0.021091756915700609 0.076801202059895907 -0.0068515715854508543 -0.012846062261056394 -0.050926224085000853 -0.029906397581100464 -0.051586454822903582 -0.012042926014333532 0.0074483581689687873 -0.022838895366742062 0.023240959968255915 0.053783664064130925 0.044185305243790753 -0.0088808728086057116 0.0013790667677919071 0.021245956970650015
leaf_weight=35 437 153 23 97 27 121 27 644 54 59 38 96 217 45 138 27 28 188 26 25 21 69 65 26 207 69 99 428 384 206
leaf_count=35 437 153 23 97 27 121 27 644 54 59 38 96 217 45 138 27 28 188 26 25 21 69 65 26 207 69 99 428 384 206
internal_value=0 0.00333037 0.00126472 0.00299984 0.00164251 0.00221705 -0.000423258 -0.00112731 0.00308782 -0.0150835 -0.0119676 -0.00386558 0.0022746 0.0195708 0.00161006 0.0409032 0.0262176 -0.0206331 -0.00934998 0.0121256 0.01419 0.0184915 -0.00696712 0.0112123 0.018099 0.040843 0.0274213 -0.000801123 0.00423255 0.00831564
internal_weight=0 3191 2939 2657 2565 2538 2004 1977 1307 282 888 451 355 138 1253 93 66 247 670 534 509 423 86 302 233 92 252 1115 687 590
internal_count=4079 3191 2939 2657 2565 2538 2004 1977 1307 282 888 451 355 138 1253 93 66 247 670 534 509 423 86 302 233 92 252 1115 687 590
shrinkage=0.1


Tree=9
num_leaves=31
num_cat=0
split_feature=2 0 13 6 0 3 0 1 1 2 1 12 3 7 13 3 12 10 1 6 5 14 3 9 10 11 2 12 8 1
split_gain=13.9228 12.5458 8.51205 8.06458 8.89674 7.39687 8.16602 7.06603 6.26416 6.14671 5.59271 5.11309 6.7949 5.86272 4.89793 4.89754 4.7836 8.76406 4.69693 5.72078 4.76221 4.62803 5.25684 4.52543 6.45445 6.17778 4.64575 4.33465 4.33119 4.30759
threshold=26.500000000000004 30.500000000000004 5.5000000000000009 1.0000000180025095e-35 33.500000000000007 5.5000000000000009 39.500000000000007 4.5000000000000009 8.5000000000000018 43.500000000000007 27.500000000000004 2.5000000000000004 16.500000000000004 29.500000000000004 53.500000000000007 19.500000000000004 2.5000000000000004 2.5000000000000004 1.5000000000000002 4.5000000000000009 4.5000000000000009 8.5000000000000018 13.500000000000002 13.500000000000002 3.5000000000000004 3.5000000000000004 17.500000000000004 3.5000000000000004 29.500000000000004 18.500000000000004
decision_type=2 2 2 2 2 2 2 2 2 2 2 2 2 2 2 2 2 2 2 2 2 2 2 2 2 2 2 2 2 2
left_child=1 14 -3 -2 15 7 8 -4 -7 10 11 13 -13 -6 18 -5 -17 29 21 20 23 -1 -23 24 26 27 -20 -25 -22 -18
right_child=3 2 5 4 9 6 -8 -9 -10 -11 -12 12 -14 -15 -16 16 17 -19 19 -21 28 22 -24 25 -26 -27 -28 -29 -30 -31
leaf_value=-0.018084646829149939 -0.031943289207938673 0.045394969377982416 -0.0028278426120155738 -0.0056750499790581155 0.023684884811702528 -0.054764568619430069 0.037769729580198017 0.050734389339174547 -0.00043352769007758488 -0.012038655568669726 0.034520078321983075 -0.016503265993121793 0.034712277445942165 -0.017205046082651894 -0.038967062320028036 -0.039182971482691564 -0.0026680304245515307 -0.029187701503435772 0.024806632974444059 0.038504005803002256 0.0072073184925576924 0.010391307702172274 -0.036239556648901536 0.012493957792009626 -0.016977518736099713 -0.038707989129153166 0.0054904465821530302 -0.031902477042428379 0.07002132307915461 0.061455247849226007
leaf_weight=176 107 118 38 1354 190 32 35 70 63 143 87 136 32 43 28 92 22 75 169 54 23 177 28 91 98 55 473 29 21 20
leaf_count=176 107 118 38 1354 190 32 35 70 63 143 87 136 32 43 28 92 22 75 169 54 23 177 28 91 98 55 473 29 21 20
internal_value=0 0.00664627 0.0234346 -0.00513563 -0.00382823 0.0125467 -0.00352183 0.0318884 -0.0187345 0.00619394 0.0115367 0.00655027 -0.00674792 0.0161387 0.00244329 -0.00787429 -0.022122 -0.00870658 0.00327506 0.00683492 0.00505168 -0.00618988 0.00402221 0.00350639 0.00692636 -0.0109552 0.0105752 0.00176482 0.0371867 0.0278669
internal_weight=0 1778 356 2301 2194 238 130 108 95 631 488 401 168 233 1422 1563 209 117 1394 1013 959 381 205 915 740 175 642 120 44 42
internal_count=4079 1778 356 2301 2194 238 130 108 95 631 488 401 168 233 1422 1563 209 117 1394 1013 959 381 205 915 740 175 642 120 44 42
shrinkage=0.1


Tree=10
num_leaves=31
num_cat=0
split_feature=2 0 6 12 2 13 0 15 2 8 13 0 9 5 9 3 2 1 8 10 2 8 10 14 15 2 2 7 9 7
split_gain=11.7651 11.7299 6.50351 7.55557 5.86395 5.70087 5.67572 5.42203 5.20965 5.66334 6.11855 5.00228 4.81262 4.80463 4.60296 4.76805 4.79083 4.14758 3.90218 4.68646 3.87676 3.76731 3.76358 4.29549 3.74232 4.14128 5.96533 8.36967 6.59678 4.54949
threshold=36.500000000000007 21.500000000000004 3.5000000000000004 1.5000000000000002 29.500000000000004 11.500000000000002 38.500000000000007 7.5000000000000009 32.500000000000007 30.500000000000004 24.500000000000004 38.500000000000007 12.500000000000002 1.5000000000000002 10.500000000000002 6.5000000000000009 46.500000000000007 27.500000000000004 23.500000000000004 2.5000000000000004 41.500000000000007 11.500000000000002 1.5000000000000002 15.500000000000002 6.5000000000000009 27.500000000000004 32.500000000000007 5.5000000000000009 18.500000000000004 8.5000000000000018
decision_type=2 2 2 2 2 2 2 2 2 2 2 2 2 2 2 2 2 2 2 2 2 2 2 2 2 2 2 2 2 2
left_child=1 8 3 4 -3 6 20 21 9 -1 -11 -4 -12 -5 17 16 -16 -7 -10 -20 -2 -6 -8 -24 -15 29 -27 -28 -29 -26
right_child=5 2 11 13 7 14 22 -9 18 10 12 -13 -14 24 15 -17 -18 -19 19 -21 -22 -23 23 -25 25 26 27 28 -30 -31
leaf_value=0.0012167108836878741 0.0039927373542672116 0.038564240772809302 0.01479844183723132 -0.028677900259693464 -0.005601995741879499 -0.033109821680465029 0.055093289852142339 -0.035517377614974976 -0.034907945579495926 -0.032377304329916284 0.044958618825132197 0.04367252532641093 -0.019170963168144227 -0.0058516788933285326 0.013902979685088336 -0.017203221327314774 -0.03793666220846631 0.0028085137024903908 0.028062452375888825 -0.028377773396430481 -0.015002618188207801 0.047224132219950365 -0.010906972946264805 0.044355174628171054 0.00065420048033937501 -0.011265226431521289 0.064520413801074025 0.01495007872581482 -0.048674020469188693 0.023393616016603946
leaf_weight=1042 210 112 300 48 27 183 25 25 87 108 22 75 25 291 118 240 21 39 28 31 220 27 39 22 141 203 28 88 20 234
leaf_count=1042 210 112 300 48 27 183 25 25 87 108 22 75 25 291 118 240 21 39 28 31 220 27 39 22 141 203 28 88 20 234
internal_value=0 0.00329804 0.00902956 0.00554975 0.0238485 -0.00874555 -0.00103552 0.00298561 -0.00361137 -0.00143619 -0.0192705 0.0205733 0.0108471 0.00223061 -0.0153652 -0.00866726 0.00607109 -0.0267998 -0.0214449 -0.00159258 -0.00572582 0.0208111 0.022416 0.00902364 0.00370683 0.00760253 -0.000407501 0.0157993 0.00316784 0.0148436
internal_weight=0 2962 1619 1244 191 1117 516 79 1343 1197 155 375 47 1053 601 379 139 222 146 59 430 54 86 61 1005 714 339 136 108 375
internal_count=4079 2962 1619 1244 191 1117 516 79 1343 1197 155 375 47 1053 601 379 139 222 146 59 430 54 86 61 1005 714 339 136 108 375
shrinkage=0.1


Tree=11
num_leaves=31
num_cat=0
split_feature=2 0 11 1 0 13 0 13 4 5 15 8 2 14 1 9 3 1 13 1 9 15 15 8 3 6 11 14 15 7
split_gain=9.52975 9.54692 5.84838 6.00686 5.13458 4.61771 4.59733 4.23551 6.05677 4.16852 5.31991 4.16845 5.50864 4.62236 6.65581 4.35397 4.82783 4.20855 6.24497 4.04034 4.51108 3.97027 3.96101 3.78138 3.6898 3.49574 3.87798 4.40575 4.61985 3.44929
threshold=36.500000000000007 36.500000000000007 1.5000000000000002 3.5000000000000004 21.500000000000004 11.500000000000002 38.500000000000007 2.5000000000000004 2.5000000000000004 1.5000000000000002 14.500000000000002 30.500000000000004 32.500000000000007 5.5000000000000009 4.5000000000000009 3.5000000000000004 1.0000000180025095e-35 7.5000000000000009 24.500000000000004 42.000000000000007 10.500000000000002 17.500000000000004 8.5000000000000018 21.500000000000004 7.5000000000000009 3.5000000000000004 2.5000000000000004 18.500000000000004 11.500000000000002 4.5000000000000009
decision_type=2 2 2 2 2 2 2 2 2 2 2 2 2 2 2 2 2 2 2 2 2 2 2 2 2 2 2 2 2 2
left_child=1 2 3 -1 11 6 -2 8 -6 10 -9 12 13 14 -4 -16 -17 -13 -19 20 -7 22 -5 29 -25 -11 -27 -28 -29 -15
right_child=5 -3 4 21 7 19 -8 9 -10 25 -12 17 -14 23 15 16 -18 18 -20 -21 -22 -23 -24 24 -26 26 27 28 -30 -31
leaf_value=-0.014504295382006416 -0.0051532349544902182 0.018604439717272055 -0.030817659763456552 0.046951971096651897 0.004273476265370846 -0.026837335126819434 0.02017438009727833 0.0057947203516960149 0.040649487601744166 0.00043995550839729557 -0.05641707380612692 -0.042036404418495467 -0.024585933817757501 -0.012371762864517445 -0.039564231286446261 0.041672044031081663 -0.0017535972453299024 -0.023438900582333833 0.022208320247856055 0.029261317139580134 -0.008595149685720822 0.070674731410466707 -0.010500993331273398 0.047090020317297719 0.0043743515298480078 0.038428068048549147 -0.0053129964470863345 0.058247590065002443 -0.00089533829689025877 0.0058608658412068158
leaf_weight=29 430 345 103 28 120 216 86 28 74 765 27 53 99 132 24 31 147 94 44 21 364 26 21 39 42 53 100 28 25 485
leaf_count=29 430 345 103 28 120 216 86 28 74 765 27 53 99 132 24 31 147 94 44 21 364 26 21 39 42 53 100 28 25 485
internal_value=0 0.00296823 0.000906906 0.0241447 -5.47868e-05 -0.007871 -0.000931966 0.00459867 0.0181489 0.00203654 -0.0247456 -0.00444552 -0.0020817 0.000139556 -0.0101302 0.000418381 0.0058093 -0.0180839 -0.00888471 -0.0138286 -0.0153888 0.039089 0.0223293 0.00462705 0.0249412 0.00355356 0.0151162 0.00704085 0.03035 0.00196021
internal_weight=0 2962 2617 104 2513 1117 516 1220 194 1026 55 1293 1102 1003 305 202 178 191 138 601 580 75 49 698 81 971 206 153 53 617
internal_count=4079 2962 2617 104 2513 1117 516 1220 194 1026 55 1293 1102 1003 305 202 178 191 138 601 580 75 49 698 81 971 206 153 53 617
shrinkage=0.1


Tree=12
num_leaves=31
num_cat=0
split_feature=2 0 4 11 5 13 1 9 6 14 3 12 0 13 10 14 15 2 0 7 5 10 14 14 13 13 13 1 3 13
split_gain=7.92757 7.72177 5.9172 6.65636 8.00685 6.30487 6.93108 6.87038 5.31017 6.01599 5.55631 4.78801 4.93862 4.72928 4.0235 4.89315 3.87002 3.82345 5.07953 3.73352 5.81624 3.65021 4.2406 4.06771 3.64426 7.08352 5.55641 4.28511 4.79658 4.36663
threshold=42.500000000000007 39.500000000000007 1.5000000000000002 1.5000000000000002 5.5000000000000009 11.500000000000002 26.500000000000004 64.500000000000014 2.5000000000000004 40.500000000000007 27.500000000000004 1.5000000000000002 10.500000000000002 40.500000000000007 2.5000000000000004 9.5000000000000018 36.500000000000007 29.500000000000004 23.500000000000004 28.500000000000004 3.5000000000000004 1.5000000000000002 9.5000000000000018 11.500000000000002 54.500000000000007 37.500000000000007 19.500000000000004 4.5000000000000009 5.5000000000000009 23.500000000000004
decision_type=2 2 2 2 2 2 2 2 2 2 2 2 2 2 2 2 2 2 2 2 2 2 2 2 2 2 2 2 2 2
left_child=1 2 11 -4 5 6 -5 8 9 -7 24 14 -13 19 15 -1 21 -8 -19 -3 -21 -14 -23 -24 25 26 -10 -28 29 -29
right_child=-2 13 3 4 -6 7 17 -9 10 -11 -12 12 16 -15 -16 -17 -18 18 -20 20 -22 22 23 -25 -26 -27 27 28 -30 -31
leaf_value=0.063726229593157768 -0.011808219190709339 0.017662318802631652 0.029283844821908503 0.0044432199601107426 -0.052709033422999908 -0.017202232171272494 0.066111348454768834 0.050882495804266493 0.011479492628056072 0.032485747451965627 -0.040607089499632515 -0.037664359482005243 0.0036065491847693922 0.049231622463617571 -0.011834587483871275 0.005101527912276132 0.019798683027426406 -0.016272110913110815 0.045338320208247754 -0.039632473441381613 0.028527950105212987 -0.027879006379261252 0.028545715480015194 -0.012139798747086377 -0.025974114945060328 0.039883142980662263 0.026103455697496732 -0.036830956190824514 -0.036613182862599694 0.020396439135074617
leaf_weight=24 499 222 89 1431 27 388 26 22 230 26 30 64 128 39 41 35 45 23 32 31 21 164 29 161 38 55 24 20 75 40
leaf_count=24 499 222 89 1431 27 388 26 22 230 26 30 64 128 39 41 35 45 23 32 31 21 164 29 161 38 55 24 20 75 40
internal_value=0 0.00164589 0.000208372 0.00241256 0.00145095 0.00204539 0.00605404 -0.00434817 -0.00566034 -0.0140817 0.00114914 -0.0080087 -0.0114328 0.0166503 0.0122276 0.0289489 -0.00824717 0.0345119 0.019574 0.0120128 -0.0121061 -0.0108656 -0.0160984 -0.0059299 0.00374808 0.00629187 0.00154246 -0.0128319 -0.0197537 0.00132064
internal_weight=0 3580 3267 2576 2487 2460 1512 948 926 414 512 691 591 313 100 59 527 81 55 274 52 482 354 190 482 444 389 159 135 60
internal_count=4079 3580 3267 2576 2487 2460 1512 948 926 414 512 691 591 313 100 59 527 81 55 274 52 482 354 190 482 444 389 159 135 60
shrinkage=0.1


Tree=13
num_leaves=31
num_cat=0
split_feature=2 0 13 6 1 1 3 14 13 8 9 2 13 12 3 13 4 8 0 1 0 8 13 10 13 14 14 7 0 3
split_gain=7.18525 7.31979 6.79026 6.07964 5.59905 5.55572 6.65781 5.29562 5.00411 6.00764 6.18882 5.44025 4.32096 4.26214 6.8881 5.43226 4.37493 5.66309 4.32016 3.96997 3.93776 3.87941 4.36204 3.85175 3.77091 3.74001 4.09927 4.86556 3.67454 3.51714
threshold=26.500000000000004 30.500000000000004 5.5000000000000009 1.0000000180025095e-35 27.500000000000004 4.5000000000000009 5.5000000000000009 18.500000000000004 4.5000000000000009 5.5000000000000009 56.500000000000007 39.500000000000007 18.500000000000004 1.5000000000000002 14.500000000000002 20.500000000000004 1.5000000000000002 40.500000000000007 35.500000000000007 12.500000000000002 31.500000000000004 19.500000000000004 13.500000000000002 2.5000000000000004 53.500000000000007 46.500000000000007 2.5000000000000004 16.500000000000004 38.500000000000007 12.500000000000002
decision_type=2 2 2 2 2 2 2 2 2 2 2 2 2 2 2 2 2 2 2 2 2 2 2 2 2 2 2 2 2 2
left_child=1 24 20 -2 13 12 -7 29 -6 -10 11 21 -4 14 18 -16 -15 25 -5 -19 -3 22 -11 -21 -1 26 -18 -28 -13 -8
right_child=3 2 5 4 8 6 7 -9 9 10 -12 28 -14 16 15 -17 17 19 -20 23 -22 -23 -24 -25 -26 -27 27 -29 -30 -31
leaf_value=0.0022940273339214765 -0.02696529581498738 0.075372102314775646 -0.038832795619964604 0.0062052478340077905 -0.029451884936403345 0.040929366946220402 -0.039943485148251058 0.030329714027734905 -0.017200695316899908 0.045418526576115538 0.076436599195003507 -0.020888220005565221 0.014697382211685182 -0.016266033736711049 -0.0019946838047967029 -0.054443500936031342 0.01068973210976296 -0.04367291719785759 0.035461116787316144 0.01420224937232765 0.028467127525558075 0.054371349513530731 -0.0097253146581351771 -0.032789343821279932 -0.034770833594458449 0.032242640666663651 0.00070571492267612298 -0.01456679576197344 0.030627179443836212 0.0062469496446497302
leaf_weight=1394 107 22 38 188 27 70 32 39 44 26 20 45 25 362 67 28 194 56 69 37 96 44 32 33 28 32 523 347 20 34
leaf_count=1394 107 22 38 188 27 70 32 39 44 26 20 45 25 362 67 28 194 56 69 37 96 44 32 33 28 32 523 347 20 34
internal_value=0 0.00477459 0.0175981 -0.00368937 -0.00255421 0.00787356 0.0170407 0.00111489 0.0112841 0.0160454 0.023868 0.0175724 -0.0175907 -0.00439836 0.00555495 -0.0174533 -0.00661021 -0.00374981 0.0140599 -0.0238274 0.0372121 0.0319805 0.0149943 -0.00795093 0.0015642 -0.00144162 -0.00245468 -0.00538573 -0.00503733 -0.0161484
internal_weight=0 1778 356 2301 2194 238 175 105 258 231 187 167 63 1936 352 95 1584 1222 257 126 118 102 58 70 1422 1096 1064 870 65 66
internal_count=4079 1778 356 2301 2194 238 175 105 258 231 187 167 63 1936 352 95 1584 1222 257 126 118 102 58 70 1422 1096 1064 870 65 66
shrinkage=0.1


Tree=14
num_leaves=31
num_cat=0
split_feature=2 12 4 0 14 0 6 15 1 0 1 7 15 10 8 8 3 8 10 14 8 0 15 3 1 9 14 15 15 0
split_gain=5.9609 8.34214 5.54335 4.61737 4.51833 4.50827 5.00287 4.45035 5.32193 4.0049 3.80596 4.60354 5.13223 5.49656 4.49495 4.26028 4.00133 3.94633 3.74611 3.97308 5.21819 5.36704 7.2539 4.699 4.0558 7.10221 6.4346 7.14396 6.02838 4.33562
threshold=30.500000000000004 1.5000000000000002 1.5000000000000002 40.500000000000007 5.5000000000000009 24.500000000000004 2.5000000000000004 10.500000000000002 9.5000000000000018 28.500000000000004 11.500000000000002 30.500000000000004 22.500000000000004 2.5000000000000004 13.500000000000002 17.500000000000004 10.500000000000002 12.500000000000002 3.5000000000000004 21.500000000000004 36.500000000000007 30.500000000000004 20.500000000000004 13.500000000000002 1.0000000180025095e-35 15.500000000000002 9.5000000000000018 17.500000000000004 21.500000000000004 30.500000000000004
decision_type=2 2 2 2 2 2 2 2 2 2 2 2 2 2 2 2 2 2 2 2 2 2 2 2 2 2 2 2 2 2
left_child=1 9 4 18 -3 -2 -7 8 -8 -1 -9 12 13 17 -15 -13 -14 -12 19 24 21 22 23 -21 25 -4 27 -26 29 -28
right_child=5 2 3 -5 -6 6 7 10 -10 -11 11 15 16 14 -16 -17 -18 -19 -20 20 -22 -23 -24 -25 26 -27 28 -29 -30 -31
leaf_value=0.010265582455462547 -0.01044623601118053 -0.028658195849387877 -0.016552627924326307 0.02969414713707837 -0.0035996981808599435 -0.0071714566789404313 0.038645406357653733 -0.015802766844234636 0.0057878021735453256 0.03404230239716443 -0.0011967562139034273 -0.056275087594985965 0.050271710570977658 0.0080797111286836521 -0.042287907407090472 0.0012883861031797198 0.0079334105660275721 0.05816238487050647 -0.0077620092151840098 0.04338348200244288 -0.021301241906789635 0.063394561968743809 -0.037553078234195708 -0.011347872728393191 0.0083982256220847592 0.037488145381212236 -0.0039251290126280352 0.043377652764320374 -0.03515120045705275 0.033510324276155898
leaf_weight=199 711 93 185 66 318 548 77 113 137 110 24 20 49 34 37 36 41 21 279 62 26 32 20 21 413 28 220 68 55 36
leaf_count=199 711 93 185 66 318 548 77 113 137 110 24 20 49 34 37 36 41 21 279 62 26 32 20 21 413 28 220 68 55 36
internal_value=0 0.00347921 0.00102737 0.00382827 -0.00926987 -0.00420028 -0.000294491 0.00610377 0.0176104 0.0187298 -0.000462676 0.00615347 0.0130647 -0.000838401 -0.0181682 -0.01927 0.0309843 0.0265042 0.00264686 0.00513749 0.0197218 0.0276225 0.0165088 0.0295358 0.0028011 -0.00944868 0.00609555 0.0133433 -0.00511406 0.00133923
internal_weight=0 2231 1922 1511 411 1848 1137 589 214 309 375 262 206 116 71 56 90 45 1445 1166 161 135 103 83 1005 213 792 481 311 256
internal_count=4079 2231 1922 1511 411 1848 1137 589 214 309 375 262 206 116 71 56 90 45 1445 1166 161 135 103 83 1005 213 792 481 311 256
shrinkage=0.1


Tree=15
num_leaves=31
num_cat=0
split_feature=2 0 9 2 9 8 1 14 3 6 15 1 7 14 15 3 2 5 14 8 9 8 13 9 11 8 4 14 10 2
split_gain=5.28544 5.64398 3.6731 4.75214 5.58909 5.1472 5.41389 4.62506 5.20869 4.42149 3.60816 3.20666 3.98805 4.32674 5.4686 5.23036 3.83518 7.8424 5.28839 4.82654 4.012 3.74493 4.03106 3.71839 4.61657 3.60258 3.36571 3.24446 3.07921 3.18668
threshold=38.500000000000007 21.500000000000004 13.500000000000002 48.500000000000007 26.500000000000004 32.500000000000007 15.500000000000002 23.500000000000004 9.5000000000000018 3.5000000000000004 8.5000000000000018 1.0000000180025095e-35 24.500000000000004 8.5000000000000018 21.500000000000004 17.500000000000004 30.500000000000004 3.5000000000000004 7.5000000000000009 20.500000000000004 3.5000000000000004 15.500000000000002 8.5000000000000018 6.5000000000000009 2.5000000000000004 13.500000000000002 3.5000000000000004 4.5000000000000009 3.5000000000000004 34.500000000000007
decision_type=2 2 2 2 2 2 2 2 2 2 2 2 2 2 2 2 2 2 2 2 2 2 2 2 2 2 2 2 2 2
left_child=1 11 -2 4 5 7 -7 8 9 -4 -10 28 13 16 15 -15 17 18 19 20 -13 26 -23 24 -22 -18 -14 -27 29 -1
right_child=2 -3 3 -5 -6 6 -8 -9 10 -11 -12 12 21 14 -16 -17 25 -19 -20 -21 23 22 -24 -25 -26 27 -28 -29 -30 -31
leaf_value=-0.0038126012648394673 -0.013357385808870505 0.0056243332746694951 0.016305506714554722 -0.037636817712336783 -0.0089062662457310877 -0.051122490926222369 0.018265715241432192 0.064124135883606007 -0.034959725663065912 0.069882962480187424 0.013052899340788524 -0.030832338333129886 0.029254810241135683 -0.0012578879638704295 -0.037360427125555568 -0.038992030518810922 -0.046485484334138724 0.046563932616659941 0.045433466302023995 -0.041107810316262428 0.004797461917323451 -0.0078685326235634952 0.043148940498546021 0.00091383668346021638 0.063216495265563333 0.021986732419048038 -0.018834573030471802 -0.029330782050436197 -0.031644679532676447 -0.044315754657699949
leaf_weight=259 437 1788 43 32 215 22 23 23 24 24 45 31 22 353 61 41 26 47 27 27 31 21 59 199 24 28 43 22 61 21
leaf_count=259 437 1788 43 32 215 22 23 23 24 24 45 31 22 353 61 41 26 47 27 27 31 21 59 199 24 28 43 22 61 21
internal_value=0 0.00189892 -0.00682371 -0.000492857 0.00234391 0.0142007 -0.0156574 0.0226511 0.0156373 0.0354974 -0.00364714 -0.00284879 -0.000139766 -0.00257655 -0.00949823 -0.00518454 0.00424025 0.00828307 0.0029757 -0.000698534 0.00312971 0.0152708 0.0297569 0.00727469 0.0302894 -0.016293 -0.00255817 -0.000592974 -0.0112857 -0.00685034
internal_weight=0 3191 888 451 419 204 45 159 136 67 69 1403 1062 917 455 394 462 386 339 312 285 145 80 254 55 76 65 50 341 280
internal_count=4079 3191 888 451 419 204 45 159 136 67 69 1403 1062 917 455 394 462 386 339 312 285 145 80 254 55 76 65 50 341 280
shrinkage=0.1


Tree=16
num_leaves=31
num_cat=0
split_feature=4 12 10 11 6 0 3 13 10 14 13 9 5 8 7 7 4 8 8 15 14 7 9 9 11 13 7 12 7 13
split_gain=4.77875 6.26519 5.13822 5.0775 4.64068 6.62196 5.51054 4.16074 4.11792 4.09482 4.64846 4.07776 4.05415 6.06859 3.66668 4.5007 5.57483 6.80324 6.90223 3.44424 4.1882 5.90875 3.50246 3.88244 3.45059 3.14356 3.07345 3.43738 4.38846 4.14518
threshold=1.5000000000000002 1.5000000000000002 2.5000000000000004 1.5000000000000002 1.5000000000000002 34.500000000000007 7.5000000000000009 11.500000000000002 3.5000000000000004 54.500000000000007 22.500000000000004 14.500000000000002 2.5000000000000004 28.500000000000004 8.5000000000000018 18.500000000000004 2.5000000000000004 11.500000000000002 5.5000000000000009 10.500000000000002 7.5000000000000009 4.5000000000000009 15.500000000000002 11.500000000000002 3.5000000000000004 7.5000000000000009 29.500000000000004 2.5000000000000004 8.5000000000000018 30.500000000000004
decision_type=2 2 2 2 2 2 2 2 2 2 2 2 2 2 2 2 2 2 2 2 2 2 2 2 2 2 2 2 2 2
left_child=1 2 -1 -2 -5 6 12 -4 9 10 14 -10 19 -14 -8 -16 -17 18 -18 20 -6 -22 23 -21 -24 -19 27 29 -29 -7
right_child=3 -3 7 4 5 26 8 -9 11 -11 -12 -13 13 -15 15 16 17 25 -20 22 21 -23 24 -25 -26 -27 -28 28 -30 -31
leaf_value=0.028195901898776785 0.022994276060970553 -0.010251786447857899 -0.043474470532458759 -0.010656258286725657 -0.0046518126422283694 0.03228665763104456 0.0093998458517922309 0.013479485902292976 -0.033841437911209853 0.04243806630373001 -0.029378748247547756 -0.006285309768462366 0.015725515757789129 -0.0051068158312277366 -0.014490642565738114 0.042003401943615508 -0.0079409798750510584 9.7403847254239601e-05 0.068164748224345123 -0.013108765004111117 -0.028823536863693822 0.022715591358674039 -0.006689936170975368 0.024263520538806916 -0.058362927820001333 -0.039108458715815878 -0.00087201509682476074 -0.016230725018041476 0.017140124054779684 -0.0069643967784941202
leaf_weight=85 109 732 23 306 255 169 225 29 92 20 63 129 476 198 263 35 26 39 22 122 26 154 24 36 28 43 129 56 133 32
leaf_count=85 109 732 23 306 255 169 225 29 92 20 63 129 476 198 263 35 26 39 22 122 26 154 24 36 28 43 129 56 133 32
internal_value=0 -0.00657844 0.0130485 0.00178089 0.00103524 0.00231524 -9.09835e-06 -0.0117117 -0.00578577 -0.00219125 -0.00343788 -0.0177566 0.00418216 0.00960563 -0.000935162 -0.00636828 0.00657826 -0.00295928 0.0269408 -0.00148516 0.00359213 0.0152711 -0.0120024 -0.00459356 -0.0345139 -0.0204618 0.0125083 0.0169341 0.00725247 0.0260377
internal_weight=0 869 137 3210 3101 2795 2276 52 957 736 716 221 1319 674 653 428 165 130 48 645 435 180 210 158 52 82 519 390 189 201
internal_count=4079 869 137 3210 3101 2795 2276 52 957 736 716 221 1319 674 653 428 165 130 48 645 435 180 210 158 52 82 519 390 189 201
shrinkage=0.1


Tree=17
num_leaves=31
num_cat=0
split_feature=2 0 13 15 9 5 15 3 1 7 2 12 10 13 0 8 14 8 6 12 1 2 14 9 7 9 14 4 9 8
split_gain=4.49103 4.30889 3.90655 3.87469 4.85799 3.95134 5.88965 6.15865 4.66486 5.45235 5.83269 4.79576 7.83136 7.13617 4.43112 4.31969 4.8028 4.8232 4.03058 3.85778 4.23267 3.40372 4.02344 3.98568 3.37914 5.06198 3.37429 7.29217 3.94163 3.33119
threshold=42.500000000000007 39.500000000000007 40.500000000000007 1.0000000180025095e-35 2.5000000000000004 1.5000000000000002 11.500000000000002 3.5000000000000004 16.500000000000004 6.5000000000000009 24.500000000000004 2.5000000000000004 4.5000000000000009 16.500000000000004 35.500000000000007 16.500000000000004 5.5000000000000009 6.5000000000000009 3.5000000000000004 2.5000000000000004 2.5000000000000004 12.500000000000002 22.500000000000004 15.500000000000002 11.500000000000002 9.5000000000000018 2.5000000000000004 2.5000000000000004 18.500000000000004 11.500000000000002
decision_type=2 2 2 2 2 2 2 2 2 2 2 2 2 2 2 2 2 2 2 2 2 2 2 2 2 2 2 2 2 2
left_child=1 3 -3 -1 -5 6 7 -6 9 15 21 13 -13 14 18 16 -7 -18 -10 -19 -21 24 23 -23 -11 -26 27 -12 -28 -25
right_child=-2 2 -4 4 5 8 -8 -9 11 10 26 12 -14 -15 -16 -17 17 19 -20 20 -22 22 -24 29 25 -27 28 -29 -30 -31
leaf_value=0.013985360136830993 -0.0088876550595363771 0.0082323650380827645 0.042059197563391465 -0.015565366047184642 0.041334267200962192 -0.017512910361542847 -0.029769574351681091 -0.013878929666404067 -0.0019908579332487924 -0.033598274673734392 -0.018045792347047389 0.010696173789563465 0.055126718216472206 -0.017254821123747991 0.049451110539612951 -0.018581988508919723 -0.021635127126001845 0.025412151163762754 0.034002791047096255 0.023587116751915368 -0.019016543030738832 0.0058383185993178622 0.037111841940454075 0.051248295526755486 0.039016819596290588 -0.023429957694477505 -0.0025456898956718842 0.038848934948444373 -0.022507608497053161 0.004247212171554565
leaf_weight=191 499 274 39 205 31 132 103 58 140 35 41 335 45 145 27 262 51 111 40 39 58 478 56 38 25 27 386 50 133 25
leaf_count=191 499 274 39 205 31 132 103 58 140 35 41 335 45 145 27 262 51 111 40 39 58 478 56 38 25 27 386 50 133 25
internal_value=0 0.00123881 0.0124472 0.000164972 -0.000693186 0.000368742 -0.013489 0.00535263 0.0013619 -0.00119671 0.00256251 0.00816741 0.0159577 -0.00024255 0.0116743 -0.00864608 -0.00198826 0.00592392 0.00600773 0.0126812 -0.00188724 0.00890273 0.0115956 0.0089544 -0.00957618 0.00659253 -0.00454685 0.013215 -0.00766117 0.0325971
internal_weight=0 3580 313 3267 3076 2871 192 89 2679 1947 1294 732 380 352 207 653 391 259 180 208 97 684 597 541 87 52 610 91 519 63
internal_count=4079 3580 313 3267 3076 2871 192 89 2679 1947 1294 732 380 352 207 653 391 259 180 208 97 684 597 541 87 52 610 91 519 63
shrinkage=0.1


Tree=18
num_leaves=31
num_cat=0
split_feature=12 3 4 8 13 5 6 15 14 13 5 1 14 7 1 14 11 15 9 9 10 5 1 9 15 6 15 2 6 8
split_gain=3.9914 7.03293 5.17502 4.30251 5.81845 4.06154 5.10054 4.18536 3.82125 3.57375 3.7289 3.51182 3.64266 5.41626 3.45988 3.44163 3.7347 4.48679 3.68364 3.92654 3.66591 6.3274 5.03721 4.04347 3.71003 3.39118 3.35562 3.2786 3.14319 3.86368
threshold=1.5000000000000002 14.500000000000002 1.5000000000000002 40.500000000000007 7.5000000000000009 1.5000000000000002 3.5000000000000004 9.5000000000000018 2.5000000000000004 54.500000000000007 4.5000000000000009 26.500000000000004 5.5000000000000009 42.500000000000007 33.500000000000007 29.500000000000004 1.5000000000000002 36.500000000000007 35.500000000000007 28.500000000000004 3.5000000000000004 2.5000000000000004 18.500000000000004 10.500000000000002 32.500000000000007 2.5000000000000004 1.5000000000000002 20.500000000000004 1.5000000000000002 28.500000000000004
decision_type=2 2 2 2 2 2 2 2 2 2 2 2 2 2 2 2 2 2 2 2 2 2 2 2 2 2 2 2 2 2
left_child=1 9 -2 5 -5 7 15 -4 -8 10 -1 12 -10 -14 27 16 -7 18 19 20 24 -22 -23 -24 28 -17 -3 -6 -18 -30
right_child=2 26 3 4 14 6 8 -9 11 -11 -12 -13 13 -15 -16 25 17 -19 -20 -21 21 22 23 -25 -26 -27 -28 -29 29 -31
leaf_value=0.012530681490898133 -0.0088159702392549468 0.011779645423997533 0.011826113319915274 -0.038110148604027928 0.029253188520669937 0.027443224126877993 0.037659312756556387 -0.023954406486148327 -0.01594396572846633 -0.020443255702654522 0.045623546436026292 0.032811217451537096 0.014917300993532646 -0.031425094391618461 0.03542699870609102 0.028639283596751205 -0.014552260521930038 -0.02315797438224157 0.036416785363797791 -0.04097394943237305 -0.029530097406219553 -0.010806064292327645 0.0046738556746778823 0.063120698034763334 0.043661817482539583 -0.0016050817806329302 -0.020938807780589534 -0.014559179799169555 0.0043989230844546376 -0.019231522365196332
leaf_weight=427 732 44 46 64 20 46 53 113 65 30 37 54 254 28 21 83 114 90 27 24 108 97 29 20 21 67 109 117 1065 74
leaf_count=427 732 44 46 64 20 46 53 113 65 30 37 54 254 28 21 83 114 90 27 24 108 97 29 20 21 67 109 117 1065 74
internal_value=0 0.00720456 -0.0013582 0.000663682 -0.0126732 0.00185851 0.0029186 -0.0136028 0.012424 0.0130068 0.0151696 0.00908863 0.00539693 0.0103159 -0.00236958 0.00060469 -0.000665757 -0.00144048 -0.000202624 -0.000839689 -0.000209308 -0.0111791 0.00239567 0.0285297 0.00197776 0.0151301 -0.0115296 -0.00816321 0.00127914 0.00286367
internal_weight=0 647 3432 2700 222 2478 2319 159 454 494 464 401 347 282 158 1865 1715 1669 1579 1552 1528 254 146 49 1274 150 153 137 1253 1139
internal_count=4079 647 3432 2700 222 2478 2319 159 454 494 464 401 347 282 158 1865 1715 1669 1579 1552 1528 254 146 49 1274 150 153 137 1253 1139
shrinkage=0.1


Tree=19
num_leaves=31
num_cat=0
split_feature=0 2 2 6 15 15 4 1 7 8 15 3 10 15 5 9 13 9 8 1 10 11 3 15 14 0 14 3 0 4
split_gain=3.73566 4.68243 4.31717 4.84745 4.60006 3.62311 4.27556 4.04594 3.96648 4.29474 3.61358 3.57355 3.37401 3.54046 3.28251 5.39974 3.27457 3.21713 3.0817 3.07251 3.06066 6.3381 5.41196 4.11932 6.05924 4.58767 3.49145 3.91557 3.47789 3.33274
threshold=24.500000000000004 41.500000000000007 27.500000000000004 2.5000000000000004 5.5000000000000009 40.500000000000007 2.5000000000000004 4.5000000000000009 3.5000000000000004 8.5000000000000018 52.500000000000007 23.500000000000004 3.5000000000000004 9.5000000000000018 1.5000000000000002 56.500000000000007 5.5000000000000009 5.5000000000000009 20.500000000000004 19.500000000000004 1.5000000000000002 2.5000000000000004 7.5000000000000009 32.500000000000007 9.5000000000000018 4.5000000000000009 10.500000000000002 2.5000000000000004 19.500000000000004 1.5000000000000002
decision_type=2 2 2 2 2 2 2 2 2 2 2 2 2 2 2 2 2 2 2 2 2 2 2 2 2 2 2 2 2 2
left_child=1 11 5 10 -5 6 7 16 9 -9 -4 20 17 -14 -6 -16 -2 -8 19 -10 21 22 -1 25 -25 -22 27 -23 -29 -27
right_child=2 -3 3 4 14 -7 12 8 18 -11 -12 -13 13 -15 15 -17 -18 -19 -20 -21 23 26 -24 24 -26 29 -28 28 -30 -31
leaf_value=0.049110322933772516 0.012103283760093508 -0.017497350513935091 -0.0083450786612364793 0.02275979018304497 -0.033703103065490729 -0.023209840245544913 0.056282678065877972 -0.044532513877619868 0.032021936871966382 0.010216647935541053 0.023450629491555065 -0.021699300103158837 0.025639012536487066 -0.017027237938671579 0.00056872493915909061 0.040209813053543507 -0.022304956302230741 0.022008660176525946 -0.0055566311627626421 -0.00857905000448227 -0.039977774549933044 0.038805844462834874 -0.00068296338830675402 0.04729756437242031 -0.0061936097674899632 -0.013742670971593816 -0.010102577528191938 0.02541005326942964 -0.028613158372732313 -0.00056844114576366539
leaf_weight=58 42 200 602 128 25 32 33 23 122 38 38 83 37 41 482 37 81 161 40 22 34 39 35 40 45 231 144 22 26 1138
leaf_count=58 42 200 602 128 25 32 33 23 122 38 38 83 37 41 482 37 81 161 40 22 34 39 35 40 45 231 144 22 26 1138
internal_value=0 -0.002945 0.00310977 -0.000228696 0.00570322 0.00962772 0.0112696 0.00424264 0.0116721 -0.0104265 -0.00645721 -0.00140913 0.0207767 0.00321188 0.00168991 0.00339478 -0.0105558 0.0278388 0.0189982 0.025819 -0.000479728 0.00832787 0.0303709 -0.00239751 0.0189787 -0.00369258 -0.000546598 0.0152702 -0.00385252 -0.00279141
internal_weight=0 2095 1984 1312 672 672 640 368 245 61 640 1895 272 78 544 519 123 194 184 144 1812 324 93 1488 85 1403 231 87 48 1369
internal_count=4079 2095 1984 1312 672 672 640 368 245 61 640 1895 272 78 544 519 123 194 184 144 1812 324 93 1488 85 1403 231 87 48 1369
shrinkage=0.1


Tree=20
num_leaves=31
num_cat=0
split_feature=0 11 6 3 8 3 2 0 2 2 8 4 15 15 14 5 4 7 2 0 13 7 1 3 13 4 11 13 12 1
split_gain=3.19912 3.93916 3.60432 5.02291 3.61856 3.35454 4.62387 3.07442 3.23385 5.09907 3.93888 5.3775 3.57788 3.03188 3.36224 3.00064 5.02493 5.04014 4.59779 4.41317 4.95305 4.97858 6.13041 4.79718 4.28759 3.75419 3.04496 3.71241 2.95798 4.41628
threshold=9.5000000000000018 1.5000000000000002 1.0000000180025095e-35 12.500000000000002 13.500000000000002 7.5000000000000009 11.500000000000002 32.500000000000007 37.500000000000007 34.500000000000007 5.5000000000000009 2.5000000000000004 11.500000000000002 1.0000000180025095e-35 7.5000000000000009 2.5000000000000004 1.5000000000000002 16.500000000000004 40.500000000000007 15.500000000000002 11.500000000000002 9.5000000000000018 16.500000000000004 2.5000000000000004 19.500000000000004 1.0000000180025095e-35 3.5000000000000004 13.500000000000002 2.5000000000000004 22.500000000000004
decision_type=2 2 2 2 2 2 2 2 2 2 2 2 2 2 2 2 2 2 2 2 2 2 2 2 2 2 2 2 2 2
left_child=-1 -2 3 -3 -5 6 -4 13 9 10 11 -9 -11 14 -7 -8 25 19 24 23 -21 22 -22 -18 -19 26 -17 -28 29 -15
right_child=1 2 5 4 -6 7 15 8 -10 12 -12 -13 -14 28 -16 16 17 18 -20 20 21 -23 -24 -25 -26 -27 27 -29 -30 -31
leaf_value=-0.012237203657039869 0.01755287467985225 -0.027803572762629715 0.025322214125291162 0.034774139683161467 -0.018757461918436965 -0.018224105387926102 -0.0020261868136548888 -0.060054451525211341 -0.0049627287215308138 0.07346602678298951 0.011218076267757933 0.013276958018541335 0.016720192790031434 -0.0083373324346861667 0.031404862916746809 0.023626708879805447 0.015155459443728128 -0.0033562520725859538 -0.023495209439476927 0.028223862307738531 -0.02753949434526505 0.025587609603807529 0.023896345254537224 -0.04291829311847687 0.025702149538617387 -0.016728962937446492 -0.036860860586166382 0.020942007452249528 -0.0015555590593306593 -0.033844428248703477
leaf_weight=203 133 102 92 28 23 20 854 20 228 20 185 20 25 448 43 57 33 153 67 261 62 77 37 25 76 146 25 20 516 80
leaf_count=203 133 102 92 28 23 20 854 20 228 20 185 20 25 448 43 57 33 153 67 261 62 77 37 25 76 146 25 20 516 80
internal_value=0 0.000640906 3.99733e-05 -0.0149916 0.0106324 0.000680593 0.00342929 -0.00271888 0.00380646 0.0112116 0.00506575 -0.0233887 0.0419406 -0.0056544 0.0156496 0.00236529 0.00597483 0.00986883 -0.000453791 0.0160415 0.0194814 0.00651683 -0.008316 -0.00987633 0.00628758 -0.00644511 0.00827491 -0.0111707 -0.00693999 -0.012202
internal_weight=0 3876 3743 153 51 3590 1985 1605 498 270 225 40 45 1107 63 1893 1039 791 296 495 437 176 99 58 229 248 102 45 1044 528
internal_count=4079 3876 3743 153 51 3590 1985 1605 498 270 225 40 45 1107 63 1893 1039 791 296 495 437 176 99 58 229 248 102 45 1044 528
shrinkage=0.1


Tree=21
num_leaves=31
num_cat=0
split_feature=6 0 9 9 1 15 14 15 12 5 13 9 3 15 9 14 15 2 15 8 13 3 0 0 2 2 11 8 7 8
split_gain=3.08793 3.90048 5.60105 3.52773 6.58249 5.47264 5.261 4.13758 3.46221 3.98141 3.83339 3.45183 3.33005 4.69569 6.20038 3.63162 6.10851 3.31881 3.57703 3.7897 3.22228 3.63638 3.03728 2.96895 2.78671 2.72082 2.66885 3.29608 2.94757 2.52675
threshold=3.5000000000000004 38.500000000000007 25.500000000000004 56.500000000000007 12.500000000000002 31.500000000000004 10.500000000000002 11.500000000000002 1.5000000000000002 4.5000000000000009 2.5000000000000004 6.5000000000000009 10.500000000000002 6.5000000000000009 9.5000000000000018 14.500000000000002 15.500000000000002 30.500000000000004 11.500000000000002 16.500000000000004 9.5000000000000018 4.5000000000000009 23.500000000000004 21.500000000000004 41.500000000000007 36.500000000000007 2.5000000000000004 21.500000000000004 12.500000000000002 13.500000000000002
decision_type=2 2 2 2 2 2 2 2 2 2 2 2 2 2 2 2 2 2 2 2 2 2 2 2 2 2 2 2 2 2
left_child=8 2 12 5 -5 7 -7 29 9 10 11 -1 13 23 -15 16 22 18 19 -12 -3 -22 -14 -2 -10 -23 -16 28 -28 -4
right_child=1 20 3 4 -6 6 -8 -9 24 -11 17 -13 15 14 26 -17 -18 -19 -20 -21 21 25 -24 -25 -26 -27 27 -29 -30 -31
leaf_value=-0.0020630355924367906 0.016006993308459241 0.039691713783476093 0.0071975495607133899 -0.020971213281154633 0.035853070147494052 0.054566841911185875 -0.012483637213706971 -0.03487451448235461 -0.0016690411819738867 0.036395314408511646 0.027771728444885426 0.047176191295896258 -0.058029574950536095 -0.019185663522153663 0.041241258127348766 0.020492386926965016 0.016310563559333482 -0.010061701661211321 -0.027555769275535238 -0.0071964116172587621 0.037402389226136389 0.012537735274859838 -0.0097286392813143528 0.046171824356256913 -0.011447043036734378 -0.034456534548239277 0.0073336132443868191 -0.015857194321496147 0.048571017613777745 -0.019652302732950527
leaf_weight=24 73 54 63 36 47 22 25 93 2337 41 91 35 30 69 35 41 36 174 22 47 27 28 23 59 333 22 52 35 26 79
leaf_count=24 73 54 63 36 47 22 25 93 2337 41 91 35 30 69 35 41 36 174 22 47 27 28 23 59 333 22 52 35 26 79
internal_value=0 0.00490925 0.00241741 -0.00691481 0.0112064 -0.0122484 0.0189017 -0.0184784 -0.00154205 0.00674169 0.00364806 0.0271467 0.00952859 0.0146174 0.00557063 -0.00413291 -0.0154771 -0.000502895 0.00989231 0.0158623 0.0209636 0.00782958 -0.0370688 0.0294898 -0.00288854 -0.00813974 0.0171124 0.00963887 0.0210794 -0.00774004
internal_weight=0 975 844 365 83 282 47 235 3104 434 393 59 479 349 217 130 89 334 160 138 131 77 53 132 2670 50 148 113 78 142
internal_count=4079 975 844 365 83 282 47 235 3104 434 393 59 479 349 217 130 89 334 160 138 131 77 53 132 2670 50 148 113 78 142
shrinkage=0.1


Tree=22
num_leaves=31
num_cat=0
split_feature=5 15 14 3 6 15 1 15 2 11 14 6 9 0 12 9 8 7 7 3 10 14 8 0 12 9 4 2 11 14
split_gain=2.70024 4.87105 4.07301 5.58082 3.70655 3.4811 4.72619 4.71721 3.08338 3.59284 3.66738 4.53524 4.41131 3.8195 3.56225 9.42562 3.36956 3.65131 4.2247 6.184 4.13807 4.16782 4.10269 3.74137 4.57308 4.18368 3.3185 3.99309 4.34782 3.07081
threshold=1.5000000000000002 11.500000000000002 5.5000000000000009 3.5000000000000004 3.5000000000000004 26.500000000000004 14.500000000000002 43.500000000000007 22.500000000000004 5.5000000000000009 34.500000000000007 1.5000000000000002 28.500000000000004 26.500000000000004 1.5000000000000002 17.500000000000004 7.5000000000000009 12.500000000000002 6.5000000000000009 7.5000000000000009 2.5000000000000004 4.5000000000000009 9.5000000000000018 18.500000000000004 2.5000000000000004 8.5000000000000018 3.5000000000000004 20.500000000000004 3.5000000000000004 31.500000000000004
decision_type=2 2 2 2 2 2 2 2 2 2 2 2 2 2 2 2 2 2 2 2 2 2 2 2 2 2 2 2 2 2
left_child=1 2 -1 -4 8 -6 7 -7 26 10 13 -12 -13 16 15 -15 -10 18 22 23 -19 -22 -18 24 -20 -25 29 28 -28 -2
right_child=4 -3 3 -5 5 6 -8 -9 9 -11 11 12 -14 14 -16 -17 17 20 19 -21 21 -23 -24 25 -26 -27 27 -29 -30 -31
leaf_value=0.036709343791008001 -0.00024943641253880093 -0.022571839626346318 0.028451550193130972 -0.022830536772334389 0.0034027191376718941 0.020209997954467932 0.035841646930750683 -0.032038118000383732 0.0058169490972855937 -0.039515872134102716 -0.017775343625973435 0.031948700190886213 -0.014022046879485803 0.025317246811603435 -0.002502940709812166 -0.035088967718183997 -0.058155941814184188 -0.0092761519007712786 0.015917287591625664 -0.015870746584499586 -0.0023642243761004822 -0.043349062457680707 -0.010841228122308375 0.021915376541160405 0.075269482249305367 -0.031142214199771052 -0.0079984364055451906 0.048966518696397544 0.033538587462334409 0.026912904598496181
leaf_weight=30 770 140 32 63 726 48 85 27 133 27 39 92 27 134 757 32 20 159 34 85 33 100 219 42 21 23 63 32 42 44
leaf_count=30 770 140 32 63 726 48 85 27 133 27 39 92 27 134 757 32 20 159 34 85 33 100 219 42 21 23 63 32 42 44
internal_value=0 -0.00976095 0.00458725 -0.00555657 0.000678199 0.00634533 0.0196974 0.00140068 -0.00103665 -0.00328734 -0.00278571 0.0118193 0.0215184 -0.00407343 0.000406217 0.0136727 -0.00883144 -0.0114785 -0.00576653 0.00476589 -0.0201638 -0.0331799 -0.0148006 0.0193835 0.038579 0.00314115 0.00364222 0.0180412 0.00861637 0.0012188
internal_weight=0 265 125 95 3814 886 160 75 2928 1977 1950 158 119 1792 923 166 869 736 444 205 292 133 239 120 55 65 951 137 105 814
internal_count=4079 265 125 95 3814 886 160 75 2928 1977 1950 158 119 1792 923 166 869 736 444 205 292 133 239 120 55 65 951 137 105 814
shrinkage=0.1


Tree=23
num_leaves=31
num_cat=0
split_feature=2 5 15 1 9 13 3 8 0 2 0 9 2 12 7 1 9 13 8 14 8 3 14 14 1 7 3 11 2 15
split_gain=2.46115 2.51359 4.38347 3.39181 4.17156 4.04602 4.89142 5.26287 4.75266 3.5671 3.50959 3.57624 3.25784 3.14342 5.31999 5.24073 4.17052 3.92044 3.03176 2.9905 2.95267 3.4054 2.86379 3.84505 2.57805 4.29059 3.12489 2.99807 2.54057 2.50852
threshold=46.500000000000007 1.5000000000000002 10.500000000000002 16.500000000000004 54.500000000000007 17.500000000000004 21.500000000000004 57.500000000000007 39.500000000000007 18.500000000000004 36.500000000000007 3.5000000000000004 37.500000000000007 2.5000000000000004 17.500000000000004 23.500000000000004 20.500000000000004 44.500000000000007 19.500000000000004 8.5000000000000018 11.500000000000002 2.5000000000000004 28.500000000000004 41.500000000000007 26.500000000000004 9.5000000000000018 2.5000000000000004 3.5000000000000004 30.500000000000004 26.500000000000004
decision_type=2 2 2 2 2 2 2 2 2 2 2 2 2 2 2 2 2 2 2 2 2 2 2 2 2 2 2 2 2 2
left_child=1 2 12 -3 5 9 7 8 10 18 11 -7 20 16 -15 -16 17 28 -5 -11 21 -1 24 -24 25 27 -27 -21 -13 -26
right_child=-2 3 -4 4 -6 6 -8 -9 -10 19 -12 13 -14 14 15 -17 -18 -19 -20 22 -22 -23 23 -25 29 26 -28 -29 -30 -31
leaf_value=0.055603201104247046 -0.011113070578951586 -0.00080552405652644711 -0.020860091591557713 0.047464086753981456 0.033765427914320259 -0.03764786928892136 -0.038797489719258421 0.044126249551773078 0.023278294259851631 0.015813364764667295 -0.044670818209648133 0.032349764704704291 -0.025795241903800233 0.034740653400327642 0.028974470496177674 -0.036683136705429324 -0.046604691280259028 -0.037692892551422122 0.0034805740118026736 0.021722782303889594 -0.019494219124317171 0.0086440646902043779 0.038489289685737255 -0.0038001122862793679 0.031752523417688076 0.0070325809897798484 -0.028369390971812548 -0.013892000225874094 -0.0081568615976721059 -0.010526004044905952
leaf_weight=23 190 2524 141 42 51 30 36 25 55 227 25 30 26 51 20 31 27 22 25 60 20 47 43 43 36 33 102 39 32 23
leaf_count=23 190 2524 141 42 51 30 36 25 55 227 25 30 26 51 20 31 27 22 25 60 20 47 43 43 36 33 102 39 32 23
internal_value=0 0.000542937 -0.00901435 0.00121921 0.00583151 0.00448371 -0.00370694 -7.68838e-05 -0.00349818 0.00915712 -0.00899335 -0.00532283 0.00538434 -0.000770007 0.0119028 -0.0109351 -0.0124153 -0.00142584 0.0310523 0.00673637 0.0143918 0.0240735 0.00129975 0.0173446 -0.00340966 -0.00811976 -0.0197156 0.00769272 0.0114431 0.0152711
internal_weight=0 3889 257 3632 1108 1057 384 348 323 673 268 243 116 213 102 51 111 84 67 606 90 70 379 86 293 234 135 99 62 59
internal_count=4079 3889 257 3632 1108 1057 384 348 323 673 268 243 116 213 102 51 111 84 67 606 90 70 379 86 293 234 135 99 62 59
shrinkage=0.1


Tree=24
num_leaves=31
num_cat=0
split_feature=0 11 7 0 6 3 2 9 0 15 6 15 7 4 3 8 14 3 15 9 6 4 8 7 2 3 1 5 1 8
split_gain=2.44536 2.83073 2.67382 2.92631 2.47883 4.4281 3.24794 2.31662 2.19177 2.97536 5.65109 3.32101 3.97442 2.98365 3.42293 3.01091 2.8969 2.84106 2.2495 3.53198 4.49728 4.59793 5.53611 3.16436 2.73121 4.1536 3.01715 2.81786 3.60206 2.89346
threshold=9.5000000000000018 1.5000000000000002 1.5000000000000002 35.500000000000007 1.0000000180025095e-35 7.5000000000000009 29.500000000000004 4.5000000000000009 39.500000000000007 26.500000000000004 3.5000000000000004 13.500000000000002 5.5000000000000009 2.5000000000000004 10.500000000000002 9.5000000000000018 17.500000000000004 16.500000000000004 1.0000000180025095e-35 3.5000000000000004 2.5000000000000004 2.5000000000000004 13.500000000000002 8.5000000000000018 11.500000000000002 6.5000000000000009 8.5000000000000018 1.5000000000000002 39.500000000000007 40.500000000000007
decision_type=2 2 2 2 2 2 2 2 2 2 2 2 2 2 2 2 2 2 2 2 2 2 2 2 2 2 2 2 2 2
left_child=-1 2 -2 -4 5 7 -7 -3 18 11 16 12 -10 15 -15 -14 -11 -16 19 -6 23 22 -22 -21 25 -20 -27 -26 29 -29
right_child=1 4 3 -5 8 6 -8 -9 9 10 -12 -13 13 14 17 -17 -18 -19 24 20 21 -23 -24 -25 27 26 -28 28 -30 -31
leaf_value=-0.010698874305768553 -0.015319970746835075 -0.050879668225260348 0.030952063420923742 -0.0070043194073217893 0.044775055578121774 0.026335730155309042 -0.01260873560534149 -0.010779686124995351 0.039178048639461914 -0.05117727539369038 0.023475492090889904 0.028348025102769178 -0.051131926923990247 0.027496204228140416 -0.034459146484732632 -0.0016711832024157048 -0.0026862159371376041 0.011701352496941885 0.028703160624246341 0.0039931637354386164 -0.040067489147186282 0.047301258809036684 0.02934765738469583 -0.040069358583007544 -0.013988551129313076 -0.031278917855686615 0.018008717764978824 -2.3067100545457341e-05 0.033738827606042229 -0.01092866779477508
leaf_weight=203 24 34 82 27 26 33 61 25 29 28 33 93 20 50 24 32 22 30 74 39 20 36 27 28 170 27 23 2459 30 270
leaf_count=203 24 34 82 27 26 33 61 25 29 28 33 93 20 50 24 32 22 30 74 39 20 36 27 28 170 27 23 2459 30 270
internal_value=0 0.000560338 0.0148968 0.02155 5.09213e-05 -0.0124147 0.00106326 -0.0338882 0.000582187 0.00797195 -0.008643 0.0129325 0.00518313 -0.00113644 0.00864261 -0.0206945 -0.0298412 -0.00881442 -0.000243983 0.010749 0.00485116 0.0204082 -0.000190703 -0.014421 -0.00087771 0.0136589 -0.00860661 -0.00149312 -0.000723196 -0.00110204
internal_weight=0 3876 133 109 3743 153 94 59 3590 361 83 278 185 156 104 52 50 54 3229 176 150 83 47 67 3053 124 50 2929 2759 2729
internal_count=4079 3876 133 109 3743 153 94 59 3590 361 83 278 185 156 104 52 50 54 3229 176 150 83 47 67 3053 124 50 2929 2759 2729
shrinkage=0.1


Tree=25
num_leaves=31
num_cat=0
split_feature=0 11 7 3 2 9 14 15 15 7 4 14 9 1 13 4 7 3 3 8 15 8 9 5 9 3 14 13 4 3
split_gain=1.98074 2.29289 2.16579 2.48726 2.94672 2.12054 1.94753 6.34694 4.90078 4.53072 4.37223 7.40396 3.79053 3.71881 3.59181 3.06695 3.06265 5.05362 2.96694 2.8892 2.84787 3.11014 2.82047 4.46497 3.49694 4.59556 4.17658 3.5613 3.30466 3.6551
threshold=9.5000000000000018 1.5000000000000002 1.5000000000000002 7.5000000000000009 18.500000000000004 1.0000000180025095e-35 5.5000000000000009 18.500000000000004 20.500000000000004 13.500000000000002 2.5000000000000004 2.5000000000000004 8.5000000000000018 1.5000000000000002 5.5000000000000009 2.5000000000000004 18.500000000000004 8.5000000000000018 4.5000000000000009 14.500000000000002 1.5000000000000002 39.500000000000007 16.500000000000004 1.5000000000000002 26.500000000000004 11.500000000000002 12.500000000000002 7.5000000000000009 2.5000000000000004 5.5000000000000009
decision_type=2 2 2 2 2 2 2 2 2 2 2 2 2 2 2 2 2 2 2 2 2 2 2 2 2 2 2 2 2 2
left_child=-1 2 -2 -4 -5 -3 7 10 14 15 -7 12 -12 -13 20 18 -11 -18 -9 -14 -8 -22 28 -24 -25 26 -26 -28 29 -10
right_child=1 5 3 4 -6 6 8 9 22 16 11 13 19 -15 -16 -17 17 -19 -20 -21 21 -23 23 24 25 -27 27 -29 -30 -31
leaf_value=-0.0096289870994431641 -0.01378797379632791 -0.023775483063749367 0.034640178512091994 0.035047170147299765 -0.013070162619863239 -0.014002235589560911 0.030458941190473494 0.03557862774892287 0.01966619144786488 -0.029754919324602398 0.045009580531785658 -0.040009936441977818 0.025664919261869631 -0.0036910056609373828 0.001165181424587139 0.042157168078179263 -0.012887806197007499 0.047193201666786561 -0.0015375481497856879 -0.01547282890927407 0.0097782746091619275 -0.020552675053477288 -0.037339382561353537 0.023804138130263278 -0.024048835606802078 -0.022327974346967844 -0.0052874721586704254 0.047610232659748626 -0.020371702773606077 -0.013418175998856039
leaf_weight=203 24 37 54 20 35 467 62 33 55 35 43 36 38 130 1479 49 42 21 62 31 555 36 26 76 21 65 20 35 204 85
leaf_count=203 24 37 54 20 35 467 62 33 55 35 43 36 38 130 1479 49 42 21 62 31 555 36 26 76 21 65 20 35 204 85
internal_value=0 0.000504305 0.0134071 0.019395 0.00442705 4.58291e-05 0.000283657 -0.00352117 0.00166481 0.0105488 -0.00809156 0.00183753 0.0217055 -0.0115674 0.0038925 0.0218366 -0.00603727 0.0071392 0.0113554 0.00718274 0.0100697 0.0079307 -0.00642619 0.00182122 0.00651327 -0.00280663 0.0138893 0.0283747 -0.0122521 -0.000420746
internal_weight=0 3876 133 109 55 3743 3706 987 2719 242 745 278 112 166 2132 144 98 63 95 69 653 591 587 243 217 141 76 55 344 140
internal_count=4079 3876 133 109 55 3743 3706 987 2719 242 745 278 112 166 2132 144 98 63 95 69 653 591 587 243 217 141 76 55 344 140
shrinkage=0.1


Tree=26
num_leaves=31
num_cat=0
split_feature=2 3 0 10 9 9 5 2 6 15 15 5 8 0 13 0 3 3 1 2 1 6 13 10 5 7 13 14 14 1
split_gain=1.91009 2.14236 1.80541 3.38575 3.61542 2.25087 2.05127 2.33006 3.59884 4.4668 3.73588 3.69711 3.59626 4.43891 3.9454 3.56681 3.32142 4.16707 3.22474 3.18218 3.10306 3.08344 2.98234 3.09782 2.74534 2.70149 3.67583 2.9436 2.93783 4.88913
threshold=46.500000000000007 3.5000000000000004 24.500000000000004 1.0000000180025095e-35 7.5000000000000009 12.500000000000002 1.5000000000000002 27.500000000000004 2.5000000000000004 56.500000000000007 4.5000000000000009 4.5000000000000009 16.500000000000004 30.500000000000004 5.5000000000000009 30.500000000000004 3.5000000000000004 5.5000000000000009 19.500000000000004 35.500000000000007 11.500000000000002 2.5000000000000004 8.5000000000000018 3.5000000000000004 2.5000000000000004 5.5000000000000009 5.5000000000000009 16.500000000000004 18.500000000000004 7.5000000000000009
decision_type=2 2 2 2 2 2 2 2 2 2 2 2 2 2 2 2 2 2 2 2 2 2 2 2 2 2 2 2 2 2
left_child=2 -2 3 4 -1 -6 -4 12 9 25 22 16 14 18 24 20 -12 -18 21 -13 -16 -14 -10 -24 -8 26 -9 -28 29 -27
right_child=1 -3 6 -5 5 -7 7 8 10 -11 11 19 13 -15 15 -17 17 -19 -20 -21 -22 -23 23 -25 -26 28 27 -29 -30 -31
leaf_value=-0.012256548021520888 -0.0317525373150905 -0.0046561635353348473 -0.011823860798840938 -0.0024535594565540924 0.054998438184460013 0.015676635745409374 0.013513881743770757 -0.015606910109519959 0.04967848863452673 0.035639875324872825 -0.013966429089346239 0.056908143650401727 -0.057024608552455905 0.0087411239743232731 0.0089467786712411016 -0.0042565312668465189 0.03962531504221261 0.0013666720468868583 0.015621186494827272 0.0068364962935447693 0.044943446008598106 -0.012788897156715393 -0.0098184903783182943 0.036987134470389441 0.04093919788321404 -0.036896859407424924 0.03235433606637849 -0.0080849211525034024 0.004034755698930804 -0.0081964728495349057
leaf_weight=28 36 154 92 1944 24 37 73 50 32 26 124 22 26 156 81 138 32 258 20 30 34 40 31 26 73 80 54 27 101 230
leaf_count=28 36 154 92 1944 24 37 73 50 32 26 124 22 26 156 81 138 32 258 20 30 34 40 31 26 73 80 54 27 101 230
internal_value=0 -0.00979021 0.000478308 -0.00158038 0.0174923 0.0311475 0.00273332 0.00349254 0.000746712 -0.00484911 0.00647361 0.00288809 0.00830309 -0.0013147 0.0141364 0.00658247 -0.000268661 0.00558832 -0.0195555 0.0280207 0.0195893 -0.0302151 0.0252472 0.0115314 0.0272265 -0.00679139 0.00571371 0.0188746 -0.0107772 -0.015603
internal_weight=0 190 3889 2033 89 61 1856 1764 1123 568 555 466 641 242 399 253 414 290 86 52 115 66 89 57 146 542 131 81 411 310
internal_count=4079 190 3889 2033 89 61 1856 1764 1123 568 555 466 641 242 399 253 414 290 86 52 115 66 89 57 146 542 131 81 411 310
shrinkage=0.1


Tree=27
num_leaves=31
num_cat=0
split_feature=4 7 2 10 14 14 10 14 13 13 0 13 8 13 1 1 7 7 2 15 2 13 15 3 8 1 15 14 14 1
split_gain=1.7681 2.75682 2.69493 2.39864 2.86844 2.77733 2.5412 2.72249 3.74833 2.46802 2.82207 2.10956 2.93419 5.9827 2.70971 2.63076 2.78375 4.4788 3.25018 5.23813 4.47687 4.32641 3.95774 3.87168 2.85875 3.20306 2.68899 4.62912 4.04317 3.56183
threshold=1.5000000000000002 16.500000000000004 34.500000000000007 4.5000000000000009 2.5000000000000004 1.5000000000000002 1.5000000000000002 27.500000000000004 4.5000000000000009 16.500000000000004 19.500000000000004 11.500000000000002 38.500000000000007 8.5000000000000018 25.500000000000004 24.500000000000004 16.500000000000004 19.500000000000004 29.500000000000004 6.5000000000000009 35.500000000000007 4.5000000000000009 14.500000000000002 10.500000000000002 6.5000000000000009 3.5000000000000004 17.500000000000004 5.5000000000000009 14.500000000000002 2.5000000000000004
decision_type=2 2 2 2 2 2 2 2 2 2 2 2 2 2 2 2 2 2 2 2 2 2 2 2 2 2 2 2 2 2
left_child=1 2 3 4 5 -1 7 8 -6 -8 -11 12 14 -14 15 16 26 -18 19 21 23 -19 -22 -20 -21 -26 27 29 -28 -2
right_child=11 -3 -4 -5 6 -7 9 -9 -10 10 -12 -13 13 -15 -16 -17 17 18 20 24 22 -23 -24 -25 25 -27 28 -29 -30 -31
leaf_value=-0.004249178102383247 -0.024003228274258701 0.021982214007622156 -0.013876790977806683 0.02514038383960724 0.041855749778631261 -0.052525731040672818 -0.0095235168091399938 -0.019081971670190493 0.0031271434854716063 -0.019445264029006162 0.020851250016500081 -0.0018914481085774146 -0.021387247581567084 0.02705970537481886 0.019010418006258103 -0.030976650254292921 -0.024375123641005272 0.020566722112042565 -0.050163508247998027 0.055502012968063355 0.024743523550968545 -0.039477804303169252 -0.013445449132343818 0.0030841911380941221 -0.016617214253970555 0.029786667812104317 0.026813089162591966 0.0092608332723738192 -0.012112861082834357 0.00045095156354142685
leaf_weight=26 77 39 251 32 41 22 283 24 64 24 63 1368 112 33 119 22 81 21 36 25 51 28 58 22 21 51 124 664 34 263
leaf_count=26 77 39 251 32 41 22 283 24 64 24 63 1368 112 33 119 22 81 21 36 25 51 28 58 22 21 51 124 664 34 263
internal_value=0 -0.00400147 -0.00522239 -0.00147066 -0.00302743 -0.0263759 -0.000781477 0.0113043 0.0182497 -0.00499517 0.00973497 0.00108326 0.0032925 -0.0103614 0.00445915 0.00336181 0.00384732 -0.00341651 0.00200729 0.0129057 -0.00752066 -0.0137444 0.00442279 -0.0299661 0.0263681 0.0162522 0.00631027 0.00440194 0.0184366 -0.0050872
internal_weight=0 869 830 579 547 48 499 129 105 370 87 3210 1842 145 1697 1578 1556 394 313 146 167 49 109 58 97 72 1162 1004 158 340
internal_count=4079 869 830 579 547 48 499 129 105 370 87 3210 1842 145 1697 1578 1556 394 313 146 167 49 109 58 97 72 1162 1004 158 340
shrinkage=0.1


Tree=28
num_leaves=31
num_cat=0
split_feature=6 14 15 15 9 9 9 7 13 0 0 3 14 1 9 6 10 8 1 15 14 14 14 3 9 15 3 4 13 12
split_gain=1.61852 2.84337 3.04372 3.82391 4.58729 4.42938 3.32432 6.33275 3.1245 2.91538 3.36825 2.8045 2.75141 3.61168 2.71362 3.86012 4.29901 2.58085 2.5358 2.87708 2.50461 2.42317 2.24841 3.00685 2.66829 2.2302 2.21361 2.18976 2.46867 2.15013
threshold=3.5000000000000004 51.500000000000007 32.500000000000007 6.5000000000000009 9.5000000000000018 14.500000000000002 18.500000000000004 15.500000000000002 42.500000000000007 26.500000000000004 22.500000000000004 9.5000000000000018 14.500000000000002 1.5000000000000002 53.500000000000007 5.5000000000000009 1.5000000000000002 11.500000000000002 17.500000000000004 43.500000000000007 3.5000000000000004 6.5000000000000009 6.5000000000000009 12.500000000000002 28.500000000000004 17.500000000000004 17.500000000000004 1.5000000000000002 7.5000000000000009 1.5000000000000002
decision_type=2 2 2 2 2 2 2 2 2 2 2 2 2 2 2 2 2 2 2 2 2 2 2 2 2 2 2 2 2 2
left_child=29 2 3 5 20 12 7 27 9 10 11 -7 13 -2 15 16 -8 -15 19 -4 -5 -11 24 -24 -18 -16 -25 -6 -29 -1
right_child=1 -3 18 4 6 8 14 -9 -10 21 -12 -13 -14 17 25 -17 22 -19 -20 -21 -22 -23 23 26 -26 -27 -28 28 -30 -31
leaf_value=0.0054116154012317482 -0.016677335175600921 -0.018117792930519374 0.025213625325876121 0.0015953972339630127 -0.027676300775437132 0.012415798008441926 0.01417815904033945 0.049907715417243342 0.039977824836969378 -0.015114552492187136 -0.046293930385423745 -0.025802973657846451 0.052871795671601454 0.056855849209039112 0.00040723975090419548 0.033244820386171346 0.017626709105639623 0.013218894239627955 0.035331143864563534 -0.018510353289268637 -0.036578226414593788 0.025133270455094489 -0.041879609723885852 0.015341563026110332 -0.02649088834340756 0.042490981146693231 -0.026708057234364171 0.029801503689058369 -0.0094977052374319599 -0.0021775186444154839
leaf_weight=434 22 57 34 25 21 48 47 37 20 21 23 32 31 23 34 20 29 33 56 27 55 52 66 21 26 20 31 31 33 2670
leaf_count=434 22 57 34 25 21 48 47 37 20 21 23 32 31 23 34 20 29 33 56 27 55 52 66 21 26 20 31 31 33 2670
internal_value=0 0.00355419 0.00489983 0.00269915 -0.00271894 0.0115102 0.00149837 0.0153755 0.00252339 -0.0017328 -0.0125679 -0.00287171 0.02767 0.0176539 -0.00426015 -0.00881729 -0.0126411 0.0311412 0.019966 0.00586039 -0.024649 0.0135551 -0.0199273 -0.0277104 -0.00322888 0.0159938 -0.00972648 0.000343765 0.00953785 -0.00111641
internal_weight=0 975 918 801 496 305 416 122 196 176 103 80 109 78 294 240 220 56 117 61 80 73 173 118 55 54 52 85 64 3104
internal_count=4079 975 918 801 496 305 416 122 196 176 103 80 109 78 294 240 220 56 117 61 80 73 173 118 55 54 52 85 64 3104
shrinkage=0.1


Tree=29
num_leaves=31
num_cat=0
split_feature=0 11 5 6 15 9 9 15 5 8 0 1 1 11 8 1 4 14 1 10 13 4 3 0 14 9 14 5 8 14
split_gain=1.53021 1.81656 1.64279 1.85244 2.14249 3.58965 3.30464 4.40584 3.46617 3.88685 4.27953 7.51592 4.86279 5.49442 3.15779 2.70215 2.40222 2.39411 3.02777 2.42374 2.3767 2.22802 2.1496 3.29497 2.12157 4.44166 2.50104 3.66335 4.18768 3.54792
threshold=4.5000000000000009 2.5000000000000004 1.0000000180025095e-35 3.5000000000000004 6.5000000000000009 14.500000000000002 9.5000000000000018 16.500000000000004 1.5000000000000002 21.500000000000004 27.500000000000004 6.5000000000000009 3.5000000000000004 2.5000000000000004 29.500000000000004 11.500000000000002 2.5000000000000004 36.500000000000007 4.5000000000000009 2.5000000000000004 42.500000000000007 2.5000000000000004 9.5000000000000018 36.500000000000007 66.500000000000014 9.5000000000000018 51.500000000000007 4.5000000000000009 11.500000000000002 37.500000000000007
decision_type=2 2 2 2 2 2 2 2 2 2 2 2 2 2 2 2 2 2 2 2 2 2 2 2 2 2 2 2 2 2
left_child=1 -1 -2 24 5 -5 7 -6 21 10 12 -12 -10 -14 16 -15 -11 18 -16 -20 -7 -8 -13 -24 26 -26 27 -4 -29 -30
right_child=2 -3 3 4 6 20 8 -9 9 14 11 22 13 15 17 -17 -18 -19 19 -21 -22 -23 23 -25 25 -27 -28 28 29 -31
leaf_value=0.0083269910443396801 -0.023072577019532525 -0.027840611502164749 -0.0018006830054787951 0.025413709373346402 -0.030232323912473824 -0.00069988131691507032 0.002574391527609392 0.021540998735211113 0.059831115513136891 -0.051962763638723465 -0.037858408358361989 0.029814800123373671 0.050843865144997835 -0.02067159013822675 -0.022652668692171574 0.017340217497613695 -0.0072206931986979073 -0.021998361185673748 0.03588709566742182 0.00377550506800936 0.035668076649308204 -0.03995156117847988 -0.02426710824171702 0.021677313946388863 0.056113057285547253 -0.0051440761007111651 -0.021682360215947549 0.041364930805407076 0.0010839101137259067 0.04344702234322375
leaf_weight=21 30 41 2685 112 65 177 22 22 33 21 36 51 32 32 24 45 28 31 40 57 20 28 27 37 20 29 58 38 195 22
leaf_count=21 30 41 2685 112 65 177 22 22 33 21 36 51 32 32 24 45 28 31 40 57 20 28 27 37 20 29 58 38 195 22
internal_value=0 -0.0155903 0.000240627 0.000416046 0.00429685 0.0111192 0.000955976 -0.0171402 0.00385004 0.00638953 0.0137363 0.00201656 0.0261989 0.0160167 -0.00432002 0.0015431 -0.0263959 0.00279654 0.00914896 0.0170174 0.0029923 -0.0212401 0.0144992 0.00229451 -0.000781183 0.0198588 -0.00111853 -0.000712847 0.0107414 0.00537879
internal_weight=0 62 4017 3987 940 309 631 87 544 494 293 151 142 109 201 77 49 152 121 97 197 50 115 64 3047 49 2998 2940 255 217
internal_count=4079 62 4017 3987 940 309 631 87 544 494 293 151 142 109 201 77 49 152 121 97 197 50 115 64 3047 49 2998 2940 255 217
shrinkage=0.1


Tree=30
num_leaves=31
num_cat=0
split_feature=0 3 13 3 2 1 1 3 14 9 3 6 11 7 1 7 10 7 2 1 7 5 14 14 0 15 15 9 0 2
split_gain=1.42877 2.32054 2.09774 2.20706 1.70455 2.28908 2.24572 2.97088 2.42782 2.33342 1.4774 5.21792 3.41374 5.84694 5.02465 4.99406 4.38337 4.05636 3.14094 5.13812 3.08606 7.31895 4.54352 3.62766 2.9778 2.91111 2.90719 3.53686 3.8193 4.50663
threshold=44.500000000000007 14.500000000000002 14.500000000000002 6.5000000000000009 46.500000000000007 7.5000000000000009 18.500000000000004 5.5000000000000009 7.5000000000000009 13.500000000000002 7.5000000000000009 1.0000000180025095e-35 2.5000000000000004 3.5000000000000004 5.5000000000000009 11.500000000000002 1.5000000000000002 2.5000000000000004 27.500000000000004 16.500000000000004 8.5000000000000018 2.5000000000000004 18.500000000000004 13.500000000000002 19.500000000000004 8.5000000000000018 10.500000000000002 18.500000000000004 24.500000000000004 36.500000000000007
decision_type=2 2 2 2 2 2 2 2 2 2 2 2 2 2 2 2 2 2 2 2 2 2 2 2 2 2 2 2 2 2
left_child=4 2 3 -2 10 -6 7 -7 -8 -9 11 24 14 17 16 20 -13 -14 -16 25 22 -22 23 -15 -1 -20 27 28 -17 -30
right_child=1 -3 -4 -5 5 6 8 9 -10 -11 -12 12 13 15 18 26 -18 -19 19 -21 21 -23 -24 -25 -26 -27 -28 -29 29 -31
leaf_value=0.0045861032876101408 -0.010271309863663081 -0.010619385854194039 0.036404560888424899 0.030618982558900661 -0.031660023566923649 -0.021908553725197205 0.0047364765312522651 0.04805887291828792 -0.031825072708584014 0.0028424770832061771 -0.002093281621247335 0.031102338505954275 -0.0059234145091988195 0.0035409433530135589 0.026243966182724378 -0.0021324231116859999 -0.0036770654794497371 -0.034501277038029264 0.013866642862558365 0.024585214747141485 -0.0026931743069392878 0.036626446958897371 0.026834575320993155 -0.027338080950405286 -0.040305753370953934 -0.029792053181500661 -0.010086154981145581 -0.016661630691059175 0.011800813274597054 0.060851323432647264
leaf_weight=22 33 38 39 22 38 21 32 21 42 25 1683 41 171 220 183 108 312 70 24 73 82 112 70 46 45 42 309 62 67 26
leaf_count=22 33 38 39 22 38 21 32 21 42 25 1683 41 171 220 183 108 312 70 24 73 82 112 70 46 45 42 309 62 67 26
internal_value=0 0.0102341 0.0186643 0.00608481 -0.000342261 -0.0098768 -0.00400615 0.00925699 -0.0160147 0.0234847 0.00011068 0.00188971 0.00280124 -0.000114632 0.00860274 0.002971 0.000362469 -0.014224 0.0176363 0.00630398 0.00996452 0.0200068 0.0041663 -0.00179904 -0.0255651 -0.0139162 -0.00350901 0.0042185 0.0106591 0.0255139
internal_weight=0 132 94 55 3947 179 141 67 74 46 3768 2085 2018 1343 675 1102 353 241 322 139 530 194 336 266 67 66 572 263 201 93
internal_count=4079 132 94 55 3947 179 141 67 74 46 3768 2085 2018 1343 675 1102 353 241 322 139 530 194 336 266 67 66 572 263 201 93
shrinkage=0.1


Tree=31
num_leaves=31
num_cat=0
split_feature=0 13 13 8 13 1 7 3 0 13 2 7 8 2 12 2 2 0 2 8 5 7 15 10 15 15 10 14 15 14
split_gain=1.28702 2.12941 1.98813 3.63552 3.22226 2.45491 2.48796 2.40929 2.96949 4.48156 3.36753 2.80523 4.0711 4.03274 2.3981 2.35404 4.48148 2.27402 2.23832 2.89382 2.22436 4.84279 2.53841 2.01469 2.50463 2.31998 3.35821 1.9053 5.35214 3.0635
threshold=24.500000000000004 67.500000000000014 30.500000000000004 45.500000000000007 13.500000000000002 30.500000000000004 11.500000000000002 1.5000000000000002 20.500000000000004 3.5000000000000004 17.500000000000004 14.500000000000002 10.500000000000002 24.500000000000004 2.5000000000000004 15.500000000000002 10.500000000000002 6.5000000000000009 32.500000000000007 31.500000000000004 3.5000000000000004 7.5000000000000009 5.5000000000000009 4.5000000000000009 9.5000000000000018 10.500000000000002 3.5000000000000004 5.5000000000000009 17.500000000000004 10.500000000000002
decision_type=2 2 2 2 2 2 2 2 2 2 2 2 2 2 2 2 2 2 2 2 2 2 2 2 2 2 2 2 2 2
left_child=1 2 4 23 5 6 17 8 9 -8 -11 12 -9 -14 -15 16 -6 -1 -13 -20 -17 -22 -23 25 -25 26 -4 28 -19 -29
right_child=-2 -3 3 -5 15 -7 7 11 -10 10 -12 18 13 14 -16 20 -18 27 19 -21 21 22 -24 24 -26 -27 -28 29 -30 -31
leaf_value=-0.021048501172126869 0.0018253148784541766 -0.023006561852019769 0.033831700510703604 0.040749481072028478 -0.022724509645592084 0.034001214447475614 0.031238044963942637 -0.059350445151329048 0.032110749324783687 0.017349000126123431 -0.031643421726023899 0.001968545910250934 0.017406669046197618 -0.049406386273247858 -0.0052871092476628051 -0.017312032624914198 0.038077184447535765 -0.0075859271016987893 -0.027932657657758049 0.010683149927192265 -0.028105675333585496 0.042284390578667327 0.0015160550673802694 -0.0051138690114021302 0.043781754374504094 -0.022239514225059084 -0.018625080585479736 0.014389492039913899 0.031999021883194263 -7.537232836087546e-05
leaf_weight=39 1984 46 26 30 22 21 27 25 32 20 47 173 28 28 22 271 27 275 69 27 39 24 42 20 22 45 23 286 39 300
leaf_count=39 1984 46 26 30 22 21 27 25 32 20 47 173 28 28 22 271 27 275 69 27 39 24 42 20 22 45 23 286 39 300
internal_value=0 -0.0017286 -0.00125091 0.00924021 -0.00217578 5.76404e-05 -0.000438403 -0.00615203 0.00579929 -0.0031578 -0.0170188 -0.0102001 -0.0242337 -0.0129783 -0.0299939 -0.00983774 0.0107785 0.00259182 -0.00482658 -0.017072 -0.0125244 -0.000167825 0.0163409 0.00228964 0.0204981 -0.00584607 0.00920913 0.00361624 -0.00266933 0.00698427
internal_weight=0 2095 2049 166 1883 1458 1437 498 126 94 67 372 103 78 50 425 49 939 269 96 376 105 66 136 42 94 49 900 314 586
internal_count=4079 2095 2049 166 1883 1458 1437 498 126 94 67 372 103 78 50 425 49 939 269 96 376 105 66 136 42 94 49 900 314 586
shrinkage=0.1


end of trees

feature_importances:
Column_0=101
Column_2=101
Column_3=75
Column_14=75
Column_15=75
Column_1=73
Column_8=71
Column_9=68
Column_13=65
Column_7=55
Column_4=38
Column_5=37
Column_6=37
Column_10=35
Column_12=28
Column_11=26

parameters:
[boosting: gbdt]
[objective: regression]
[metric: l2]
[tree_learner: serial]
[device_type: cpu]
[data: ]
[valid: ]
[num_iterations: 10000]
[learning_rate: 0.1]
[num_leaves: 31]
[num_threads: 0]
[deterministic: 0]
[force_col_wise: 0]
[force_row_wise: 0]
[histogram_pool_size: -1]
[max_depth: -1]
[min_data_in_leaf: 20]
[min_sum_hessian_in_leaf: 0.001]
[bagging_fraction: 1]
[pos_bagging_fraction: 1]
[neg_bagging_fraction: 1]
[bagging_freq: 0]
[bagging_seed: 3]
[feature_fraction: 1]
[feature_fraction_bynode: 1]
[feature_fraction_seed: 2]
[extra_trees: 0]
[extra_seed: 6]
[early_stopping_round: 10]
[first_metric_only: 0]
[max_delta_step: 0]
[lambda_l1: 0]
[lambda_l2: 0]
[min_gain_to_split: 0]
[drop_rate: 0.1]
[max_drop: 50]
[skip_drop: 0.5]
[xgboost_dart_mode: 0]
[uniform_drop: 0]
[drop_seed: 4]
[top_rate: 0.2]
[other_rate: 0.1]
[min_data_per_group: 100]
[max_cat_threshold: 32]
[cat_l2: 10]
[cat_smooth: 10]
[max_cat_to_onehot: 4]
[top_k: 20]
[monotone_constraints: ]
[monotone_constraints_method: basic]
[monotone_penalty: 0]
[feature_contri: ]
[forcedsplits_filename: ]
[refit_decay_rate: 0.9]
[cegb_tradeoff: 1]
[cegb_penalty_split: 0]
[cegb_penalty_feature_lazy: ]
[cegb_penalty_feature_coupled: ]
[path_smooth: 0]
[interaction_constraints: ]
[verbosity: 1]
[saved_feature_importance_type: 0]
[max_bin: 255]
[max_bin_by_feature: ]
[min_data_in_bin: 3]
[bin_construct_sample_cnt: 200000]
[data_random_seed: 1]
[is_enable_sparse: 1]
[enable_bundle: 1]
[use_missing: 1]
[zero_as_missing: 0]
[feature_pre_filter: 1]
[pre_partition: 0]
[two_round: 0]
[header: 0]
[label_column: ]
[weight_column: ]
[group_column: ]
[ignore_column: ]
[categorical_feature: ]
[forcedbins_filename: ]
[objective_seed: 5]
[num_class: 1]
[is_unbalance: 0]
[scale_pos_weight: 1]
[sigmoid: 1]
[boost_from_average: 1]
[reg_sqrt: 0]
[alpha: 0.9]
[fair_c: 1]
[poisson_max_delta_step: 0.7]
[tweedie_variance_power: 1.5]
[lambdarank_truncation_level: 30]
[lambdarank_norm: 1]
[label_gain: ]
[eval_at: ]
[multi_error_top_k: 1]
[auc_mu_weights: ]
[num_machines: 1]
[local_listen_port: 12400]
[time_out: 120]
[machine_list_filename: ]
[machines: ]
[gpu_platform_id: -1]
[gpu_device_id: -1]
[gpu_use_dp: 0]
[num_gpu: 1]

end of parameters

pandas_categorical:null
