tree
version=v3
num_class=1
num_tree_per_iteration=1
label_index=0
max_feature_idx=15
objective=regression
feature_names=Column_0 Column_1 Column_2 Column_3 Column_4 Column_5 Column_6 Column_7 Column_8 Column_9 Column_10 Column_11 Column_12 Column_13 Column_14 Column_15
feature_infos=[1:49] [0:65] [1:49] [0:57] [0:7] [0:8] [0:8] [0:176] [0:250] [0:157] [0:8] [0:7] [0:7] [0:230] [0:158] [0:187]
tree_sizes=2739 2737 2752 2728 2760 2762 2778 2751 2753 2758

Tree=0
num_leaves=31
num_cat=0
split_feature=0 2 0 0 2 2 1 3 6 13 10 15 2 1 10 13 1 0 2 4 5 7 14 1 12 4 9 8 6 4
split_gain=90.2853 44.0189 18.0399 14.7506 14.0316 9.39532 7.28533 6.85908 6.68459 5.93536 8.56414 7.3268 5.73943 6.03217 6.47399 7.14068 5.98403 5.9079 5.65357 5.4899 5.95524 5.01501 4.6528 6.73057 8.37967 8.34993 4.92341 6.86617 4.68643 4.61375
threshold=35.500000000000007 37.500000000000007 19.500000000000004 44.500000000000007 22.500000000000004 20.500000000000004 19.500000000000004 1.5000000000000002 4.5000000000000009 21.500000000000004 1.5000000000000002 10.500000000000002 41.500000000000007 19.500000000000004 2.5000000000000004 6.5000000000000009 1.0000000180025095e-35 31.500000000000004 15.500000000000002 1.5000000000000002 2.5000000000000004 13.500000000000002 17.500000000000004 6.5000000000000009 2.5000000000000004 1.5000000000000002 8.5000000000000018 8.5000000000000018 2.5000000000000004 1.5000000000000002
decision_type=2 2 2 2 2 2 2 2 2 2 2 2 2 2 2 2 2 2 2 2 2 2 2 2 2 2 2 2 2 2
left_child=2 3 5 8 22 -1 21 -7 9 10 -2 -12 13 14 15 16 -6 -17 -5 -16 -21 -3 23 26 25 -25 27 -4 -24 -20
right_child=1 6 4 18 12 7 -8 -9 -10 -11 11 -13 -14 -15 19 17 -18 -19 29 20 -22 -23 28 24 -26 -27 -28 -29 -30 -31
leaf_value=-0.11997476355265177 -0.048687500665079292 -0.11608675043499336 -0.099174907783616956 -0.0081326250712651094 -0.12849068745367948 -0.11711396723065848 -0.071392044822207734 -0.15347174104727124 -0.0367269750984653 -0.053305921498310892 -0.077444348321985365 -0.12087725545425829 -0.15663516870538052 -0.071706730089480281 -0.17393749325547692 -0.13353243236323598 -0.086724900028555998 -0.08209134488378042 -0.074761028564010928 -0.14614802122764808 -0.11151442003877726 -0.15770220010552877 -0.13736606686387534 -0.11093749701056951 -0.10736606864018836 -0.042459240222626718 -0.090312498239915315 -0.13450892417703147 -0.098794640579656742 -0.039346592181166748
leaf_weight=322 40 67 139 41 47 68 22 219 38 57 73 83 43 26 30 158 127 26 51 95 104 51 63 24 63 69 160 91 63 132
leaf_count=322 40 67 139 41 47 68 22 219 38 57 73 83 43 26 30 158 127 26 51 95 104 51 63 24 63 69 160 91 63 132
internal_value=-0.106597 -0.0745024 -0.11745 -0.060986 -0.110915 -0.131701 -0.124223 -0.144857 -0.0758344 -0.0817082 -0.0899681 -0.100553 -0.121319 -0.118841 -0.120929 -0.11253 -0.0980065 -0.126264 -0.0416964 -0.13406 -0.128048 -0.134073 -0.100759 -0.0967617 -0.0792067 -0.060131 -0.103784 -0.113155 -0.11808 -0.0492162
internal_weight=0 655 1937 515 1328 609 140 287 291 253 196 156 656 613 587 358 174 184 224 229 199 118 672 546 156 93 390 230 126 183
internal_count=2592 655 1937 515 1328 609 140 287 291 253 196 156 656 613 587 358 174 184 224 229 199 118 672 546 156 93 390 230 126 183
shrinkage=1


Tree=1
num_leaves=31
num_cat=0
split_feature=0 2 2 0 2 0 7 2 11 2 12 7 9 3 8 0 2 5 8 0 6 3 0 15 9 2 12 0 10 2
split_gain=73.1748 27.695 17.2208 15.8557 19.7009 12.134 8.81196 6.81846 5.66997 5.34338 5.10186 6.7041 6.24267 6.81445 8.71668 6.0801 5.8955 4.48108 5.92605 4.34072 7.90383 4.04144 4.01404 4.88807 4.76906 4.59235 6.18799 4.90195 4.78878 5.9403
threshold=32.500000000000007 41.500000000000007 25.500000000000004 42.500000000000007 31.500000000000004 18.500000000000004 17.500000000000004 15.500000000000002 3.5000000000000004 13.500000000000002 2.5000000000000004 27.500000000000004 7.5000000000000009 6.5000000000000009 5.5000000000000009 26.500000000000004 22.500000000000004 2.5000000000000004 13.500000000000002 23.500000000000004 2.5000000000000004 13.500000000000002 20.500000000000004 11.500000000000002 13.500000000000002 38.500000000000007 1.5000000000000002 21.500000000000004 2.5000000000000004 29.500000000000004
decision_type=2 2 2 2 2 2 2 2 2 2 2 2 2 2 2 2 2 2 2 2 2 2 2 2 2 2 2 2 2 2
left_child=2 3 5 7 21 6 -1 -2 10 -10 12 -12 15 19 -15 -7 -16 -9 -19 -14 -21 -5 23 -4 -25 26 -24 -28 29 -29
right_child=1 -3 22 4 -6 8 -8 17 9 -11 11 -13 13 14 16 -17 -18 18 -20 20 -22 -23 25 24 -26 -27 27 28 -30 -31
leaf_value=-0.024779147047927413 0.04520646654601608 -0.027990249205719343 -0.04779074961761777 0.07661503432101982 0.016345338433077842 -0.0069915682230240264 0.02322828534037568 -0.0051858815471682931 -0.058142527937889099 -0.0072025616963704428 -0.010758730361075816 0.045747930329778919 0.05388867155710856 0.052204728788799719 0.0030021395948198106 0.038273993389947081 -0.060554969608783732 0.036514995239748819 0.0010163668924095955 -0.016823937239185457 0.057939423506076518 0.0487255510841978 0.030330426565238405 -0.038039234363370478 0.017558055233072353 -0.045181214501117839 0.022878658533096313 -0.030852663955267742 -0.039647444194326031 0.012510976548922265
leaf_weight=345 70 88 139 129 132 195 43 113 26 99 241 23 75 27 54 35 20 101 88 31 26 87 28 36 27 58 25 68 104 59
leaf_count=345 70 88 139 129 132 195 43 113 26 99 241 23 75 27 54 35 20 101 88 31 26 87 28 36 27 58 25 68 104 59
internal_value=0 0.0249663 -0.0113076 0.0314388 0.0467817 -0.00480007 -0.0194587 0.0170858 0.00187547 -0.0177981 0.00525813 -0.0058358 0.0115838 0.0231205 0.00356974 -0.000103331 -0.0141755 0.0105677 0.0199865 0.0380798 0.0172786 0.0653818 -0.026141 -0.0373181 -0.0142118 -0.0195394 -0.0143026 -0.0191844 -0.0237367 -0.0107074
internal_weight=0 808 1784 720 348 1240 388 372 852 125 727 264 463 233 101 230 74 302 189 132 57 216 544 202 63 342 284 256 231 127
internal_count=2592 808 1784 720 348 1240 388 372 852 125 727 264 463 233 101 230 74 302 189 132 57 216 544 202 63 342 284 256 231 127
shrinkage=0.1


Tree=2
num_leaves=31
num_cat=0
split_feature=0 2 0 0 2 2 6 1 3 2 13 13 14 11 6 1 10 13 7 4 10 2 3 8 6 15 14 7 3 3
split_gain=59.5595 30.0408 11.8721 10.6295 9.44687 6.96189 6.44926 5.91038 5.36092 5.31461 5.19641 5.68089 5.17228 5.6214 4.46188 4.43049 5.25597 5.01812 5.50666 4.41588 4.39069 4.3809 6.40742 4.5929 4.3102 4.20434 4.48983 5.20031 4.15292 5.37689
threshold=35.500000000000007 37.500000000000007 19.500000000000004 45.500000000000007 23.500000000000004 20.500000000000004 4.5000000000000009 19.500000000000004 1.5000000000000002 20.500000000000004 3.5000000000000004 22.500000000000004 17.500000000000004 1.5000000000000002 1.5000000000000002 21.500000000000004 2.5000000000000004 7.5000000000000009 4.5000000000000009 1.5000000000000002 1.5000000000000002 30.500000000000004 8.5000000000000018 9.5000000000000018 1.5000000000000002 1.0000000180025095e-35 20.500000000000004 17.500000000000004 8.5000000000000018 14.500000000000002
decision_type=2 2 2 2 2 2 2 2 2 2 2 2 2 2 2 2 2 2 2 2 2 2 2 2 2 2 2 2 2 2
left_child=2 3 5 6 12 20 9 14 -7 -2 -11 -12 13 -4 -3 16 -6 -18 -19 -5 -1 22 23 -20 -22 -26 27 -27 -14 -30
right_child=1 7 4 19 15 8 -8 -9 -10 10 11 -13 28 -15 -16 -17 17 18 21 -21 24 -23 -24 -25 25 26 -28 -29 29 -31
leaf_value=0.015446848435835407 0.04025135295955759 -0.051554660766552657 0.042622810047726306 0.029356438310249994 -0.0068458949919880888 -0.0071736461099456339 0.062485887084242908 0.032578272711146959 -0.039316482896402001 0.051916998148792318 -0.0059172069834124664 0.03784093612279648 -0.029107208066172414 0.0051363303984810673 -0.010216225174408925 0.031887875000635786 -0.052038928763619791 -0.064467610012401241 -0.051017843051390212 0.065037759702573431 -0.059067568041029431 -0.029191019166918367 0.040730538483588929 0.01289301547019378 -0.049101623561647205 -0.0080481704031483518 -0.05124476835841224 0.045731986165046694 0.034086797945201398 -0.025363819146978446
leaf_weight=55 95 39 43 46 328 68 43 22 219 27 124 39 77 574 79 21 58 22 22 141 21 68 31 23 27 178 21 20 32 29
leaf_count=55 95 39 43 46 328 68 43 22 219 27 124 39 77 574 79 21 58 22 22 141 21 68 31 23 27 178 21 20 32 29
internal_value=0 0.0260677 -0.00881483 0.0372336 -0.00351321 -0.0203757 0.026386 -0.0150071 -0.0317008 0.0209393 0.0112833 0.00455253 0.00383445 0.00774884 -0.0238789 -0.0131947 -0.0149098 -0.0267176 -0.0178704 0.0562605 -0.0102816 -0.0107514 0.00574728 -0.0183523 -0.0155814 -0.0118692 -0.00727888 -0.00261583 -0.0136669 0.00582339
internal_weight=0 655 1937 515 1328 609 328 140 287 285 190 163 755 617 118 573 552 224 166 187 322 144 76 45 267 246 219 198 138 61
internal_count=2592 655 1937 515 1328 609 328 140 287 285 190 163 755 617 118 573 552 224 166 187 322 144 76 45 267 246 219 198 138 61
shrinkage=0.1


Tree=3
num_leaves=31
num_cat=0
split_feature=0 2 2 2 0 0 2 7 4 10 3 11 2 8 9 12 1 12 2 6 7 0 14 8 8 5 2 5 10 13
split_gain=49.2518 19.1506 11.8327 11.7056 8.20278 7.75231 8.70908 6.578 4.59474 5.66777 5.10116 7.4078 7.76516 6.88066 6.24108 6.11065 5.3546 7.75282 4.47076 4.32682 4.03332 3.85735 3.92557 3.59091 3.89239 6.2404 3.56352 4.17334 4.02787 4.71273
threshold=32.500000000000007 41.500000000000007 15.500000000000002 25.500000000000004 18.500000000000004 42.500000000000007 31.500000000000004 17.500000000000004 1.5000000000000002 4.5000000000000009 6.5000000000000009 2.5000000000000004 21.500000000000004 17.500000000000004 12.500000000000002 3.5000000000000004 5.5000000000000009 2.5000000000000004 17.500000000000004 3.5000000000000004 7.5000000000000009 41.500000000000007 21.500000000000004 3.5000000000000004 14.500000000000002 3.5000000000000004 20.500000000000004 2.5000000000000004 1.5000000000000002 5.5000000000000009
decision_type=2 2 2 2 2 2 2 2 2 2 2 2 2 2 2 2 2 2 2 2 2 2 2 2 2 2 2 2 2 2
left_child=3 2 21 4 7 23 -7 26 18 10 13 14 -13 15 -12 16 19 -18 -6 -10 -20 22 -2 -4 25 -25 28 -28 29 -1
right_child=1 -3 5 -5 8 6 -8 -9 9 -11 11 12 -14 -15 -16 -17 17 -19 20 -21 -22 -23 -24 24 -26 -27 27 -29 -30 -31
leaf_value=0.045657976919954477 0.014233025484200981 -0.023553590882908218 -0.022442701549241037 -0.021506429806022961 -0.037692446509997056 0.04742121696472168 0.01262198000243216 0.0209172643894373 -0.0014432926551770356 0.049670806913464156 -0.007898963873202984 -0.0070396988422839679 -0.059701554206284618 0.052143307072775702 0.03636751527688941 -0.030177702932130724 0.050125061441212898 -0.012964083041463579 -0.023000942743741551 0.040816227595011398 0.022478407468551245 0.070794047159142795 0.064157218166760038 0.012904623239787659 -0.0025241140657592392 0.063360908031463631 -0.058737845394922342 -0.01513852264199938 -0.020303713295941064 -0.019796564633196054
leaf_weight=22 36 88 33 544 54 158 132 43 236 27 91 77 44 35 49 42 64 28 39 27 39 64 28 134 105 30 46 42 213 22
leaf_count=22 36 88 33 544 54 158 132 43 236 27 91 77 44 35 49 42 64 28 39 27 39 64 28 134 105 30 46 42 213 22
internal_value=0 0.0204826 0.0258648 -0.00927688 -0.00391166 0.0199038 0.0315816 -0.0159641 0.001577 0.00472135 0.00297007 -0.0080679 -0.0261895 0.00963885 0.0075943 0.0058916 0.010159 0.030924 -0.015574 0.00289514 -0.000261268 0.0534345 0.0360749 0.00869008 0.0125093 0.0221344 -0.0205609 -0.0379291 -0.0146138 0.0129307
internal_weight=0 808 720 1784 1240 592 290 388 852 720 693 261 121 432 140 397 355 92 132 263 78 128 64 302 269 164 345 88 257 44
internal_count=2592 808 720 1784 1240 592 290 388 852 720 693 261 121 432 140 397 355 92 132 263 78 128 64 302 269 164 345 88 257 44
shrinkage=0.1


Tree=4
num_leaves=31
num_cat=0
split_feature=0 2 2 2 6 0 0 7 2 8 12 1 0 7 0 2 9 6 6 4 3 0 2 14 3 15 13 15 7 7
split_gain=39.894 15.5119 9.58446 9.48152 6.79113 6.61946 6.1177 5.99765 5.787 4.94272 4.4216 5.72076 4.1449 6.20283 5.72792 7.38835 4.76168 4.22824 3.79648 3.61732 3.53202 4.6273 5.92167 4.13544 3.70892 6.40718 4.70333 4.09892 3.61434 3.55539
threshold=32.500000000000007 41.500000000000007 15.500000000000002 25.500000000000004 1.0000000180025095e-35 45.500000000000007 26.500000000000004 3.5000000000000004 37.500000000000007 3.5000000000000004 1.5000000000000002 5.5000000000000009 23.500000000000004 20.500000000000004 18.500000000000004 14.500000000000002 17.500000000000004 2.5000000000000004 4.5000000000000009 1.5000000000000002 1.5000000000000002 24.500000000000004 38.500000000000007 11.500000000000002 12.500000000000002 7.5000000000000009 4.5000000000000009 3.5000000000000004 8.5000000000000018 4.5000000000000009
decision_type=2 2 2 2 2 2 2 2 2 2 2 2 2 2 2 2 2 2 2 2 2 2 2 2 2 2 2 2 2 2
left_child=3 2 -2 4 -1 9 10 -8 19 -4 11 -6 13 14 -12 -16 -14 -15 -11 -7 23 24 29 28 26 -26 -22 -28 -5 -23
right_child=1 -3 5 20 6 8 7 -9 -10 18 12 -13 16 17 15 -17 -18 -19 -20 -21 21 22 -24 -25 25 -27 27 -29 -30 -31
leaf_value=-0.045142262232931038 0.048091007868060844 -0.021198231997815047 -0.022737388908863069 -0.044531020522117618 -0.0089851664645331248 0.016323388785850712 -0.033505752434333166 0.019678495623744453 -0.0022764458849623397 0.010590152092114512 -0.016585116545842413 0.056156354225598851 -0.015215113302608869 -0.0005899183750152589 -0.038882052756491162 0.0052772448814500522 -0.067142420439493089 0.056482944665131742 0.042573515995449965 0.050998871028423313 -0.011866580792095351 -0.041570733189582827 -0.047531883087423114 0.031886776135518005 -0.044375204784529554 0.014211642518639565 -0.01871687962728388 -0.058760848004841118 0.0015965139379306714 0.0037426820212556411
leaf_weight=38 128 88 40 26 28 41 24 182 37 319 329 26 111 25 42 387 21 27 42 113 46 20 36 26 35 40 34 103 49 129
leaf_count=38 128 88 40 26 28 41 24 182 37 319 329 26 111 25 42 387 21 27 42 113 46 20 36 26 35 40 34 103 49 129
internal_value=0 0.0184344 0.0232783 -0.00834919 -0.00352049 0.0179134 -0.00220466 0.0134823 0.0332351 0.0106156 -0.00544915 0.0223793 -0.00704441 -0.00436662 -0.00665865 0.000953957 -0.0234763 0.0290441 0.0143112 0.0417671 -0.0193558 -0.0232032 -0.0111338 -0.00248041 -0.0318576 -0.0131289 -0.0395334 -0.0488229 -0.0143944 -0.00233966
internal_weight=0 808 720 1784 1240 592 1202 206 191 401 996 54 942 810 758 429 132 52 361 154 544 443 185 101 258 75 183 137 75 149
internal_count=2592 808 720 1784 1240 592 1202 206 191 401 996 54 942 810 758 429 132 52 361 154 544 443 185 101 258 75 183 137 75 149
shrinkage=0.1


Tree=5
num_leaves=31
num_cat=0
split_feature=0 2 0 2 12 1 3 7 7 2 3 0 2 14 13 15 10 1 3 9 8 9 3 13 4 1 9 9 12 14
split_gain=32.7687 15.5735 8.99826 8.51091 6.5114 6.91743 5.74855 6.74799 6.80233 4.49459 4.46251 4.01575 5.63627 4.16639 5.71983 6.14464 4.02027 5.93762 3.86921 3.80791 3.783 4.5745 4.31792 3.70152 5.34108 3.65116 3.47567 3.44961 4.13717 3.27743
threshold=41.500000000000007 31.500000000000004 19.500000000000004 41.500000000000007 1.5000000000000002 5.5000000000000009 30.500000000000004 25.500000000000004 10.500000000000002 20.500000000000004 13.500000000000002 32.500000000000007 23.500000000000004 14.500000000000002 4.5000000000000009 19.500000000000004 1.5000000000000002 1.0000000180025095e-35 1.5000000000000002 8.5000000000000018 12.500000000000002 10.500000000000002 4.5000000000000009 12.500000000000002 2.5000000000000004 10.500000000000002 9.5000000000000018 9.5000000000000018 1.5000000000000002 1.0000000180025095e-35
decision_type=2 2 2 2 2 2 2 2 2 2 2 2 2 2 2 2 2 2 2 2 2 2 2 2 2 2 2 2 2 2
left_child=2 10 9 4 5 -4 7 8 19 -1 25 12 13 14 -6 -16 26 -18 -11 -3 22 -22 -19 24 -24 -2 -13 -12 -29 -14
right_child=1 6 3 -5 11 -7 -8 -9 -10 18 27 16 29 -15 15 -17 17 20 -20 -21 21 -23 23 -25 -26 -27 -28 28 -30 -31
leaf_value=-0.0072543441323760132 0.033167215552309469 -0.0079372932513554883 -0.008067374406976904 -0.035872010152731372 0.024022610797438511 0.040382788122832025 -0.047069345414638523 0.061298935521732684 -0.022068091775431779 -0.0036273674929843229 -0.0045237377552049497 0.00041911233039129345 0.020964542375161099 -0.013262703913409694 -0.0038432751703953399 0.048486162970463438 0.027304864517399965 -0.028483342060020997 -0.030934468660180427 0.036353234052658077 0.0049999424428851524 -0.049135196390184196 0.031514278302590057 0.046219599885599955 -0.038457067608833315 0.065412414040458333 0.051610393922116297 0.075446121692657478 0.021631428718566895 -0.015707008433372624
leaf_weight=322 58 30 47 67 129 79 20 22 66 68 28 21 26 147 345 24 71 28 219 55 27 37 24 28 20 89 36 20 50 389
leaf_count=322 58 30 47 67 129 79 20 22 66 68 28 21 26 147 345 24 71 28 219 55 27 37 24 28 20 89 36 20 50 389
internal_value=0 0.0249343 -0.00507021 -0.00101232 0.000567927 0.0223101 0.00368914 0.00955718 0.00201864 -0.0153649 0.0416703 -0.00145834 -0.00431878 0.00153029 0.0058969 -0.000439734 0.00892546 0.00314663 -0.0244645 0.0207213 -0.00731212 -0.0262969 0.00483817 0.0177965 -0.000290879 0.0526898 0.0327504 0.0251411 0.0370071 -0.0134095
internal_weight=0 438 2154 1545 1478 126 193 173 151 609 245 1352 1060 645 498 369 292 235 287 85 164 64 100 72 44 147 57 98 70 415
internal_count=2592 438 2154 1545 1478 126 193 173 151 609 245 1352 1060 645 498 369 292 235 287 85 164 64 100 72 44 147 57 98 70 415
shrinkage=0.1


Tree=6
num_leaves=31
num_cat=0
split_feature=0 2 0 2 12 1 3 7 13 9 7 3 2 13 0 7 6 1 1 2 14 1 3 15 8 3 14 13 3 3
split_gain=26.5426 12.6145 7.28859 6.89384 5.27424 5.60312 4.65633 5.46587 5.77565 4.34943 5.91113 3.66945 3.64062 3.42202 4.02401 3.83913 6.36023 5.14629 5.29394 3.91641 4.38088 5.82044 4.93333 5.93774 4.19602 3.39825 3.29316 4.03141 3.2366 3.13406
threshold=41.500000000000007 31.500000000000004 19.500000000000004 41.500000000000007 1.5000000000000002 5.5000000000000009 30.500000000000004 25.500000000000004 2.5000000000000004 8.5000000000000018 9.5000000000000018 9.5000000000000018 20.500000000000004 5.5000000000000009 25.500000000000004 15.500000000000002 1.5000000000000002 18.500000000000004 1.0000000180025095e-35 25.500000000000004 9.5000000000000018 9.5000000000000018 1.0000000180025095e-35 10.500000000000002 20.500000000000004 11.500000000000002 4.5000000000000009 4.5000000000000009 6.5000000000000009 1.5000000000000002
decision_type=2 2 2 2 2 2 2 2 2 2 2 2 2 2 2 2 2 2 2 2 2 2 2 2 2 2 2 2 2 2
left_child=2 11 12 4 5 -4 7 8 -3 -10 -11 -2 -1 14 -6 17 -17 18 25 20 22 -22 -20 28 -21 -15 -16 -28 -24 -14
right_child=1 6 3 -5 13 -7 -8 -9 9 10 -12 -13 29 15 26 16 -18 -19 19 24 21 -23 23 -25 -26 -27 27 -29 -30 -31
leaf_value=-0.0065289081068512821 0.05073040944680704 0.051870061159133909 -0.0072606373340525533 -0.032284809938117637 -0.0029048496075258913 0.036344508977630467 -0.04236241221427918 0.055169041048396719 -0.031891743804133219 0.03466146283033418 -0.017294526480613869 0.026180095908542474 -0.0032646312433130598 -0.002419109661288622 0.041012464645432262 -0.039235857239475959 0.012534252580787456 0.034642251695577914 -0.032693514674901968 -0.021917630907367258 -0.041488337925035666 0.011467934887984704 0.006154064096585669 0.043705463058808271 -0.067270378085474175 0.033848485440918896 0.0026655149703123135 0.042348014347014892 -0.029224894557680403 -0.027841022352105407
leaf_weight=322 113 20 47 67 262 79 20 22 43 41 47 132 68 119 41 27 196 26 40 136 73 29 99 34 24 33 147 31 35 219
leaf_count=322 113 20 47 67 262 79 20 22 43 41 47 132 68 119 41 27 196 26 40 136 73 29 99 34 24 33 147 31 35 219
internal_value=0 0.0224409 -0.00456319 -0.000911085 0.000511134 0.0200791 0.00332023 0.00860146 0.00181678 -0.00582494 0.00691224 0.0375033 -0.0138284 -0.00131251 0.0054575 -0.00505117 0.00626612 -0.00894586 -0.0107679 -0.0160143 -0.0094563 -0.0264321 -0.0011316 0.00638314 -0.0287205 0.00545478 0.0154618 0.00957651 -0.00308671 -0.022018
internal_weight=0 438 2154 1545 1478 126 193 173 151 131 88 245 609 1352 481 871 223 648 622 470 310 102 208 168 160 152 219 178 134 287
internal_count=2592 438 2154 1545 1478 126 193 173 151 131 88 245 609 1352 481 871 223 648 622 470 310 102 208 168 160 152 219 178 134 287
shrinkage=0.1


Tree=7
num_leaves=31
num_cat=0
split_feature=0 2 4 2 2 0 8 8 13 10 8 7 2 14 9 12 2 15 0 8 9 1 14 7 1 8 8 2 13 4
split_gain=22.0148 8.91991 7.12457 6.73243 6.27562 5.63861 4.76792 4.43973 4.31533 4.32953 4.21944 9.55115 6.63476 4.29081 4.12723 5.26998 4.07975 5.20769 5.40517 4.05637 3.78977 3.77554 3.66797 3.40799 3.30899 6.47967 5.35299 4.32819 3.26685 3.14421
threshold=32.500000000000007 41.500000000000007 1.5000000000000002 22.500000000000004 15.500000000000002 26.500000000000004 3.5000000000000004 57.000000000000007 35.500000000000007 1.0000000180025095e-35 15.500000000000002 7.5000000000000009 16.500000000000004 11.500000000000002 3.5000000000000004 1.5000000000000002 31.500000000000004 5.5000000000000009 45.500000000000007 23.500000000000004 17.500000000000004 1.5000000000000002 10.500000000000002 16.500000000000004 6.5000000000000009 18.500000000000004 12.500000000000002 19.500000000000004 14.500000000000002 2.5000000000000004
decision_type=2 2 2 2 2 2 2 2 2 2 2 2 2 2 2 2 2 2 2 2 2 2 2 2 2 2 2 2 2 2
left_child=2 4 10 5 -2 14 -6 8 9 -8 11 -1 -13 -12 -4 -16 17 -11 -19 21 24 -18 -7 -20 25 28 27 -26 -17 -24
right_child=1 -3 3 -5 6 22 7 -9 -10 16 13 12 -14 -15 15 20 19 18 23 -21 -22 -23 29 -25 26 -27 -28 -29 -30 -31
leaf_value=-0.030492697228556093 0.037445150443818423 -0.016359776393933732 -0.023705382498217301 -0.010925609579691464 -0.018262854218482973 0.041204078921249943 0.057415089299055672 -0.022475764566454396 0.041014924083930863 0.041534945291358157 -0.053896027058362966 -0.032157036532526433 0.030730183759043295 -0.012507636914419574 0.040019966749583975 -0.0032172579861976004 0.03479843923023769 0.0007531844883513966 0.010601089681897845 -0.036645636420983535 -0.028360501262876727 -0.0031720388322495499 0.028675787939744835 0.065245850086212157 0.059975228139332364 0.039079534326280869 -0.0065925474436777948 0.007226718749318805 -0.037528247038523359 -0.013728938903659582
leaf_weight=115 128 88 71 654 45 56 22 29 69 77 60 23 62 43 34 370 35 139 21 26 45 104 34 25 35 35 53 28 30 36
leaf_count=115 128 88 71 654 45 56 22 29 69 77 60 23 62 43 34 370 35 139 21 26 45 104 34 25 35 35 53 28 30 36
internal_value=0 0.013694 -0.00620223 -0.00334381 0.0173673 0.00265195 0.0130261 0.0156002 0.0177318 0.0141538 -0.0201736 -0.011705 0.0137136 -0.0366174 -0.000848786 0.00172712 0.0119249 0.0196819 0.0105863 -0.000392322 -0.000457375 0.00638887 0.0221283 0.0402993 0.00182146 -0.00218034 0.0168282 0.0365314 -0.00579058 0.00686764
internal_weight=0 808 1784 1481 720 827 592 547 518 449 303 200 85 103 701 630 427 262 185 165 596 139 126 46 551 435 116 63 400 70
internal_count=2592 808 1784 1481 720 827 592 547 518 449 303 200 85 103 701 630 427 262 185 165 596 139 126 46 551 435 116 63 400 70
shrinkage=0.1


Tree=8
num_leaves=31
num_cat=0
split_feature=0 2 0 15 1 8 13 3 7 6 12 1 2 10 11 8 13 14 2 3 8 15 15 0 0 8 7 8 13 5
split_gain=18.5674 9.20145 5.44209 5.43959 4.12878 4.75889 4.20596 3.85547 4.72282 4.12489 3.60891 5.7356 4.06498 3.83021 3.14686 3.07215 2.97038 2.98996 2.82616 6.07836 3.14009 2.78859 3.1621 2.89283 2.7125 6.84364 4.55834 3.84341 5.89092 3.36623
threshold=42.500000000000007 31.500000000000004 19.500000000000004 45.500000000000007 18.500000000000004 52.500000000000007 10.500000000000002 30.500000000000004 25.500000000000004 2.5000000000000004 1.5000000000000002 4.5000000000000009 41.500000000000007 1.0000000180025095e-35 2.5000000000000004 54.500000000000007 8.5000000000000018 10.500000000000002 19.500000000000004 10.500000000000002 10.500000000000002 30.500000000000004 11.500000000000002 46.500000000000007 26.500000000000004 8.5000000000000018 11.500000000000002 6.5000000000000009 8.5000000000000018 2.5000000000000004
decision_type=2 2 2 2 2 2 2 2 2 2 2 2 2 2 2 2 2 2 2 2 2 2 2 2 2 2 2 2 2 2
left_child=2 15 -1 4 5 10 -6 8 9 21 11 -4 13 14 -12 -2 17 -13 19 24 -21 22 23 -3 25 27 -27 28 -15 -26
right_child=1 7 3 -5 6 -7 -8 -9 -10 -11 12 16 -14 18 -16 -17 -18 -19 -20 20 -22 -23 -24 -25 29 26 -28 -29 -30 -31
leaf_value=-0.011630219656649874 0.037759800217090515 -0.026845628023147584 -0.017542596714837211 -0.034396020355431926 -0.011114804612265694 -0.048023889816942666 0.036411589179382038 -0.038162302970886235 0.053862856924533846 0.032821748834667784 0.05645311503183275 -0.0041552161016771873 -0.03339110742776822 -0.040990445613861087 0.0017081838278543383 -0.002495295802752177 0.053451555090792038 0.045437936484813694 -0.0044894000868177623 0.042991973246846886 0.0048095275674547473 0.026050956547260286 -0.043779289943200572 0.017290935371861313 -0.0092607610109375748 -0.046822516310889767 0.00097440332174301156 0.051075130403041839 0.035761864483356477 0.029947055527504457
leaf_weight=609 195 27 35 46 27 21 60 20 20 33 21 31 39 20 21 21 34 20 908 56 35 20 27 33 41 53 32 20 20 47
leaf_count=609 195 27 35 46 27 21 60 20 20 33 21 31 39 20 21 21 34 20 908 56 35 20 27 33 41 53 32 20 20 47
internal_value=0 0.0199309 -0.0035941 -0.000510291 0.000501223 -0.000764932 0.021662 0.00323264 0.00840701 0.00191332 -7.23721e-05 0.0165276 -0.0015895 -0.000615985 0.0290806 0.0338461 0.0305565 0.0152931 -0.00162837 0.00638958 0.0283064 -0.00761918 -0.0153594 -0.00257052 -0.00217022 -0.0105757 -0.0288284 0.0152822 -0.00261429 0.0116798
internal_weight=0 396 2196 1587 1541 1454 87 180 160 140 1433 120 1313 1274 42 216 85 51 1232 324 91 107 87 60 233 145 85 60 40 88
internal_count=2592 396 2196 1587 1541 1454 87 180 160 140 1433 120 1313 1274 42 216 85 51 1232 324 91 107 87 60 233 145 85 60 40 88
shrinkage=0.1


Tree=9
num_leaves=31
num_cat=0
split_feature=0 2 0 6 6 2 12 1 3 15 13 3 14 14 10 13 14 11 9 4 9 1 11 8 9 13 4 8 13 1
split_gain=15.2293 7.67021 6.7503 6.21299 4.31589 4.92781 5.7805 4.14579 4.13274 4.09762 4.77498 5.43204 4.17926 3.94308 4.3134 4.74403 3.80071 6.37916 3.51475 3.04496 5.91735 5.55448 4.08594 3.34047 3.29451 3.64265 3.09319 3.99282 3.16839 6.7168
threshold=29.500000000000004 37.500000000000007 44.500000000000007 4.5000000000000009 1.5000000000000002 26.500000000000004 1.5000000000000002 19.500000000000004 1.5000000000000002 11.500000000000002 5.5000000000000009 11.500000000000002 5.5000000000000009 15.500000000000002 1.5000000000000002 6.5000000000000009 6.5000000000000009 2.5000000000000004 9.5000000000000018 3.5000000000000004 18.500000000000004 1.5000000000000002 2.5000000000000004 10.500000000000002 2.5000000000000004 1.5000000000000002 1.5000000000000002 15.500000000000002 7.5000000000000009 2.5000000000000004
decision_type=2 2 2 2 2 2 2 2 2 2 2 2 2 2 2 2 2 2 2 2 2 2 2 2 2 2 2 2 2 2
left_child=4 2 3 -2 16 6 -6 -3 -7 -10 12 -12 -11 14 15 18 -1 -18 -8 20 23 -21 -23 -16 -25 -26 27 -27 29 -28
right_child=1 7 -4 -5 5 8 13 -9 9 10 11 -13 -14 -15 19 -17 17 -19 -20 21 -22 22 -24 24 25 26 28 -29 -30 -31
leaf_value=-0.055927258627168068 0.004686501033134032 -0.014888643781850293 0.028669667037736091 0.037927800369641135 0.030963454269013313 0.0076452547136475063 0.020101966559886934 0.028222804573866042 -0.028679461143118271 0.05197096372192557 -0.046239174039740316 0.010683244715134304 -0.0096677070314233962 -0.016500336958863642 0.0028865722282497203 -0.0069171624939616139 0.017425861390861306 -0.037116908910227758 0.071444595456123347 -0.016534395019213357 -0.047396342792818624 0.071159132605507255 0.01014942474987196 -0.050527347326278685 -0.049200854599475867 0.0056053297519683843 -0.014760344028472899 -0.047376524408658346 -0.0086567832558762797 0.050158568340189315
leaf_weight=29 523 157 224 63 53 68 40 26 188 22 38 30 22 177 414 41 37 51 20 30 31 21 23 20 20 25 30 33 102 34
leaf_count=29 523 157 224 63 53 68 40 26 188 22 38 30 22 177 414 41 37 51 20 30 31 21 23 20 20 25 30 33 102 34
internal_value=0 0.00972686 0.0139043 0.00826022 -0.00604051 -0.00458075 -0.00126651 -0.00876352 -0.0146135 -0.0196589 -0.00451714 -0.0211263 0.0211516 -0.00287649 -0.000148642 0.0193007 -0.0245307 -0.0141842 0.0372162 -0.00265743 -0.00467209 0.0166452 0.0392677 -0.00271862 -0.0115086 -0.00831033 -0.00465939 -0.0245395 0.00228668 0.0197278
internal_weight=0 993 810 586 1599 1482 1114 183 368 300 112 68 44 1061 884 101 117 88 60 783 709 74 44 678 264 244 224 58 166 64
internal_count=2592 993 810 586 1599 1482 1114 183 368 300 112 68 44 1061 884 101 117 88 60 783 709 74 44 678 264 244 224 58 166 64
shrinkage=0.1


end of trees

feature_importances:
Column_2=50
Column_0=39
Column_3=24
Column_8=23
Column_1=22
Column_13=21
Column_7=20
Column_9=15
Column_14=15
Column_6=14
Column_12=12
Column_15=12
Column_4=11
Column_10=11
Column_11=6
Column_5=5

parameters:
[boosting: gbdt]
[objective: regression]
[metric: l2]
[tree_learner: serial]
[device_type: cpu]
[data: ]
[valid: ]
[num_iterations: 10000]
[learning_rate: 0.1]
[num_leaves: 31]
[num_threads: 0]
[deterministic: 0]
[force_col_wise: 0]
[force_row_wise: 0]
[histogram_pool_size: -1]
[max_depth: -1]
[min_data_in_leaf: 20]
[min_sum_hessian_in_leaf: 0.001]
[bagging_fraction: 1]
[pos_bagging_fraction: 1]
[neg_bagging_fraction: 1]
[bagging_freq: 0]
[bagging_seed: 3]
[feature_fraction: 1]
[feature_fraction_bynode: 1]
[feature_fraction_seed: 2]
[extra_trees: 0]
[extra_seed: 6]
[early_stopping_round: 10]
[first_metric_only: 0]
[max_delta_step: 0]
[lambda_l1: 0]
[lambda_l2: 0]
[min_gain_to_split: 0]
[drop_rate: 0.1]
[max_drop: 50]
[skip_drop: 0.5]
[xgboost_dart_mode: 0]
[uniform_drop: 0]
[drop_seed: 4]
[top_rate: 0.2]
[other_rate: 0.1]
[min_data_per_group: 100]
[max_cat_threshold: 32]
[cat_l2: 10]
[cat_smooth: 10]
[max_cat_to_onehot: 4]
[top_k: 20]
[monotone_constraints: ]
[monotone_constraints_method: basic]
[monotone_penalty: 0]
[feature_contri: ]
[forcedsplits_filename: ]
[refit_decay_rate: 0.9]
[cegb_tradeoff: 1]
[cegb_penalty_split: 0]
[cegb_penalty_feature_lazy: ]
[cegb_penalty_feature_coupled: ]
[path_smooth: 0]
[interaction_constraints: ]
[verbosity: 1]
[saved_feature_importance_type: 0]
[max_bin: 255]
[max_bin_by_feature: ]
[min_data_in_bin: 3]
[bin_construct_sample_cnt: 200000]
[data_random_seed: 1]
[is_enable_sparse: 1]
[enable_bundle: 1]
[use_missing: 1]
[zero_as_missing: 0]
[feature_pre_filter: 1]
[pre_partition: 0]
[two_round: 0]
[header: 0]
[label_column: ]
[weight_column: ]
[group_column: ]
[ignore_column: ]
[categorical_feature: ]
[forcedbins_filename: ]
[objective_seed: 5]
[num_class: 1]
[is_unbalance: 0]
[scale_pos_weight: 1]
[sigmoid: 1]
[boost_from_average: 1]
[reg_sqrt: 0]
[alpha: 0.9]
[fair_c: 1]
[poisson_max_delta_step: 0.7]
[tweedie_variance_power: 1.5]
[lambdarank_truncation_level: 30]
[lambdarank_norm: 1]
[label_gain: ]
[eval_at: ]
[multi_error_top_k: 1]
[auc_mu_weights: ]
[num_machines: 1]
[local_listen_port: 12400]
[time_out: 120]
[machine_list_filename: ]
[machines: ]
[gpu_platform_id: -1]
[gpu_device_id: -1]
[gpu_use_dp: 0]
[num_gpu: 1]

end of parameters

pandas_categorical:null
