tree
version=v3
num_class=1
num_tree_per_iteration=1
label_index=0
max_feature_idx=15
objective=regression
feature_names=Column_0 Column_1 Column_2 Column_3 Column_4 Column_5 Column_6 Column_7 Column_8 Column_9 Column_10 Column_11 Column_12 Column_13 Column_14 Column_15
feature_infos=[1:49] [0:73] [1:49] [0:67] [0:8] [0:8] [0:8] [0:265] [0:253] [0:201] [0:8] [0:8] [0:7] [0:227] [0:197] [0:167]
tree_sizes=2741 2777 2779 2777 2797 2797 2779 2799 2792 2773 2781 2793 2791 2805 2794 2787 2803 2758 2786 2775 2808 2772 2789 2779

Tree=0
num_leaves=31
num_cat=0
split_feature=0 2 2 1 0 0 2 2 0 12 5 1 12 8 12 2 13 2 8 2 9 8 15 11 3 7 12 8 3 13
split_gain=107.139 76.4711 52.368 27.8644 22.4614 15.9113 14.9173 14.1259 13.5326 10.6938 10.3473 9.53325 8.87635 8.62668 8.28771 9.76394 8.08617 7.42467 7.35495 7.13354 7.60966 6.88096 7.66941 6.1413 13.4939 6.13629 5.97641 5.94701 5.8938 5.45618
threshold=29.500000000000004 38.500000000000007 25.500000000000004 4.5000000000000009 19.500000000000004 38.500000000000007 26.500000000000004 40.500000000000007 41.500000000000007 1.5000000000000002 2.5000000000000004 31.500000000000004 1.5000000000000002 17.500000000000004 2.5000000000000004 10.500000000000002 19.500000000000004 9.5000000000000018 45.500000000000007 20.500000000000004 12.500000000000002 4.5000000000000009 8.5000000000000018 3.5000000000000004 16.500000000000004 12.500000000000002 1.5000000000000002 39.500000000000007 35.500000000000007 13.500000000000002
decision_type=2 2 2 2 2 2 2 2 2 2 2 2 2 2 2 2 2 2 2 2 2 2 2 2 2 2 2 2 2 2
left_child=2 3 4 9 17 -3 8 10 12 -2 29 -7 -5 21 15 -6 27 -1 -15 20 -11 -8 -23 -14 -25 -16 -19 -12 -21 -4
right_child=1 5 7 6 14 11 13 -9 -10 19 16 -13 23 18 25 -17 -18 26 -20 28 -22 22 -24 24 -26 -27 -28 -29 -30 -31
leaf_value=-0.20818711804700996 -0.17327309182259457 -0.2583618233671171 -0.25115656850973878 -0.15164121383776888 -0.16767206895306819 -0.23212717735287491 -0.22563971150238432 -0.26914625104752898 -0.14578555516292913 -0.22115032840594331 -0.23001116350157763 -0.17680250349380297 -0.18512711060311912 -0.22897641515514452 -0.23699058967365783 -0.21540122858593561 -0.25783342918226798 -0.21567574190063352 -0.18627618745336236 -0.22511195780143198 -0.16930250369248512 -0.16088413656855693 -0.1978712052257493 -0.18033191516501137 -0.27603327009585454 -0.20996039735226082 -0.24609120458714948 -0.2568025013745267 -0.27965964362616208 -0.27194062252046475
leaf_weight=65 51 295 418 62 46 231 43 384 118 69 508 36 191 138 319 628 194 71 57 349 48 98 131 34 26 114 717 99 21 181
leaf_count=65 51 295 418 62 46 231 43 384 118 69 508 36 191 138 319 628 194 71 57 349 48 98 131 34 26 114 717 99 21 181
internal_value=-0.229781 -0.211082 -0.239759 -0.198843 -0.228476 -0.242354 -0.188061 -0.252156 -0.174645 -0.21684 -0.247495 -0.224668 -0.185525 -0.200443 -0.219079 -0.212144 -0.240061 -0.240671 -0.216495 -0.221402 -0.199879 -0.188935 -0.182043 -0.193894 -0.221803 -0.229874 -0.243351 -0.234381 -0.228208 -0.257437
internal_weight=0 1998 3744 1436 1960 562 898 1784 431 538 1400 267 313 467 1107 674 801 853 195 487 117 272 229 251 60 433 788 607 370 599
internal_count=5742 1998 3744 1436 1960 562 898 1784 431 538 1400 267 313 467 1107 674 801 853 195 487 117 272 229 251 60 433 788 607 370 599
shrinkage=1


Tree=1
num_leaves=31
num_cat=0
split_feature=0 2 2 1 0 2 2 0 2 0 1 3 12 1 15 9 12 8 15 6 14 13 0 0 8 5 8 13 0 3
split_gain=86.7829 61.9416 42.894 22.5702 13.3351 12.6109 12.083 11.4689 12.2963 11.2385 10.7708 9.85453 8.66195 8.62624 7.44164 7.22518 7.07775 6.82356 6.81666 6.84984 7.2901 6.63838 7.09587 6.48503 6.45793 9.06228 6.41947 7.19808 6.85462 6.35297
threshold=29.500000000000004 38.500000000000007 31.500000000000004 4.5000000000000009 41.500000000000007 9.5000000000000018 26.500000000000004 19.500000000000004 25.500000000000004 39.500000000000007 15.500000000000002 14.500000000000002 1.5000000000000002 16.500000000000004 9.5000000000000018 23.500000000000004 1.5000000000000002 3.5000000000000004 30.500000000000004 1.5000000000000002 31.500000000000004 9.5000000000000018 23.500000000000004 24.500000000000004 25.500000000000004 2.5000000000000004 17.500000000000004 34.500000000000007 41.500000000000007 4.5000000000000009
decision_type=2 2 2 2 2 2 2 2 2 2 2 2 2 2 2 2 2 2 2 2 2 2 2 2 2 2 2 2 2 2
left_child=2 3 5 12 13 15 9 17 -9 16 -10 21 -2 -3 -8 24 -5 -7 19 -18 -21 22 -4 -13 25 -1 -14 28 -28 -19
right_child=1 4 11 6 -6 7 14 8 10 -11 -12 23 26 -15 -16 -17 18 29 -20 20 -22 -23 -24 -25 -26 -27 27 -29 -30 -31
leaf_value=0.0048338466095474535 0.050856719531264964 -0.031023219420755511 -0.01793155975753281 0.06916412234306335 0.01159075266974313 -0.045702603405172182 0.040799623610350888 0.0078885194587246816 -0.019311987729129676 0.07053373622598115 0.033322429521517323 -0.043656225220107481 0.015534297631281177 0.0021685736988662579 0.015334671171325627 0.082994483113288886 -0.027234773159027101 0.0013718513771891596 0.070780124266942343 0.037590821437975944 -0.02571410905747187 -0.02787274345227167 0.013867713278586711 -0.019529479561430037 -0.023931001552513667 0.069850500259134515 -0.029314684591911458 0.03809566144590025 0.029768141110738118 -0.015133322768894534
leaf_weight=53 51 278 197 55 175 55 203 1035 334 161 44 343 328 109 264 20 25 352 33 136 21 282 109 165 28 36 108 27 24 691
leaf_count=53 51 278 197 55 175 55 203 1035 334 161 44 343 328 109 264 20 25 352 33 136 21 282 109 165 28 36 108 27 24 691
internal_value=0 0.0168289 -0.00898081 0.0278439 -0.0113162 -0.00209465 0.0375477 -0.0037066 0.00225096 0.0496222 -0.0131852 -0.0256182 0.0116468 -0.0216746 0.026404 0.0274499 0.0371528 -0.0113733 0.0289639 0.0213818 0.0291233 -0.0168045 -0.00660437 -0.0358198 0.0179551 0.0311327 0.00754062 -0.00894948 -0.0185724 -0.00956302
internal_weight=0 1998 3744 1436 562 2648 898 2511 1413 431 378 1096 538 387 467 137 270 1098 215 182 157 588 306 508 117 89 487 159 132 1043
internal_count=5742 1998 3744 1436 562 2648 898 2511 1413 431 378 1096 538 387 467 137 270 1098 215 182 157 588 306 508 117 89 487 159 132 1043
shrinkage=0.1


Tree=2
num_leaves=31
num_cat=0
split_feature=0 2 2 1 0 0 0 1 9 4 2 2 3 8 3 1 5 4 13 7 2 13 2 14 2 12 8 7 6 15
split_gain=70.2942 50.1727 34.7442 18.2819 10.9138 10.9092 10.447 14.2027 8.67429 8.52185 8.44995 8.04519 7.98217 7.96972 7.74321 7.45219 6.87928 10.1678 7.65278 6.54861 6.51242 6.49116 6.38575 6.38233 6.35621 5.8834 5.80376 6.36577 5.50064 5.49073
threshold=29.500000000000004 38.500000000000007 31.500000000000004 4.5000000000000009 38.500000000000007 44.500000000000007 24.500000000000004 5.5000000000000009 4.5000000000000009 1.0000000180025095e-35 28.500000000000004 20.500000000000004 14.500000000000002 17.500000000000004 35.500000000000007 31.500000000000004 2.5000000000000004 1.5000000000000002 8.5000000000000018 6.5000000000000009 23.500000000000004 13.500000000000002 27.500000000000004 17.500000000000004 44.500000000000007 3.5000000000000004 3.5000000000000004 6.5000000000000009 1.5000000000000002 5.5000000000000009
decision_type=2 2 2 2 2 2 2 2 2 2 2 2 2 2 2 2 2 2 2 2 2 2 2 2 2 2 2 2 2 2
left_child=2 3 6 11 -3 9 16 20 -9 29 28 19 24 -12 -13 -6 17 -1 23 -2 26 -10 -20 -19 -4 -18 -8 -28 -11 -5
right_child=1 4 12 5 15 -7 7 8 21 10 13 14 -14 -15 -16 -17 25 18 22 -21 -22 -23 -24 -25 -26 -27 27 -29 -30 -31
leaf_value=-0.0274200774190997 0.0059806513999189652 -0.023442173731529108 -0.011058006643080244 0.034232698316159459 -0.0021319146280164842 0.059882471578962662 -0.041532233059406287 -0.01199797150634584 0.050521138039502235 0.015699323018391928 0.033740829753464673 0.0070469860486158239 -0.032237804208801485 0.00086736236698925495 -0.050403151273727423 0.046782904201083719 0.0060773934315944064 -0.0013139594901691784 -0.011600696204001443 0.051047873340154953 -0.020606394410133361 0.01062188380855625 -0.051026918987433112 0.037856667968961928 -0.04170976132154465 -0.012301208775954186 -0.0084730813427576959 0.033166097781874918 0.047339998353726986 -0.026299817478934003
leaf_weight=263 56 295 510 23 231 136 20 42 132 66 174 381 508 128 25 36 690 550 285 76 130 59 48 45 78 233 63 88 328 43
leaf_count=263 56 295 510 23 231 136 20 42 132 66 174 381 508 128 25 36 690 550 285 76 130 59 48 45 78 233 63 88 328 43
internal_value=0 0.015146 -0.00808273 0.0250595 -0.0101846 0.033793 -0.00188519 0.0106122 0.0291484 0.0291366 0.0323931 0.0104821 -0.0230563 0.0198077 0.00350942 0.00446334 -0.00504204 -0.0100639 -0.00514506 0.0319284 -0.00373642 0.0381962 -0.0172838 0.00164852 -0.0151241 0.00143794 0.0090887 0.0157935 0.0420398 -0.00520515
internal_weight=0 1998 3744 1436 562 898 2648 534 233 762 696 538 1096 302 406 267 2114 1191 928 132 301 191 333 595 588 923 171 151 394 66
internal_count=5742 1998 3744 1436 562 898 2648 534 233 762 696 538 1096 302 406 267 2114 1191 928 132 301 191 333 595 588 923 171 151 394 66
shrinkage=0.1


Tree=3
num_leaves=31
num_cat=0
split_feature=0 2 1 2 2 0 12 9 7 9 3 11 9 3 2 2 7 15 13 5 14 6 4 12 2 0 13 13 7 2
split_gain=57.8827 43.83 27.9278 24.6956 12.1115 11.619 8.83249 8.6198 7.74067 8.14019 8.278 7.54213 7.31225 7.1322 6.7223 6.67091 6.48617 6.32787 6.07567 5.96715 5.82914 5.81697 5.80317 5.74564 5.92402 6.47247 6.03579 5.73553 7.53004 6.03779
threshold=24.500000000000004 36.500000000000007 5.5000000000000009 30.500000000000004 21.500000000000004 41.500000000000007 1.5000000000000002 17.500000000000004 7.5000000000000009 6.5000000000000009 22.500000000000004 3.5000000000000004 7.5000000000000009 11.500000000000002 47.500000000000007 20.500000000000004 16.500000000000004 2.5000000000000004 1.5000000000000002 2.5000000000000004 6.5000000000000009 2.5000000000000004 1.0000000180025095e-35 2.5000000000000004 7.5000000000000009 20.500000000000004 18.500000000000004 8.5000000000000018 12.500000000000002 9.5000000000000018
decision_type=2 2 2 2 2 2 2 2 2 2 2 2 2 2 2 2 2 2 2 2 2 2 2 2 2 2 2 2 2 2
left_child=3 2 6 23 7 20 -2 -4 9 -8 11 -11 -6 19 -7 21 -17 -14 -19 -5 -3 -10 -20 27 -25 -26 -27 29 -29 -1
right_child=1 5 4 13 12 14 8 -9 15 10 -12 -13 17 -15 -16 16 -18 18 22 -21 -22 -23 -24 24 25 26 -28 28 -30 -31
leaf_value=0.060468330681324005 0.034730310551822186 -0.0019900578709327026 0.032526156216314654 -0.030050237038556266 0.0039645615095149972 0.019254995380317309 -0.032529115494416685 0.065366344159568532 0.014258155936286564 0.018621269159990808 -0.033153903484344487 -0.02388270696004232 0.05669091557388875 -0.033179573483681411 -0.035122386079568128 0.012405929319998798 -0.0193681692535227 0.065129250649249917 -0.01725430037524249 -0.0047166998502071403 -0.021329435267086541 0.057338208794593816 0.024189716782229344 0.029663486944304575 -0.017278721315019271 -0.0059517328143119811 0.032893449723720554 -0.00068757598464553422 -0.030661764581288609 0.0047110367105543706
leaf_weight=20 96 239 205 153 167 181 98 131 84 184 58 54 67 445 26 238 88 33 37 237 448 50 389 36 612 200 50 333 112 671
leaf_count=20 96 239 205 153 167 181 98 131 84 184 58 54 67 445 26 238 88 33 37 237 448 50 389 36 612 200 50 333 112 671
internal_value=0 0.0100332 0.0183348 -0.0100472 0.0297492 -0.00834367 0.00597135 0.0453299 0.0027385 -0.00754856 0.00072203 0.00897751 0.0221948 -0.0245275 0.012425 0.0115496 0.00382887 0.0279828 0.0237923 -0.0146552 -0.0146015 0.0303328 0.0205901 -0.00410274 -0.0100806 -0.0117404 0.0018173 0.000622704 -0.00823164 0.00632485
internal_weight=0 2873 1979 2869 1029 894 950 336 854 394 296 238 693 835 207 460 326 526 459 390 687 134 426 2034 898 862 250 1136 445 691
internal_count=5742 2873 1979 2869 1029 894 950 336 854 394 296 238 693 835 207 460 326 526 459 390 687 134 426 2034 898 862 250 1136 445 691
shrinkage=0.1


Tree=4
num_leaves=31
num_cat=0
split_feature=0 2 2 0 12 1 6 0 5 2 4 6 14 12 14 0 1 3 0 10 8 0 13 7 7 8 5 15 10 8
split_gain=48.5933 36.6652 26.5838 14.2466 9.82831 9.25736 8.30919 8.22617 8.09202 7.74787 7.63661 7.37136 7.2742 6.97918 6.38766 6.25055 6.13553 5.97986 5.91387 5.84095 7.70221 5.83408 5.64128 5.25414 5.08682 5.06048 7.70078 5.55654 5.19253 4.95034
threshold=30.500000000000004 41.500000000000007 32.500000000000007 43.500000000000007 1.5000000000000002 5.5000000000000009 1.5000000000000002 38.500000000000007 2.5000000000000004 28.500000000000004 1.0000000180025095e-35 1.5000000000000002 6.5000000000000009 1.5000000000000002 14.500000000000002 22.500000000000004 10.500000000000002 24.500000000000004 29.500000000000004 1.5000000000000002 15.500000000000002 25.500000000000004 7.5000000000000009 8.5000000000000018 1.0000000180025095e-35 17.500000000000004 3.5000000000000004 4.5000000000000009 3.5000000000000004 17.500000000000004
decision_type=2 2 2 2 2 2 2 2 2 2 2 2 2 2 2 2 2 2 2 2 2 2 2 2 2 2 2 2 2 2
left_child=2 3 4 5 14 13 24 -3 18 10 -7 -5 22 23 -1 -4 19 25 -8 -14 -21 -16 -10 -2 -6 26 28 -28 -15 -11
right_child=1 7 15 11 6 9 8 -9 12 29 -12 -13 16 17 21 -17 -18 -19 -20 20 -22 -23 -24 -25 -26 -27 27 -29 -30 -31
leaf_value=0.0073568260416071469 0.079350614831561139 -0.03042207228189165 -0.027271869480609896 0.0072771691808513565 -0.052727132713472527 -0.017303380828637343 -0.0076380112577204744 -0.00045399406817571035 -0.023931169509887697 0.023688801217019259 0.039191849890165033 0.049564493674091825 0.026243896616829767 0.014070622513933881 0.017531918911706836 -0.011807086950085728 0.032383593787317692 -0.020079894409966225 0.034658402029205775 0.01332076594574761 -0.012593261313204672 0.074208333715796479 0.0032975887089240841 0.014132910370826722 -0.013456970012109533 -0.010335977580569207 0.010051445911327998 0.072523889882223955 -0.025717436831171919 -0.00023424956533643935
leaf_weight=188 21 176 550 51 37 26 1192 191 121 199 300 215 126 164 42 498 115 97 34 262 204 32 205 30 304 109 24 35 41 153
leaf_count=188 21 176 550 51 37 26 1192 191 121 199 300 215 126 164 42 498 115 97 34 262 204 32 205 30 304 109 24 35 41 153
internal_value=0 0.0134395 -0.00629696 0.0205202 -0.00130736 0.0158754 -0.0031676 -0.0148256 -0.000971195 0.023578 0.0346861 0.0414568 0.00554907 0.00585166 0.017153 -0.0199231 0.0112473 0.00203908 -0.00646503 0.00714146 0.00197643 0.0420406 -0.00680879 0.0409873 -0.017718 0.0077912 0.0152755 0.0471114 0.00611301 0.0132904
internal_weight=0 1832 3910 1465 2862 1199 2600 367 2259 678 326 266 1033 521 262 1048 707 470 1226 592 466 74 326 51 341 373 264 59 205 352
internal_count=5742 1832 3910 1465 2862 1199 2600 367 2259 678 326 266 1033 521 262 1048 707 470 1226 592 466 74 326 51 341 373 264 59 205 352
shrinkage=0.1


Tree=5
num_leaves=31
num_cat=0
split_feature=0 2 2 0 0 3 1 5 13 0 9 12 7 6 6 0 10 7 1 5 8 10 4 3 12 14 9 3 9 15
split_gain=39.3606 29.6988 22.4781 13.4523 11.5397 8.08278 9.82438 6.92654 6.7708 6.6632 6.4719 6.09787 7.64879 5.96478 5.68536 6.0933 5.59464 5.49592 5.4754 5.35038 6.44732 5.98256 5.16886 5.68547 5.09973 7.9163 7.79852 6.49469 7.00554 6.65458
threshold=30.500000000000004 41.500000000000007 25.500000000000004 20.500000000000004 43.500000000000007 22.500000000000004 22.500000000000004 1.5000000000000002 64.500000000000014 38.500000000000007 49.500000000000007 2.5000000000000004 10.500000000000002 1.5000000000000002 1.5000000000000002 11.500000000000002 1.0000000180025095e-35 12.500000000000002 31.500000000000004 2.5000000000000004 8.5000000000000018 3.5000000000000004 1.5000000000000002 24.500000000000004 2.5000000000000004 15.500000000000002 40.500000000000007 11.500000000000002 20.500000000000004 25.500000000000004
decision_type=2 2 2 2 2 2 2 2 2 2 2 2 2 2 2 2 2 2 2 2 2 2 2 2 2 2 2 2 2 2
left_child=2 4 3 11 5 6 16 -4 13 -3 14 17 -13 -6 -9 -16 -2 19 -7 -1 -21 -22 23 -5 25 -18 27 -26 29 -29
right_child=1 9 7 22 8 18 -8 10 -10 -11 -12 12 -14 -15 15 -17 24 -19 -20 20 21 -23 -24 -25 26 -27 -28 28 -30 -31
leaf_value=-0.0012794533805668075 0.050145021905290327 -0.027379863302816044 -0.033494516476145333 0.0047835459492423316 0.00092605960865815493 -0.0023976346523296543 0.058417840799713718 -0.020534495581419041 0.090443906458941375 -0.0004085965181520472 -0.034288195609036141 -0.023124388383981138 0.0030766952933603629 0.040257829568367834 -0.027486302029518857 -0.0042625203742309116 0.013351636243930001 -0.01953402220138482 0.035170208595015788 -0.021091821885878041 0.038472131079277105 -0.020863448381423951 0.016491544266981812 -0.042322056046847641 -0.00013101270965982283 0.046361628690591232 -0.040762225538492208 0.030038469437171113 0.069767609527034147 -0.029342188358306889
leaf_weight=426 47 176 159 220 48 328 61 390 22 191 118 313 173 196 126 1093 241 112 44 31 113 20 587 29 209 104 32 77 31 25
leaf_count=426 47 176 159 220 48 328 61 390 22 191 118 313 173 196 126 1093 241 112 44 31 113 20 587 29 209 104 32 77 31 25
internal_value=0 0.0120955 -0.00566727 0.00165182 0.0184682 0.0142879 0.0197945 -0.0135219 0.0373111 -0.013343 -0.0116831 -0.00518711 -0.0137977 0.0325204 -0.0100253 -0.00666301 0.0167188 0.000774042 0.00204587 0.00462913 0.019977 0.0295495 0.0113703 -0.000702649 0.0145338 0.0233025 0.006445 0.0108621 0.0281369 0.0154844
internal_weight=0 1832 3910 2024 1465 1199 827 1886 266 367 1727 1188 486 244 1609 1219 766 702 372 590 164 133 836 249 719 345 374 342 133 102
internal_count=5742 1832 3910 2024 1465 1199 827 1886 266 367 1727 1188 486 244 1609 1219 766 702 372 590 164 133 836 249 719 345 374 342 133 102
shrinkage=0.1


Tree=6
num_leaves=31
num_cat=0
split_feature=0 2 2 1 0 7 2 1 2 10 3 14 1 2 8 0 0 9 8 2 8 12 7 12 8 3 13 13 1 7
split_gain=32.7453 22.7618 18.0706 16.4507 8.62755 8.35799 8.26148 7.65126 7.45348 6.78794 5.8892 5.54012 6.19925 9.26312 6.84246 6.03119 5.53197 5.16882 7.47145 5.072 4.97089 4.93927 6.19552 4.87822 4.70569 4.68137 4.67738 9.98695 5.1511 4.65862
threshold=26.500000000000004 36.500000000000007 25.500000000000004 4.5000000000000009 20.500000000000004 1.5000000000000002 16.500000000000004 26.500000000000004 43.500000000000007 1.0000000180025095e-35 26.500000000000004 11.500000000000002 19.500000000000004 38.500000000000007 31.500000000000004 39.500000000000007 36.500000000000007 7.5000000000000009 17.500000000000004 20.500000000000004 14.500000000000002 2.5000000000000004 10.500000000000002 3.5000000000000004 11.500000000000002 14.500000000000002 10.500000000000002 33.500000000000007 11.500000000000002 15.500000000000002
decision_type=2 2 2 2 2 2 2 2 2 2 2 2 2 2 2 2 2 2 2 2 2 2 2 2 2 2 2 2 2 2
left_child=2 3 4 10 21 -3 -5 17 25 -7 16 12 13 -11 23 29 -2 20 -19 -18 -8 -1 -23 -14 -12 -4 28 -28 -20 -13
right_child=1 5 8 6 -6 9 7 -9 -10 11 24 15 14 -15 -16 -17 19 18 26 -21 -22 22 -24 -25 -26 -27 27 -29 -30 -31
leaf_value=0.00069663808216736186 0.0012716693341077029 -0.038541720742764685 -0.0075484176244348146 0.042594406347482558 0.010360402673429961 0.049063673734664914 -0.011156841185914368 0.04571675168840509 -0.033254190689573686 0.034198061802557543 -0.049868366823476909 -0.013637847737442678 0.074499237537384036 -0.010933981355556772 -0.0099866581956545505 0.0033182275026364437 0.053291998839959866 0.029542906619390547 0.00081127794777474758 0.012327174933060356 0.021451315786931421 -0.020811949170435579 0.0027690257640243265 0.013328834555365824 -0.002862155594323811 -0.020165882232132292 -0.028054855669601055 0.032294273128112158 0.053455327363575215 -0.045902426766626765
leaf_weight=702 455 69 812 181 563 25 119 95 192 56 34 139 32 242 30 133 41 342 41 115 77 313 173 22 57 461 79 42 34 66
leaf_count=702 455 69 812 181 563 25 119 95 192 56 34 139 32 242 30 133 41 342 41 115 77 313 173 22 57 461 79 42 34 66
internal_value=0 0.00852088 -0.00669271 0.0150664 0.00016382 -0.00524571 0.0232388 0.0190128 -0.0148878 -0.00216192 0.00330846 -0.00394058 0.00431068 -0.00245279 0.0283049 -0.013266 0.00684322 0.0155566 0.0206216 0.0230936 0.00165351 -0.0046684 -0.0124179 0.049578 -0.0204249 -0.0121177 0.00505495 -0.00710722 0.0246766 -0.0240255
internal_weight=0 2526 3216 1712 1751 814 1010 829 1465 745 702 720 382 298 84 338 611 734 538 156 196 1188 486 54 91 1273 196 121 75 205
internal_count=5742 2526 3216 1712 1751 814 1010 829 1465 745 702 720 382 298 84 338 611 734 538 156 196 1188 486 54 91 1273 196 121 75 205
shrinkage=0.1


Tree=7
num_leaves=31
num_cat=0
split_feature=0 2 7 2 0 3 9 1 15 15 0 3 5 12 4 7 3 7 15 13 8 5 11 9 14 1 1 1 13 10
split_gain=26.8513 23.0206 13.0329 11.8063 11.6999 9.68339 9.55173 6.97468 6.71839 6.60363 6.20461 5.5535 5.43368 5.35887 5.41695 5.66087 5.27824 5.17568 6.58031 4.62681 4.94214 6.40901 4.55967 4.44226 4.2985 4.21339 4.17867 6.99098 5.40999 4.15503
threshold=24.500000000000004 21.500000000000004 1.5000000000000002 25.500000000000004 41.500000000000007 22.500000000000004 15.500000000000002 16.500000000000004 12.500000000000002 2.5000000000000004 42.500000000000007 7.5000000000000009 2.5000000000000004 1.5000000000000002 1.5000000000000002 13.500000000000002 11.500000000000002 4.5000000000000009 6.5000000000000009 9.5000000000000018 8.5000000000000018 3.5000000000000004 1.5000000000000002 24.500000000000004 24.500000000000004 10.500000000000002 17.500000000000004 1.5000000000000002 36.500000000000007 1.5000000000000002
decision_type=2 2 2 2 2 2 2 2 2 2 2 2 2 2 2 2 2 2 2 2 2 2 2 2 2 2 2 2 2 2
left_child=3 6 -3 13 5 7 10 9 26 -4 25 -10 -5 -1 15 -15 -14 18 -8 29 -21 -22 -7 -18 -16 -2 27 -6 -28 -11
right_child=1 2 4 12 8 22 17 -9 11 19 -12 -13 16 14 24 -17 23 -19 -20 20 21 -23 -24 -25 -26 -27 28 -29 -30 -31
leaf_value=0.018771004629135134 0.0042666906392195203 -0.021127329820936378 0.022920947741059697 -0.021693474332862926 0.0059456654957362586 0.015600501348574956 0.058660881757736205 0.024437111241476878 0.047525762319564818 0.022910170576402121 0.055578517778353258 0.0010532434926264816 -0.00017774498747261515 -0.016673560058121133 -0.0012007601625226402 0.03459274043207583 -0.024652953874244384 0.048596768098718983 -0.0043870882720363378 0.0082633629441261295 -0.028373167080333436 0.0043054767745606447 -0.013676884198493795 -0.00092949916062683895 0.021373068638469862 0.028702648007806315 -0.012286384031176567 0.058455774835918267 0.050656939636577261 7.3150993473287946e-05
leaf_weight=125 283 220 136 535 35 60 25 175 30 112 33 180 377 339 1015 23 247 170 49 116 166 94 469 116 92 94 36 92 22 276
leaf_count=125 283 220 136 535 35 60 25 175 30 112 33 180 377 339 1015 23 247 170 49 116 166 94 469 116 92 94 36 92 22 276
internal_value=0 0.00683359 0.00197399 -0.00684312 0.0045164 0.000719927 0.023322 0.00617041 0.019933 0.00261855 0.0139991 0.00769217 -0.0140158 -0.00110588 -0.00279725 -0.0134163 -0.00846502 0.0389877 0.0169129 -0.000995487 -0.00890075 -0.0165586 -0.0103562 -0.0170719 0.000675294 0.0103595 0.033828 0.0439845 0.0115887 0.00666528
internal_weight=0 2873 2219 2869 1999 1604 654 1075 395 900 410 210 1275 1594 1469 362 740 244 74 764 376 260 529 363 1107 377 185 127 58 388
internal_count=5742 2873 2219 2869 1999 1604 654 1075 395 900 410 210 1275 1594 1469 362 740 244 74 764 376 260 529 363 1107 377 185 127 58 388
shrinkage=0.1


Tree=8
num_leaves=31
num_cat=0
split_feature=0 2 2 12 2 4 2 1 15 0 14 13 0 1 8 3 1 11 5 3 10 1 8 15 13 2 9 2 7 13
split_gain=22.1539 17.6277 17.4891 13.4641 8.34378 7.81078 7.76325 7.47073 8.44057 7.38163 7.24564 7.1976 7.43532 6.30194 9.52558 5.59367 9.46039 6.17224 6.11257 5.57475 5.38029 5.38019 5.30794 5.19308 5.84808 5.12644 5.14609 4.81764 4.7767 4.68724
threshold=36.500000000000007 20.500000000000004 40.500000000000007 1.5000000000000002 47.500000000000007 1.0000000180025095e-35 9.5000000000000018 31.500000000000004 12.500000000000002 24.500000000000004 30.500000000000004 7.5000000000000009 29.500000000000004 1.5000000000000002 17.500000000000004 31.500000000000004 19.500000000000004 1.5000000000000002 3.5000000000000004 6.5000000000000009 1.0000000180025095e-35 43.500000000000007 8.5000000000000018 5.5000000000000009 9.5000000000000018 28.500000000000004 7.5000000000000009 27.500000000000004 40.500000000000007 20.500000000000004
decision_type=2 2 2 2 2 2 2 2 2 2 2 2 2 2 2 2 2 2 2 2 2 2 2 2 2 2 2 2 2 2
left_child=2 -2 3 10 7 20 -7 8 13 19 11 -1 25 -3 -15 16 18 -17 22 -8 -5 -9 23 24 -11 26 -13 -26 -16 -20
right_child=1 4 -4 5 -6 6 9 21 -10 15 -12 12 -14 14 28 17 -18 -19 29 -21 -22 -23 -24 -25 27 -27 -28 -29 -30 -31
leaf_value=0.027215717792510988 0.042764554246824391 -0.0048340634423859269 -0.019151179791528049 0.024302266275181492 -0.031281213576977072 0.025274217182451542 0.00011200124366113631 0.056244446255943992 -0.005017827378342981 -0.028961103223264218 0.057860535853787476 -0.024281695634126663 0.028264524111380945 0.041945808745870658 -0.0029836869665554595 0.03397876222928365 0.036956486341600515 -0.025656682938337328 0.028324724263266515 -0.010382970123903297 -0.016894276665726196 -0.0043221241235733036 -0.009491824446488004 0.017055444452497695 -0.011180501699447632 -0.034887344290812812 0.023427354372464695 0.05466689586639404 0.050071370601654057 -0.0046840405960877733
leaf_weight=175 171 98 578 34 52 111 997 55 322 64 38 40 65 149 112 21 98 100 152 1028 469 20 331 225 25 60 52 20 20 60
leaf_count=175 171 98 578 34 52 111 997 55 322 64 38 40 65 149 112 21 98 100 152 1028 469 20 331 225 25 60 52 20 20 60
internal_value=0 0.0135344 -0.00285069 -0.00058858 0.00749768 -0.00251775 -0.000713693 0.0100963 0.00688688 -0.00163797 0.0161683 0.0121267 -4.18986e-05 0.0170012 0.0246163 0.00497257 0.00748928 -0.0153067 0.00419648 -0.00521582 -0.0141096 0.0400934 -0.000517299 0.00837662 -0.0095384 -0.0121466 0.00268429 0.018085 0.00505496 0.0189826
internal_weight=0 999 4743 4165 828 3735 3232 776 701 3121 430 392 217 379 281 1096 975 121 877 2025 503 75 665 334 109 152 92 45 132 212
internal_count=5742 999 4743 4165 828 3735 3232 776 701 3121 430 392 217 379 281 1096 975 121 877 2025 503 75 665 334 109 152 92 45 132 212
shrinkage=0.1


Tree=9
num_leaves=31
num_cat=0
split_feature=0 2 0 15 13 2 1 3 7 2 8 15 8 5 5 13 14 14 3 8 5 11 9 1 15 13 6 8 9 15
split_gain=18.5064 17.2306 13.5612 8.83997 7.50139 6.62055 8.36208 6.30678 11.1243 5.84208 5.98843 7.03104 6.21 5.66632 5.37009 6.36338 5.92249 5.33071 5.0834 4.9636 6.34281 11.4103 5.04526 5.75385 7.66978 5.05977 4.87576 4.8324 5.26601 4.97548
threshold=42.500000000000007 40.500000000000007 27.500000000000004 3.5000000000000004 68.500000000000014 19.500000000000004 1.0000000180025095e-35 1.0000000180025095e-35 7.5000000000000009 23.500000000000004 26.500000000000004 48.500000000000007 7.5000000000000009 3.5000000000000004 1.5000000000000002 9.5000000000000018 26.500000000000004 15.500000000000002 15.500000000000002 17.500000000000004 3.5000000000000004 3.5000000000000004 2.5000000000000004 11.500000000000002 11.500000000000002 34.500000000000007 2.5000000000000004 14.500000000000002 18.500000000000004 2.5000000000000004
decision_type=2 2 2 2 2 2 2 2 2 2 2 2 2 2 2 2 2 2 2 2 2 2 2 2 2 2 2 2 2 2
left_child=1 2 5 -4 9 6 -1 8 -5 -2 12 17 -11 -14 15 -8 27 -12 -7 20 21 -9 -21 25 26 -24 -25 29 -29 -16
right_child=4 -3 3 7 -6 18 14 19 -10 10 11 -13 13 -15 16 -17 -18 -19 -20 22 -22 -23 23 24 -26 -27 -28 28 -30 -31
leaf_value=-0.0086216955615308725 0.038588161220153176 -0.015966280440379378 0.023744478126366934 -0.0074027321231898979 0.065869367664510556 -0.0032481950086477441 0.013563698145651049 0.0099366650260623562 0.046544020329968315 -0.0033669049981274179 -0.021259744809224056 -0.062630353938965572 0.047999924277684777 0.0051154269247638941 0.052387464344501505 -0.053519523946138528 0.049548028992569965 0.034295924152097396 -0.01422419743908589 0.030330002570853516 0.028986571333371104 -0.027094513611886108 -0.025191973894834518 0.068565668582916267 -0.011497209734386869 0.014942331330196276 0.0072783094865304446 -0.010846819030120969 0.037029311273779189 0.014223389989799924
leaf_weight=313 90 722 300 67 33 1658 31 433 89 79 39 21 83 49 40 26 46 31 566 34 112 103 208 25 90 37 27 128 28 234
leaf_count=313 90 722 300 67 33 1658 31 433 89 79 39 21 83 49 40 26 46 31 566 34 112 103 208 25 90 37 27 128 28 234
internal_value=0 -0.00160506 0.000651482 0.00835946 0.0200802 -0.0031774 0.00435199 0.0045917 0.0233746 0.0162255 0.00956116 -0.0118813 0.0188088 0.0320807 0.0119707 -0.0170357 0.0154441 0.00334348 -0.00604155 0.0018507 0.00734311 0.0028206 -0.00660318 -0.00984795 0.00616836 -0.0191309 0.0367434 0.0117958 -0.00225367 0.0197948
internal_weight=0 5317 4595 1525 425 3070 846 1225 156 392 302 91 211 132 533 57 476 70 2224 1069 648 536 421 387 142 245 52 430 156 274
internal_count=5742 5317 4595 1525 425 3070 846 1225 156 392 302 91 211 132 533 57 476 70 2224 1069 648 536 421 387 142 245 52 430 156 274
shrinkage=0.1


Tree=10
num_leaves=31
num_cat=0
split_feature=0 2 7 2 0 9 3 5 13 7 14 4 1 2 6 14 1 3 9 15 7 9 2 9 13 9 1 2 11 12
split_gain=15.2498 13.8926 8.72526 7.82822 7.36394 7.022 6.16614 5.98896 5.96463 9.86305 5.26237 8.34504 5.02031 4.73124 4.7311 6.53019 5.38141 4.70608 4.52725 4.73172 4.88375 4.94725 5.37134 5.67287 4.50858 4.4303 4.05428 6.40624 5.19965 3.97148
threshold=24.500000000000004 21.500000000000004 1.5000000000000002 32.500000000000007 41.500000000000007 15.500000000000002 22.500000000000004 2.5000000000000004 8.5000000000000018 2.5000000000000004 8.5000000000000018 1.0000000180025095e-35 16.500000000000004 47.500000000000007 1.5000000000000002 18.500000000000004 10.500000000000002 33.500000000000007 1.5000000000000002 2.5000000000000004 6.5000000000000009 23.500000000000004 24.500000000000004 7.5000000000000009 70.500000000000014 19.500000000000004 5.5000000000000009 14.500000000000002 3.5000000000000004 4.5000000000000009
decision_type=2 2 2 2 2 2 2 2 2 2 2 2 2 2 2 2 2 2 2 2 2 2 2 2 2 2 2 2 2 2
left_child=3 5 -3 7 6 -2 12 8 9 -1 -7 -12 18 24 -10 -16 25 -13 -4 -20 21 22 -21 -24 29 -17 27 -11 -28 -6
right_child=1 2 4 -5 13 10 -8 -9 14 26 11 17 -14 -15 15 16 -18 -19 19 20 -22 -23 23 -25 -26 -27 28 -29 -30 -31
leaf_value=-0.034629707708954814 0.0099651941420828422 -0.017527168230576949 -0.02629368415585271 -0.014611132569533348 0.020114612419333235 0.055260350010288298 -0.0083954926812581168 0.003586023473176045 -0.040822017926436208 0.033537016179826525 -0.023865330778062344 0.039762005841732027 0.020289999638284956 -0.027344157298405964 -0.017269653826951982 0.066066709409157431 -0.025460003167390822 -0.012482849061489106 0.021283479616977276 -0.043775110820244101 0.0063488612228356708 -0.039834149119754636 -0.026655682604363625 0.014281186855528967 0.062376358834179968 0.0023398709297180178 0.021933598430068407 -0.0060845791477046607 -0.022768446995366006 -0.010084602178311815
leaf_weight=80 410 220 54 671 298 67 529 973 65 45 32 125 175 24 340 24 20 20 128 29 473 48 47 121 22 20 162 438 31 51
leaf_count=80 410 220 54 671 298 67 529 973 65 45 32 125 175 24 340 24 20 20 128 29 473 48 47 121 22 20 162 438 31 51
internal_value=0 0.00514989 0.00137474 -0.00515707 0.00345499 0.0179588 0.000443056 -0.00227095 -0.00692306 -0.00142703 0.0313908 0.0223554 0.00479244 0.0156857 -0.0157823 -0.0117537 0.01755 0.0325558 0.00177903 0.00357091 0.000413232 -0.0110462 -0.00403184 0.00282861 0.0184693 0.0371 0.00250228 -0.00239313 0.0147535 0.0157015
internal_weight=0 2873 2219 2869 1999 654 1604 2198 1225 756 244 177 1075 395 469 404 64 145 900 846 718 245 197 168 371 44 676 483 193 349
internal_count=5742 2873 2219 2869 1999 654 1604 2198 1225 756 244 177 1075 395 469 404 64 145 900 846 718 245 197 168 371 44 676 483 193 349
shrinkage=0.1


Tree=11
num_leaves=31
num_cat=0
split_feature=0 2 2 12 10 6 10 14 1 15 1 8 5 1 11 8 0 14 13 0 0 3 2 7 7 5 12 2 2 9
split_gain=13.1271 11.4321 10.4055 9.802 6.40301 6.01987 5.96293 7.82816 5.74982 7.28665 6.08881 8.17448 5.71817 6.79212 6.3598 7.51303 6.33021 5.43542 5.50992 5.17306 4.86909 4.86712 4.57415 4.50619 4.3706 4.01887 5.83497 3.98458 3.925 4.01631
threshold=36.500000000000007 20.500000000000004 40.500000000000007 1.5000000000000002 1.0000000180025095e-35 1.5000000000000002 1.5000000000000002 17.500000000000004 31.500000000000004 12.500000000000002 1.5000000000000002 17.500000000000004 1.5000000000000002 24.500000000000004 1.5000000000000002 57.500000000000007 28.500000000000004 30.500000000000004 7.5000000000000009 19.500000000000004 29.500000000000004 38.500000000000007 23.500000000000004 37.500000000000007 6.5000000000000009 3.5000000000000004 3.5000000000000004 9.5000000000000018 28.500000000000004 7.5000000000000009
decision_type=2 2 2 2 2 2 2 2 2 2 2 2 2 2 2 2 2 2 2 2 2 2 2 2 2 2 2 2 2 2
left_child=2 -2 3 17 -3 24 7 -7 9 10 -6 -12 22 14 16 19 -14 18 -1 27 28 -21 -8 -13 -5 26 -9 -16 29 -20
right_child=1 4 -4 5 8 6 12 25 -10 -11 11 23 13 -15 15 -17 -18 -19 20 21 -22 -23 -24 -25 -26 -27 -28 -29 -30 -31
leaf_value=0.023549540894372126 0.033957853303318138 0.050145623953111708 -0.014767619029048405 -0.021002919433688032 -0.011102124520887931 0.001392966352403164 -0.0042543267762219462 0.028129747190645767 0.029795360062029454 -0.0095019086055001447 0.03389425618722048 -0.0087163564093686915 0.0046105115290950328 0.027079190968013391 0.029073029298048753 -0.037919578591331105 0.057456892904113321 0.049958524578496033 -0.020940398424863817 0.0019906794762214303 0.022607238017595732 -0.032950381825609908 -0.038294827318810801 0.040937542644414036 -0.0035024593082758101 0.048783702913083531 -0.028717249113580458 -0.010810543285669202 -0.029993138859669366 0.021207494116746464
leaf_weight=175 171 31 578 263 96 400 81 84 77 343 151 108 68 82 26 61 34 38 40 1441 65 41 77 22 312 57 23 685 60 52
leaf_count=175 171 31 578 263 96 400 81 84 77 343 151 108 68 82 26 61 34 38 40 1441 65 41 77 22 312 57 23 685 60 52
internal_value=0 0.0104183 -0.00219437 -0.000449508 0.00555687 -0.00209554 -0.000383011 0.00893663 0.00382255 0.00104491 0.0106406 0.0180687 -0.00240777 -0.00121299 -0.00219769 -0.00330293 0.022226 0.013848 0.0103475 -0.00234005 -0.000299282 0.00102402 -0.0208437 -0.000313389 -0.011507 0.0273358 0.0159103 -0.00935207 -0.0100948 0.00288232
internal_weight=0 999 4743 4165 828 3735 3160 564 797 720 377 281 2596 2438 2356 2254 102 430 392 2193 217 1482 158 130 575 164 107 711 152 92
internal_count=5742 999 4743 4165 828 3735 3160 564 797 720 377 281 2596 2438 2356 2254 102 430 392 2193 217 1482 158 130 575 164 107 711 152 92
shrinkage=0.1


Tree=12
num_leaves=31
num_cat=0
split_feature=6 0 0 2 0 12 2 7 2 2 11 13 9 8 1 5 14 8 1 9 9 12 8 15 14 14 2 3 0 10
split_gain=11.2508 12.2319 8.11753 7.946 7.00488 6.01294 5.83358 5.09509 5.16257 5.03729 4.61183 4.69795 4.53753 5.11062 4.46926 9.97526 4.40272 4.21552 4.18532 4.0859 4.02913 3.87322 4.744 3.68884 3.62181 3.766 6.03787 3.59048 3.53013 3.51871
threshold=1.5000000000000002 43.500000000000007 19.500000000000004 25.500000000000004 36.500000000000007 2.5000000000000004 46.500000000000007 2.5000000000000004 40.500000000000007 31.500000000000004 5.5000000000000009 74.500000000000014 15.500000000000002 4.5000000000000009 15.500000000000002 1.5000000000000002 45.500000000000007 8.5000000000000018 11.500000000000002 53.500000000000007 10.500000000000002 1.5000000000000002 65.500000000000014 11.500000000000002 21.500000000000004 11.500000000000002 36.500000000000007 15.500000000000002 33.500000000000007 2.5000000000000004
decision_type=2 2 2 2 2 2 2 2 2 2 2 2 2 2 2 2 2 2 2 2 2 2 2 2 2 2 2 2 2 2
left_child=7 2 9 4 5 12 17 -1 21 16 11 14 13 -4 15 -5 -2 23 27 24 -20 28 -23 -3 25 -16 -27 -15 29 -9
right_child=1 6 3 10 -6 -7 -8 8 -10 -11 -12 -13 -14 18 19 -17 -18 -19 20 -21 -22 22 -24 -25 -26 26 -28 -29 -30 -31
leaf_value=-0.023122151423068275 -0.0035066275101186886 0.025926554609428755 0.030051779307817158 -0.048426500583688421 0.029083822600734541 -0.0014825143620259781 -0.028461749780745733 0.020144623793088474 -0.021071375308737244 -0.016620842840280325 0.043344649542932927 -0.036037590182744543 0.028952507017289894 0.0033462037526472395 0.016377945339832552 -0.0019207290312918291 0.032617581742150445 0.034528497666925999 0.047563044617815714 -0.017989657012124859 -0.0040268577635288244 -0.0073561932065270164 0.042224596440792087 -0.017929160244324626 0.033728807770154058 0.016685254604388505 -0.039706485094250864 -0.039007511025383357 0.045483957175855287 -0.015997811050518698
leaf_weight=210 936 44 95 48 156 532 21 65 177 323 23 39 136 427 156 1179 35 185 41 48 24 550 20 34 68 39 37 21 27 46
leaf_count=210 936 44 95 48 156 532 21 65 177 323 23 39 136 427 156 1179 35 185 41 48 24 550 20 34 68 39 37 21 27 46
internal_value=0 0.00214873 0.000839761 0.0036406 0.00908097 0.00663548 0.0222579 -0.00911884 -0.00579602 -0.00580303 -0.00111848 -0.00175209 0.0124403 0.00874676 -0.000903119 -0.00374003 -0.00220452 0.0263078 0.00480139 0.00909942 0.0285145 -0.00197718 -0.00561652 0.00680996 0.0134337 0.00748511 -0.0107686 0.00136087 0.0130548 0.00516668
internal_weight=0 4647 4363 3069 1432 1276 284 1095 885 1294 1637 1614 744 608 1575 1227 971 263 513 348 65 708 570 78 300 232 76 448 138 111
internal_count=5742 4647 4363 3069 1432 1276 284 1095 885 1294 1637 1614 744 608 1575 1227 971 263 513 348 65 708 570 78 300 232 76 448 138 111
shrinkage=0.1


Tree=13
num_leaves=31
num_cat=0
split_feature=6 0 10 14 11 12 1 8 15 12 2 0 8 9 5 1 9 14 2 7 4 0 0 2 9 13 15 7 2 8
split_gain=9.11316 9.90788 8.06173 7.43188 6.11112 6.24992 7.18588 6.12533 5.84161 5.04741 4.82564 5.36046 5.17878 6.51115 6.07161 5.42034 5.35616 5.06834 4.82046 4.79773 6.22126 4.77264 4.75169 4.7252 4.62123 4.57896 4.3395 4.35308 4.93151 4.32469
threshold=1.5000000000000002 43.500000000000007 1.5000000000000002 17.500000000000004 1.5000000000000002 2.5000000000000004 1.0000000180025095e-35 4.5000000000000009 9.5000000000000018 2.5000000000000004 7.5000000000000009 13.500000000000002 18.500000000000004 15.500000000000002 1.5000000000000002 14.500000000000002 23.500000000000004 48.500000000000007 11.500000000000002 36.500000000000007 4.5000000000000009 36.500000000000007 26.500000000000004 46.500000000000007 13.500000000000002 8.5000000000000018 71.000000000000014 3.5000000000000004 14.500000000000002 32.500000000000007
decision_type=2 2 2 2 2 2 2 2 2 2 2 2 2 2 2 2 2 2 2 2 2 2 2 2 2 2 2 2 2 2
left_child=26 2 3 18 7 6 -6 -4 -9 -5 -7 -12 13 -13 -15 16 -16 24 -2 20 -8 -21 -10 -3 -14 -18 27 -1 -29 -20
right_child=1 23 4 9 5 10 19 8 22 -11 11 12 17 14 15 -17 25 -19 29 21 -22 -23 -24 -25 -26 -27 -28 28 -30 -31
leaf_value=-0.020422754044296179 0.047368352611859642 0.023677011888063454 -0.028120774562869755 0.042320438174857311 -0.0093143185638999513 0.029926964385168894 0.0057324917274272713 0.042526939511299135 -0.017971291343371075 0.012552906140901042 -0.023041337153633237 -0.0087910623147385673 -0.0051724196562553922 -0.025621865594640691 0.021650953561991686 0.036534376025199891 0.025372189363917792 0.018314669416709381 0.005131540271580087 -0.043123492522117418 0.052586214295749015 0.01284804654121399 0.025668680455003468 -0.025615574632372174 -0.026365089342613852 -0.014604115392279439 0.030654233800513405 0.023605908950169882 -0.0076816170772763294 -0.021591686138084959
leaf_weight=262 24 263 28 97 437 35 1244 79 45 138 197 491 179 47 129 75 37 44 449 39 29 25 56 21 242 127 28 54 751 70
leaf_count=262 24 263 28 97 437 35 1244 79 45 138 197 491 179 47 129 75 37 44 449 39 29 25 56 21 242 127 28 54 751 70
internal_value=0 0.00193385 0.000755785 0.00998312 -0.00124669 -0.00227135 0.00181807 0.0153893 0.0221576 0.0248399 -0.00679701 -0.00761674 -0.00540037 -0.000997284 0.00822379 0.0125465 0.00640622 -0.0139793 0.00355338 0.0054567 0.00679986 -0.0212596 0.00622513 0.0200321 -0.0173544 -0.00558507 -0.00820696 -0.00922674 -0.00558283 0.00152725
internal_weight=0 4647 4363 778 3585 3377 1774 208 180 235 1603 1568 1371 906 415 368 293 465 543 1337 1273 64 101 284 421 164 1095 1067 805 519
internal_count=5742 4647 4363 778 3585 3377 1774 208 180 235 1603 1568 1371 906 415 368 293 465 543 1337 1273 64 101 284 421 164 1095 1067 805 519
shrinkage=0.1


Tree=14
num_leaves=31
num_cat=0
split_feature=2 0 15 5 3 7 9 4 15 1 4 14 2 1 4 8 9 13 15 4 4 14 14 1 11 8 1 15 7 6
split_gain=8.32331 10.6885 6.28801 5.51199 5.14677 7.27015 6.2592 5.00406 4.96857 4.59352 5.15407 4.55112 8.72707 4.5456 4.47295 4.9655 6.50688 6.45201 4.18394 3.91385 3.90802 3.84474 3.81556 3.8138 3.67522 3.67469 4.34107 3.67099 3.65564 3.28964
threshold=40.500000000000007 27.500000000000004 3.5000000000000004 2.5000000000000004 1.0000000180025095e-35 7.5000000000000009 17.500000000000004 1.5000000000000002 18.500000000000004 5.5000000000000009 1.0000000180025095e-35 17.500000000000004 16.500000000000004 1.5000000000000002 3.5000000000000004 22.500000000000004 15.500000000000002 13.500000000000002 14.500000000000002 2.5000000000000004 2.5000000000000004 55.500000000000007 15.500000000000002 3.5000000000000004 3.5000000000000004 5.5000000000000009 5.5000000000000009 6.5000000000000009 14.500000000000002 4.5000000000000009
decision_type=2 2 2 2 2 2 2 2 2 2 2 2 2 2 2 2 2 2 2 2 2 2 2 2 2 2 2 2 2 2
left_child=1 3 -3 7 5 6 -4 29 11 21 -11 22 -13 -2 15 16 17 -12 27 -7 -14 -6 -9 -15 -19 26 -5 -17 -22 -1
right_child=13 2 4 25 9 19 -8 8 -10 10 14 12 20 23 -16 18 -18 24 -20 -21 28 -23 -24 -25 -26 -27 -28 -29 -30 -31
leaf_value=-0.018109347530101474 -0.021107878846160333 0.019482848139781527 -0.020828772805355215 0.031043337267565443 -0.0025074104924768326 0.051691839142122137 0.043511614771116348 -0.00187763667823187 -0.023501893259444327 -0.022787906802617587 -0.0027986549470271614 0.058617290357748666 -0.027011577739860071 0.02270284326786691 -0.0050552488369926532 -0.014566311836242678 0.035661644835649813 0.046928047319805183 -0.012314841095006692 0.0093798595480620861 -0.0029491537495663291 -0.041206655237409809 -0.033430591598153113 -0.0069752522002566944 -0.0032536983489990234 0.00096773875938667051 -0.017245390638709068 0.037691324585821577 0.048272550376978793 0.017407397819416866
leaf_weight=380 233 358 54 83 522 69 21 915 106 52 148 36 33 47 157 20 161 54 106 32 38 27 40 550 20 1365 24 41 22 28
leaf_count=380 233 358 54 83 522 69 21 915 106 52 148 36 33 47 157 20 161 54 106 32 38 27 40 550 20 1365 24 41 22 28
internal_value=0 0.00156504 0.00758722 -0.00204826 0.00471752 0.0207721 -0.00281346 -0.00611504 -0.0028384 0.00255728 0.00759732 -0.000817798 0.0168122 -0.00926204 0.00983216 0.0140818 0.020356 0.00925603 -0.000307515 0.0382861 0.000629529 -0.00441065 -0.00319923 -0.00463879 0.0333654 0.00236662 0.0202122 0.0205577 0.0158321 -0.0156719
internal_weight=0 4912 1842 3070 1484 176 75 1598 1190 1308 759 1084 129 830 707 550 383 222 167 101 93 549 955 597 74 1472 107 61 60 408
internal_count=5742 4912 1842 3070 1484 176 75 1598 1190 1308 759 1084 129 830 707 550 383 222 167 101 93 549 955 597 74 1472 107 61 60 408
shrinkage=0.1


Tree=15
num_leaves=31
num_cat=0
split_feature=6 0 10 0 2 15 12 15 15 7 1 15 12 2 2 9 1 8 3 2 8 15 14 5 15 7 2 11 13 1
split_gain=6.9732 7.57267 6.80698 4.8188 5.43157 4.51214 4.21294 4.27583 5.93265 3.72497 4.06704 3.61177 3.88605 3.60605 3.54873 3.49014 3.96356 3.89666 3.68424 4.6891 3.48507 4.27949 3.47906 3.76028 3.4314 4.04338 3.7092 3.37257 3.37659 3.33215
threshold=1.5000000000000002 43.500000000000007 1.0000000180025095e-35 19.500000000000004 25.500000000000004 21.500000000000004 2.5000000000000004 29.500000000000004 22.500000000000004 6.5000000000000009 13.500000000000002 71.000000000000014 1.5000000000000002 46.500000000000007 19.500000000000004 15.500000000000002 9.5000000000000018 5.5000000000000009 8.5000000000000018 20.500000000000004 7.5000000000000009 11.500000000000002 23.500000000000004 3.5000000000000004 9.5000000000000018 4.5000000000000009 35.500000000000007 5.5000000000000009 74.500000000000014 14.500000000000002
decision_type=2 2 2 2 2 2 2 2 2 2 2 2 2 2 2 2 2 2 2 2 2 2 2 2 2 2 2 2 2 2
left_child=11 2 22 5 6 -4 15 8 14 -7 -11 12 24 20 -8 16 17 -5 -18 -20 21 -3 -2 -24 25 -1 -27 28 29 -6
right_child=1 13 3 4 27 9 7 -9 -10 10 -12 -13 -14 -15 -16 -17 18 -19 19 -21 -22 -23 23 -25 -26 26 -28 -29 -30 -31
leaf_value=-0.015096813375535218 0.010659359072471833 0.023494593406978407 -0.0031738358573429114 0.022097551146733396 -0.0046056637597004218 -0.038750742008720619 0.0088483083925463939 0.020816972921876349 -0.0414259777257317 -0.023217507824301722 0.022920173098301067 0.028274282600198476 -0.010945282068350768 -0.022363219374702092 -0.0087702126437876407 0.023999597517883078 0.039505680036895419 -0.0001699017441791037 -0.024243890356134487 0.038760968049367267 0.027495856850575179 -0.027029441197713219 0.020212354467195624 0.074857592284679406 -0.028328877687454224 0.029698502034931393 -0.01137021410054174 0.036846432767131114 -0.031635563801496458 0.006127051986180819
leaf_weight=46 143 38 1063 97 1120 69 220 85 38 56 29 28 874 21 238 170 68 414 27 21 195 30 34 20 27 91 29 22 39 390
leaf_count=46 143 38 1063 97 1120 69 220 85 38 56 29 28 874 21 238 170 68 414 27 21 195 30 34 20 27 91 29 22 39 390
internal_value=0 0.00169163 0.000661707 -0.000197224 0.00198761 -0.00549144 0.00656996 9.39291e-05 -0.0034574 -0.0214889 -0.00747642 -0.007179 -0.00810936 0.017514 -0.000307168 0.0112909 0.00784514 0.00405699 0.0245326 0.00332074 0.0206981 0.00120458 0.0188257 0.0404513 0.00473313 0.0101107 0.0197736 -0.0020318 -0.00258398 -0.00183364
internal_weight=0 4647 4363 4166 2949 1217 1378 581 496 154 85 1095 1067 284 458 797 627 511 116 48 263 68 197 54 193 166 120 1571 1549 1510
internal_count=5742 4647 4363 4166 2949 1217 1378 581 496 154 85 1095 1067 284 458 797 627 511 116 48 263 68 197 54 193 166 120 1571 1549 1510
shrinkage=0.1


Tree=16
num_leaves=31
num_cat=0
split_feature=5 2 0 0 2 9 15 3 10 1 8 8 1 2 0 11 15 13 13 3 3 10 15 3 12 14 0 6 8 3
split_gain=6.6198 6.55212 5.16552 4.80257 5.1891 5.17728 4.48767 4.29066 4.2504 5.89322 4.204 4.17607 5.67539 4.44706 3.90527 4.23496 4.19896 3.86093 3.66792 4.58753 3.29691 3.13918 3.60439 3.49591 5.29267 5.02876 4.7725 4.39855 3.62096 3.04144
threshold=2.5000000000000004 41.500000000000007 45.500000000000007 41.500000000000007 15.500000000000002 7.5000000000000009 8.5000000000000018 22.500000000000004 1.0000000180025095e-35 1.0000000180025095e-35 1.5000000000000002 59.500000000000007 25.500000000000004 35.500000000000007 29.500000000000004 3.5000000000000004 19.500000000000004 17.500000000000004 11.500000000000002 12.500000000000002 29.500000000000004 1.5000000000000002 14.500000000000002 9.5000000000000018 1.5000000000000002 7.5000000000000009 13.500000000000002 3.5000000000000004 4.5000000000000009 1.0000000180025095e-35
decision_type=2 2 2 2 2 2 2 2 2 2 2 2 2 2 2 2 2 2 2 2 2 2 2 2 2 2 2 2 2 2
left_child=2 3 7 4 5 17 -7 10 9 -6 -1 12 -10 20 16 18 21 -2 -16 -20 -14 22 -12 25 -25 26 -23 -28 -26 -3
right_child=1 29 -4 -5 8 6 -8 -9 11 -11 14 -13 13 -15 15 -17 -18 -19 19 -21 -22 23 -24 24 28 -27 27 -29 -30 -31
leaf_value=-0.042075536206916529 -0.01194662983444604 0.021682255495997036 0.028179880490108413 0.016876135888173927 0.049742486033328745 0.041254941622416184 0.011156608867195418 -0.014951394186463469 0.00069952967072111575 0.00051974505186080933 0.0027771373238183756 -0.017027918958663939 0.059439435601234436 -0.011864560842514039 0.0032216201981772547 -0.011595308931186946 -0.019835769605857353 0.028162236647172406 0.01220042836808023 0.053346722722053534 0.010795821114019916 -0.033030360530723224 0.039139086681027571 0.036848785125073939 -0.025323725681678923 -0.017108838284079404 -0.0013953462465485531 0.036062716298243584 0.0040167739490667978 -0.0092307415472934525
leaf_weight=27 88 34 49 297 43 93 106 344 1855 56 226 125 38 21 184 99 162 33 84 40 22 44 31 42 51 374 402 34 240 498
leaf_count=27 88 34 49 297 43 93 106 344 1855 56 226 125 38 21 184 99 162 33 84 40 22 44 31 42 51 374 402 34 240 498
internal_value=0 0.00291148 -0.00395975 0.00485913 0.00341999 0.0153043 0.0252227 -0.00462034 0.00165936 0.0218993 -0.00287824 0.000687137 0.00183093 0.0277414 -0.0023525 0.00639692 -0.00456982 -0.00100785 0.0121801 0.0254734 0.0416034 -0.00285715 0.00716321 -0.00502668 0.00366416 -0.0084155 -0.00164194 0.0015257 -0.00112538 -0.0072551
internal_weight=0 3309 2433 2777 2480 320 199 2384 2160 99 2040 2061 1936 81 2013 407 1606 121 308 124 60 1444 257 1187 333 854 480 436 291 532
internal_count=5742 3309 2433 2777 2480 320 199 2384 2160 99 2040 2061 1936 81 2013 407 1606 121 308 124 60 1444 257 1187 333 854 480 436 291 532
shrinkage=0.1


Tree=17
num_leaves=31
num_cat=0
split_feature=4 2 0 10 3 0 3 11 12 3 7 6 3 11 13 9 13 13 7 11 1 9 14 9 0 9 2 8 1 10
split_gain=6.0821 5.718 5.89287 4.67486 4.52063 5.54566 4.36668 6.12756 5.73926 4.2432 4.13025 3.95484 4.15078 3.71097 3.73242 3.86303 3.58614 3.56107 5.68519 3.37403 3.12311 4.91835 3.12183 3.28892 3.09007 2.87773 2.72325 2.7067 2.74198 2.67431
threshold=1.0000000180025095e-35 10.500000000000002 41.500000000000007 1.0000000180025095e-35 22.500000000000004 31.500000000000004 10.500000000000002 3.5000000000000004 2.5000000000000004 2.5000000000000004 10.500000000000002 4.5000000000000009 7.5000000000000009 1.5000000000000002 4.5000000000000009 31.500000000000004 4.5000000000000009 7.5000000000000009 11.500000000000002 1.5000000000000002 10.500000000000002 6.5000000000000009 7.5000000000000009 12.500000000000002 17.500000000000004 12.500000000000002 20.500000000000004 4.5000000000000009 5.5000000000000009 2.5000000000000004
decision_type=2 2 2 2 2 2 2 2 2 2 2 2 2 2 2 2 2 2 2 2 2 2 2 2 2 2 2 2 2 2
left_child=3 16 4 9 5 -3 8 -8 11 -1 19 12 -7 17 15 -15 -2 -6 -19 22 21 -18 23 -5 -23 -14 -4 -10 -29 -9
right_child=1 2 26 10 13 6 7 29 27 -11 -12 -13 25 14 -16 -17 20 18 -20 -21 -22 24 -24 -25 -26 -27 -28 28 -30 -31
leaf_value=0.048140018957632563 0.044830415844917301 -0.00069656523238463834 0.030306091362779793 -0.0055248923599720001 -0.022452144711105914 0.018632471584356748 0.029780703320004848 0.016150625508565171 0.019803944230079654 -0.0060848150522478175 0.028799182864335866 0.056601265370845803 -0.041338102713875148 -0.0014284465895142667 -0.012156287721263434 0.046412186111722681 -0.025959545450332841 -0.016164952804965358 0.036284050970308242 -0.014054933392156766 0.035628082966193179 0.050372061842963813 -0.020587867368822513 0.048881286621093756 0.005164801081021627 0.0098628235714776184 0.0082997770877064857 -0.03331324452893776 -0.0044586861219543684 -0.027026940137147903
leaf_weight=27 40 2833 66 20 27 130 177 26 24 31 26 20 23 86 668 21 39 31 62 635 39 21 23 25 54 21 380 57 78 32
leaf_count=27 40 2833 66 20 27 130 177 26 24 31 26 20 23 86 668 21 39 31 62 635 39 21 23 25 54 21 380 57 78 32
internal_value=0 0.00129706 0.000613175 -0.00816638 -0.000517651 0.00113771 0.00997532 0.0205372 0.00294406 0.0191578 -0.0103403 0.0144876 0.00964692 -0.00684503 -0.00937883 0.00796084 0.018171 0.00951908 0.018801 -0.0117879 0.0112012 0.00284465 0.00938255 0.0247008 0.0178228 -0.0169013 0.0115563 -0.0111405 -0.0166417 -0.00767148
internal_weight=0 4955 4762 787 4316 3421 588 235 353 58 729 194 174 895 775 107 193 120 93 703 153 114 68 45 75 44 446 159 135 58
internal_count=5742 4955 4762 787 4316 3421 588 235 353 58 729 194 174 895 775 107 193 120 93 703 153 114 68 45 75 44 446 159 135 58
shrinkage=0.1


Tree=18
num_leaves=31
num_cat=0
split_feature=5 11 2 6 15 8 1 10 14 7 0 7 2 8 11 3 6 14 13 14 11 14 7 2 2 13 3 0 14 13
split_gain=5.54758 6.30913 6.16947 5.84026 5.29013 3.99459 4.25823 3.70751 7.38275 4.02753 3.61732 3.46323 4.13085 3.42891 4.77476 3.94047 3.40942 3.39458 3.50042 3.13924 5.40546 4.63802 4.09272 2.9992 2.9435 3.31775 2.81579 5.01788 3.34145 3.31891
threshold=1.5000000000000002 1.5000000000000002 10.500000000000002 1.0000000180025095e-35 1.0000000180025095e-35 88.500000000000014 24.500000000000004 1.5000000000000002 18.500000000000004 2.5000000000000004 13.500000000000002 76.500000000000014 27.500000000000004 14.500000000000002 2.5000000000000004 4.5000000000000009 3.5000000000000004 21.500000000000004 19.500000000000004 9.5000000000000018 3.5000000000000004 21.500000000000004 10.500000000000002 18.500000000000004 18.500000000000004 4.5000000000000009 5.5000000000000009 19.500000000000004 8.5000000000000018 24.500000000000004
decision_type=2 2 2 2 2 2 2 2 2 2 2 2 2 2 2 2 2 2 2 2 2 2 2 2 2 2 2 2 2 2
left_child=-1 4 13 24 -2 6 7 8 -5 26 16 12 23 14 -3 -15 17 18 -11 22 21 -21 -14 -8 25 -4 27 -9 -29 -28
right_child=1 2 3 5 -6 -7 11 9 -10 10 -12 -13 19 15 -16 -17 -18 -19 -20 20 -22 -23 -24 -25 -26 -27 29 28 -30 -31
leaf_value=-0.011562304060126462 0.062966887581916084 0.0023733906207546113 0.039891634475101127 0.00037179540044495038 0.011043504677887346 -0.022672905229233407 0.002880013209802133 -0.026341374715169272 0.023160552256500599 -0.0039422191219565311 0.0011267707398408184 0.050271554356035975 0.055141240926015946 -0.022482403570955451 0.052137556555224396 0.020538855890432996 -0.031727899049149182 0.027518622045006071 -0.04112934619188309 -0.053822422388828166 0.016332809961571985 0.00050498118003209443 -0.0032590711755411967 0.044865876501021182 -0.014953767470111746 -0.014427515993947568 -0.019847471769209261 0.037417688965797426 -0.0029552417557413987 0.0031235632554786966
leaf_weight=387 21 31 22 532 299 74 27 39 194 162 2633 23 21 33 51 60 61 28 30 33 49 30 28 46 371 23 270 41 41 82
leaf_count=387 21 31 22 532 299 74 27 39 194 162 2633 23 21 33 51 60 61 28 30 33 49 30 28 46 371 23 270 41 41 82
internal_value=0 0.000835595 -2.9732e-05 -0.000693972 0.014451 0.000366643 0.000756786 -2.3513e-05 0.00646135 -0.00141354 -2.42323e-05 0.0132446 0.00960521 0.0184172 0.0333243 0.00527325 -0.0108093 -0.00500908 -0.00975271 0.000658567 -0.00857753 -0.0279522 0.0217696 0.0293369 -0.0120242 0.0121285 -0.0099726 0.00318716 0.0172312 -0.0144963
internal_weight=0 5355 5035 4860 320 4444 4370 4113 726 3387 2914 257 234 175 82 93 281 220 192 161 112 63 49 73 416 45 473 121 82 352
internal_count=5742 5355 5035 4860 320 4444 4370 4113 726 3387 2914 257 234 175 82 93 281 220 192 161 112 63 49 73 416 45 473 121 82 352
shrinkage=0.1


Tree=19
num_leaves=31
num_cat=0
split_feature=5 2 11 2 9 14 8 3 14 15 14 8 15 10 3 7 8 14 14 13 9 0 2 14 8 1 15 2 13 4
split_gain=5.08088 5.51442 4.05943 5.25624 5.31517 5.63269 5.06078 5.96452 6.04522 4.43807 5.07555 4.98166 4.42213 4.23736 5.2475 3.81752 3.81401 3.70992 5.20535 4.01297 4.30873 3.70816 3.72503 3.70326 3.57302 4.24252 4.90348 3.92352 4.30365 3.36681
threshold=2.5000000000000004 47.500000000000007 1.5000000000000002 9.5000000000000018 3.5000000000000004 2.5000000000000004 15.500000000000002 4.5000000000000009 12.500000000000002 24.500000000000004 28.500000000000004 30.500000000000004 22.500000000000004 3.5000000000000004 3.5000000000000004 11.500000000000002 7.5000000000000009 1.5000000000000002 1.0000000180025095e-35 42.500000000000007 4.5000000000000009 45.500000000000007 31.500000000000004 16.500000000000004 30.500000000000004 19.500000000000004 11.500000000000002 27.500000000000004 29.500000000000004 1.5000000000000002
decision_type=2 2 2 2 2 2 2 2 2 2 2 2 2 2 2 2 2 2 2 2 2 2 2 2 2 2 2 2 2 2
left_child=21 2 16 13 5 -5 29 8 12 10 -7 -11 -8 14 -4 17 -2 18 -9 20 -19 22 -1 -21 25 26 -18 28 -26 -6
right_child=1 -3 3 4 6 9 7 15 -10 11 -12 -13 -14 -15 -16 -17 24 19 -20 23 -22 -23 -24 -25 27 -27 -28 -29 -30 -31
leaf_value=-0.0016878724165746242 0.053076953411102294 -0.020339573729856342 0.0024228927989800773 0.026518604320448797 -0.00030636851659078085 -0.027164677508396681 0.006927222872184495 -0.016856514513492585 0.027811248781103078 -0.025912705347651527 0.010315982591022146 0.037168230164435601 -0.036657534385549612 -0.0088844321966171265 0.061298491533209647 0.0030225243265871891 0.015172229260206222 0.025678920414712692 0.053632822632789616 -0.018543981671333313 -0.01523593143845643 0.023761885020197656 -0.010703593367328552 0.029653058878400109 -0.022110157584150636 0.036928629751006768 -0.032463512965973391 0.051476458681596296 0.036088906835626676 0.011658271795267579
leaf_weight=1765 25 102 24 37 334 202 118 20 132 21 44 31 29 25 41 461 40 27 22 25 551 49 619 44 24 24 47 37 27 795
leaf_count=1765 25 102 24 37 334 202 118 20 132 21 44 31 29 25 41 461 40 27 22 25 551 49 619 44 24 24 47 37 27 795
internal_value=0 0.00255071 0.00327874 0.0023038 0.00156341 -0.010281 0.00311457 -0.000838998 0.0122775 -0.01485 -0.0204608 0.0116932 -0.00167113 0.0261031 0.0395598 -0.00402118 0.0162621 -0.00873402 0.0200665 -0.0106036 -0.0133247 -0.00346909 -0.00402878 0.0121904 0.0116371 -0.000293773 -0.010562 0.0266862 0.00870111 0.00811869
internal_weight=0 3309 3207 2983 2893 335 2558 1429 279 298 246 52 147 90 65 1150 224 689 42 647 578 2433 2384 69 199 111 87 88 51 1129
internal_count=5742 3309 3207 2983 2893 335 2558 1429 279 298 246 52 147 90 65 1150 224 689 42 647 578 2433 2384 69 199 111 87 88 51 1129
shrinkage=0.1


Tree=20
num_leaves=31
num_cat=0
split_feature=2 0 4 4 13 5 15 12 1 2 1 14 13 13 14 2 7 2 9 14 0 14 14 7 0 7 15 5 2 12
split_gain=4.29694 5.65328 3.29113 3.21976 3.60913 4.18296 3.90908 4.57901 5.16056 8.41125 3.18103 3.09956 3.09064 3.17109 4.75586 5.89016 3.92993 3.54517 2.90115 6.89064 6.77927 3.81556 3.17365 4.75493 4.01056 3.64005 3.26701 3.62141 4.30452 3.25731
threshold=41.500000000000007 30.500000000000004 3.5000000000000004 1.5000000000000002 43.500000000000007 2.5000000000000004 7.5000000000000009 3.5000000000000004 1.0000000180025095e-35 19.500000000000004 2.5000000000000004 16.500000000000004 1.0000000180025095e-35 4.5000000000000009 11.500000000000002 19.500000000000004 8.5000000000000018 35.500000000000007 8.5000000000000018 4.5000000000000009 29.500000000000004 9.5000000000000018 3.5000000000000004 3.5000000000000004 19.500000000000004 6.5000000000000009 15.500000000000002 2.5000000000000004 25.500000000000004 2.5000000000000004
decision_type=2 2 2 2 2 2 2 2 2 2 2 2 2 2 2 2 2 2 2 2 2 2 2 2 2 2 2 2 2 2
left_child=1 3 -3 4 5 -1 7 8 -7 -10 -4 -9 -5 14 15 16 -14 -17 20 -20 22 -21 23 -15 -24 -26 27 28 -25 -27
right_child=-2 2 10 12 -6 6 -8 11 9 -11 -12 -13 13 18 -16 17 -18 -19 19 21 -22 -23 24 26 25 29 -28 -29 -30 -31
leaf_value=-0.011653824130515883 -0.0072419660423091274 0.0083073919179739979 -0.032021529227495196 -0.015508064356717198 -0.031103279062037199 0.0035737890662170774 -0.0059837851359183531 0.0081455510287057799 0.079161787135847692 0.013202371730886656 0.00034497665606208686 -0.045565441250801086 0.05292535331100226 0.05056911494050708 0.021883719822781235 -0.0098180834849675505 0.0056413700947394738 0.027913809780563625 -0.011323388641880405 0.016936414665623106 0.04763692493240039 0.0025390646837401909 -0.0196563497742182 0.011490814685821533 0.018355057285382198 -0.001134024573409039 -0.037876243591308596 0.02319651007652283 -0.042225551949097564 -0.023145311474800111
leaf_weight=446 717 1235 36 110 53 127 332 21 29 58 194 22 32 21 177 225 39 28 248 289 24 507 241 35 65 230 20 60 26 95
leaf_count=446 717 1235 36 110 53 127 332 21 29 58 194 22 32 21 177 225 39 28 248 289 24 507 241 35 65 230 20 60 26 95
internal_value=0 0.00103333 0.00626197 -0.00111834 -0.00565145 -0.00434812 0.00118387 0.0104433 0.0164266 0.0351888 -0.00472109 -0.0193345 0.000876816 0.00163987 0.00870172 0.00150044 0.0269525 -0.00564222 -0.000261249 0.00323154 -0.0047245 0.00776624 -0.00630921 0.00617612 -0.00951463 -0.00324757 -0.000435604 0.00575293 -0.0114047 -0.00756809
internal_weight=0 5025 1465 3560 1088 1035 589 257 214 87 230 43 2472 2362 501 324 71 253 1861 1044 817 796 793 162 631 390 141 121 61 325
internal_count=5742 5025 1465 3560 1088 1035 589 257 214 87 230 43 2472 2362 501 324 71 253 1861 1044 817 796 793 162 631 390 141 121 61 325
shrinkage=0.1


Tree=21
num_leaves=31
num_cat=0
split_feature=2 5 1 8 10 14 2 7 1 9 13 10 8 11 7 7 10 13 3 8 15 0 14 8 14 3 1 15 3 1
split_gain=3.82777 4.19578 3.84648 3.61259 3.34427 4.48415 3.60067 3.50329 3.3291 3.11663 4.05185 3.12955 2.95906 2.98765 4.08971 4.03099 3.66554 3.29833 8.54709 2.83695 2.80148 2.75157 4.86169 3.6522 4.97438 3.93459 3.83339 3.79274 2.84073 6.02779
threshold=47.500000000000007 2.5000000000000004 31.500000000000004 17.500000000000004 1.0000000180025095e-35 18.500000000000004 15.500000000000002 28.500000000000004 42.500000000000007 7.5000000000000009 19.500000000000004 3.5000000000000004 1.5000000000000002 3.5000000000000004 1.5000000000000002 14.500000000000002 4.5000000000000009 8.5000000000000018 12.500000000000002 88.500000000000014 17.500000000000004 41.500000000000007 42.500000000000007 19.500000000000004 26.500000000000004 7.5000000000000009 1.5000000000000002 12.500000000000002 22.500000000000004 17.500000000000004
decision_type=2 2 2 2 2 2 2 2 2 2 2 2 2 2 2 2 2 2 2 2 2 2 2 2 2 2 2 2 2 2
left_child=1 12 4 -4 5 -3 7 9 20 10 -6 -11 -1 14 -14 -15 17 -17 -19 21 -5 -8 23 24 25 -23 -27 -28 -25 -30
right_child=-2 2 3 8 6 -7 19 -9 -10 11 -12 -13 13 15 -16 16 -18 18 -20 -21 -22 22 -24 28 -26 26 27 -29 29 -31
leaf_value=-0.03007187694311142 -0.015710772228556751 0.0024269232383141155 0.058611396664664861 -0.00060895736570711501 -0.0091990993466488143 0.037298301679472769 -0.00052935248959744188 -0.021300726085901264 -0.021210253509608184 0.030566807435964474 0.034598580534969059 0.0012502700090408327 -0.017670548404566944 -0.013963436640990088 0.00086041827398900678 -0.012979621865919659 -0.030431381435621352 0.072615884932187888 -0.0010327164456248284 -0.022743248152283003 0.041755429393536339 0.054908020126408545 0.043699078463219312 -0.033086822799273906 -0.026248450756073002 -0.026081465482711792 0.043406811356544499 -0.00082633294851903983 0.026492706934611004 -0.03805466825547426
leaf_weight=39 151 91 21 27 86 62 2280 30 22 134 28 50 128 390 1712 28 21 26 40 53 37 29 37 35 25 20 42 36 39 23
leaf_count=39 151 91 21 27 86 62 2280 30 22 134 28 50 128 390 1712 28 21 26 40 53 37 29 37 35 25 20 42 36 39 23
internal_value=0 0.000424312 0.00278623 0.0214273 0.00214281 0.0165578 0.00139443 0.0112716 0.0123475 0.0145507 0.00155823 0.0226004 -0.00275299 -0.00229864 -0.000428692 -0.00911193 0.00734101 0.0157795 0.0279804 0.000157426 0.023883 0.000630433 0.00987628 0.0048504 0.0145252 0.0225515 0.0129766 0.0229915 -0.0103101 0.00254771
internal_weight=0 5591 3207 107 3100 153 2947 328 86 298 114 184 2384 2345 1840 505 115 94 66 2619 64 2566 286 249 152 127 98 78 97 62
internal_count=5742 5591 3207 107 3100 153 2947 328 86 298 114 184 2384 2345 1840 505 115 94 66 2619 64 2566 286 249 152 127 98 78 97 62
shrinkage=0.1


Tree=22
num_leaves=31
num_cat=0
split_feature=6 10 12 0 9 2 14 1 7 14 5 0 2 11 3 15 1 8 13 2 2 14 1 9 1 12 9 14 8 7
split_gain=3.64396 3.93883 4.32161 3.63461 4.17957 3.43789 3.18864 3.4788 4.57228 4.53357 3.09454 3.82357 3.31316 3.32935 4.73862 3.6379 3.55579 7.58977 4.12328 3.23768 3.99632 4.37366 6.29226 3.84709 3.71017 5.50045 3.01506 2.94769 2.93127 3.79759
threshold=1.5000000000000002 1.5000000000000002 1.0000000180025095e-35 45.500000000000007 61.500000000000007 11.500000000000002 18.500000000000004 1.5000000000000002 8.5000000000000018 33.500000000000007 1.5000000000000002 32.500000000000007 47.500000000000007 1.5000000000000002 37.500000000000007 9.5000000000000018 14.500000000000002 27.500000000000004 48.500000000000007 31.500000000000004 26.500000000000004 14.500000000000002 20.500000000000004 8.5000000000000018 20.500000000000004 2.5000000000000004 11.500000000000002 23.500000000000004 15.500000000000002 10.500000000000002
decision_type=2 2 2 2 2 2 2 2 2 2 2 2 2 2 2 2 2 2 2 2 2 2 2 2 2 2 2 2 2 2
left_child=-1 5 -3 4 10 -2 -7 -8 -9 -10 11 -4 13 14 15 26 28 18 19 20 21 -18 -23 -21 -25 -26 -12 -19 -15 -30
right_child=1 2 3 -5 -6 6 7 8 9 -11 12 -13 -14 16 -16 -17 17 27 -20 23 -22 22 -24 24 25 -27 -28 -29 29 -31
leaf_value=-0.0051896069882667231 0.033248520140745204 0.015381296906013822 -0.018603545150091483 0.015650709262189939 -0.017716276606187128 0.0018954444593529453 0.033839940541499372 -0.011985787568670331 0.04873552024364472 -0.0022458307670824456 -0.0020633514631878246 0.018557712706652556 -0.024054526830358164 0.00073080544300633025 0.059183721741040557 -0.0075229297513547157 0.030132521321808083 -0.021113996461033822 0.053283382234749967 -0.02688877532879512 0.048164007414218994 -0.038105431391346839 0.026698162637907887 0.028915760788050568 -0.046140238642692566 0.02067778099860464 0.045447334822486432 0.0092493958929751787 -0.011618380925872109 0.0020807410141936056
leaf_weight=1095 49 172 172 129 151 547 74 66 37 33 22 33 56 1632 21 69 69 100 27 36 43 31 29 55 22 28 34 47 539 324
leaf_count=1095 49 172 172 129 151 547 74 66 37 33 22 33 56 1632 21 69 69 100 27 36 43 31 29 55 22 28 34 47 539 324
internal_value=0 0.00122286 -0.000110794 -0.000837052 -0.00143788 0.00757839 0.00591678 0.0163914 0.00689735 0.0247015 -0.000712578 -0.0126215 5.41699e-05 0.000485783 0.0152301 0.00784587 -0.000236104 0.0075799 0.0157885 0.0125541 0.0217626 0.0129622 -0.00678369 0.00132102 0.0109929 -0.00872215 0.0267824 -0.011406 -0.00176171 -0.00647526
internal_weight=0 4647 3841 3669 3540 806 757 210 136 70 3389 205 3184 3128 146 125 2982 487 340 313 172 129 60 141 105 50 56 147 2495 863
internal_count=5742 4647 3841 3669 3540 806 757 210 136 70 3389 205 3184 3128 146 125 2982 487 340 313 172 129 60 141 105 50 56 147 2495 863
shrinkage=0.1


Tree=23
num_leaves=31
num_cat=0
split_feature=11 5 7 2 13 12 1 2 14 9 1 8 10 14 3 4 11 2 0 0 0 9 8 7 1 3 0 4 15 13
split_gain=3.15009 3.11899 3.27468 2.82463 3.98211 2.83316 3.04493 4.62959 3.37975 3.00913 3.38713 2.74115 2.87685 2.64837 3.1125 2.89098 4.11722 2.5496 2.51527 5.95823 3.49431 2.6422 4.49004 6.24792 5.43092 4.99063 6.74785 3.63065 3.40964 3.2066
threshold=1.0000000180025095e-35 1.5000000000000002 3.5000000000000004 10.500000000000002 29.500000000000004 1.0000000180025095e-35 23.500000000000004 31.500000000000004 15.500000000000002 18.500000000000004 8.5000000000000018 86.500000000000014 3.5000000000000004 11.500000000000002 5.5000000000000009 1.5000000000000002 2.5000000000000004 43.500000000000007 2.5000000000000004 4.5000000000000009 9.5000000000000018 9.5000000000000018 29.500000000000004 11.500000000000002 6.5000000000000009 9.5000000000000018 24.500000000000004 3.5000000000000004 48.500000000000007 5.5000000000000009
decision_type=2 2 2 2 2 2 2 2 2 2 2 2 2 2 2 2 2 2 2 2 2 2 2 2 2 2 2 2 2 2
left_child=-1 -2 17 4 13 6 7 8 -5 10 -9 18 -13 14 -4 -15 -17 -3 -7 -20 -21 22 27 25 -25 -24 -27 28 -22 -29
right_child=1 2 3 5 -6 11 -8 9 -10 -11 -12 12 -14 15 -16 16 -18 -19 19 20 21 -23 23 24 -26 26 -28 29 -30 -31
leaf_value=0.032874782743125129 -0.0088590171197792163 -0.0028111265269499773 0.015860331871292807 0.010549321456959374 -0.021069360753664605 -0.032806518470699139 0.038147331891875524 0.038516783118247994 0.054649654746055598 -0.031780790005411418 -0.013346294094534481 -0.045729839859100493 7.9530477523803722e-05 0.03947235632825781 0.069683326000259047 -0.035840340455373126 0.018178828233896299 -0.018811307001758266 0.050772093981504444 -0.01593094639295389 -0.0024896530761294813 0.0037949875947601514 0.055668445040539999 -0.035021991990506651 0.013045895988481089 -0.018941026429335275 0.041097461642363137 -0.041202050274194678 0.039123392403125762 -0.009193357358808104
leaf_weight=29 385 969 22 57 26 22 38 20 25 35 34 26 29 27 21 21 43 111 24 121 1271 1995 41 40 57 36 39 43 20 115
leaf_count=29 385 969 22 57 26 22 38 20 25 35 34 26 29 27 21 21 43 111 24 121 1271 1995 41 40 57 36 39 43 20 115
internal_value=0 -0.000166877 0.000461215 0.00171125 0.0147454 0.00120111 0.0125425 0.00685255 0.0239945 -0.00894119 0.00586225 0.000590032 -0.0215758 0.0216946 0.042146 0.0120307 0.000453789 -0.00445559 0.00090884 0.00110393 0.000788411 0.00134161 -0.00160333 0.0119534 -0.00677591 0.0276149 0.012279 -0.00359614 -0.00184499 -0.0179046
internal_weight=0 5713 5328 4248 160 4088 209 171 82 89 54 3879 55 134 43 91 64 1080 3824 3802 3778 3657 1662 213 97 116 75 1449 1291 158
internal_count=5742 5713 5328 4248 160 4088 209 171 82 89 54 3879 55 134 43 91 64 1080 3824 3802 3778 3657 1662 213 97 116 75 1449 1291 158
shrinkage=0.1


end of trees

feature_importances:
Column_2=101
Column_0=78
Column_1=63
Column_8=54
Column_14=51
Column_3=46
Column_7=46
Column_13=46
Column_9=44
Column_15=44
Column_12=33
Column_5=29
Column_10=23
Column_11=23
Column_4=20
Column_6=19

parameters:
[boosting: gbdt]
[objective: regression]
[metric: l2]
[tree_learner: serial]
[device_type: cpu]
[data: ]
[valid: ]
[num_iterations: 10000]
[learning_rate: 0.1]
[num_leaves: 31]
[num_threads: 0]
[deterministic: 0]
[force_col_wise: 0]
[force_row_wise: 0]
[histogram_pool_size: -1]
[max_depth: -1]
[min_data_in_leaf: 20]
[min_sum_hessian_in_leaf: 0.001]
[bagging_fraction: 1]
[pos_bagging_fraction: 1]
[neg_bagging_fraction: 1]
[bagging_freq: 0]
[bagging_seed: 3]
[feature_fraction: 1]
[feature_fraction_bynode: 1]
[feature_fraction_seed: 2]
[extra_trees: 0]
[extra_seed: 6]
[early_stopping_round: 10]
[first_metric_only: 0]
[max_delta_step: 0]
[lambda_l1: 0]
[lambda_l2: 0]
[min_gain_to_split: 0]
[drop_rate: 0.1]
[max_drop: 50]
[skip_drop: 0.5]
[xgboost_dart_mode: 0]
[uniform_drop: 0]
[drop_seed: 4]
[top_rate: 0.2]
[other_rate: 0.1]
[min_data_per_group: 100]
[max_cat_threshold: 32]
[cat_l2: 10]
[cat_smooth: 10]
[max_cat_to_onehot: 4]
[top_k: 20]
[monotone_constraints: ]
[monotone_constraints_method: basic]
[monotone_penalty: 0]
[feature_contri: ]
[forcedsplits_filename: ]
[refit_decay_rate: 0.9]
[cegb_tradeoff: 1]
[cegb_penalty_split: 0]
[cegb_penalty_feature_lazy: ]
[cegb_penalty_feature_coupled: ]
[path_smooth: 0]
[interaction_constraints: ]
[verbosity: 1]
[saved_feature_importance_type: 0]
[max_bin: 255]
[max_bin_by_feature: ]
[min_data_in_bin: 3]
[bin_construct_sample_cnt: 200000]
[data_random_seed: 1]
[is_enable_sparse: 1]
[enable_bundle: 1]
[use_missing: 1]
[zero_as_missing: 0]
[feature_pre_filter: 1]
[pre_partition: 0]
[two_round: 0]
[header: 0]
[label_column: ]
[weight_column: ]
[group_column: ]
[ignore_column: ]
[categorical_feature: ]
[forcedbins_filename: ]
[objective_seed: 5]
[num_class: 1]
[is_unbalance: 0]
[scale_pos_weight: 1]
[sigmoid: 1]
[boost_from_average: 1]
[reg_sqrt: 0]
[alpha: 0.9]
[fair_c: 1]
[poisson_max_delta_step: 0.7]
[tweedie_variance_power: 1.5]
[lambdarank_truncation_level: 30]
[lambdarank_norm: 1]
[label_gain: ]
[eval_at: ]
[multi_error_top_k: 1]
[auc_mu_weights: ]
[num_machines: 1]
[local_listen_port: 12400]
[time_out: 120]
[machine_list_filename: ]
[machines: ]
[gpu_platform_id: -1]
[gpu_device_id: -1]
[gpu_use_dp: 0]
[num_gpu: 1]

end of parameters

pandas_categorical:null
