tree
version=v3
num_class=1
num_tree_per_iteration=1
label_index=0
max_feature_idx=15
objective=regression
feature_names=Column_0 Column_1 Column_2 Column_3 Column_4 Column_5 Column_6 Column_7 Column_8 Column_9 Column_10 Column_11 Column_12 Column_13 Column_14 Column_15
feature_infos=[1:48] [0:64] [1:49] [0:51] [0:9] [0:6] [0:7] [0:187] [0:191] [0:143] [0:7] [0:7] [0:7] [0:211] [0:147] [0:126]
tree_sizes=2680 2729 2733 2738 2762 2750 2749 2737 2745 2764 2744 2741 2739 2741 2760 2755

Tree=0
num_leaves=31
num_cat=0
split_feature=6 2 0 3 2 1 1 13 13 3 5 8 13 14 14 9 1 0 4 5 13 9 9 9 14 3 0 7 2 14
split_gain=22.129 14.9355 10.8803 10.6674 10.4212 8.22743 7.28986 6.62838 6.39178 6.31434 7.23034 5.18471 4.94265 4.75063 4.56847 4.40234 4.99882 5.31024 4.73386 5.34192 5.195 4.32626 4.18351 4.0601 3.77173 4.83125 3.70392 3.68643 3.59038 3.47657
threshold=3.5000000000000004 30.500000000000004 20.500000000000004 5.5000000000000009 22.500000000000004 12.500000000000002 13.500000000000002 35.500000000000007 26.500000000000004 2.5000000000000004 3.5000000000000004 14.500000000000002 6.5000000000000009 14.500000000000002 13.500000000000002 12.500000000000002 5.5000000000000009 25.500000000000004 1.5000000000000002 2.5000000000000004 9.5000000000000018 19.500000000000004 17.500000000000004 8.5000000000000018 10.500000000000002 7.5000000000000009 20.500000000000004 10.500000000000002 42.500000000000007 4.5000000000000009
decision_type=2 2 2 2 2 2 2 2 2 2 2 2 2 2 2 2 2 2 2 2 2 2 2 2 2 2 2 2 2 2
left_child=2 9 3 -1 6 -5 15 28 11 21 14 13 -7 29 22 18 17 -17 -4 24 23 27 26 -21 -20 -26 -11 -2 -6 -3
right_child=1 8 4 5 7 12 -8 -9 -10 10 -12 -13 -14 -15 -16 16 -18 -19 19 20 -22 -23 -24 -25 25 -27 -28 -29 -30 -31
leaf_value=-0.28825895868588686 -0.23331453567773081 -0.25679279514788261 -0.30911837342438375 -0.31583069250358509 -0.29105884815133815 -0.24294664212702385 -0.22079279729364981 -0.24437900278435407 -0.32991779078929295 -0.29536422142027491 -0.20999279793738002 -0.30889805520006164 -0.30050707825659384 -0.22910048910616509 -0.28638183448012877 -0.22979279675720804 -0.20964994081495875 -0.29833125421045892 -0.30500707798837295 -0.25989624323876476 -0.28679279335974328 -0.25398029531552069 -0.22502809115885369 -0.20429279827712649 -0.22979279675720804 -0.29770188361860173 -0.24479279586313835 -0.17536422857283226 -0.32310858066883774 -0.31250707754133811
leaf_weight=532 23 24 43 343 436 26 30 29 32 28 25 38 35 26 73 20 21 26 56 29 30 32 34 24 20 22 30 21 38 21
leaf_count=532 23 24 43 343 436 26 30 29 32 28 25 38 35 26 73 20 21 26 56 29 30 32 34 24 20 22 30 21 38 21
internal_value=-0.285325 -0.264311 -0.290185 -0.297562 -0.281805 -0.309813 -0.267727 -0.290789 -0.290623 -0.250364 -0.260109 -0.279086 -0.275973 -0.263131 -0.267702 -0.272566 -0.250076 -0.268532 -0.279293 -0.272207 -0.25354 -0.226003 -0.25288 -0.234717 -0.288017 -0.265364 -0.269207 -0.205656 -0.293628 -0.282793
internal_weight=0 407 1760 936 824 404 321 503 141 266 190 109 61 71 165 291 67 46 224 181 83 76 92 53 98 42 58 44 474 45
internal_count=2167 407 1760 936 824 404 321 503 141 266 190 109 61 71 165 291 67 46 224 181 83 76 92 53 98 42 58 44 474 45
shrinkage=1


Tree=1
num_leaves=31
num_cat=0
split_feature=6 2 0 3 2 13 1 1 13 3 6 3 13 5 13 0 9 14 1 0 13 3 9 13 15 15 11 7 0 15
split_gain=17.9245 12.6608 8.81308 8.64059 8.44119 6.69568 6.66422 5.90479 5.36899 5.25241 8.57492 4.97865 4.38939 4.33604 4.00355 3.70856 3.5659 4.52615 4.04904 4.30129 3.76679 3.89277 3.81048 4.31674 3.52803 4.8636 3.22961 2.98655 3.45808 2.98584
threshold=3.5000000000000004 25.500000000000004 20.500000000000004 5.5000000000000009 22.500000000000004 26.500000000000004 12.500000000000002 13.500000000000002 35.500000000000007 5.5000000000000009 4.5000000000000009 2.5000000000000004 14.500000000000002 3.5000000000000004 6.5000000000000009 22.500000000000004 12.500000000000002 20.500000000000004 5.5000000000000009 25.500000000000004 3.5000000000000004 6.5000000000000009 7.5000000000000009 11.500000000000002 8.5000000000000018 5.5000000000000009 2.5000000000000004 23.500000000000004 27.500000000000004 15.500000000000002
decision_type=2 2 2 2 2 2 2 2 2 2 2 2 2 2 2 2 2 2 2 2 2 2 2 2 2 2 2 2 2 2
left_child=2 11 3 29 7 9 -5 16 27 10 -3 -2 26 15 -8 -13 17 20 19 -18 21 -4 23 -22 25 -24 -11 -6 -29 -1
right_child=1 5 4 6 8 -7 14 -9 -10 12 -12 13 -14 -15 -16 -17 18 -19 -20 -21 22 -23 24 -25 -26 -27 -28 28 -30 -31
leaf_value=-0.00030812488388769405 0.06267097490253272 0.057457914677533244 0.050205098037366516 -0.027454828555660418 -0.0046562295203537388 -0.037752383450667067 0.038140815954941974 0.058079276084899906 0.036851694511956183 0.013147309651741615 -0.016850440700848898 0.0087465541116122543 0.034784939343279059 0.07049927666783333 -0.013663577692849297 0.045226654192296475 0.049979280531406406 0.049624859435217723 0.068107847940354113 -0.011705334369952863 -0.041879122815233594 -0.0021337439616521199 -0.0028020615930910465 0.0071819387633225013 -0.022913049096646515 0.062260492742061614 -0.029881984613976387 -0.06016571115363728 -0.0083258905718403484 -0.026706017585510906
leaf_weight=485 54 44 27 343 421 36 26 30 29 26 24 87 22 20 35 41 20 21 21 26 47 30 27 29 23 20 53 22 31 47
leaf_count=485 54 44 27 343 421 36 26 30 29 26 24 87 22 20 35 41 20 21 21 26 47 30 27 29 23 20 53 22 31 47
internal_value=0 0.0189127 -0.00437356 -0.011013 0.00316836 0.0014049 -0.0220385 0.0158382 -0.00491714 0.0097461 0.0312314 0.0366805 -0.00471927 0.0271975 0.00841698 0.0204316 0.0114834 0.00542928 0.0317241 0.0151141 0.000857324 0.0226583 -0.00765403 -0.0231585 0.00917934 0.0248841 -0.0157204 -0.00747262 -0.0298443 -0.00264027
internal_weight=0 407 1760 936 824 205 404 321 503 169 68 202 101 148 61 128 291 224 67 46 203 57 146 76 70 47 79 474 53 532
internal_count=2167 407 1760 936 824 205 404 321 503 169 68 202 101 148 61 128 291 224 67 46 203 57 146 76 70 47 79 474 53 532
shrinkage=0.1


Tree=2
num_leaves=31
num_cat=0
split_feature=6 2 0 3 2 13 1 8 14 13 14 14 14 13 3 6 9 14 4 4 7 0 9 12 13 15 12 2 8 12
split_gain=14.5189 10.2552 7.1386 6.99888 6.83737 5.4235 5.39802 5.25753 4.87599 4.50323 7.53715 5.03358 4.34947 4.34888 4.25445 6.94569 4.18602 3.85102 3.83971 3.61261 3.49727 2.93181 4.77701 2.90077 4.16935 3.12116 3.42343 2.80443 3.41675 4.16088
threshold=3.5000000000000004 25.500000000000004 20.500000000000004 5.5000000000000009 22.500000000000004 26.500000000000004 12.500000000000002 22.500000000000004 22.500000000000004 3.5000000000000004 13.500000000000002 8.5000000000000018 13.500000000000002 35.500000000000007 5.5000000000000009 4.5000000000000009 7.5000000000000009 13.500000000000002 2.5000000000000004 2.5000000000000004 13.500000000000002 18.500000000000004 19.500000000000004 3.5000000000000004 5.5000000000000009 2.5000000000000004 2.5000000000000004 42.500000000000007 21.500000000000004 1.5000000000000002
decision_type=2 2 2 2 2 2 2 2 2 2 2 2 2 2 2 2 2 2 2 2 2 2 2 2 2 2 2 2 2 2
left_child=2 12 3 -1 7 14 -5 8 9 10 11 -4 16 27 15 -3 -2 18 -16 -8 -18 -14 -23 24 -11 -26 -27 28 29 -6
right_child=1 5 4 6 13 -7 19 -9 -10 23 -12 -13 21 -15 17 -17 20 -19 -20 -21 -22 22 -24 -25 25 26 -28 -29 -30 -31
leaf_value=-0.0023762434720993042 0.005768895149230957 0.051712123236872937 0.011634836310432072 -0.024709348185069362 0.032321022134838687 -0.033977144459883375 0.032313373684883122 0.059274916847546905 0.048149320579344235 -0.028941973112523556 -0.022469560872940792 0.075920602370952744 -0.0049676009350352818 0.03316652086274377 -0.052134161194165557 -0.015165396283070245 0.072472581660972452 0.017104203675104224 0.0011433772502406952 -0.016364797276835288 0.031003999123067567 0.068213559551672506 0.0096603658638502437 -0.030789583921432495 0.037407257802346175 0.013301778081301098 -0.028880330920219424 -0.032779946766401592 -0.03269854417214027 -0.0047624479119594285
leaf_weight=532 20 44 21 343 33 36 30 24 31 32 21 29 36 29 24 24 53 46 31 31 33 22 38 29 34 74 26 38 39 364
leaf_count=532 20 44 21 343 33 36 30 24 31 32 21 29 36 29 24 24 53 46 31 31 33 22 38 29 34 74 26 38 39 364
internal_value=0 0.0170214 -0.00393621 -0.00991173 0.00285152 0.00126441 -0.0198347 0.0142543 0.0106163 0.00624217 0.0278052 0.0489206 0.0330125 -0.00442543 0.00877149 0.0281083 0.046977 -0.00424734 -0.022105 0.00757529 0.0565602 0.0175933 0.0311299 -0.00160898 0.00348883 0.0112335 0.00233443 -0.00672536 -0.00445454 -0.00167994
internal_weight=0 407 1760 936 824 205 404 321 297 266 71 50 202 503 169 68 106 101 55 61 86 96 60 195 166 134 100 474 436 397
internal_count=2167 407 1760 936 824 205 404 321 297 266 71 50 202 503 169 68 106 101 55 61 86 96 60 195 166 134 100 474 436 397
shrinkage=0.1


Tree=3
num_leaves=31
num_cat=0
split_feature=6 7 2 5 3 7 0 14 13 14 13 0 2 10 4 7 8 14 5 1 15 14 3 4 3 13 1 9 3 10
split_gain=11.7603 8.79268 8.06577 6.29283 6.49748 7.06443 5.96228 5.95049 6.75956 5.23254 5.19683 4.16227 4.10771 4.67416 4.57448 3.88577 3.84964 4.09459 3.29256 3.27704 3.19793 3.18056 5.34879 3.25932 3.12576 3.06123 2.97215 2.94807 2.90655 3.74346
threshold=3.5000000000000004 47.500000000000007 25.500000000000004 2.5000000000000004 9.5000000000000018 17.500000000000004 18.500000000000004 11.500000000000002 7.5000000000000009 1.0000000180025095e-35 26.500000000000004 14.500000000000002 22.500000000000004 3.5000000000000004 1.5000000000000002 11.500000000000002 15.500000000000002 6.5000000000000009 1.5000000000000002 3.5000000000000004 10.500000000000002 14.500000000000002 5.5000000000000009 2.5000000000000004 4.5000000000000009 9.5000000000000018 2.5000000000000004 31.500000000000004 4.5000000000000009 2.5000000000000004
decision_type=2 2 2 2 2 2 2 2 2 2 2 2 2 2 2 2 2 2 2 2 2 2 2 2 2 2 2 2 2 2
left_child=3 2 11 4 5 7 28 9 24 -1 21 19 14 -14 -8 25 17 -13 -11 -2 -10 22 -4 -24 -9 -16 -26 -23 29 -5
right_child=1 -3 10 6 -6 -7 12 8 20 18 -12 16 13 -15 15 -17 -18 -19 -20 -21 -22 27 23 -25 26 -27 -28 -29 -30 -31
leaf_value=0.041440883149271426 -0.021175866099921142 -0.043396823853254322 0.025791179446073682 0.017822049798504002 -0.021572168700504993 -0.033616030630138183 -0.012820566445589066 0.065767451482159761 -0.016583077075346463 -0.044278643701387489 -0.033139662396523266 0.061525624087362576 -0.0032079798109987952 0.031036508580048878 0.054468680677875393 0.0091891199350357059 0.068586259139211556 0.019737000597847831 -0.0056306079311190908 0.034753390401601796 0.029527738264628817 0.0089273924628893546 -0.044678970712881821 0.0026629700805201675 -0.0051659020781517039 0.016767296104720147 0.048698617730821882 0.059028640259867128 -0.019095165575995592 -0.026790172082406506
leaf_weight=23 22 24 52 62 276 72 32 28 53 23 31 33 235 48 62 62 38 81 530 20 21 24 26 33 20 33 21 23 132 27
leaf_count=23 22 24 52 62 276 72 32 28 53 23 31 33 235 48 62 62 38 81 530 20 21 24 26 33 20 33 21 23 132 27
internal_value=0 0.0153193 0.0189986 -0.00354258 -0.00836152 -0.00375199 0.00387705 -0.000761432 0.0174967 -0.00529425 0.00429605 0.0333223 0.010224 0.00260027 0.0216394 0.0286631 0.0410218 0.0318337 -0.00723803 0.00545711 -0.00349758 0.011641 0.0024087 -0.0181996 0.0400122 0.0413724 0.0224232 0.033445 -0.00967841 0.004288
internal_weight=0 407 383 1760 1067 791 693 719 143 576 189 194 472 283 189 157 152 114 553 42 74 158 111 59 69 95 41 47 221 89
internal_count=2167 407 383 1760 1067 791 693 719 143 576 189 194 472 283 189 157 152 114 553 42 74 158 111 59 69 95 41 47 221 89
shrinkage=0.1


Tree=4
num_leaves=31
num_cat=0
split_feature=6 7 2 12 2 0 3 13 13 13 5 8 14 1 4 15 2 7 7 9 3 14 11 7 8 11 6 3 13 14
split_gain=9.52582 7.12207 6.53327 5.25511 5.80925 5.37782 4.22637 4.20943 4.01832 3.99757 4.20976 4.71615 3.95531 3.91711 5.01347 3.74972 3.67855 3.6629 3.39724 3.37474 4.51694 4.65554 3.32687 4.15834 3.28163 2.79693 2.72225 4.53609 4.52541 3.93551
threshold=3.5000000000000004 47.500000000000007 25.500000000000004 1.0000000180025095e-35 38.500000000000007 21.500000000000004 5.5000000000000009 26.500000000000004 31.500000000000004 9.5000000000000018 2.5000000000000004 4.5000000000000009 1.0000000180025095e-35 12.500000000000002 2.5000000000000004 15.500000000000002 16.500000000000004 14.500000000000002 8.5000000000000018 6.5000000000000009 1.0000000180025095e-35 5.5000000000000009 3.5000000000000004 8.5000000000000018 6.5000000000000009 2.5000000000000004 4.5000000000000009 5.5000000000000009 9.5000000000000018 15.500000000000002
decision_type=2 2 2 2 2 2 2 2 2 2 2 2 2 2 2 2 2 2 2 2 2 2 2 2 2 2 2 2 2 2
left_child=3 2 19 18 5 6 12 26 9 10 16 -12 -5 25 -15 24 -7 -18 -1 -2 -21 -22 23 -13 -14 -8 27 -4 -29 -28
right_child=1 -3 7 4 -6 8 13 -9 -10 -11 11 22 15 14 -16 -17 17 -19 -20 20 21 -23 -24 -25 -26 -27 29 28 -30 -31
leaf_value=0.061151963472366337 -0.005972775104253189 -0.03905714234958093 0.043850153955546298 0.039090957330620811 -0.024155697943572713 0.036868071167365367 -0.010369551065247819 -0.029825697214372698 0.040455021162827814 -0.0070949553695183925 0.05251050768671809 0.03188905681882586 -0.021707277939869807 0.04045224918259515 -0.020487723527131258 -0.031938471822511583 0.0020357557092652175 -0.033565730500865629 0.0063318234223585859 0.065233073422783297 0.062370261762823377 0.016478257037344433 0.041028490566438244 -0.010326389287199294 0.0024342690539190153 -0.028475996760502914 -0.036774155497550969 -0.015347972706608152 0.03897841469101284 0.022740216553211214
leaf_weight=20 23 24 44 23 133 23 179 31 30 239 37 35 65 27 27 42 132 37 26 38 28 105 31 70 421 163 25 46 23 20
leaf_count=20 23 24 44 23 133 23 179 31 30 239 37 35 65 27 27 42 132 37 26 38 28 105 31 70 421 163 25 46 23 20
internal_value=0 0.0137874 0.0170988 -0.00318833 -0.0040835 -0.00239495 -0.00716702 0.00386644 0.00473305 0.00295878 0.0095419 0.0208557 -0.00150357 -0.0150472 0.00998226 -0.0032719 -0.000652326 -0.00575865 0.0301667 0.02999 0.0348271 0.0261397 0.0122438 0.00374543 -0.000794539 -0.0189992 0.0104769 0.0187602 0.00276082 -0.0103233
internal_weight=0 407 383 1760 1714 1581 947 189 634 604 365 173 551 396 54 528 192 169 46 194 171 133 136 105 486 342 158 113 69 45
internal_count=2167 407 383 1760 1714 1581 947 189 634 604 365 173 551 396 54 528 192 169 46 194 171 133 136 105 486 342 158 113 69 45
shrinkage=0.1


Tree=5
num_leaves=31
num_cat=0
split_feature=6 2 2 2 0 9 15 7 1 2 13 13 0 5 1 15 7 0 5 8 14 13 10 9 8 5 14 11 8 8
split_gain=7.71592 6.05912 4.78815 5.82244 5.30965 4.20474 6.55996 3.97024 3.92601 7.81161 3.87693 3.70653 4.69668 4.55191 3.69547 5.93033 6.0222 3.50608 5.27789 4.29509 4.57001 4.1091 3.45927 3.39171 3.3112 3.28658 4.50242 3.68948 5.4747 3.14189
threshold=3.5000000000000004 44.500000000000007 26.500000000000004 25.500000000000004 26.500000000000004 12.500000000000002 19.500000000000004 27.500000000000004 14.500000000000002 19.500000000000004 22.500000000000004 3.5000000000000004 14.500000000000002 2.5000000000000004 7.5000000000000009 6.5000000000000009 8.5000000000000018 20.500000000000004 3.5000000000000004 17.500000000000004 18.500000000000004 3.5000000000000004 2.5000000000000004 3.5000000000000004 10.500000000000002 2.5000000000000004 14.500000000000002 2.5000000000000004 11.500000000000002 11.500000000000002
decision_type=2 2 2 2 2 2 2 2 2 2 2 2 2 2 2 2 2 2 2 2 2 2 2 2 2 2 2 2 2 2
left_child=2 11 3 7 14 -6 -7 8 10 -10 17 13 -13 -2 23 -16 29 18 25 20 21 22 -19 -4 -18 26 -1 28 -27 -17
right_child=1 -3 4 -5 5 6 -8 -9 9 -11 -12 12 -14 -15 15 16 24 19 -20 -21 -22 -23 -24 -25 -26 27 -28 -29 -30 -31
leaf_value=-0.0044565311309538395 0.013026009429068793 -0.039902200585319882 0.0086593174728853955 0.036205544008149043 -0.0087327682723601658 0.037947647025187811 -0.024865444976350536 0.027038905024528506 0.065866436004638679 -0.0050554602611355666 -0.039405545797841307 -0.018354485183954241 0.015671072143862267 0.062245771332698707 -0.040440173797747669 0.0656361272931099 -0.041009880354007086 0.031923400839933981 -0.037728625419093116 0.041135088666792843 0.032959007081531343 -0.0095604970694729025 -0.015380303968082777 -0.027588235571029341 0.0048103267731873893 0.063890441894531247 -0.036377833485603334 -0.0068508545557657884 0.0022456248016918408 0.011442198960677438
leaf_weight=380 42 21 29 45 120 60 23 50 25 41 29 48 262 34 34 20 24 52 51 31 42 209 22 235 46 25 50 60 34 23
leaf_count=380 42 21 29 45 120 60 23 50 25 41 29 48 262 34 34 20 24 52 51 31 42 209 22 235 46 25 50 60 34 23
internal_value=0 0.0124086 -0.00286949 0.00094836 -0.00999532 0.00323656 0.0205416 -0.000492669 -0.00180245 0.0218089 -0.00338453 0.0152545 0.0104026 0.0350454 -0.0165308 -0.00382337 0.00719408 -0.00229184 -0.00695662 0.00557015 0.0021778 -0.00239044 0.0178601 -0.0236065 -0.0108995 -0.00409802 -0.00816831 0.0106098 0.0283663 0.0366487
internal_weight=0 407 1760 1146 614 203 83 1101 1051 66 985 386 310 76 411 147 113 956 600 356 325 283 74 264 70 549 430 119 59 43
internal_count=2167 407 1760 1146 614 203 83 1101 1051 66 985 386 310 76 411 147 113 956 600 356 325 283 74 264 70 549 430 119 59 43
shrinkage=0.1


Tree=6
num_leaves=31
num_cat=0
split_feature=6 7 2 5 3 7 4 1 14 4 9 13 11 8 14 8 7 0 9 4 7 9 15 12 8 0 4 9 9 13
split_gain=6.24989 5.6494 4.8964 4.29958 4.57308 5.02316 4.82867 4.51713 4.31163 4.63971 4.02522 3.93748 3.73741 6.13223 5.22152 8.05036 5.03447 3.63653 3.56299 3.5131 5.77275 4.70074 3.7048 3.56709 3.48836 3.25568 3.20605 5.03418 3.33299 5.22934
threshold=3.5000000000000004 51.500000000000007 25.500000000000004 2.5000000000000004 9.5000000000000018 17.500000000000004 2.5000000000000004 13.500000000000002 15.500000000000002 3.5000000000000004 16.500000000000004 9.5000000000000018 2.5000000000000004 6.5000000000000009 10.500000000000002 7.5000000000000009 3.5000000000000004 18.500000000000004 3.5000000000000004 3.5000000000000004 11.500000000000002 15.500000000000002 3.5000000000000004 2.5000000000000004 8.5000000000000018 14.500000000000002 1.5000000000000002 8.5000000000000018 12.500000000000002 14.500000000000002
decision_type=2 2 2 2 2 2 2 2 2 2 2 2 2 2 2 2 2 2 2 2 2 2 2 2 2 2 2 2 2 2
left_child=3 2 25 4 5 6 7 10 9 11 12 -8 14 -14 18 -16 -15 -5 -1 20 26 22 -22 -21 -18 -2 27 -19 29 -28
right_child=1 -3 -4 17 -6 -7 8 -9 -10 -11 -12 -13 13 16 15 -17 24 19 -20 23 21 -23 -24 -25 -26 -27 28 -29 -30 -31
leaf_value=0.024464661280314132 0.00071384643399438196 -0.040657873973250394 0.0025103518273681402 -0.0070360350797618685 -0.017648793454619421 -0.027881179874142011 0.04009518426783542 0.033538895249366762 0.054038754343986507 -0.022826113770989812 0.028099105227738619 -0.00385370370414522 -0.049491056442260747 0.034004670381546025 0.076661669909954072 -0.0010414080321788789 0.013558427732566309 -0.035053660746278435 -0.012213930619501434 0.057153650479657314 0.01877375814047727 0.021152421144338754 -0.026357594160806564 0.0086263765891393031 -0.025970112417162079 0.031879945800296572 0.040550265242071719 0.019668086171150206 0.00085096204510101909 -0.013205213709311051
leaf_weight=30 43 20 192 221 276 72 47 30 25 34 32 36 50 23 20 40 29 29 226 28 22 39 105 33 97 152 102 40 52 22
leaf_count=30 43 20 192 221 276 72 47 30 25 34 32 36 50 23 20 40 29 29 226 28 22 39 105 33 97 152 102 40 52 22
internal_value=0 0.0111678 0.0138461 -0.00258254 -0.00656583 -0.0026987 -0.000176945 -0.00424237 0.0163424 0.00828763 -0.00631446 0.021033 -0.00845278 -0.0191877 -0.0016925 0.0248596 -0.00901879 0.00355044 -0.00791566 0.00850725 0.00518358 -0.00921434 -0.0185396 0.0309012 -0.0168723 0.0250074 0.0149389 -0.00333091 0.0221015 0.031013
internal_weight=0 407 387 1760 1067 791 719 577 142 117 547 83 515 199 316 60 149 693 256 472 411 166 127 61 126 195 245 69 176 124
internal_count=2167 407 387 1760 1067 791 719 577 142 117 547 83 515 199 316 60 149 693 256 472 411 166 127 61 126 195 245 69 176 124
shrinkage=0.1


Tree=7
num_leaves=31
num_cat=0
split_feature=2 6 0 0 8 15 3 2 8 9 15 1 15 15 14 13 13 0 7 13 1 4 3 8 13 2 9 1 11 15
split_gain=5.40425 7.3199 5.0317 4.01717 7.83819 5.95276 3.94423 3.82818 3.81586 3.80345 4.93162 3.22984 4.11368 3.16544 4.75508 4.06143 3.61674 3.08565 2.97784 3.72765 4.51188 3.27846 3.36887 3.24886 3.05532 2.79048 3.1794 2.60314 5.23308 5.03635
threshold=26.500000000000004 2.5000000000000004 26.500000000000004 18.500000000000004 19.500000000000004 3.5000000000000004 9.5000000000000018 43.500000000000007 19.500000000000004 12.500000000000002 19.500000000000004 7.5000000000000009 6.5000000000000009 14.500000000000002 15.500000000000002 8.5000000000000018 3.5000000000000004 22.500000000000004 27.500000000000004 21.500000000000004 13.500000000000002 1.5000000000000002 6.5000000000000009 12.500000000000002 6.5000000000000009 40.500000000000007 24.500000000000004 7.5000000000000009 2.5000000000000004 4.5000000000000009
decision_type=2 2 2 2 2 2 2 2 2 2 2 2 2 2 2 2 2 2 2 2 2 2 2 2 2 2 2 2 2 2
left_child=1 18 7 8 5 -5 -6 11 27 -4 25 -2 -13 14 15 -7 -15 -18 19 20 21 22 23 -1 -22 26 -11 28 29 -3
right_child=2 3 9 4 6 13 -8 -9 -10 10 -12 12 -14 16 -16 -17 17 -19 -20 -21 24 -23 -24 -25 -26 -27 -28 -29 -30 -31
leaf_value=-0.025076530589943843 -0.01547349774994866 0.059426469423554167 -0.0070909044016962469 0.042637984467936416 0.083442150629483736 -0.011785066184007896 0.02659239458001178 -0.036890253052115442 -0.037910302660681988 0.035894942156811979 -0.013379568816759649 -0.027412531956246024 0.0098334565648326173 0.057956232911064512 -0.03288992996278562 0.026670625283007038 -0.022270860970020297 0.026255788458021064 0.030915458555574774 -0.041667068128784499 0.04925913289189339 -0.0010957742858909874 -0.047956479941644981 0.020454569697380066 0.00063570265968640645 0.062042484283447268 -0.0066723036978925988 0.030560303160122468 -0.01955563578521833 -0.0045106041644300734
leaf_weight=42 303 22 138 56 26 53 23 56 22 47 39 38 135 21 38 57 20 38 27 24 28 659 31 25 24 20 28 35 64 28
leaf_count=42 303 22 138 56 26 53 23 56 22 47 39 38 135 21 38 57 20 38 27 24 28 659 31 25 24 20 28 35 64 28
internal_value=0 0.00383547 -0.00650217 0.0134178 0.0198314 0.0134378 0.0567576 -0.0121588 0.000965548 0.00456154 0.0165618 -0.00924922 0.00165226 0.00623429 -0.00239324 0.00814197 0.0223973 0.00952246 -0.00176906 -0.00282847 -0.00167627 -0.00363357 -0.020699 -0.00808731 0.0268175 0.0288536 0.0200032 0.00670561 -0.000618204 0.0236217
internal_weight=0 1363 804 503 332 283 49 532 171 272 134 476 173 227 148 110 79 58 860 833 809 757 98 67 52 95 75 149 114 50
internal_count=2167 1363 804 503 332 283 49 532 171 272 134 476 173 227 148 110 79 58 860 833 809 757 98 67 52 95 75 149 114 50
shrinkage=0.1


Tree=8
num_leaves=31
num_cat=0
split_feature=15 5 8 12 8 3 4 2 8 4 12 6 9 3 14 15 15 8 10 4 14 15 4 2 13 2 8 10 11 14
split_gain=4.78264 4.85185 5.34834 4.56434 6.08239 4.01983 4.20057 3.56963 3.75926 4.71194 3.68408 5.15131 3.15327 5.00724 6.30253 4.62723 5.29723 4.09724 5.29859 3.01243 3.82896 4.74689 3.9043 4.988 4.97201 3.47942 3.29933 3.27433 4.37573 5.3572
threshold=57.500000000000007 2.5000000000000004 34.500000000000007 1.5000000000000002 15.500000000000002 9.5000000000000018 4.5000000000000009 38.500000000000007 15.500000000000002 1.5000000000000002 3.5000000000000004 2.5000000000000004 7.5000000000000009 1.0000000180025095e-35 11.500000000000002 7.5000000000000009 14.500000000000002 10.500000000000002 1.5000000000000002 2.5000000000000004 15.500000000000002 8.5000000000000018 3.5000000000000004 21.500000000000004 12.500000000000002 29.500000000000004 11.500000000000002 3.5000000000000004 2.5000000000000004 10.500000000000002
decision_type=2 2 2 2 2 2 2 2 2 2 2 2 2 2 2 2 2 2 2 2 2 2 2 2 2 2 2 2 2 2
left_child=1 5 3 4 -3 6 19 8 12 -10 11 -11 13 14 -5 17 -17 18 -14 27 22 -22 23 26 25 -25 -21 28 29 -1
right_child=-2 2 -4 7 -6 -7 -8 -9 9 10 -12 -13 15 -15 -16 16 -18 -19 -20 20 21 -23 -24 24 -26 -27 -28 -29 -30 -31
leaf_value=-0.00034471665109906882 0.03899636648354992 0.052234170298712947 -0.020709858426492509 0.040816807220963869 -0.0085944412946701056 -0.013609913789648615 -0.042310444017251335 -0.017577576968404982 -0.0076318643194563844 0.019835752855848383 0.0037490015476942065 0.067183123305439948 0.076917138695716869 -0.023745831458464914 -0.029928875640034675 -0.020780407491771655 0.015231092680584302 -0.0039131630869472731 0.0203880277183867 0.016640766205326205 0.00023372241041877057 0.062809960488919861 -0.019042938947677612 -0.010362056110586439 -0.041012954091032346 0.040964496493339539 0.06873650938272477 -0.027443249580951842 -0.011022949841992485 0.030152770060382479
leaf_weight=273 31 48 73 34 25 351 24 63 47 54 40 40 20 92 20 87 77 51 97 31 22 27 55 28 24 25 20 52 263 73
leaf_count=273 31 48 73 34 25 351 24 63 47 54 40 40 20 92 20 87 77 51 97 31 22 27 55 28 24 25 20 52 263 73
internal_value=0 -0.000565958 0.00519444 0.00757308 0.0314025 -0.0045092 -0.00102572 0.00516374 0.00733779 0.0196117 0.0291673 0.0399836 0.00269014 -0.00955769 0.0146147 0.00807623 -0.00387257 0.0197405 0.0300511 8.38375e-05 0.00988753 0.0347145 0.00323987 0.0128145 -0.00325112 0.0138486 0.0370705 -0.0033571 -0.00130048 0.00608972
internal_weight=0 2136 868 795 73 1268 917 722 659 181 134 94 478 146 54 332 164 168 117 893 232 49 183 128 77 53 51 661 609 346
internal_count=2167 2136 868 795 73 1268 917 722 659 181 134 94 478 146 54 332 164 168 117 893 232 49 183 128 77 53 51 661 609 346
shrinkage=0.1


Tree=9
num_leaves=31
num_cat=0
split_feature=6 2 12 15 2 5 8 2 12 2 15 1 2 9 7 7 4 3 0 9 1 0 14 3 5 12 2 8 15 0
split_gain=4.42761 4.18125 3.2924 3.24183 3.96867 2.8307 5.59529 3.67027 6.30252 4.85607 4.55194 3.73523 4.72775 3.37925 3.12575 3.15581 4.08517 3.64862 3.09264 2.96157 3.11829 2.78056 3.56751 3.39403 4.79127 2.99901 3.4161 4.44539 2.98781 3.2019
threshold=3.5000000000000004 43.500000000000007 1.0000000180025095e-35 53.500000000000007 38.500000000000007 4.5000000000000009 34.500000000000007 34.500000000000007 3.5000000000000004 26.500000000000004 12.500000000000002 14.500000000000002 21.500000000000004 8.5000000000000018 15.500000000000002 12.500000000000002 1.5000000000000002 6.5000000000000009 35.500000000000007 3.5000000000000004 12.500000000000002 22.500000000000004 19.500000000000004 4.5000000000000009 3.5000000000000004 3.5000000000000004 21.500000000000004 11.500000000000002 4.5000000000000009 15.500000000000002
decision_type=2 2 2 2 2 2 2 2 2 2 2 2 2 2 2 2 2 2 2 2 2 2 2 2 2 2 2 2 2 2
left_child=2 -2 -1 4 5 6 7 9 10 11 -9 18 -13 19 15 16 -15 -18 21 -11 -21 23 -23 25 -25 26 28 -28 29 -4
right_child=1 -3 3 -5 -6 -7 -8 8 -10 13 -12 12 -14 14 -16 -17 17 -19 -20 20 -22 22 -24 24 -26 -27 27 -29 -30 -31
leaf_value=0.024227686420730924 0.012258915879346174 -0.026531006395816806 -0.013561029125142982 0.032864354193210606 -0.020557671761512755 0.022676355441411337 -0.05403322080771128 0.013368402343047293 -0.030066690146923064 0.0052868986129760744 0.069733164880586715 0.048260406255722046 -0.0053667080979193415 0.027522155738645988 -0.027021184146404267 0.037808619652475631 0.0044680559039115908 -0.034556321540604472 -0.036948769787947339 -0.040559373342472581 0.0030077229440212249 0.0035607986152172092 0.037700174876621792 -0.0062474128082215937 -0.045287075025193829 -0.028571284686525662 0.0028262762292738885 0.057295458275696334 -0.010964262809442439 0.028015195565708612
leaf_weight=46 377 30 27 25 125 45 21 38 20 25 23 35 31 31 50 21 50 46 24 92 20 244 35 417 34 24 31 29 92 59
leaf_count=46 377 30 27 25 125 45 21 38 20 25 23 35 31 31 50 21 50 46 24 92 20 244 35 417 34 24 31 29 92 59
internal_value=0 0.00939971 -0.00217368 -0.00288224 -0.00341135 -0.00204096 -0.0027732 -0.0020546 0.0186485 -0.00323805 0.0346207 1.93102e-05 0.0230719 -0.0137589 -0.00540444 0.00189851 -0.00403938 -0.0142311 -0.0014782 -0.0258331 -0.0327795 -0.000620042 0.00784352 -0.00393187 -0.00919054 0.00512026 0.00851773 0.029153 0.001562 0.0149622
internal_weight=0 407 1760 1714 1689 1564 1519 1498 81 1417 61 1082 66 335 198 148 127 96 1016 137 112 992 279 713 451 262 238 60 178 86
internal_count=2167 407 1760 1714 1689 1564 1519 1498 81 1417 61 1082 66 335 198 148 127 96 1016 137 112 992 279 713 451 262 238 60 178 86
shrinkage=0.1


Tree=10
num_leaves=31
num_cat=0
split_feature=2 5 15 3 13 14 4 2 14 2 1 9 1 0 4 15 14 9 1 1 1 1 15 1 3 6 12 3 1 9
split_gain=3.83224 3.70002 3.65961 3.96317 3.64498 3.72478 3.26372 3.33291 3.60163 4.86009 3.50273 3.29256 3.26385 3.25055 2.87073 4.23554 2.8275 2.60862 5.77644 2.58319 3.07217 2.52107 2.47211 3.07131 3.13451 2.32906 3.1686 3.36296 3.26897 3.0122
threshold=7.5000000000000009 2.5000000000000004 51.500000000000007 9.5000000000000018 14.500000000000002 25.500000000000004 4.5000000000000009 12.500000000000002 10.500000000000002 26.500000000000004 4.5000000000000009 14.500000000000002 17.500000000000004 32.500000000000007 3.5000000000000004 27.500000000000004 40.500000000000007 15.500000000000002 1.0000000180025095e-35 5.5000000000000009 15.500000000000002 17.500000000000004 15.500000000000002 8.5000000000000018 3.5000000000000004 3.5000000000000004 1.5000000000000002 12.500000000000002 13.500000000000002 14.500000000000002
decision_type=2 2 2 2 2 2 2 2 2 2 2 2 2 2 2 2 2 2 2 2 2 2 2 2 2 2 2 2 2 2
left_child=-1 2 3 6 5 14 7 -2 12 10 17 -11 13 -9 15 25 22 18 -10 -7 -21 -5 23 24 -6 26 -3 28 -28 -29
right_child=1 4 -4 21 16 19 -8 8 9 11 -12 -13 -14 -15 -16 -17 -18 -19 -20 20 -22 -23 -24 -25 -26 -27 27 29 -30 -31
leaf_value=0.02794100120663643 -0.028145717556883651 0.038027731487245274 0.036366665769707075 -0.016655065258216247 0.025765402208675039 -0.031821249177058537 -0.03768508409460386 -0.0059267279479355943 0.021538573861122134 -0.028921374306082728 0.039806147400409948 0.018562177082766657 0.034060671666394114 0.030235983087466313 0.034259045853906753 -0.026904109985597675 0.022285370580081284 0.041655410230159763 -0.03519149795174599 0.033151099979877474 -0.020438191942546681 0.013249952177847586 -0.028208821266889575 -0.026867683193622496 -0.011770555178324382 0.027951806657750846 -0.0011420047607551627 0.01002141758799553 0.038821510835127401 0.056988470662723889
leaf_weight=48 41 33 22 311 44 36 24 565 50 40 62 23 23 26 49 31 29 20 28 20 23 31 59 39 45 71 294 36 22 22
leaf_count=48 41 33 22 311 44 36 24 565 50 40 62 23 23 26 49 31 29 20 28 20 23 31 59 39 45 71 294 36 22 22
internal_value=0 -0.000632925 -0.00406293 -0.00477792 0.00445779 0.00826433 -0.00130239 -0.000307874 0.00105575 0.0119405 0.0212041 -0.0115861 -0.00289751 -0.00433581 0.0111416 0.00891612 -0.00676797 0.00943546 0.00117393 -0.0120585 0.00448706 -0.0139444 -0.0112736 -0.00346748 0.00678655 0.0112392 0.00832373 0.00570278 0.00164027 0.0278365
internal_weight=0 2119 1266 1244 853 637 902 878 837 223 160 63 614 591 558 509 216 98 78 79 43 342 187 128 89 478 407 374 316 58
internal_count=2167 2119 1266 1244 853 637 902 878 837 223 160 63 614 591 558 509 216 98 78 79 43 342 187 128 89 478 407 374 316 58
shrinkage=0.1


Tree=11
num_leaves=31
num_cat=0
split_feature=2 15 0 6 0 8 5 6 12 1 13 3 13 3 12 9 2 1 7 15 12 0 0 14 11 3 8 14 2 12
split_gain=3.23529 4.75359 3.46708 3.46084 2.93458 2.87096 3.06135 2.64259 3.16485 3.73025 2.44663 2.36675 2.14846 2.11198 4.78892 5.234 3.36517 7.27626 3.63199 3.62098 3.21604 3.0581 2.66569 2.9535 2.64618 2.61717 2.44836 3.362 3.51795 2.64669
threshold=43.500000000000007 57.500000000000007 28.500000000000004 3.5000000000000004 14.500000000000002 34.500000000000007 2.5000000000000004 1.5000000000000002 1.5000000000000002 5.5000000000000009 3.5000000000000004 1.0000000180025095e-35 14.500000000000002 5.5000000000000009 3.5000000000000004 17.500000000000004 30.500000000000004 2.5000000000000004 3.5000000000000004 13.500000000000002 1.5000000000000002 28.500000000000004 22.500000000000004 7.5000000000000009 2.5000000000000004 16.500000000000004 17.500000000000004 10.500000000000002 17.500000000000004 2.5000000000000004
decision_type=2 2 2 2 2 2 2 2 2 2 2 2 2 2 2 2 2 2 2 2 2 2 2 2 2 2 2 2 2 2
left_child=1 3 -2 5 10 6 7 -1 9 -9 -5 12 -6 14 15 20 18 -18 -15 -19 -8 22 23 24 -22 26 27 29 -29 -20
right_child=2 -3 -4 4 11 -7 13 8 -10 -11 -12 -13 -14 16 -16 -17 17 19 25 -21 21 -23 -24 -25 -26 -27 -28 28 -30 -31
leaf_value=-0.018669883776129336 -0.031716218493023855 0.045986085838597757 0.013844711884208348 0.017575790733098985 0.042670642110434448 -0.027149161280587666 0.043361125034945353 -0.011024259775877 -0.0039218423003974604 0.045113234581618478 -0.024066057177477104 0.0085109059299741472 0.0043971851468086248 0.034138137549161916 -0.018195454652110737 0.061752234464106354 0.059079731945638307 -0.031197171830213991 -0.041466423176055735 0.02266774947444598 0.043558597671134132 -0.023466252216270994 0.033706655890442604 -0.0092315773315289444 0.00045941461776864944 0.015702580773469175 -0.040519296738409233 -0.023679363032182058 0.018891509717161008 -0.0041308122084421275
leaf_weight=114 61 23 23 21 44 43 28 20 868 29 43 238 22 20 48 23 27 26 43 24 28 28 43 68 29 33 31 30 55 34
leaf_count=114 61 23 23 21 44 43 28 20 868 29 43 238 22 20 48 23 27 26 43 24 28 28 43 68 29 33 31 30 55 34
internal_value=0 0.000775929 -0.0192412 0.000271156 0.00906004 -0.00164037 -0.000975196 -0.00431108 -0.00252602 0.0222 -0.0104023 0.0131574 0.0299128 0.00459001 0.010707 0.0163237 -0.000996748 0.0172474 -0.00670733 -0.00534201 0.0116592 0.00713035 0.0122298 0.00484173 0.0216309 -0.010322 -0.0147718 -0.00984476 0.0038665 -0.0249806
internal_weight=0 2083 84 2060 368 1692 1649 1031 917 49 64 304 66 618 295 247 323 77 246 50 224 196 168 125 57 226 193 162 85 77
internal_count=2167 2083 84 2060 368 1692 1649 1031 917 49 64 304 66 618 295 247 323 77 246 50 224 196 168 125 57 226 193 162 85 77
shrinkage=0.1


Tree=12
num_leaves=31
num_cat=0
split_feature=2 6 0 0 8 15 11 8 3 7 1 13 9 9 15 14 15 8 5 2 1 12 12 12 8 4 1 0 8 14
split_gain=3.21855 4.37507 3.09364 2.88252 5.89981 4.42142 3.23405 3.37741 2.8137 2.63002 3.87956 5.03723 3.48162 2.59625 4.00846 2.58577 2.91974 2.88115 2.70376 2.56569 2.6522 2.55305 2.55286 2.45942 2.40539 2.36287 4.36828 2.79981 4.99707 3.06591
threshold=26.500000000000004 2.5000000000000004 26.500000000000004 18.500000000000004 19.500000000000004 3.5000000000000004 4.5000000000000009 18.500000000000004 9.5000000000000018 26.500000000000004 11.500000000000002 9.5000000000000018 17.500000000000004 11.500000000000002 19.500000000000004 9.5000000000000018 14.500000000000002 12.500000000000002 2.5000000000000004 40.500000000000007 8.5000000000000018 4.5000000000000009 1.5000000000000002 2.5000000000000004 2.5000000000000004 1.5000000000000002 8.5000000000000018 21.500000000000004 3.5000000000000004 19.500000000000004
decision_type=2 2 2 2 2 2 2 2 2 2 2 2 2 2 2 2 2 2 2 2 2 2 2 2 2 2 2 2 2 2
left_child=1 24 9 6 5 -5 7 -3 -6 10 21 -12 -13 -4 19 -7 17 18 -17 20 23 22 -2 -15 -1 26 -26 -27 -29 -30
right_child=2 3 13 4 8 15 -8 -9 -10 -11 11 12 -14 14 -16 16 -18 -19 -20 -21 -22 -23 -24 -25 25 27 -28 28 29 -31
leaf_value=-0.034013292057947682 0.020406229645013811 0.00089525810908526189 -0.0070162510439272857 0.035419571838740796 0.070375619140955123 0.01607350949943066 0.036574581549281164 -0.041519898582588546 0.022359542419081151 -0.026166062057018283 0.040223045606870914 -0.023230228264157368 0.027661694735288622 0.0065497150421142585 -0.013986305492680248 0.016013161597713346 0.016145322720209757 -0.046310844499131913 -0.025752414330359432 0.05508369982242585 -0.0064364896977649024 0.014268489820616587 -0.016496473401286529 0.049702126745666778 -0.025518721022776199 -0.0024545694507804574 0.01949610833463998 0.056306358223611665 0.00017587919280214132 0.033260057954227228
leaf_weight=22 20 128 124 56 26 100 21 22 23 80 37 41 20 25 41 31 42 23 31 20 34 35 299 28 84 510 29 22 159 34
leaf_count=22 20 128 124 56 26 100 21 22 23 80 37 41 20 25 41 31 42 23 31 20 34 35 299 28 84 510 29 22 159 34
internal_value=0 0.00295993 -0.00501788 0.0103681 0.015801 0.010254 -0.000179991 -0.00532563 0.0478375 -0.00945331 -0.0064953 0.0111127 -0.00654435 0.00365729 0.0126 0.00404576 -0.0054249 -0.0160831 -0.00486963 0.0227873 0.0153628 -0.0113698 -0.0141828 0.0293472 -0.00137298 -0.000516073 -0.0139662 0.0015803 0.0111514 0.00600418
internal_weight=0 1363 804 503 332 283 171 150 49 532 452 98 61 272 148 227 127 85 62 107 87 354 319 53 860 838 113 725 215 193
internal_count=2167 1363 804 503 332 283 171 150 49 532 452 98 61 272 148 227 127 85 62 107 87 354 319 53 860 838 113 725 215 193
shrinkage=0.1


Tree=13
num_leaves=31
num_cat=0
split_feature=2 5 8 13 7 7 15 3 2 14 2 2 14 5 13 5 7 9 3 9 0 7 1 15 2 14 6 12 0 0
split_gain=3.01782 2.73256 3.16919 2.80086 3.10531 3.02204 2.77807 2.98128 3.07816 2.83403 4.64662 3.9272 2.58986 3.40516 2.54214 2.49975 2.24233 4.76339 3.80944 3.19888 2.19251 3.22614 2.78781 2.16391 3.1915 2.10486 2.8249 3.20192 2.63237 4.3217
threshold=6.5000000000000009 2.5000000000000004 34.500000000000007 14.500000000000002 24.500000000000004 16.500000000000004 51.500000000000007 9.5000000000000018 13.500000000000002 10.500000000000002 29.500000000000004 34.500000000000007 1.0000000180025095e-35 1.5000000000000002 6.5000000000000009 4.5000000000000009 6.5000000000000009 17.500000000000004 2.5000000000000004 15.500000000000002 27.500000000000004 11.500000000000002 9.5000000000000018 3.5000000000000004 21.500000000000004 25.500000000000004 3.5000000000000004 1.5000000000000002 28.500000000000004 20.500000000000004
decision_type=2 2 2 2 2 2 2 2 2 2 2 2 2 2 2 2 2 2 2 2 2 2 2 2 2 2 2 2 2 2
left_child=-1 6 3 25 5 16 7 8 -2 12 14 -12 -10 -14 -11 -4 19 18 -18 -5 21 -15 -22 -16 -25 26 27 -3 29 -28
right_child=1 2 15 4 -6 -7 -8 -9 9 10 11 -13 13 20 23 -17 17 -19 -20 -21 22 -23 -24 24 -26 -27 28 -29 -30 -31
leaf_value=0.029557879181469189 -0.022937085876862211 0.038003051642215617 -0.028736187130212781 0.0038391283750534057 0.021288709402889822 -0.037295678783865541 0.031013359323791834 -0.012012874047484315 0.024244404832522076 0.03258049496462647 -0.041537383039082804 0.012435144186019898 -0.037955500647939483 -0.0012749518867176358 0.028998883926507197 0.009023354119724698 -0.04018773436546326 0.043916620438297589 0.015194375757817869 -0.04844461205330762 0.030168624840131622 -0.022404602322388778 -0.013957801461219789 0.017289697810223228 -0.025946680720775356 -0.0084479589442737774 0.041933090885480251 0.0056447162044991695 0.053715553796953634 -0.013213961433481287
leaf_weight=34 60 33 50 25 37 34 23 342 33 71 28 26 29 404 33 27 23 24 27 22 41 88 22 38 31 61 30 417 27 27
leaf_count=34 60 33 50 25 37 34 23 342 33 71 28 26 29 404 33 27 23 24 27 22 41 88 22 38 31 61 30 417 27 27
internal_value=0 -0.000471152 0.00386659 0.00576101 -0.00474086 -0.0109544 -0.00342451 -0.0040602 -0.00105156 0.000504288 0.0100577 -0.0155506 -0.00301051 -0.0045506 0.0180511 -0.0154958 -0.00355268 0.00729634 -0.0102814 -0.0206341 -0.00280512 -0.00505424 0.0147594 0.0079375 -0.00213534 0.00914984 0.0111601 0.00801766 0.0279945 0.0158108
internal_weight=0 2133 864 787 192 155 1269 1246 904 844 227 54 617 584 173 77 121 74 50 47 555 492 63 102 69 595 534 450 84 57
internal_count=2167 2133 864 787 192 155 1269 1246 904 844 227 54 617 584 173 77 121 74 50 47 555 492 63 102 69 595 534 450 84 57
shrinkage=0.1


Tree=14
num_leaves=31
num_cat=0
split_feature=8 2 5 6 13 14 8 5 4 13 2 1 8 9 14 6 9 9 2 7 7 15 2 0 9 0 0 4 0 15
split_gain=2.80844 3.14093 3.20304 3.98782 3.19178 2.82976 2.68009 2.42722 2.91559 4.91255 2.83917 3.40926 2.77467 2.58981 3.20533 2.68823 3.0092 2.48066 3.49789 5.86079 3.17318 3.91894 3.75209 2.62091 3.40353 2.57677 2.3249 2.16491 2.24519 3.26062
threshold=60.000000000000007 7.5000000000000009 4.5000000000000009 2.5000000000000004 7.5000000000000009 59.500000000000007 33.500000000000007 2.5000000000000004 3.5000000000000004 16.500000000000004 42.500000000000007 20.500000000000004 6.5000000000000009 2.5000000000000004 25.500000000000004 3.5000000000000004 15.500000000000002 6.5000000000000009 26.500000000000004 7.5000000000000009 9.5000000000000018 2.5000000000000004 30.500000000000004 17.500000000000004 12.500000000000002 19.500000000000004 20.500000000000004 4.5000000000000009 15.500000000000002 3.5000000000000004
decision_type=2 2 2 2 2 2 2 2 2 2 2 2 2 2 2 2 2 2 2 2 2 2 2 2 2 2 2 2 2 2
left_child=1 4 5 -4 -1 6 7 10 9 13 11 27 -10 -9 15 17 -17 18 19 -15 23 -22 -23 -19 -25 -21 -14 28 -3 -30
right_child=-2 2 3 -5 -6 -7 -8 8 12 -11 -12 -13 26 14 -16 16 -18 20 -20 25 21 22 -24 24 -26 -27 -28 -29 29 -31
leaf_value=-0.0025440745055675508 -0.037299620658159255 -0.012606819880702509 -0.00076519268931764554 0.051055643735108548 0.050338862061500546 0.02909472546269817 -0.025210258461858915 0.031286365730421886 0.051328910616311167 -0.020259383635388484 -0.029025788569734215 0.02773369716273414 -0.011775133013725281 -0.043837510120301022 -0.026036206143242976 0.044085269144603187 0.0041638232404138985 -0.0059263943097530268 -0.041682361704962596 0.045773422718048101 0.031557648062705994 -0.022374286768080176 0.019712600005524501 0.036636119127273561 0.00051570110023021706 -0.00093195637067159027 0.025085501017218289 -0.025531903255817501 0.01055592446785255 -0.0037719471119854551
leaf_weight=21 20 189 33 27 25 31 46 35 22 90 42 36 28 21 35 35 41 39 28 21 25 87 28 75 40 27 44 43 203 730
leaf_count=21 20 189 33 27 25 31 46 35 22 90 42 36 28 21 35 35 41 39 28 21 25 87 28 75 40 27 44 43 203 730
internal_value=0 0.000347458 -0.000218493 0.0225542 0.0261967 -0.000887949 -0.00135037 -0.000791532 0.00382431 0.0013621 -0.00346895 -0.0025752 0.0202478 0.00498581 0.00315211 0.00533967 0.0225487 0.00199469 -0.0118723 0.000224512 0.00656986 -0.00432621 -0.012127 0.0164754 0.0240725 0.0195016 0.0107508 -0.00351178 -0.00266788 -0.000654522
internal_weight=0 2147 2101 60 46 2041 2010 1964 721 627 1243 1201 94 537 502 467 76 391 97 69 294 140 115 154 115 48 72 1165 1122 933
internal_count=2167 2147 2101 60 46 2041 2010 1964 721 627 1243 1201 94 537 502 467 76 391 97 69 294 140 115 154 115 48 72 1165 1122 933
shrinkage=0.1


Tree=15
num_leaves=31
num_cat=0
split_feature=7 14 2 10 0 2 8 0 7 15 3 9 14 13 2 2 3 0 2 1 13 15 0 8 7 14 15 8 15 11
split_gain=2.59864 3.64647 2.84309 2.34269 4.05294 3.96409 3.591 3.88829 3.22046 2.99049 2.75893 2.61685 4.71427 4.30188 3.05101 2.51387 2.95521 2.87489 2.42135 3.3602 2.99542 2.41791 3.73386 2.84178 2.58221 2.33119 2.28461 2.71401 2.38553 2.99951
threshold=59.500000000000007 59.500000000000007 6.5000000000000009 2.5000000000000004 18.500000000000004 20.500000000000004 8.5000000000000018 33.500000000000007 22.500000000000004 21.500000000000004 6.5000000000000009 11.500000000000002 13.500000000000002 7.5000000000000009 19.500000000000004 32.500000000000007 9.5000000000000018 23.500000000000004 23.500000000000004 7.5000000000000009 6.5000000000000009 2.5000000000000004 22.500000000000004 9.5000000000000018 2.5000000000000004 2.5000000000000004 1.5000000000000002 11.500000000000002 9.5000000000000018 2.5000000000000004
decision_type=2 2 2 2 2 2 2 2 2 2 2 2 2 2 2 2 2 2 2 2 2 2 2 2 2 2 2 2 2 2
left_child=1 2 -1 9 25 8 -7 15 11 10 26 13 -13 14 -6 16 -8 -17 20 -20 -11 22 23 -12 -23 -5 27 -4 -28 -30
right_child=-2 -3 3 4 5 6 7 -9 -10 18 21 12 -14 -15 -16 17 -18 -19 19 -21 -22 24 -24 -25 -26 -27 28 -29 29 -31
leaf_value=0.029508263734169305 -0.027847358584403993 0.034477545849738583 0.0096618052269961396 0.015228122685636794 0.034974743979317803 -0.01814399928458639 0.00056886577606201174 0.036922902188130789 0.048997431993484497 0.056321426784550703 0.016470348477363585 0.06021897129037164 -0.0068629758059978486 -0.026087476242156255 -0.008886250134172111 0.043441100063778104 -0.032075708494945003 -0.0028837277277095896 -0.015609247511938998 0.025668140555300364 0.0059646796612512504 0.020582811258457328 0.035179823461700892 -0.030749410620102516 -0.011536596250603569 -0.019812225550413134 -0.0014032577727816984 0.050394379524957567 0.030332584877808891 0.0021548057011529513
leaf_weight=32 33 31 74 21 35 148 75 28 21 27 25 22 20 42 29 21 44 37 38 41 21 27 34 26 343 198 491 21 60 102
leaf_count=32 33 31 74 21 35 148 75 28 21 27 25 22 20 42 29 21 44 37 38 41 21 27 34 26 343 198 491 21 60 102
internal_value=0 0.000430629 -7.1251e-05 -0.000528298 -0.00503422 -0.000243921 -0.00627357 0.00229629 0.0123506 0.00198214 0.000441457 0.00715067 0.0282752 -0.00121943 0.0151002 -0.00318136 -0.0115014 0.0138891 0.0165762 0.00581319 0.0342903 -0.00569874 0.00951045 -0.00760247 -0.00919275 -0.0164522 0.00417647 0.0186658 0.00206852 0.012591
internal_weight=0 2134 2103 2071 741 522 353 205 169 1330 1203 148 42 106 64 177 119 58 127 79 48 455 85 51 370 219 748 95 653 162
internal_count=2167 2134 2103 2071 741 522 353 205 169 1330 1203 148 42 106 64 177 119 58 127 79 48 455 85 51 370 219 748 95 653 162
shrinkage=0.1


end of trees

feature_importances:
Column_2=52
Column_0=42
Column_13=41
Column_14=41
Column_8=37
Column_15=37
Column_9=35
Column_1=34
Column_3=34
Column_7=30
Column_4=21
Column_5=21
Column_6=20
Column_12=19
Column_11=10
Column_10=6

parameters:
[boosting: gbdt]
[objective: regression]
[metric: l2]
[tree_learner: serial]
[device_type: cpu]
[data: ]
[valid: ]
[num_iterations: 10000]
[learning_rate: 0.1]
[num_leaves: 31]
[num_threads: 0]
[deterministic: 0]
[force_col_wise: 0]
[force_row_wise: 0]
[histogram_pool_size: -1]
[max_depth: -1]
[min_data_in_leaf: 20]
[min_sum_hessian_in_leaf: 0.001]
[bagging_fraction: 1]
[pos_bagging_fraction: 1]
[neg_bagging_fraction: 1]
[bagging_freq: 0]
[bagging_seed: 3]
[feature_fraction: 1]
[feature_fraction_bynode: 1]
[feature_fraction_seed: 2]
[extra_trees: 0]
[extra_seed: 6]
[early_stopping_round: 10]
[first_metric_only: 0]
[max_delta_step: 0]
[lambda_l1: 0]
[lambda_l2: 0]
[min_gain_to_split: 0]
[drop_rate: 0.1]
[max_drop: 50]
[skip_drop: 0.5]
[xgboost_dart_mode: 0]
[uniform_drop: 0]
[drop_seed: 4]
[top_rate: 0.2]
[other_rate: 0.1]
[min_data_per_group: 100]
[max_cat_threshold: 32]
[cat_l2: 10]
[cat_smooth: 10]
[max_cat_to_onehot: 4]
[top_k: 20]
[monotone_constraints: ]
[monotone_constraints_method: basic]
[monotone_penalty: 0]
[feature_contri: ]
[forcedsplits_filename: ]
[refit_decay_rate: 0.9]
[cegb_tradeoff: 1]
[cegb_penalty_split: 0]
[cegb_penalty_feature_lazy: ]
[cegb_penalty_feature_coupled: ]
[path_smooth: 0]
[interaction_constraints: ]
[verbosity: 1]
[saved_feature_importance_type: 0]
[max_bin: 255]
[max_bin_by_feature: ]
[min_data_in_bin: 3]
[bin_construct_sample_cnt: 200000]
[data_random_seed: 1]
[is_enable_sparse: 1]
[enable_bundle: 1]
[use_missing: 1]
[zero_as_missing: 0]
[feature_pre_filter: 1]
[pre_partition: 0]
[two_round: 0]
[header: 0]
[label_column: ]
[weight_column: ]
[group_column: ]
[ignore_column: ]
[categorical_feature: ]
[forcedbins_filename: ]
[objective_seed: 5]
[num_class: 1]
[is_unbalance: 0]
[scale_pos_weight: 1]
[sigmoid: 1]
[boost_from_average: 1]
[reg_sqrt: 0]
[alpha: 0.9]
[fair_c: 1]
[poisson_max_delta_step: 0.7]
[tweedie_variance_power: 1.5]
[lambdarank_truncation_level: 30]
[lambdarank_norm: 1]
[label_gain: ]
[eval_at: ]
[multi_error_top_k: 1]
[auc_mu_weights: ]
[num_machines: 1]
[local_listen_port: 12400]
[time_out: 120]
[machine_list_filename: ]
[machines: ]
[gpu_platform_id: -1]
[gpu_device_id: -1]
[gpu_use_dp: 0]
[num_gpu: 1]

end of parameters

pandas_categorical:null
