tree
version=v3
num_class=1
num_tree_per_iteration=1
label_index=0
max_feature_idx=15
objective=regression
feature_names=Column_0 Column_1 Column_2 Column_3 Column_4 Column_5 Column_6 Column_7 Column_8 Column_9 Column_10 Column_11 Column_12 Column_13 Column_14 Column_15
feature_infos=[1:49] [0:58] [1:49] [0:60] [0:7] [0:8] [0:9] [3:198] [0:188] [0:174] [0:8] [0:8] [0:7] [0:134] [0:211] [0:277]
tree_sizes=2862 2825 2854 2842 2838 2864 2862 2853 2853 2872 2852 2872 2863 2845 2858 2847 2845 2843 2860 2828 2829 2865 2817 2827 2825 2803 2835 2826 2827 2839 2825 2816 2820 2808

Tree=0
num_leaves=31
num_cat=0
split_feature=2 0 0 3 10 2 2 0 3 2 11 12 0 12 0 11 3 6 1 14 3 6 0 13 14 7 11 10 12 2
split_gain=226.001 99.7495 96.5004 42.4916 28.7402 23.6602 20.9008 32.455 20.8938 19.3264 17.1138 16.8731 18.5125 14.8202 14.3849 11.5239 11.0833 11.0369 10.9676 10.7864 10.6965 10.5239 9.98657 9.88436 9.71709 13.4134 9.63601 9.54185 9.30862 9.28026
threshold=28.500000000000004 24.500000000000004 26.500000000000004 10.500000000000002 1.0000000180025095e-35 15.500000000000002 19.500000000000004 16.500000000000004 1.5000000000000002 38.500000000000007 2.5000000000000004 1.5000000000000002 40.500000000000007 1.5000000000000002 41.500000000000007 1.5000000000000002 4.5000000000000009 1.5000000000000002 4.5000000000000009 5.5000000000000009 12.500000000000002 1.5000000000000002 16.500000000000004 6.5000000000000009 9.5000000000000018 15.500000000000002 2.5000000000000004 1.0000000180025095e-35 1.5000000000000002 36.500000000000007
decision_type=2 2 2 2 2 2 2 2 2 2 2 2 2 2 2 2 2 2 2 2 2 2 2 2 2 2 2 2 2 2
left_child=1 3 4 6 20 -3 7 28 -6 13 -10 -7 18 -4 19 -5 23 -14 -13 -11 29 -15 -17 -9 25 -25 27 -8 -1 -2
right_child=2 5 9 15 8 11 26 16 10 14 -12 12 17 21 -16 22 -18 -19 -20 -21 -22 -23 -24 24 -26 -27 -28 -29 -30 -31
leaf_value=-0.038757845852922135 -0.014917721092620247 -0.023665047055886242 -0.036714842303685498 -0.04899922489196306 -0.080151134597940127 -0.024092707699494155 -0.011873323710267121 -0.022693652526789815 -0.09153880996300473 -0.067398239182880737 -0.11252593306406702 -0.05853357776237833 -0.062412176597196264 -0.089917719105798766 -0.04625234308652075 -0.090103795748788879 -0.051199561683244112 -0.0032720677765106093 -0.043842897024342894 -0.10187332132608135 -0.10916014279708072 -0.059435833375973905 -0.072397924040196487 -0.038326811381582025 -0.058377418137871721 0.034173186697823869 -0.068759750884890697 -0.059311062794193126 -0.068974078976930447 -0.073060853014635621
leaf_weight=116 66 680 259 145 444 346 43 383 625 140 1027 931 41 132 94 491 778 137 1119 258 27 798 907 288 247 28 1357 3048 842 47
leaf_count=116 66 680 259 145 444 346 43 383 625 140 1027 931 41 132 94 491 778 137 1119 258 27 798 907 288 247 28 1357 3048 842 47
internal_value=-0.0620298 -0.0551854 -0.0828705 -0.060787 -0.0964798 -0.0402552 -0.0575309 -0.0505584 -0.0994098 -0.0647679 -0.104586 -0.044638 -0.0478286 -0.0578705 -0.0814366 -0.0758333 -0.0423581 -0.0168942 -0.0505146 -0.0897464 -0.0526125 -0.0637623 -0.0786165 -0.0350869 -0.0435178 -0.0319028 -0.0617351 -0.0586511 -0.0653153 -0.0391011
internal_weight=0 11927 3917 8673 2236 3254 7130 2682 2096 1681 1652 2574 2228 1189 492 1543 1724 178 2050 398 140 930 1398 946 563 316 4448 3091 958 113
internal_count=15844 11927 3917 8673 2236 3254 7130 2682 2096 1681 1652 2574 2228 1189 492 1543 1724 178 2050 398 140 930 1398 946 563 316 4448 3091 958 113
shrinkage=1


Tree=1
num_leaves=31
num_cat=0
split_feature=2 0 0 3 10 2 2 2 0 2 3 12 0 3 0 14 2 11 1 1 3 6 1 2 0 8 12 3 13 13
split_gain=183.061 80.7971 78.1653 34.4182 23.2795 19.1648 17.0041 16.9297 26.2885 15.6544 15.6353 13.6672 14.9951 12.3024 11.861 10.6412 10.2705 9.26512 8.99489 8.98093 8.9775 8.93992 8.88372 8.762 8.52718 9.29543 8.51649 8.03646 8.3263 8.00633
threshold=28.500000000000004 24.500000000000004 26.500000000000004 10.500000000000002 1.0000000180025095e-35 15.500000000000002 36.500000000000007 19.500000000000004 16.500000000000004 38.500000000000007 1.5000000000000002 1.5000000000000002 40.500000000000007 2.5000000000000004 43.500000000000007 5.5000000000000009 19.500000000000004 3.5000000000000004 5.5000000000000009 5.5000000000000009 4.5000000000000009 1.5000000000000002 4.5000000000000009 36.500000000000007 37.500000000000007 4.5000000000000009 2.5000000000000004 21.500000000000004 3.5000000000000004 6.5000000000000009
decision_type=2 2 2 2 2 2 2 2 2 2 2 2 2 2 2 2 2 2 2 2 2 2 2 2 2 2 2 2 2 2
left_child=1 3 4 7 23 -3 10 8 26 13 -6 -7 22 -4 15 -11 18 -12 -5 -15 29 -14 -13 -2 27 -26 -1 28 -21 -10
right_child=2 5 9 16 6 11 -8 -9 20 14 17 12 21 19 -16 -17 -18 -19 -20 24 -22 -23 -24 -25 25 -27 -28 -29 -30 -31
leaf_value=0.0055517484744389859 0.030141014605760574 0.034528270889457098 0.020577809960821515 -0.014121647565453142 -0.006227309796143863 0.034143376561430842 -0.044655809691619308 0.00026523681531707163 0.035402521794520844 -0.0018011473019917809 -0.027375943154491336 0.0031465880884903974 -0.00034414544338133281 -0.014443731739170317 0.023805564348814919 -0.034787499883420954 -0.019164008592766273 -0.051394463169808481 0.0098671863608012934 0.03158936045671764 0.0097472047744496023 0.052881948799438722 0.01636820506101426 -0.020411761576930684 -0.029076731663483842 0.03638118519127824 -0.013404917273410531 -0.045918074877638569 -0.0064291952130924764 0.016660834110439567
leaf_weight=528 80 680 318 324 297 346 840 4448 383 150 755 931 41 362 61 281 917 204 302 76 778 137 1119 60 26 131 430 38 238 563
leaf_count=528 80 680 318 324 297 346 840 4448 383 150 755 931 41 362 61 281 917 204 302 76 778 137 1119 60 26 131 430 38 238 563
internal_value=0 0.00615994 -0.0187566 0.00111848 -0.031005 0.0195971 -0.033642 0.00404902 0.0103243 -0.00246431 -0.0262761 0.0156526 0.0127811 0.00374332 -0.0174661 -0.0233073 -0.0124231 -0.0324852 -0.00254876 -0.00240291 0.0177045 0.040622 0.0103637 0.00847554 0.0061605 0.025541 -0.00295698 -0.00248365 0.00277275 0.0242486
internal_weight=0 11927 3917 8673 2236 3254 2096 7130 2682 1681 1256 2574 2228 1189 492 431 1543 959 626 871 1724 178 2050 140 509 157 958 352 314 946
internal_count=15844 11927 3917 8673 2236 3254 2096 7130 2682 1681 1256 2574 2228 1189 492 431 1543 959 626 871 1724 178 2050 140 509 157 958 352 314 946
shrinkage=0.1


Tree=2
num_leaves=31
num_cat=0
split_feature=2 0 0 3 10 2 12 12 6 3 2 12 11 0 2 0 1 7 13 10 11 0 3 10 6 0 10 0 3 9
split_gain=148.279 65.4456 63.3139 27.8787 18.8564 15.9159 17.0999 15.4784 22.1657 14.1765 13.0959 16.3401 12.7405 11.907 12.0878 16.2848 11.6699 10.2354 10.3829 9.41128 9.08877 8.99276 8.57334 8.56603 8.48186 9.16381 10.2426 8.16706 7.98 7.93282
threshold=28.500000000000004 24.500000000000004 26.500000000000004 10.500000000000002 1.0000000180025095e-35 24.500000000000004 1.5000000000000002 1.5000000000000002 1.5000000000000002 1.5000000000000002 41.500000000000007 1.5000000000000002 2.5000000000000004 6.5000000000000009 19.500000000000004 17.500000000000004 4.5000000000000009 15.500000000000002 5.5000000000000009 1.0000000180025095e-35 1.5000000000000002 40.500000000000007 12.500000000000002 2.5000000000000004 1.5000000000000002 41.500000000000007 1.5000000000000002 16.500000000000004 16.500000000000004 54.500000000000007
decision_type=2 2 2 2 2 2 2 2 2 2 2 2 2 2 2 2 2 2 2 2 2 2 2 2 2 2 2 2 2 2
left_child=1 3 4 7 22 6 -3 17 -9 -6 11 -4 -11 -10 15 -15 23 18 -1 -7 -5 -18 -2 -8 -13 26 -26 -22 -12 -21
right_child=2 5 10 20 9 19 16 8 13 12 28 24 -14 14 -16 -17 21 -19 -20 29 27 -23 -24 -25 25 -27 -28 -29 -30 -31
leaf_value=0.026882021608285261 0.019724315246649551 0.043133761318699448 0.022625781565804946 0.012649996979483245 -0.014414183218199927 0.050780426643111491 0.017799966492619886 -0.024468722630503984 -0.027010258748417809 -0.023284158358573916 -0.009424885769782983 -0.025044148452579976 -0.041392242095950986 -0.00031613480239487139 0.00077484589971714077 0.01759080134502063 0.022652091713051402 0.048359093854301857 0.00043071162624236869 0.001660976012162768 -0.024040804788197132 0.053696186757348122 -0.042997396047468543 -0.0013451246654286105 0.015745592219755054 0.026439329354386584 -0.010374711807879104 -0.0080289353215050405 -0.043598854136698457 0.065448906123638156
leaf_weight=283 113 324 299 145 444 44 623 299 126 625 203 160 1027 866 3921 1228 992 95 312 774 491 103 27 374 200 114 602 907 103 20
leaf_count=283 113 324 299 145 444 44 623 299 126 625 203 160 1027 866 3921 1228 992 95 312 774 491 103 27 374 200 114 602 907 103 20
internal_value=0 0.00554395 -0.0168809 0.00100663 -0.0279045 0.0176374 0.0217563 0.00364412 0.00211902 -0.0302778 -0.00221788 0.00194594 -0.0345414 0.00341355 0.00405086 0.0101852 0.0184455 0.0178784 0.0130118 0.00576243 -0.0111808 0.0255722 0.00762799 0.0106182 -0.00380059 -8.99285e-05 -0.00386092 -0.0136526 -0.0209279 0.00326772
internal_weight=0 11927 3917 8673 2236 3254 2416 7130 6440 2096 1681 1375 1652 6141 6015 2094 2092 690 595 838 1543 1095 140 997 1076 916 802 1398 306 794
internal_count=15844 11927 3917 8673 2236 3254 2416 7130 6440 2096 1681 1375 1652 6141 6015 2094 2092 690 595 838 1543 1095 140 997 1076 916 802 1398 306 794
shrinkage=0.1


Tree=3
num_leaves=31
num_cat=0
split_feature=2 0 0 12 2 2 10 2 12 6 0 3 3 0 3 3 11 10 3 1 2 3 4 0 5 13 5 2 9 9
split_gain=120.106 53.7562 51.2842 24.9088 17.0211 16.8313 16.6284 14.2355 14.164 13.2732 12.286 11.7049 11.1194 10.9842 10.7258 10.3456 10.1806 11.4728 10.1342 10.9972 10.475 9.82958 9.15808 9.15278 9.11514 9.03176 9.41209 8.98588 9.50428 8.39061
threshold=28.500000000000004 22.500000000000004 26.500000000000004 2.5000000000000004 36.500000000000007 19.500000000000004 1.0000000180025095e-35 14.500000000000002 1.5000000000000002 2.5000000000000004 40.500000000000007 14.500000000000002 2.5000000000000004 33.500000000000007 1.5000000000000002 9.5000000000000018 1.5000000000000002 2.5000000000000004 4.5000000000000009 4.5000000000000009 23.500000000000004 8.5000000000000018 1.0000000180025095e-35 4.5000000000000009 2.5000000000000004 3.5000000000000004 4.5000000000000009 41.500000000000007 3.5000000000000004 3.5000000000000004
decision_type=2 2 2 2 2 2 2 2 2 2 2 2 2 2 2 2 2 2 2 2 2 2 2 2 2 2 2 2 2 2
left_child=1 3 4 5 6 -1 -2 13 -9 16 18 -7 -4 21 -8 23 24 -18 -10 25 -21 -3 -14 -11 -5 -20 -27 28 -24 -25
right_child=2 7 12 9 -6 11 14 8 10 15 -12 -13 22 -15 -16 -17 17 -19 19 20 -22 -23 27 29 -26 26 -28 -29 -30 -31
leaf_value=0.01138242777192853 0.026252109110355377 0.031281989910062001 0.011747422038551865 -0.016460830122232439 -0.03574417824215359 0.0011756701978584139 -0.0041631592243207421 0.02804831252064113 0.015736973848057969 -0.052048148329441372 0.034069158861765994 -0.022466240576029892 -0.047483173856195417 0.046543631595201224 -0.025911280971187497 -0.015610667082448357 -0.012214096772612667 -0.034846700548932151 0.011339007770835326 0.017927334023237301 -0.0029197561956499285 0.002123403349891305 -0.030661351916690668 0.044452672085519562 0.049860986720683967 -0.014927391776347752 0.040012947898922548 -0.022951089834744951 0.0024939456387240997 0.0050124323057730361
leaf_weight=1877 80 274 436 40 900 3437 297 454 973 26 185 223 53 208 959 313 821 308 232 639 387 200 96 59 43 566 33 226 870 629
leaf_count=1877 80 274 436 40 900 3437 297 454 973 26 185 223 53 208 959 313 821 308 232 639 387 200 96 59 43 566 33 226 870 629
internal_value=0 0.00498955 -0.0151929 8.44641e-05 -0.025114 0.00368352 -0.017953 0.0141782 0.0115816 -0.00881591 0.00910204 -0.000264807 -0.00199609 0.0273857 -0.0207686 -0.000451668 -0.0159034 -0.0183884 0.00746992 0.00313828 0.010064 0.0189788 -0.00680909 0.00619366 0.0178987 -0.00541255 -0.0119006 -0.00500059 -0.000800991 0.00839466
internal_weight=0 11927 3917 7776 2236 5537 1336 4151 3469 2239 3015 3660 1681 682 1256 1027 1212 1129 2830 1857 1026 474 1245 714 83 831 599 1192 966 688
internal_count=15844 11927 3917 7776 2236 5537 1336 4151 3469 2239 3015 3660 1681 682 1256 1027 1212 1129 2830 1857 1026 474 1245 714 83 831 599 1192 966 688
shrinkage=0.1


Tree=4
num_leaves=31
num_cat=0
split_feature=2 0 0 3 2 0 2 10 1 10 3 15 0 6 2 13 6 2 14 9 1 7 7 8 12 6 3 12 3 7
split_gain=97.6034 42.9501 41.9643 24 14.2379 12.9592 12.8926 12.3775 12.302 11.2068 10.9196 10.851 10.3943 15.4251 10.9088 10.1095 9.90353 9.93782 9.89633 9.47844 9.95486 9.47398 9.19467 9.46373 9.0559 9.46894 8.61963 8.33599 8.20588 8.20382
threshold=29.500000000000004 25.500000000000004 23.500000000000004 5.5000000000000009 15.500000000000002 41.500000000000007 37.500000000000007 1.0000000180025095e-35 8.5000000000000018 1.5000000000000002 6.5000000000000009 15.500000000000002 16.500000000000004 2.5000000000000004 24.500000000000004 1.5000000000000002 2.5000000000000004 16.500000000000004 7.5000000000000009 6.5000000000000009 10.500000000000002 19.500000000000004 10.500000000000002 13.500000000000002 1.5000000000000002 1.5000000000000002 1.5000000000000002 2.5000000000000004 16.500000000000004 5.5000000000000009
decision_type=2 2 2 2 2 2 2 2 2 2 2 2 2 2 2 2 2 2 2 2 2 2 2 2 2 2 2 2 2 2
left_child=1 3 26 8 -3 6 9 -6 12 10 -4 16 -1 -14 18 -11 17 29 -15 -13 -21 -7 23 -20 -10 -26 -2 -19 -8 -5
right_child=2 4 5 11 7 21 28 -9 24 15 -12 19 13 14 -16 -17 -18 27 22 20 -22 -23 -24 -25 25 -27 -28 -29 -30 -31
leaf_value=-0.0065577518900801299 -0.011862536517459173 0.028184465648698028 0.03690005272934984 0.034371053681654093 0.043718869500869034 0.0056270360062158978 -0.01229632752282279 0.0095363539823427289 0.039904285134638062 0.037749433393279713 -0.0048900364819219558 -0.04195104214880202 0.002474864750346405 0.041980544717063736 -0.0064103985291260939 -0.0095083746998190135 0.0041681531206770265 -0.0065021698742160757 0.045679459265903034 -0.022227538731988409 0.014618195593357086 0.051542930404345204 -0.0068627874056498214 -0.0048989647355946637 -0.044282851136963945 0.014129123225692632 -0.030119583246196891 -0.022330119669960256 -0.038554677249807302 -0.00070958017917126899
leaf_weight=913 323 610 133 85 111 179 427 2320 136 48 118 135 3201 221 130 795 1136 1231 113 233 107 60 123 55 29 645 1297 456 165 309
leaf_count=913 323 610 133 85 111 179 427 2320 136 48 118 135 3201 221 130 795 1136 1231 113 233 107 60 123 55 29 645 1297 456 165 309
internal_value=0 0.00421379 -0.0146193 0.000826936 0.0145247 -0.00463831 -0.00772749 0.0110971 0.00497367 -0.00129479 0.0172537 -0.00542461 0.00303351 0.00531215 0.0194588 -0.00681754 -0.00334144 -0.00744086 0.0260272 -0.0195332 -0.010632 0.017154 0.0139114 0.029121 0.0163655 0.0116158 -0.0264794 -0.0107805 -0.019615 0.00685858
internal_weight=0 12299 3545 9258 3041 1925 1686 2431 5566 1094 251 3692 4756 3843 642 843 3217 2081 512 475 340 239 291 168 810 674 1620 1687 592 394
internal_count=15844 12299 3545 9258 3041 1925 1686 2431 5566 1094 251 3692 4756 3843 642 843 3217 2081 512 475 340 239 291 168 810 674 1620 1687 592 394
shrinkage=0.1


Tree=5
num_leaves=31
num_cat=0
split_feature=2 0 2 0 1 6 0 7 3 3 15 15 3 0 11 3 13 1 14 0 15 11 0 0 11 2 8 13 12 1
split_gain=81.0302 40.0741 34.4579 28.1767 18.6676 17.9969 14.434 13.4104 14.2442 10.6648 12.6235 10.3456 12.1547 11.3926 10.2488 10.421 9.70134 9.44826 9.37779 8.83913 8.51004 8.28128 8.59125 7.98673 7.77114 7.68155 8.04928 11.639 7.93338 7.84472
threshold=32.500000000000007 16.500000000000004 19.500000000000004 26.500000000000004 7.5000000000000009 2.5000000000000004 40.500000000000007 3.5000000000000004 4.5000000000000009 1.5000000000000002 15.500000000000002 13.500000000000002 1.0000000180025095e-35 19.500000000000004 1.5000000000000002 5.5000000000000009 1.0000000180025095e-35 11.500000000000002 8.5000000000000018 32.500000000000007 10.500000000000002 2.5000000000000004 26.500000000000004 3.5000000000000004 2.5000000000000004 17.500000000000004 13.500000000000002 3.5000000000000004 3.5000000000000004 1.5000000000000002
decision_type=2 2 2 2 2 2 2 2 2 2 2 2 2 2 2 2 2 2 2 2 2 2 2 2 2 2 2 2 2 2
left_child=1 9 4 16 7 11 14 -3 18 23 25 12 13 -4 -7 -16 -2 -5 -9 -13 24 22 -14 -1 -6 28 29 -28 -11 -27
right_child=3 2 5 17 20 6 -8 8 -10 10 -12 19 21 -15 15 -17 -18 -19 -20 -21 -22 -23 -24 -25 -26 26 27 -29 -30 -31
leaf_value=-0.060547116100788112 0.0094806476219280351 0.037269251471684299 -0.012777122877262258 -0.012288914638448438 0.045928345039886027 0.040956503356044949 0.042287681438028815 0.02634690055937924 0.0003736280389906218 0.0061911165714263923 -0.033193024734812462 -0.021991284462538632 -0.00099231757871482687 0.019892168816398173 0.013731553546014304 -0.00076358604998815632 -0.027709685668183083 0.0065605669993605608 0.0068497163896075273 0.0073194484487711965 0.015369296598147198 -0.0088873251873007285 0.015005254591067222 0.0035249178149119147 0.021645946698973937 -0.019509146261933077 0.0060825216499241913 -0.035438079649004445 -0.026257730250830183 0.0035607374760798153
leaf_weight=20 74 162 135 636 280 88 127 486 1248 438 254 396 2576 510 940 1050 1345 457 501 139 415 1156 386 714 249 274 88 290 91 319
leaf_count=20 74 162 135 636 280 88 127 486 1248 438 254 396 2576 510 940 1050 1345 457 501 139 415 1156 386 714 249 274 88 290 91 319
internal_value=0 0.00310423 0.00573035 -0.0164751 0.0141779 0.00196876 0.00956036 0.00948695 0.00747319 -0.00834177 -0.0125771 -0.00119082 0.000290188 0.0130544 0.00756019 0.00608336 -0.0257702 -0.00440766 0.0164502 -0.014376 0.026089 -0.00170907 0.00109244 0.00177909 0.0344986 -0.0090861 -0.0143681 -0.0257719 0.000609179 -0.00709887
internal_weight=0 13332 10844 2512 3341 7503 2205 2397 2235 2488 1754 5298 4763 645 2078 1990 1419 1093 987 535 944 4118 2962 734 529 1500 971 378 529 593
internal_count=15844 13332 10844 2512 3341 7503 2205 2397 2235 2488 1754 5298 4763 645 2078 1990 1419 1093 987 535 944 4118 2962 734 529 1500 971 378 529 593
shrinkage=0.1


Tree=6
num_leaves=31
num_cat=0
split_feature=2 0 0 0 3 2 10 6 12 1 10 0 15 8 1 2 15 5 13 0 1 3 15 12 14 9 2 10 3 14
split_gain=67.3572 35.0756 33.187 13.8157 15.2322 13.7508 13.5788 13.2986 10.9617 10.7727 9.92486 10.4111 12.4647 9.2118 8.48251 8.35209 8.25259 8.23509 10.291 10.3327 9.54412 8.98402 8.16459 8.3881 7.92489 9.02463 7.56728 7.39246 6.63665 7.45184
threshold=24.500000000000004 24.500000000000004 22.500000000000004 16.500000000000004 4.5000000000000009 32.500000000000007 1.0000000180025095e-35 1.5000000000000002 1.5000000000000002 6.5000000000000009 1.0000000180025095e-35 34.500000000000007 10.500000000000002 3.5000000000000004 6.5000000000000009 36.500000000000007 9.5000000000000018 2.5000000000000004 1.0000000180025095e-35 39.500000000000007 1.0000000180025095e-35 24.500000000000004 50.500000000000007 1.0000000180025095e-35 28.500000000000004 13.500000000000002 14.500000000000002 1.5000000000000002 19.500000000000004 5.5000000000000009
decision_type=2 2 2 2 2 2 2 2 2 2 2 2 2 2 2 2 2 2 2 2 2 2 2 2 2 2 2 2 2 2
left_child=1 3 5 13 -5 6 -2 22 -3 -6 -9 12 15 -1 -13 24 27 -10 -19 20 26 -22 23 -4 25 -12 -20 -15 29 -29
right_child=2 8 7 4 9 -7 -8 10 17 -11 11 14 -14 16 -16 -17 -18 18 19 -21 21 -23 -24 -25 -26 -27 -28 28 -30 -31
leaf_value=-0.034571867443266367 0.027953157495049868 0.032594918305583205 0.022204404514889385 0.012128132942409985 -0.0017791683609917779 -0.025739170408973073 -0.013220499911867863 0.024830222122880247 0.0054938602568876697 0.011256074769242766 0.012142061384172096 -0.0039467724216193326 -0.014810427683417929 0.014737015392850428 0.016739569064564332 -0.015505425864403403 -0.01520928007272101 0.059294195412176433 0.025527644203975797 0.040979585092361659 0.02088593057419225 -0.041357968002557755 0.045374023318290713 -0.024153140698059794 0.051062819518541039 -0.0098224400857399256 -0.011780269376866452 0.0124486715294594 -0.042268514771794163 -0.0073695421883916926
leaf_weight=105 85 324 43 1669 3244 1070 1389 161 884 788 527 328 754 272 501 218 485 58 72 146 686 24 20 423 38 290 222 258 43 717
leaf_count=105 85 324 43 1669 3244 1070 1389 161 884 788 527 328 754 272 501 218 485 58 72 146 686 24 20 423 38 290 222 258 43 717
internal_value=0 0.00498645 -0.00852566 0.00164255 0.00409402 -0.0171101 -0.0108462 -0.00191382 0.015479 0.000768394 0.000721743 -0.000739652 -0.00495703 -0.0057914 0.00855486 0.00196697 -0.00408889 0.0128282 0.0181954 0.0161226 0.0125079 0.0187819 -0.0171903 -0.0198755 0.00642192 0.0043456 -0.00264364 9.20291e-05 -0.00382097 -0.00212534
internal_weight=0 9997 5847 7581 5701 2544 1474 3303 2416 4032 2817 2656 1827 1880 829 1073 1775 2092 1208 1150 1004 710 486 466 855 817 294 1290 1018 975
internal_count=15844 9997 5847 7581 5701 2544 1474 3303 2416 4032 2817 2656 1827 1880 829 1073 1775 2092 1208 1150 1004 710 486 466 855 817 294 1290 1018 975
shrinkage=0.1


Tree=7
num_leaves=31
num_cat=0
split_feature=2 0 2 1 0 15 0 6 7 3 15 2 13 14 15 0 11 5 2 3 3 8 14 5 3 8 0 3 1 9
split_gain=56.2355 28.8625 26.4667 15.3185 14.19 13.9091 13.6735 12.2918 12.2672 10.8965 12.3259 10.3203 10.1579 9.83048 9.67857 9.32011 8.69411 8.30739 8.14065 8.05903 7.75563 7.58669 11.3623 7.08095 7.35212 7.06749 7.84305 6.93978 9.01743 7.58275
threshold=35.500000000000007 18.500000000000004 19.500000000000004 7.5000000000000009 46.500000000000007 6.5000000000000009 31.500000000000004 1.0000000180025095e-35 3.5000000000000004 4.5000000000000009 9.5000000000000018 23.500000000000004 7.5000000000000009 8.5000000000000018 12.500000000000002 9.5000000000000018 2.5000000000000004 3.5000000000000004 22.500000000000004 4.5000000000000009 10.500000000000002 5.5000000000000009 39.500000000000007 2.5000000000000004 25.500000000000004 14.500000000000002 36.500000000000007 1.0000000180025095e-35 3.5000000000000004 20.500000000000004
decision_type=2 2 2 2 2 2 2 2 2 2 2 2 2 2 2 2 2 2 2 2 2 2 2 2 2 2 2 2 2 2
left_child=1 5 3 8 15 11 7 18 -3 10 -9 13 27 -1 -5 -2 -11 -17 -4 -10 -7 -8 -23 -18 -25 26 -19 28 -13 -29
right_child=4 2 6 14 -6 20 21 9 19 16 -12 12 -14 -15 -16 17 23 25 -20 -21 -22 22 -24 24 -26 -27 -28 29 -30 -31
leaf_value=0.01348760834749068 -0.042422939774016261 0.037509906645174382 0.0083446791297511046 0.03248699935458934 0.050391477154147241 -0.0077241425896250968 -0.0020107159380278838 0.013194906941583102 0.013643145067472993 0.00081224061098674805 -0.0059433400381559108 6.6452225049336758e-05 -0.025689257039559467 -0.0025900611713743156 0.009808500863868615 -0.020002264491306647 -0.015688437819480896 0.0016427693458703849 -0.035852465052758492 0.00053597123544187031 -0.022594007537878255 0.012702536749406197 0.061135701689065673 0.002009371836711175 -0.054608544707298284 -0.011217737160739127 0.061808132727940883 -0.014820482987843589 0.085505439553942006 0.036989525486441223
leaf_weight=657 142 135 57 536 31 1192 346 1137 839 2980 478 30 267 903 290 1191 710 78 155 1064 497 964 51 517 24 321 30 167 21 34
leaf_count=657 142 135 57 536 31 1192 346 1137 839 2980 478 30 267 903 290 1191 710 78 155 1064 497 964 51 517 24 321 30 167 21 34
internal_value=0 0.00212819 0.00487171 0.0130371 -0.0166777 -0.00535899 0.00171958 -0.000315264 0.00838111 0.000542528 0.00753046 0.000117236 -0.0120979 0.00418111 0.0245248 -0.0178577 -0.00212481 -0.0157045 -0.0239693 0.0063147 -0.0120997 0.010777 0.0151361 -0.00912114 -0.000502329 -0.00377276 0.0183554 0.0023025 0.0352472 -0.0060566
internal_weight=0 14051 10283 2864 1793 3768 7419 6058 2038 5846 1615 2079 519 1560 826 1762 4231 1620 212 1903 1689 1361 1015 1251 541 429 108 252 51 201
internal_count=15844 14051 10283 2864 1793 3768 7419 6058 2038 5846 1615 2079 519 1560 826 1762 4231 1620 212 1903 1689 1361 1015 1251 541 429 108 252 51 201
shrinkage=0.1


Tree=8
num_leaves=31
num_cat=0
split_feature=2 0 0 12 10 1 6 11 15 13 3 2 6 3 1 5 10 4 0 7 1 3 13 8 0 11 14 0 12 3
split_gain=46.9144 23.298 20.5988 15.0081 10.5502 9.31498 8.62878 8.62874 8.58275 9.0703 8.47887 8.29489 10.2761 8.19772 9.04525 7.78754 7.72727 7.64372 7.07756 7.54884 6.5298 10.1733 7.70262 7.00381 6.51714 6.48158 7.20021 7.04326 7.18567 7.13516
threshold=28.500000000000004 22.500000000000004 26.500000000000004 2.5000000000000004 1.0000000180025095e-35 15.500000000000002 2.5000000000000004 1.5000000000000002 4.5000000000000009 6.5000000000000009 25.500000000000004 23.500000000000004 1.0000000180025095e-35 16.500000000000004 12.500000000000002 2.5000000000000004 2.5000000000000004 3.5000000000000004 39.500000000000007 19.500000000000004 9.5000000000000018 10.500000000000002 7.5000000000000009 28.500000000000004 6.5000000000000009 2.5000000000000004 6.5000000000000009 33.500000000000007 3.5000000000000004 7.5000000000000009
decision_type=2 2 2 2 2 2 2 2 2 2 2 2 2 2 2 2 2 2 2 2 2 2 2 2 2 2 2 2 2 2
left_child=1 3 4 8 -2 11 7 15 9 -1 -7 25 -13 14 -4 -5 -9 -6 -15 -20 23 22 -22 -10 -8 26 -3 28 29 -27
right_child=2 5 13 6 17 10 24 16 20 -11 -12 12 -14 18 -16 -17 -18 -19 19 -21 21 -23 -24 -25 -26 27 -28 -29 -30 -31
leaf_value=0.015694157321923256 0.010795267926795143 0.027281337117316923 -0.0032610142383998307 -0.013373563140630724 -0.014356124124200537 0.026396082922143779 -0.029506480274066122 -0.0099545708854073597 -0.0013922146783647237 0.0020932244380731236 -0.028628340760866802 -0.035355342070261635 0.0029400984996031643 -0.021525966066892457 0.014444413256199882 0.047928486175315331 -0.028528902089440977 -0.02894687036133331 -0.012148779990561938 0.045957693954308827 0.035339573169329085 -0.011577510428266461 0.0053530744576858261 -0.039506963807709364 0.0018953907595768136 0.012797694423519045 0.01096336739395447 0.019171758176294906 -0.019204848924198669 -0.007096937926716629
leaf_weight=857 140 369 857 40 1636 421 71 821 2995 1146 30 75 1066 294 435 43 308 460 59 36 166 147 177 49 956 454 1012 277 148 299
leaf_count=857 140 369 857 40 1636 421 71 821 2995 1146 30 75 1066 294 435 43 308 460 59 36 166 147 177 49 956 454 1012 277 148 299
internal_value=0 0.0031184 -0.00949531 -0.000110779 -0.015783 0.00916757 -0.00701947 -0.012734 0.00268289 0.0079125 0.0227359 0.00751369 0.00042287 -0.00113165 0.00270018 0.0183853 -0.0150218 -0.0175583 -0.0138584 0.00987052 -0.000281142 0.0104326 0.0198655 -0.00200576 -0.000275527 0.0106753 0.0153235 0.00522617 0.000938792 0.00489797
internal_weight=0 11927 3917 7776 2236 4151 2239 1212 5537 2003 451 3700 1141 1681 1292 83 1129 2096 389 95 3534 490 343 3044 1027 2559 1381 1178 901 753
internal_count=15844 11927 3917 7776 2236 4151 2239 1212 5537 2003 451 3700 1141 1681 1292 83 1129 2096 389 95 3534 490 343 3044 1027 2559 1381 1178 901 753
shrinkage=0.1


Tree=9
num_leaves=31
num_cat=0
split_feature=2 0 2 6 1 14 0 15 11 1 15 9 3 7 4 1 13 15 14 0 0 15 14 12 0 0 3 2 15 3
split_gain=39.9029 21.9013 19.11 12.7429 10.9682 13.1526 10.7555 10.0122 9.04327 9.02875 8.27702 8.22628 8.15277 7.87492 7.33396 7.21856 9.95194 8.81136 7.81564 7.21841 7.19616 7.19197 7.04352 7.03835 8.51043 8.09952 6.9526 6.90517 8.27706 6.78052
threshold=35.500000000000007 16.500000000000004 19.500000000000004 2.5000000000000004 5.5000000000000009 7.5000000000000009 46.500000000000007 13.500000000000002 2.5000000000000004 9.5000000000000018 36.500000000000007 1.5000000000000002 1.0000000180025095e-35 3.5000000000000004 3.5000000000000004 1.0000000180025095e-35 14.500000000000002 6.5000000000000009 3.5000000000000004 35.500000000000007 9.5000000000000018 5.5000000000000009 66.500000000000014 3.5000000000000004 15.500000000000002 10.500000000000002 7.5000000000000009 14.500000000000002 4.5000000000000009 12.500000000000002
decision_type=2 2 2 2 2 2 2 2 2 2 2 2 2 2 2 2 2 2 2 2 2 2 2 2 2 2 2 2 2 2
left_child=1 8 4 7 5 14 20 9 23 11 15 -4 -13 -7 27 16 -5 18 -17 -19 -2 -14 -10 24 -1 -25 -22 -3 -29 -15
right_child=6 2 3 10 -6 13 -8 -9 22 -11 -12 12 21 29 -16 17 -18 19 -20 -21 26 -23 -24 25 -26 -27 -28 28 -30 -31
leaf_value=0.0075738602990739097 -0.036661360066541485 0.033881504423376445 -0.033382309218983594 0.0035611256192165639 0.01743296849670593 0.027975832891988229 0.044342560537399787 -0.013561472306297524 -0.013251686603870503 0.010493942509496833 0.039478065622480296 0.010130176602604169 0.00085859688937692203 0.00079000235023022171 0.05775779008865356 0.045114886386179803 -0.025948877122304211 0.00014628285987187275 0.013945565994003876 0.02294971332885325 -0.0057950438615483289 -0.0081334098882128083 0.04655099421739578 -0.036836288812068789 -0.015625956639265404 -0.0011192990226979638 -0.018992274084519659 0.022103250156523604 -0.0018340461820270573 -0.019163558529872522
leaf_weight=836 142 138 81 526 1254 91 31 622 1290 692 76 551 2117 1031 40 93 146 904 596 164 713 1534 20 104 195 163 907 264 319 204
leaf_count=836 142 138 81 526 1254 91 31 622 1290 692 76 551 2117 1031 40 93 146 904 596 164 713 1534 20 104 195 163 907 264 319 204
internal_value=0 0.00179269 0.00367749 0.00105326 0.0100413 0.00559994 -0.0140486 -0.00159991 -0.00647714 -0.000104409 0.00698131 -0.00181677 -0.0012083 -0.000414082 0.016079 0.00596453 -0.00285027 0.00933593 0.0181527 0.00364793 -0.0150759 -0.00291947 -0.0123387 -0.000561428 0.00318592 -0.0150315 -0.0131839 0.0137668 0.00900548 -0.00250597
internal_weight=0 14051 11443 8102 3341 2087 1793 5597 2608 4975 2505 4283 4202 1326 761 2429 672 1757 689 1068 1762 3651 1310 1298 1031 267 1620 721 583 1235
internal_count=15844 14051 11443 8102 3341 2087 1793 5597 2608 4975 2505 4283 4202 1326 761 2429 672 1757 689 1068 1762 3651 1310 1298 1031 267 1620 721 583 1235
shrinkage=0.1


Tree=10
num_leaves=31
num_cat=0
split_feature=2 0 0 3 10 10 11 6 1 9 12 12 8 8 14 1 7 0 13 14 12 5 0 13 1 15 2 11 3 3
split_gain=34.0469 19.0858 17.9726 10.3006 9.32218 9.05255 7.93869 7.89961 7.71852 9.58869 9.25019 7.70434 9.82539 7.54667 7.21184 7.12498 7.04714 7.01824 6.74975 6.65577 6.61924 8.50333 6.6869 8.65959 6.57938 7.81925 6.56254 6.45417 9.34668 6.39094
threshold=24.500000000000004 25.500000000000004 22.500000000000004 5.5000000000000009 1.0000000180025095e-35 1.0000000180025095e-35 2.5000000000000004 1.5000000000000002 5.5000000000000009 9.5000000000000018 3.5000000000000004 1.5000000000000002 2.5000000000000004 10.500000000000002 1.5000000000000002 6.5000000000000009 46.500000000000007 41.500000000000007 4.5000000000000009 32.500000000000007 3.5000000000000004 2.5000000000000004 23.500000000000004 3.5000000000000004 15.500000000000002 1.5000000000000002 29.500000000000004 2.5000000000000004 12.500000000000002 15.500000000000002
decision_type=2 2 2 2 2 2 2 2 2 2 2 2 2 2 2 2 2 2 2 2 2 2 2 2 2 2 2 2 2 2
left_child=1 3 5 15 -4 -2 16 -6 10 -10 -5 27 -13 29 -9 -1 -7 20 -19 -12 21 22 23 -16 25 -23 -26 -3 -29 -8
right_child=2 11 4 8 7 6 13 14 9 -11 19 12 -14 -15 17 -17 -18 18 -20 -21 -22 24 -24 -25 26 -27 -28 28 -30 -31
leaf_value=0.0023326906202398548 0.010960188278785119 0.042771892454745115 0.02080389405344869 -0.004428640592967153 -0.014502496924451602 -0.0058799132704734809 -0.0029110473580658438 0.015827644736053477 -0.0063980801267572718 0.011775698251282142 -0.028961924065547776 -0.024923221748086474 0.011136257765566954 -0.024195069242763309 -0.03310222029685974 0.012290874883106777 -0.063107602162794638 -0.025315596411625549 0.021793921352649223 0.030997946262359622 -0.016158913783934897 0.027687531150877479 -0.011822175245767744 0.045980958408779575 0.051767351535650402 -0.0026682166736853273 0.010083136955897014 0.028498853581982692 -0.02596478204835545 -0.031758119414250059
leaf_weight=4017 156 138 182 1564 465 982 384 249 559 604 249 79 1737 904 20 875 22 36 196 20 362 96 731 45 52 731 138 111 44 96
leaf_count=4017 156 138 182 1564 465 982 384 249 559 604 249 79 1737 904 20 875 22 36 196 20 362 96 731 45 52 731 138 111 44 96
internal_value=0 0.00354518 -0.00606143 0.00128587 -0.00119575 -0.0123788 -0.0139034 -0.00247865 -0.00333176 0.00304041 -0.00737477 0.0119953 0.00956759 -0.0188143 -0.000373568 0.00411385 -0.00713391 -0.00204956 0.0144838 -0.0245039 -0.00381312 -0.00134804 -0.00908908 0.0216477 0.00471083 0.000855546 0.0214914 0.0270425 0.0130382 -0.00868046
internal_weight=0 9997 5847 7888 3303 2544 2388 3121 2996 1163 1833 2109 1816 1384 2656 4892 1004 2407 232 269 2175 1813 796 65 1017 827 190 293 155 480
internal_count=15844 9997 5847 7888 3303 2544 2388 3121 2996 1163 1833 2109 1816 1384 2656 4892 1004 2407 232 269 2175 1813 796 65 1017 827 190 293 155 480
shrinkage=0.1


Tree=11
num_leaves=31
num_cat=0
split_feature=2 12 6 0 11 5 1 10 10 0 3 0 15 8 13 15 14 14 3 3 15 8 2 10 15 5 9 3 13 6
split_gain=28.8352 18.8941 19.6093 14.2498 11.553 10.3919 9.47932 9.4631 8.6304 8.41883 13.069 8.12713 7.84831 7.20998 8.16212 7.65084 6.89291 6.80882 6.96345 6.80482 6.76313 6.76287 9.50732 6.70082 6.61429 6.76186 6.54529 6.35335 6.64773 7.9152
threshold=35.500000000000007 1.5000000000000002 1.5000000000000002 41.500000000000007 1.5000000000000002 1.5000000000000002 6.5000000000000009 2.5000000000000004 1.0000000180025095e-35 18.500000000000004 25.500000000000004 46.500000000000007 10.500000000000002 13.500000000000002 30.500000000000004 13.500000000000002 15.500000000000002 35.500000000000007 5.5000000000000009 22.500000000000004 4.5000000000000009 46.500000000000007 9.5000000000000018 1.0000000180025095e-35 51.500000000000007 2.5000000000000004 2.5000000000000004 9.5000000000000018 5.5000000000000009 1.0000000180025095e-35
decision_type=2 2 2 2 2 2 2 2 2 2 2 2 2 2 2 2 2 2 2 2 2 2 2 2 2 2 2 2 2 2
left_child=1 20 8 4 9 -6 7 17 -3 -4 -11 -2 19 15 -15 -9 21 18 -7 23 -1 22 -14 -8 25 -10 -20 28 29 -22
right_child=11 2 3 -5 5 6 12 13 24 10 -12 -13 16 14 -16 -17 -18 -19 26 -21 27 -23 -24 -25 -26 -27 -28 -29 -30 -31
leaf_value=0.018051444348703892 -0.012835427660338589 0.035836554936000284 -0.0015101285128111251 0.026469622324178883 -0.015541012695815305 0.0029087610264901731 0.047581499814987188 -0.00019781350389618695 -0.025940090147614184 0.031581695901936498 -0.045204085111618046 0.038815116497778128 0.053383766166095081 -0.022689067108839889 0.015565322525799275 -0.023284511865969904 0.013550580552209431 0.028303231282180614 -0.037095315754413605 -0.028691707686944443 0.0041241616491348512 -0.051210016409556074 -0.0048039783343756942 0.010031831102075082 0.040851694345474247 -0.0090311790378684673 -0.0035147754328974179 -0.0085289202708454821 0.0015589292511085555 0.038703496439356201
leaf_weight=813 1762 35 178 222 404 3727 49 1022 397 290 24 31 29 434 64 167 273 89 60 44 124 30 885 1578 21 585 1780 239 346 142
leaf_count=813 1762 35 178 222 404 3727 49 1022 397 290 24 31 29 434 64 167 273 89 60 44 124 30 885 1578 21 585 1780 239 346 142
internal_value=0 0.00152393 0.000179919 0.0013832 0.00088269 0.000189629 0.000810798 -0.00109814 -0.0129762 0.0158638 0.0257127 -0.0119424 0.00566444 -0.00767134 -0.0177728 -0.00344044 -0.000444029 0.000862433 0.000423735 0.0101133 0.0115289 -0.0044912 -0.00295776 0.0111627 -0.0146795 -0.0158671 -0.00460979 0.00529761 0.0106972 0.0225838
internal_weight=0 14051 12387 11349 11127 10635 10231 7343 1038 492 314 1793 2888 1687 498 1189 1217 5656 5567 1671 1664 944 914 1627 1003 982 1840 851 612 266
internal_count=15844 14051 12387 11349 11127 10635 10231 7343 1038 492 314 1793 2888 1687 498 1189 1217 5656 5567 1671 1664 944 914 1627 1003 982 1840 851 612 266
shrinkage=0.1


Tree=12
num_leaves=31
num_cat=0
split_feature=2 0 0 11 3 13 15 13 13 10 1 12 0 11 2 3 9 13 7 6 3 6 14 7 9 6 7 14 15 6
split_gain=24.8434 15.5274 13.8832 10.4247 9.27506 10.3341 13.4734 8.00124 7.80649 7.71536 7.53699 8.30208 7.41769 7.22683 7.15703 6.65772 6.28645 6.41554 6.0563 6.02935 6.02168 6.8191 6.30211 5.75076 5.70998 5.61284 5.59381 5.91498 9.60391 5.75362
threshold=26.500000000000004 26.500000000000004 24.500000000000004 2.5000000000000004 1.0000000180025095e-35 5.5000000000000009 9.5000000000000018 1.0000000180025095e-35 1.0000000180025095e-35 1.0000000180025095e-35 10.500000000000002 1.5000000000000002 9.5000000000000018 3.5000000000000004 13.500000000000002 18.500000000000004 2.5000000000000004 9.5000000000000018 4.5000000000000009 2.5000000000000004 4.5000000000000009 1.0000000180025095e-35 3.5000000000000004 12.500000000000002 3.5000000000000004 2.5000000000000004 59.500000000000007 9.5000000000000018 10.500000000000002 2.5000000000000004
decision_type=2 2 2 2 2 2 2 2 2 2 2 2 2 2 2 2 2 2 2 2 2 2 2 2 2 2 2 2 2 2
left_child=2 7 3 9 5 6 -5 -2 18 -1 11 -3 -7 19 -14 -12 17 -6 -4 -9 21 -11 -22 -17 -13 -16 27 29 -29 -26
right_child=1 10 8 4 16 12 -8 13 -10 20 15 24 14 -15 25 23 -18 -19 -20 -21 22 -23 -24 -25 26 -27 -28 28 -30 -31
leaf_value=0.029657762138931839 0.010895165819674731 0.013802524207968195 0.068354213057142316 0.036505616807389535 -0.044086288669136137 -0.038542449824950281 -0.02194246439372792 -0.01420420142607047 0.0073752308487112575 -0.026626392426314177 0.01251453320177737 -0.029038588571966742 -0.025030164491562618 -0.020911917202389999 -0.0012804557879765831 -0.035289754731170207 -0.0061715610786683972 0.00224428653717041 0.020190450376272203 -0.0030385879090929456 0.015258693363931444 0.0096111397447402949 -0.00060468653423918621 0.0060863662224549522 -0.0098256340329973112 0.023692515823576187 0.042342114945252737 -0.0023120833369194237 -0.032986159148541368 0.012470792240450997
leaf_weight=108 160 212 33 174 89 51 51 1040 2676 54 653 114 84 692 270 59 2051 45 125 904 270 1354 3456 78 234 135 24 243 176 229
leaf_count=108 160 212 33 174 89 51 51 1040 2676 54 653 114 84 692 270 59 2051 45 125 904 270 1354 3456 78 234 135 24 243 176 229
internal_value=0 -0.0059903 0.00261757 0.000530477 -0.00422477 0.00525161 0.0232574 -0.010818 0.00865053 0.00320655 0.000685356 -0.0042036 -0.0022508 -0.0121359 0.00153422 0.00830966 -0.00754259 -0.0285275 0.03025 -0.00901196 0.00265012 0.00822135 0.000544834 -0.0117325 -0.00794605 0.00704387 -0.00529203 -0.00658819 -0.0151967 0.00120219
internal_weight=0 4818 11026 8192 2950 765 225 2796 2834 5242 2022 1232 540 2636 489 790 2185 134 158 1944 5134 1408 3726 137 1020 405 906 882 419 463
internal_count=15844 4818 11026 8192 2950 765 225 2796 2834 5242 2022 1232 540 2636 489 790 2185 134 158 1944 5134 1408 3726 137 1020 405 906 882 419 463
shrinkage=0.1


Tree=13
num_leaves=31
num_cat=0
split_feature=2 12 6 0 11 0 3 14 15 1 9 6 10 0 4 2 2 8 3 0 9 13 11 15 2 14 8 1 13 7
split_gain=21.0076 14.8124 14.6616 11.3041 12.0235 10.5318 8.53296 8.34647 8.70883 7.22464 9.06008 10.1042 6.64519 6.3324 5.96301 6.5191 5.95232 5.92718 5.83214 8.91129 7.95657 8.65107 6.19613 7.61625 7.92811 5.55929 6.76967 5.54051 6.28816 5.52895
threshold=35.500000000000007 1.5000000000000002 1.5000000000000002 16.500000000000004 1.5000000000000002 41.500000000000007 25.500000000000004 29.500000000000004 4.5000000000000009 2.5000000000000004 23.500000000000004 2.5000000000000004 1.0000000180025095e-35 46.500000000000007 2.5000000000000004 28.500000000000004 23.500000000000004 57.500000000000007 1.5000000000000002 14.500000000000002 2.5000000000000004 5.5000000000000009 2.5000000000000004 1.0000000180025095e-35 16.500000000000004 12.500000000000002 5.5000000000000009 14.500000000000002 4.5000000000000009 9.5000000000000018
decision_type=2 2 2 2 2 2 2 2 2 2 2 2 2 2 2 2 2 2 2 2 2 2 2 2 2 2 2 2 2 2
left_child=1 18 12 -4 6 7 -5 8 16 10 11 -10 -3 -2 15 -9 -6 29 20 -20 -1 -22 23 -21 -25 -24 -27 28 -7 -11
right_child=13 2 3 4 5 27 -8 14 9 17 -12 -13 -14 -15 -16 -17 -18 -19 19 22 21 -23 25 24 -26 26 -28 -29 -30 -31
leaf_value=-0.010122256994247437 -0.010981658973839984 0.031567088024956842 -0.0055785402422543267 0.025532745438739193 0.0085053954261660961 -0.020758124783232409 -0.033022240797678633 0.021552271050650898 -0.013395819399091933 -0.0012599543153884866 -0.033172674849629401 0.0052717604073256197 -0.012759854444715819 0.034610535060205769 0.0012452489485705858 0.07735366796453795 -0.0024978098021932395 -0.048023487567901618 -0.018789076781272888 0.054437117400218032 0.046372442209083618 0.01479706124109053 -0.007841599918901921 0.042903530519259603 0.0078548756367135264 -0.032434109778239816 0.019109397686663129 0.055897059482197434 0.025774565537770591 0.0067194455682620547
leaf_weight=75 1762 35 2046 318 1894 37 27 164 657 3360 128 519 1003 31 137 24 664 25 125 49 131 257 284 76 428 29 210 43 135 1171
leaf_count=75 1762 35 2046 318 1894 37 27 164 657 3360 128 519 1003 31 137 24 664 25 125 49 131 257 284 76 428 29 210 43 135 1171
internal_value=0 0.00130074 0.000110727 0.00115119 0.00263125 0.00192574 0.0209502 0.00138804 0.000780945 -0.00134414 -0.00790729 -0.00515732 -0.0112652 -0.0101934 0.0171128 0.0286759 0.00564921 0.000534336 0.0101594 0.00648352 0.0196943 0.0254578 0.00941946 0.0167992 0.01314 0.00161639 0.0128552 0.0237911 0.0157646 0.000802257
internal_weight=0 14051 12387 11349 9303 8958 345 8743 8418 5860 1304 1176 1038 1793 325 188 2558 4556 1664 1201 463 388 1076 553 504 523 239 215 172 4531
internal_count=15844 14051 12387 11349 9303 8958 345 8743 8418 5860 1304 1176 1038 1793 325 188 2558 4556 1664 1201 463 388 1076 553 504 523 239 215 172 4531
shrinkage=0.1


Tree=14
num_leaves=31
num_cat=0
split_feature=2 10 1 0 3 9 8 13 0 15 15 0 9 9 5 14 13 9 3 8 0 6 14 9 7 0 2 5 12 10
split_gain=18.4475 11.9128 11.8119 11.056 8.68083 10.2615 8.21663 7.84626 7.83567 7.82426 7.79776 9.99067 7.3436 7.27597 6.89727 6.6325 6.30808 8.61434 5.84955 5.68613 5.63305 6.59464 7.58359 8.39879 6.77877 5.62416 5.5184 5.48254 6.40834 7.40091
threshold=24.500000000000004 1.0000000180025095e-35 5.5000000000000009 19.500000000000004 1.5000000000000002 2.5000000000000004 31.500000000000004 1.0000000180025095e-35 34.500000000000007 4.5000000000000009 6.5000000000000009 18.500000000000004 41.500000000000007 1.5000000000000002 3.5000000000000004 35.500000000000007 6.5000000000000009 35.500000000000007 1.5000000000000002 2.5000000000000004 14.500000000000002 2.5000000000000004 4.5000000000000009 22.500000000000004 4.5000000000000009 19.500000000000004 18.500000000000004 3.5000000000000004 3.5000000000000004 1.5000000000000002
decision_type=2 2 2 2 2 2 2 2 2 2 2 2 2 2 2 2 2 2 2 2 2 2 2 2 2 2 2 2 2 2
left_child=2 14 6 7 12 -6 9 -3 -7 16 13 18 19 -4 -2 20 -1 -18 -12 -5 -11 27 -23 -24 -25 -8 -20 28 -22 -30
right_child=1 3 10 4 5 8 25 -9 -10 15 11 -13 -14 -15 -16 -17 17 -19 26 -21 21 22 23 24 -26 -27 -28 -29 29 -31
leaf_value=0.011046621658892003 0.0044358232667677513 0.019759201796518435 -0.036546319297381807 -0.037394138839509754 -0.027621065902834138 -0.0069155123651636194 -0.037084086469768254 -0.014009815079792327 0.0050246877501408261 -0.015227842017961521 0.0086253687245956331 0.0079830870519874055 -0.041026728786528112 0.015019599290708653 0.035643558573014669 0.028137213571204078 8.193040459492085e-05 0.063114865259690719 -0.0032688206997676869 0.0092389851304643979 -0.0035851339796415674 0.025373914402130757 0.0063863122297974431 0.022817831663858326 -0.042181124669664047 -0.0029423182830214502 -0.027410850012102608 0.012561246859721648 0.019057211376005606 -0.035615377745977263
leaf_weight=1060 237 72 28 27 192 2057 97 1551 750 319 151 1467 32 1203 101 72 1497 22 201 828 2473 171 523 21 68 96 179 195 31 123
leaf_count=1060 237 72 28 27 192 2057 97 1551 750 319 151 1467 32 1203 101 72 1497 22 201 828 2473 171 523 21 68 96 179 195 31 123
internal_value=0 -0.00446175 0.00260957 -0.0055798 -0.00268465 -0.00525506 0.000235299 -0.0125117 -0.00372522 0.000832262 0.00758604 0.00372875 0.00600607 0.0138467 0.0137612 -0.00193906 0.00512625 0.00099485 -0.00802475 0.00776636 -0.00249092 -0.00136385 0.00675586 0.00155376 -0.0268443 -0.0201017 -0.014641 -0.00361677 -0.00481765 -0.0246099
internal_weight=0 5847 9997 5509 3886 2999 6768 1623 2807 6575 3229 1998 887 1231 338 3996 2579 1519 531 855 3924 3605 783 612 89 193 380 2822 2627 154
internal_count=15844 5847 9997 5509 3886 2999 6768 1623 2807 6575 3229 1998 887 1231 338 3996 2579 1519 531 855 3924 3605 783 612 89 193 380 2822 2627 154
shrinkage=0.1


Tree=15
num_leaves=31
num_cat=0
split_feature=11 2 0 6 11 3 7 12 6 15 0 1 15 0 2 14 1 13 0 10 0 3 13 2 14 0 3 10 7 15
split_gain=16.2868 13.1709 11.928 11.6557 9.88868 8.87669 8.51146 8.39863 10.4273 7.99144 14.0712 7.87537 7.48631 6.79505 6.61064 6.39044 6.3371 6.70152 6.30364 6.25171 8.06109 5.94979 9.05419 7.11839 5.84976 5.82342 6.77222 5.66052 5.50432 5.48252
threshold=2.5000000000000004 40.500000000000007 15.500000000000002 2.5000000000000004 1.0000000180025095e-35 8.5000000000000018 12.500000000000002 1.5000000000000002 1.5000000000000002 13.500000000000002 33.500000000000007 5.5000000000000009 8.5000000000000018 36.500000000000007 26.500000000000004 17.500000000000004 7.5000000000000009 6.5000000000000009 43.500000000000007 1.5000000000000002 18.500000000000004 1.0000000180025095e-35 5.5000000000000009 14.500000000000002 4.5000000000000009 33.500000000000007 8.5000000000000018 1.0000000180025095e-35 20.500000000000004 43.500000000000007
decision_type=2 2 2 2 2 2 2 2 2 2 2 2 2 2 2 2 2 2 2 2 2 2 2 2 2 2 2 2 2 2
left_child=4 2 -2 9 -1 16 -7 19 15 21 -11 14 13 -13 24 27 17 -5 -3 -6 -21 22 -4 -23 -10 26 -17 -9 -25 -8
right_child=1 18 3 5 7 6 29 8 11 10 -12 12 -14 -15 -16 25 -18 -19 -20 20 -22 23 -24 28 -26 -27 -28 -29 -30 -31
leaf_value=0.051936916098362068 -0.011085461597898801 -0.019639535627626936 0.026271496886430785 0.017036801289666344 0.028192482143640521 -0.010945376313282448 0.0061570417842681004 0.033621258580166367 0.01124504722539406 -0.024112496421170925 0.013579012705729558 0.011968323216229895 0.0022587017271220181 0.047504545460667527 -0.0087582626525762371 0.042491746207942133 0.018301253495373336 -0.0013760494534708874 0.024017359869820731 -0.0092170091219318726 0.014039640861229906 0.015044112293159259 -0.00087567355743674346 -0.0080477290548664222 0.000421741430385098 0.057421038980069374 -0.025012891704127904 -0.017092326528405491 0.012287537352792149 0.05781304050575603
leaf_weight=41 1223 601 172 296 184 515 311 23 581 416 130 961 1182 57 671 23 562 595 35 206 539 170 430 1623 3554 23 42 511 145 22
leaf_count=41 1223 601 172 296 184 515 311 23 581 416 130 961 1182 57 671 23 562 595 35 206 539 170 430 1623 3554 23 42 511 145 22
internal_value=0 -0.00349249 -0.00217002 -0.000145969 0.00294331 0.0052409 -0.00288932 0.00270857 0.00161525 -0.00416255 -0.0151383 0.00271689 0.00767232 0.0139581 0.000448491 -0.0107933 0.00998586 0.0047409 -0.017237 0.0116858 0.00760894 -0.00180319 0.00688066 -0.00450066 0.0019425 0.0141756 -0.00112664 -0.014908 -0.00637996 0.00956975
internal_weight=0 7246 6610 5387 8598 2301 848 8557 7628 3086 546 7006 2200 1018 4806 622 1453 891 636 929 745 2540 602 1938 4135 88 65 534 1768 333
internal_count=15844 7246 6610 5387 8598 2301 848 8557 7628 3086 546 7006 2200 1018 4806 622 1453 891 636 929 745 2540 602 1938 4135 88 65 534 1768 333
shrinkage=0.1


Tree=16
num_leaves=31
num_cat=0
split_feature=2 1 3 0 10 15 8 15 11 1 9 6 15 0 9 4 8 11 9 2 14 11 14 1 13 9 9 13 6 14
split_gain=13.831 10.1951 10.034 9.00982 7.78948 6.72054 6.55317 6.27961 7.61254 10.8223 6.1157 6.13944 8.99116 7.93706 5.66609 5.65479 6.77189 7.01257 6.68688 5.71719 5.59512 5.5343 8.79515 5.56397 5.78388 5.49852 5.45932 13.4661 5.35368 5.343
threshold=23.500000000000004 5.5000000000000009 1.5000000000000002 34.500000000000007 1.0000000180025095e-35 4.5000000000000009 2.5000000000000004 13.500000000000002 3.5000000000000004 16.500000000000004 32.500000000000007 3.5000000000000004 10.500000000000002 27.500000000000004 13.500000000000002 3.5000000000000004 22.500000000000004 1.5000000000000002 11.500000000000002 21.500000000000004 3.5000000000000004 2.5000000000000004 6.5000000000000009 1.0000000180025095e-35 5.5000000000000009 8.5000000000000018 15.500000000000002 21.500000000000004 2.5000000000000004 39.500000000000007
decision_type=2 2 2 2 2 2 2 2 2 2 2 2 2 2 2 2 2 2 2 2 2 2 2 2 2 2 2 2 2 2
left_child=1 5 10 4 29 15 -7 28 -9 -10 11 12 -2 -14 -13 16 17 18 -1 -19 -21 22 23 -6 -25 -26 -27 -28 -3 -4
right_child=2 7 3 -5 21 6 -8 8 9 -11 -12 14 13 -15 -16 -17 -18 19 -20 20 -22 -23 -24 24 25 26 27 -29 -30 -31
leaf_value=0.0064562448139848377 0.0086903832791936485 0.0061160469975999106 0.0057816540653055368 0.0033804635805315415 -0.010842960650621639 -0.033858060286595271 -0.0018405916759998001 0.0044706643690087785 -0.035751593138860623 0.028467642910340252 -0.018565751391908396 0.033913374055205413 -0.021524770752790107 0.0079910679040728402 0.0046123950553119634 -0.014011132567183776 -0.018305829219650804 0.0038850212745715918 0.073797031641006469 -0.0096581238966721768 0.0270158435862798 -0.01218318467291888 -0.01226225911974161 0.019219434398487525 -0.015127478701293849 0.021836768697048058 -0.021647606737780989 0.051764745451509955 0.016165436350163959 0.058052235164425592
leaf_weight=29 734 1437 176 886 247 65 3869 533 115 34 115 131 237 148 133 159 114 1930 30 52 208 2114 799 239 157 145 114 32 840 22
leaf_count=29 734 1437 176 886 247 65 3869 533 115 34 115 131 237 148 133 159 114 1930 30 52 208 2114 799 239 157 145 114 32 840 22
internal_value=0 0.0024415 -0.00357547 -0.00575295 -0.00775349 0.0002137 -0.0023696 0.00730215 -0.00111535 -0.0210975 0.00359218 0.00543467 0.00219843 -0.0101784 0.0191519 0.00424333 0.00547162 0.00667688 0.0406973 0.00576035 0.0196811 -0.00874905 -0.00455992 0.00202912 0.00665707 -4.47277e-05 0.0080927 -0.00555723 0.00982333 0.0115895
internal_weight=0 9415 6429 4931 4045 6456 3934 2959 682 149 1498 1383 1119 385 264 2522 2363 2249 59 2190 260 3847 1733 934 687 448 291 146 2277 198
internal_count=15844 9415 6429 4931 4045 6456 3934 2959 682 149 1498 1383 1119 385 264 2522 2363 2249 59 2190 260 3847 1733 934 687 448 291 146 2277 198
shrinkage=0.1


Tree=17
num_leaves=31
num_cat=0
split_feature=2 12 10 5 1 13 0 8 13 11 14 2 6 7 5 0 8 3 2 0 15 7 0 7 0 1 15 14 9 4
split_gain=12.2146 9.89099 13.7765 13.3309 9.7466 9.6387 7.69314 7.84919 9.20296 7.38437 6.49608 6.26306 5.86731 5.71536 5.68325 6.51846 5.70066 5.66248 5.65656 5.57532 5.57532 6.33054 8.68892 5.44989 5.15742 5.09455 5.12868 5.66546 6.47003 5.05264
threshold=36.500000000000007 1.5000000000000002 2.5000000000000004 2.5000000000000004 3.5000000000000004 2.5000000000000004 33.500000000000007 17.500000000000004 39.500000000000007 1.5000000000000002 42.500000000000007 19.500000000000004 1.5000000000000002 4.5000000000000009 3.5000000000000004 46.500000000000007 12.500000000000002 1.0000000180025095e-35 13.500000000000002 20.500000000000004 1.0000000180025095e-35 11.500000000000002 17.500000000000004 6.5000000000000009 4.5000000000000009 1.0000000180025095e-35 6.5000000000000009 13.500000000000002 8.5000000000000018 4.5000000000000009
decision_type=2 2 2 2 2 2 2 2 2 2 2 2 2 2 2 2 2 2 2 2 2 2 2 2 2 2 2 2 2 2
left_child=1 -1 3 12 -4 10 7 -6 13 -7 -5 -10 -3 -9 15 -2 -16 -15 -8 20 21 22 -11 -19 -14 26 -21 28 -28 -26
right_child=14 2 4 5 6 9 18 8 11 19 -12 -13 24 17 16 -17 -18 23 -20 25 -22 -23 -24 -25 29 -27 27 -29 -30 -31
leaf_value=0.0080695802727588414 -0.013246322278008003 -0.015658752034610351 -0.011403025626936885 0.016031327012777329 0.00027192552098267373 0.028902939239800987 0.046076875586401334 -0.044212987132974578 0.068739078158424019 0.075441746972501278 0.068015652775764476 -0.0084931698583421266 -0.049645553032557174 0.015835276950489391 0.024656536997783751 0.042997762135096956 -0.0043051885336302638 0.0095125583085146834 0.0077769962545388791 0.0062409078624470829 -0.0043468648127604073 -0.021725882454351947 -0.0051379063855046814 -0.025231565801160677 -0.00031621932469072647 0.011205280684445004 -0.057657543141791161 0.0068399560095658944 -0.0062256765131856878 0.029362632231465704
leaf_weight=1703 1098 257 1495 625 1390 118 44 74 21 32 25 21 21 55 84 21 356 55 312 311 969 22 23 252 5215 1022 47 67 51 58
leaf_count=1703 1098 257 1495 625 1390 118 44 74 21 32 25 21 21 55 84 21 356 55 312 311 969 22 23 252 5215 1022 47 67 51 58
internal_value=0 0.000917256 -5.08255e-05 0.00209264 -0.00515906 0.00711352 -0.000961798 -0.00352936 -0.0145833 0.00444779 0.0180307 0.030123 -0.000903064 -0.0188899 -0.00840475 -0.0121908 0.00122387 -0.0137133 0.0125107 0.00331347 -0.00228883 0.0236103 0.0417448 -0.019007 -0.000186741 0.00722536 -0.00131978 -0.0155705 -0.030892 1.02312e-05
internal_weight=0 14285 12582 8863 3719 3312 2224 1868 478 2662 650 42 5551 436 1559 1119 440 362 356 2544 1046 77 55 307 5294 1498 476 165 98 5273
internal_count=15844 14285 12582 8863 3719 3312 2224 1868 478 2662 650 42 5551 436 1559 1119 440 362 356 2544 1046 77 55 307 5294 1498 476 165 98 5273
shrinkage=0.1


Tree=18
num_leaves=31
num_cat=0
split_feature=11 5 0 9 8 14 3 11 12 0 5 10 1 0 7 6 14 8 9 13 3 2 7 7 10 13 15 4 13 3
split_gain=11.66 10.8647 10.9561 9.34153 9.23611 11.8662 8.87153 7.4474 7.13914 8.55629 7.02524 8.37303 8.00755 7.73471 6.76256 6.53104 7.69609 8.13388 6.37604 6.25805 8.62349 5.88373 6.49281 5.64777 5.61546 5.44334 5.32681 5.27833 5.26375 5.23044
threshold=2.5000000000000004 1.5000000000000002 42.500000000000007 1.5000000000000002 8.5000000000000018 28.500000000000004 1.5000000000000002 1.0000000180025095e-35 3.5000000000000004 10.500000000000002 2.5000000000000004 2.5000000000000004 9.5000000000000018 33.500000000000007 19.500000000000004 2.5000000000000004 7.5000000000000009 16.500000000000004 17.500000000000004 11.500000000000002 10.500000000000002 19.500000000000004 5.5000000000000009 23.500000000000004 1.0000000180025095e-35 1.0000000180025095e-35 11.500000000000002 1.5000000000000002 2.5000000000000004 19.500000000000004
decision_type=2 2 2 2 2 2 2 2 2 2 2 2 2 2 2 2 2 2 2 2 2 2 2 2 2 2 2 2 2 2
left_child=7 27 3 -3 -5 6 24 -1 10 -10 12 26 15 25 -4 16 17 -9 -17 20 -14 -22 -23 -21 -6 -13 -12 -2 -7 -27
right_child=1 2 14 4 5 28 -8 8 9 -11 11 13 19 -15 -16 18 -18 -19 -20 23 21 22 -24 -25 -26 29 -28 -29 -30 -31
leaf_value=0.04500836501034295 -0.040154644309781322 -0.026432672198171969 0.0087120538640936673 0.003258236212909502 0.029552704491652551 0.030723317194244138 -0.0099685332324059919 0.0013848467832711358 -0.029416286756121925 -0.0019305420587105411 0.015117223883412549 0.033199544172537954 0.026427439878503961 0.018514823037938975 0.046246916281454498 0.011890008650685679 -0.010183137296875821 -0.044118367955088618 -0.0099165219879714696 -0.0092230222750418252 0.029983432337922875 0.022852407892545067 -0.020664654622475308 0.038700394119535179 -0.00099618580066423057 -0.0025515431546527245 -0.00031265385777634732 -0.012686206221580508 0.0045111807347905687 -0.028220165703031753
leaf_weight=41 86 162 176 2130 64 92 2631 2194 126 1120 1261 38 332 194 66 649 948 40 169 202 53 48 120 28 1006 673 272 375 458 90
leaf_count=41 86 162 176 2130 64 92 2631 2194 126 1120 1261 38 332 194 66 649 948 40 169 202 53 48 120 28 1006 673 272 375 458 90
internal_value=0 -0.00295506 -0.00194573 -0.00271854 -0.00211649 -0.00480954 -0.00684626 0.00249039 0.00228667 -0.00471 0.0034791 0.00774297 0.00122548 0.000599452 0.0189488 -0.000584818 -0.00263356 0.000570107 0.00738475 0.0104735 0.016239 0.000933389 -0.00823121 -0.00338887 0.000831038 -0.0037396 0.0123795 -0.0178105 0.00889576 -0.0055793
internal_weight=0 7246 6785 6543 6381 4251 3701 8598 8557 1246 7311 2528 4783 995 242 4000 3182 2234 818 783 553 221 168 230 1070 801 1533 461 550 763
internal_count=15844 7246 6785 6543 6381 4251 3701 8598 8557 1246 7311 2528 4783 995 242 4000 3182 2234 818 783 553 221 168 230 1070 801 1533 461 550 763
shrinkage=0.1


Tree=19
num_leaves=31
num_cat=0
split_feature=2 9 12 11 3 14 3 6 5 9 0 1 8 1 10 0 2 0 13 0 14 3 12 1 14 8 1 15 8 9
split_gain=9.82308 8.29955 7.34663 7.31349 7.80226 7.15401 6.48823 7.28135 6.37164 9.87792 7.24171 6.88773 7.81093 6.34711 6.25303 5.98921 7.33956 5.98546 5.87237 6.95876 6.48931 6.85541 6.85987 5.40898 6.15317 5.15128 4.83695 4.66248 4.63968 4.4866
threshold=23.500000000000004 2.5000000000000004 1.5000000000000002 1.5000000000000002 18.500000000000004 45.500000000000007 12.500000000000002 2.5000000000000004 1.5000000000000002 20.500000000000004 24.500000000000004 5.5000000000000009 33.500000000000007 3.5000000000000004 1.0000000180025095e-35 39.500000000000007 41.500000000000007 12.500000000000002 10.500000000000002 21.500000000000004 22.500000000000004 1.5000000000000002 1.5000000000000002 10.500000000000002 10.500000000000002 6.5000000000000009 14.500000000000002 1.0000000180025095e-35 33.500000000000007 7.5000000000000009
decision_type=2 2 2 2 2 2 2 2 2 2 2 2 2 2 2 2 2 2 2 2 2 2 2 2 2 2 2 2 2 2
left_child=2 -2 6 23 18 8 7 25 9 10 -4 12 -10 -12 -13 27 -17 -9 20 28 21 22 -5 -3 -25 -1 -8 -6 -20 -23
right_child=1 3 5 4 15 -7 26 17 11 -11 13 14 -14 -15 -16 16 -18 -19 19 -21 -22 29 -24 24 -26 -27 -28 -29 -30 -31
leaf_value=0.026785195005678497 -0.015292855597576916 0.0018027845890291275 -0.014952057554405563 0.032050924072755831 -0.050797680105481829 0.02610338019058768 0.0040668183873439658 -0.011187569119713525 3.7275818352367396e-05 -0.048367446755606031 -0.014336750470101835 0.0365617626446944 -0.025438415883033257 0.042697401762008674 0.0050935592249964634 0.032519511461763059 -0.03042765866827082 0.034595729523109943 -0.010508993221768018 -0.0011223162352500928 0.0153188378595915 -0.0096296848695792137 0.0043184173752122855 0.041935483069830047 -0.014857564494013787 0.0028600871697809904 -0.032164505234471077 -0.013323534139354163 -0.034795814457830497 0.00035766202120479678
leaf_weight=113 507 155 196 107 35 113 116 33 5589 63 32 65 123 50 2214 59 27 212 580 1219 305 668 536 93 24 442 54 646 91 1377
leaf_count=113 507 155 196 107 35 113 116 33 5589 63 32 65 123 50 2214 59 27 212 580 1219 305 668 536 93 24 442 54 646 91 1377
internal_value=0 -0.00301321 0.00205756 -0.00196192 -0.00273298 0.00111085 0.0102999 0.01407 0.000771892 -0.0126148 -0.00451262 0.00134314 -0.000511308 0.0204402 0.00599107 -0.0121093 0.012757 0.028429 -0.00126019 -0.0056242 0.00149557 -7.29198e-05 0.00893331 0.0140546 0.0302856 0.00773133 -0.00744195 -0.0152495 -0.0138027 -0.00290471
internal_weight=0 6429 9415 5922 5650 8445 970 800 8332 341 278 7991 5712 82 2279 767 86 245 4883 1890 2993 2688 643 272 117 555 170 681 671 2045
internal_count=15844 6429 9415 5922 5650 8445 970 800 8332 341 278 7991 5712 82 2279 767 86 245 4883 1890 2993 2688 643 272 117 555 170 681 671 2045
shrinkage=0.1


Tree=20
num_leaves=31
num_cat=0
split_feature=11 0 3 1 5 0 15 1 10 5 2 14 7 12 11 0 6 14 9 10 7 1 13 9 3 8 13 3 14 2
split_gain=9.18737 8.19528 8.28513 7.09665 6.24219 6.40541 6.114 6.46079 7.3535 5.76694 5.88461 5.73005 5.27956 5.36879 5.18221 5.34994 5.19471 5.03148 5.82076 4.8937 4.68863 4.95908 5.72217 4.95528 4.66299 6.0337 4.58496 5.00463 4.54863 4.53161
threshold=2.5000000000000004 15.500000000000002 16.500000000000004 14.500000000000002 4.5000000000000009 43.500000000000007 4.5000000000000009 2.5000000000000004 1.5000000000000002 2.5000000000000004 36.500000000000007 55.500000000000007 39.500000000000007 4.5000000000000009 1.5000000000000002 37.500000000000007 1.5000000000000002 3.5000000000000004 7.5000000000000009 1.5000000000000002 21.500000000000004 11.500000000000002 10.500000000000002 5.5000000000000009 1.5000000000000002 10.500000000000002 29.500000000000004 7.5000000000000009 8.5000000000000018 18.500000000000004
decision_type=2 2 2 2 2 2 2 2 2 2 2 2 2 2 2 2 2 2 2 2 2 2 2 2 2 2 2 2 2 2
left_child=6 -2 3 11 5 -4 9 8 -8 10 14 24 13 -11 28 16 -16 18 20 -20 21 22 23 -9 -3 -26 -10 -28 -1 -19
right_child=1 2 4 -5 -6 -7 7 17 26 12 -12 -13 -14 -15 15 -17 -18 29 19 -21 -22 -23 -24 -25 25 -27 27 -29 -30 -31
leaf_value=0.036325884555898066 -0.0095474763013104653 0.0034307418610406526 -0.015375135160056798 0.0097503845126739857 0.024621104813636621 0.024429191233113753 0.010293303663955143 0.018088134877821981 -0.01131894246666279 0.011471596524557648 -0.036581791623642571 0.029152840327832011 0.052157579795006785 -0.031411277055740358 -0.017322673886380296 0.046729370607779576 0.0027881116191656348 0.0074405819215786753 0.041910763452018523 0.01265004843741924 -0.041667337142504181 0.025047978013753892 -0.041051547994484773 -0.021340237061182658 0.00033833306963340594 -0.0087153968282721265 -0.018436354398727418 0.046587122411563486 -0.0076409721013271457 -0.0011085885420857751
leaf_weight=82 1383 1342 676 709 47 43 223 85 953 1088 38 62 31 30 141 26 1442 781 69 333 26 72 37 51 1664 1320 20 29 33 3008
leaf_count=82 1383 1342 676 709 47 43 223 85 953 1088 38 62 31 30 141 26 1442 781 69 333 26 72 37 51 1664 1320 20 29 33 3008
internal_value=0 -0.00262309 -0.00098972 0.000467572 -0.0106866 -0.0129946 0.00221062 0.000302771 -0.00613 0.00593783 0.00234358 -0.00103232 0.0114496 0.0103209 0.00320156 0.00173581 0.000996816 0.00206883 0.0100366 0.0176724 -0.00129027 0.00299464 -0.00618363 0.0033025 -0.00146493 -0.00366667 -0.00978508 0.0200469 0.0237093 0.000653592
internal_weight=0 7246 5863 5097 766 719 8598 5687 1225 2911 1762 4388 1149 1118 1724 1609 1583 4462 673 402 271 245 173 136 4326 2984 1002 49 115 3789
internal_count=15844 7246 5863 5097 766 719 8598 5687 1225 2911 1762 4388 1149 1118 1724 1609 1583 4462 673 402 271 245 173 136 4326 2984 1002 49 115 3789
shrinkage=0.1


Tree=21
num_leaves=31
num_cat=0
split_feature=5 10 12 13 2 0 7 11 3 3 14 0 7 7 14 13 11 5 12 8 8 14 4 15 2 0 2 3 1 3
split_gain=8.6998 10.6457 7.54681 8.76441 8.62409 7.27518 11.3874 8.5406 6.78393 6.57495 6.23113 5.20262 5.69047 5.02757 4.92569 4.99457 4.8582 5.42016 4.85583 4.75019 4.73431 4.63966 6.86927 5.38253 5.10758 4.3726 5.78137 5.56529 4.30896 5.98078
threshold=1.5000000000000002 1.0000000180025095e-35 3.5000000000000004 1.0000000180025095e-35 19.500000000000004 21.500000000000004 21.500000000000004 1.5000000000000002 21.500000000000004 10.500000000000002 16.500000000000004 33.500000000000007 11.500000000000002 4.5000000000000009 22.500000000000004 12.500000000000002 3.5000000000000004 1.0000000180025095e-35 1.0000000180025095e-35 16.500000000000004 12.500000000000002 6.5000000000000009 3.5000000000000004 6.5000000000000009 38.500000000000007 30.500000000000004 7.5000000000000009 20.500000000000004 7.5000000000000009 22.500000000000004
decision_type=2 2 2 2 2 2 2 2 2 2 2 2 2 2 2 2 2 2 2 2 2 2 2 2 2 2 2 2 2 2
left_child=16 9 4 -4 28 6 10 19 14 13 -6 -10 -13 -2 18 -16 17 -1 -9 -7 -14 22 -20 24 -23 26 -5 -28 -3 -30
right_child=1 2 3 25 5 7 -8 8 11 -11 -12 12 20 -15 15 -17 -18 -19 21 -21 -22 23 -24 -25 -26 -27 27 -29 29 -31
leaf_value=-0.056650997251272206 -0.00053163198651848254 0.0031910859610339674 0.029741694033145905 0.022865407381738936 -0.0010182657152505892 0.037858526857153886 -0.022045013772336065 0.014806881605872053 -0.028312364913696465 -0.004511655023047974 -0.01619512903855334 -0.026764442399144175 -0.0073096028396061486 0.025999734941196728 0.023473965411431322 -0.0014372162116590397 -0.022485304908318956 -0.0038025607072978938 0.0076889265864707517 -0.0035085498502379973 0.049864925543467206 0.0046595173347287067 -0.016374483749382478 -0.0084261463898089566 -0.026047234956560462 0.0025575108982466323 -0.011814442880673785 0.0069506445678613957 0.013233329782228985 -0.024192441105842594
leaf_weight=20 91 2519 69 56 4231 103 302 253 129 143 289 40 28 332 214 129 220 654 1098 38 30 820 133 883 58 429 1476 177 835 45
leaf_count=20 91 2519 69 56 4231 103 302 253 129 143 289 40 28 332 214 129 220 654 1098 38 30 820 133 883 58 429 1476 177 835 45
internal_value=0 0.000573021 4.36802e-05 -0.00533668 0.00101883 -0.000637181 -0.00324477 0.00254123 0.00164797 0.0140254 -0.00198864 -0.0151172 0.00225205 0.020292 0.00270863 0.014105 -0.0095824 -0.00537076 0.00150402 0.02671 0.0222634 0.000379149 0.00508906 -0.00291324 0.00263105 -0.00646876 -0.00873458 -0.00980511 0.00529553 0.0113195
internal_weight=0 14950 14384 2207 12177 8778 4822 3956 3815 566 4520 227 98 423 3588 343 894 674 3245 141 58 2992 1231 1761 878 2138 1709 1653 3399 880
internal_count=15844 14950 14384 2207 12177 8778 4822 3956 3815 566 4520 227 98 423 3588 343 894 674 3245 141 58 2992 1231 1761 878 2138 1709 1653 3399 880
shrinkage=0.1


Tree=22
num_leaves=31
num_cat=0
split_feature=3 9 0 5 15 0 8 13 11 6 8 7 10 13 2 2 2 15 14 2 9 1 9 1 15 14 2 3 4 15
split_gain=7.53114 7.83444 7.67396 7.19755 6.88662 6.39734 6.25626 6.04318 7.30998 6.878 8.37749 7.94603 8.327 5.36104 5.33399 5.18784 5.8916 5.02134 4.83534 4.57535 5.44553 4.49861 8.81467 7.27139 5.47682 5.7953 4.45011 4.42337 4.44398 4.93261
threshold=5.5000000000000009 2.5000000000000004 33.500000000000007 2.5000000000000004 13.500000000000002 3.5000000000000004 13.500000000000002 4.5000000000000009 3.5000000000000004 2.5000000000000004 13.500000000000002 4.5000000000000009 1.5000000000000002 10.500000000000002 10.500000000000002 11.500000000000002 15.500000000000002 22.500000000000004 65.500000000000014 40.500000000000007 11.500000000000002 8.5000000000000018 26.500000000000004 21.500000000000004 10.500000000000002 10.500000000000002 38.500000000000007 1.5000000000000002 2.5000000000000004 4.5000000000000009
decision_type=2 2 2 2 2 2 2 2 2 2 2 2 2 2 2 2 2 2 2 2 2 2 2 2 2 2 2 2 2 2
left_child=5 -2 4 6 18 -1 19 26 9 -9 13 -12 -13 17 -14 -10 -17 -11 -3 20 -4 24 23 -23 -16 -26 -7 28 -18 -30
right_child=1 2 3 -5 -6 7 -8 8 15 10 11 12 14 -15 21 16 27 -19 -20 -21 -22 22 -24 -25 25 -27 -28 -29 29 -31
leaf_value=-0.036337125093437908 -0.014575749722259175 -0.0012360847088545084 -0.022877918607598052 0.01293252324813033 -0.0089063608740836808 0.0086438796123338834 0.025989603334003027 3.375756396573467e-05 -0.03277702228062683 0.017967973144430865 -0.029750876043034696 0.034960444654737202 0.035920189908056552 0.0060170936988169456 -0.02503520452207135 0.01174447638106484 0.0039703876801368979 0.058308175838354862 0.036612025253912987 -0.038727179169654846 0.0038903954257053213 0.033023280363816486 -0.038022843996683764 -0.032257792637461709 0.038990944065153604 -0.028615994680495489 -0.013824390531868064 -0.018344168827802248 -0.044124038452687475 -0.0049666688542499724
leaf_weight=43 482 4685 109 657 1420 1691 63 3708 72 475 87 70 33 502 155 173 321 33 34 43 251 91 33 21 32 21 93 293 46 107
leaf_count=43 482 4685 109 657 1420 1691 63 3708 72 475 87 70 33 502 155 173 321 33 34 43 251 91 33 21 32 21 93 293 46 107
internal_value=0 -0.00222976 -0.00141032 0.00619015 -0.00280066 0.00213176 -0.00331572 0.00233707 0.000876552 0.00237374 0.00796077 -0.0020561 0.00322778 0.0133461 -0.00252685 -0.00690676 -0.0049252 0.0205885 -0.000963392 -0.00789695 -0.00421446 -0.00612105 0.00739966 0.0207831 -0.0155465 0.0122033 0.00747261 -0.00868512 -0.00271444 -0.0167395
internal_weight=0 7744 7262 1123 6139 8100 466 8057 6273 5261 1553 543 456 1010 386 1012 940 508 4719 403 360 353 145 112 208 53 1784 767 474 153
internal_count=15844 7744 7262 1123 6139 8100 466 8057 6273 5261 1553 543 456 1010 386 1012 940 508 4719 403 360 353 145 112 208 53 1784 767 474 153
shrinkage=0.1


Tree=23
num_leaves=31
num_cat=0
split_feature=11 5 13 12 6 2 14 3 7 10 7 7 1 9 0 7 1 3 7 4 3 0 1 15 2 3 8 4 2 5
split_gain=6.81074 7.74651 7.04938 7.40345 9.5828 9.02295 9.06077 5.92933 5.84092 5.73867 5.51389 7.34725 6.51067 5.24487 5.0521 4.77323 5.72196 5.39154 9.56848 4.71752 4.70776 4.93542 4.69555 5.96538 5.73512 5.52375 6.20181 5.39905 4.92925 4.91844
threshold=1.5000000000000002 1.5000000000000002 1.0000000180025095e-35 2.5000000000000004 2.5000000000000004 15.500000000000002 15.500000000000002 22.500000000000004 11.500000000000002 1.0000000180025095e-35 13.500000000000002 12.500000000000002 15.500000000000002 1.5000000000000002 35.500000000000007 18.500000000000004 1.0000000180025095e-35 8.5000000000000018 4.5000000000000009 1.5000000000000002 25.500000000000004 18.500000000000004 17.500000000000004 13.500000000000002 13.500000000000002 1.0000000180025095e-35 7.5000000000000009 2.5000000000000004 28.500000000000004 2.5000000000000004
decision_type=2 2 2 2 2 2 2 2 2 2 2 2 2 2 2 2 2 2 2 2 2 2 2 2 2 2 2 2 2 2
left_child=20 -2 15 7 5 6 -5 13 -9 -6 11 12 -7 -4 -10 17 -17 -3 -19 -8 21 -1 23 -15 -25 26 -26 28 -24 -30
right_child=1 2 3 4 9 10 19 8 14 -11 -12 -13 -14 22 -16 16 -18 18 -20 -21 -22 -23 27 24 25 -27 -28 -29 29 -31
leaf_value=-6.0211688864464857e-05 -0.010539661855488033 0.014140938571313533 -0.017157292733453726 -0.0065053068279649663 0.024444285516787057 -0.011090226432391785 0.050933058381080636 -0.03584530860895202 -0.015701305792655475 -0.00015290755180990176 -0.018693040050440767 0.020894180529419035 0.013443652780379279 0.0021263362818431698 0.028106522178038575 -0.0049399351251536404 0.049621438038976569 0.029994179329402012 -0.011138080307048001 0.012844152380061405 -0.018165946006774902 0.017142707245478492 0.040222104554323811 0.02807420408114409 0.006207613791188886 -0.0061218892379353443 -0.046666647608463584 0.0021752369586535343 -0.022318782350596259 0.023629623450137475
leaf_weight=255 728 410 146 209 99 1298 50 84 81 2263 594 87 118 7316 39 29 57 71 278 93 59 482 97 39 31 384 78 261 34 74
leaf_count=255 728 410 146 209 99 1298 50 84 81 2263 594 87 118 7316 39 29 57 71 278 93 59 482 97 39 31 384 78 261 34 74
internal_value=0 -0.00047685 3.4723e-05 -0.000520884 -0.00366642 -0.00804944 0.00676577 0.00122579 -0.0156209 0.00087805 -0.0105363 -0.00731269 -0.00904574 0.00163202 -0.00146376 0.00889485 0.0312228 0.00636493 -0.0027702 0.026162 0.00901462 0.0111905 0.00196197 0.00138287 -0.00884112 -0.0117614 -0.031629 0.0117147 0.02386 0.00916438
internal_weight=0 15048 14320 13475 4811 2449 352 8664 204 2362 2097 1503 1416 8460 120 845 86 759 349 143 796 737 8314 7848 532 493 109 466 205 108
internal_count=15844 15048 14320 13475 4811 2449 352 8664 204 2362 2097 1503 1416 8460 120 845 86 759 349 143 796 737 8314 7848 532 493 109 466 205 108
shrinkage=0.1


Tree=24
num_leaves=31
num_cat=0
split_feature=2 12 10 5 13 1 8 13 0 13 11 1 14 9 14 14 3 14 3 14 8 0 0 5 14 15 1 15 1 15
split_gain=6.31413 6.67331 8.63385 8.03806 7.94713 7.06952 8.1659 6.80146 6.63541 6.15651 5.66249 8.30678 5.64165 5.22392 6.30423 6.18151 7.39121 5.13165 5.04275 4.79644 4.7653 4.70291 4.67711 4.66154 6.42382 6.06752 5.58467 4.54461 4.46667 4.32746
threshold=41.500000000000007 1.5000000000000002 2.5000000000000004 2.5000000000000004 29.500000000000004 2.5000000000000004 17.500000000000004 21.500000000000004 24.500000000000004 2.5000000000000004 3.5000000000000004 18.500000000000004 47.500000000000007 3.5000000000000004 7.5000000000000009 20.500000000000004 10.500000000000002 42.500000000000007 11.500000000000002 34.500000000000007 18.500000000000004 23.500000000000004 16.500000000000004 1.5000000000000002 6.5000000000000009 23.500000000000004 23.500000000000004 8.5000000000000018 27.500000000000004 1.0000000180025095e-35
decision_type=2 2 2 2 2 2 2 2 2 2 2 2 2 2 2 2 2 2 2 2 2 2 2 2 2 2 2 2 2 2
left_child=1 -1 3 -3 5 7 23 18 12 17 29 13 -6 -12 21 -16 -17 22 19 -4 -8 -15 -5 24 -7 -26 -25 -9 -28 -11
right_child=-2 2 4 9 8 6 20 27 -10 10 11 -13 -14 14 15 16 -18 -19 -20 -21 -22 -23 -24 26 25 -27 28 -29 -30 -31
leaf_value=0.0060763218931213087 -0.0088751796930833082 -0.0009834109108418801 -0.006333021264992013 -0.0034790313669613433 -0.009483384478151502 0.011367477807733749 -0.046534737125039104 -0.049529121557871508 0.019523923062095959 0.021501715229703233 -0.03278565696875254 0.048575042574493972 0.046207773387432101 -0.0015099749507674254 -0.022512913374673753 -0.011874851799502817 0.035456131577491765 0.05627198406943569 -0.019239043042566 0.037351218782938449 -0.010638001634150136 0.035992297423737392 0.016397040840820411 0.0013866905245056003 -0.045118589417354485 0.01695954203605652 0.065288103461265568 -0.011274429705907715 0.0042250265245852266 0.0041339281560923294
leaf_weight=1849 763 5710 755 154 201 54 40 75 242 154 75 27 20 83 210 97 50 27 356 26 490 56 512 1526 74 20 25 53 23 2097
leaf_count=1849 763 5710 755 154 201 54 40 75 242 154 75 27 20 83 210 97 50 27 356 26 490 56 512 1526 74 20 25 53 23 2097
internal_value=0 0.000449026 -0.000337315 0.00133806 -0.00423194 -0.00585326 -0.00249302 -0.0118353 0.00808377 0.00508048 0.00302429 -0.00562529 -0.00444346 -0.00818818 -0.0044688 -0.0115035 0.00422412 0.0135337 -0.00937502 -0.00487874 -0.0133472 0.0135989 0.0118011 0.000847693 -0.0161199 -0.0319105 0.00244312 -0.0336893 0.0360287 0.00532213
internal_weight=0 15081 13232 9252 3980 3517 2252 1265 463 3542 2849 598 221 571 496 357 147 693 1137 781 530 139 666 1722 148 94 1574 128 48 2251
internal_count=15844 15081 13232 9252 3980 3517 2252 1265 463 3542 2849 598 221 571 496 357 147 693 1137 781 530 139 666 1722 148 94 1574 128 48 2251
shrinkage=0.1


Tree=25
num_leaves=31
num_cat=0
split_feature=11 6 9 1 3 0 3 14 13 14 5 14 2 13 7 0 5 13 2 0 12 2 1 11 8 8 15 12 13 7
split_gain=6.0333 6.11657 9.42789 8.45676 6.42537 5.63789 5.8724 5.24982 6.43835 5.82834 6.12835 5.22419 4.89787 4.86591 4.71149 7.54913 6.23969 5.63238 5.24433 5.12942 4.42293 4.36166 5.43219 6.83765 5.59667 5.72283 4.23786 4.09946 8.00088 6.38255
threshold=2.5000000000000004 2.5000000000000004 4.5000000000000009 1.0000000180025095e-35 6.5000000000000009 10.500000000000002 12.500000000000002 27.500000000000004 5.5000000000000009 10.500000000000002 1.5000000000000002 6.5000000000000009 18.500000000000004 16.500000000000004 6.5000000000000009 6.5000000000000009 3.5000000000000004 29.500000000000004 40.500000000000007 8.5000000000000018 3.5000000000000004 22.500000000000004 1.5000000000000002 3.5000000000000004 15.500000000000002 32.500000000000007 19.500000000000004 3.5000000000000004 9.5000000000000018 4.5000000000000009
decision_type=2 2 2 2 2 2 2 2 2 2 2 2 2 2 2 2 2 2 2 2 2 2 2 2 2 2 2 2 2 2
left_child=11 -2 3 12 13 20 7 9 -9 -7 -11 14 -3 -5 15 -1 -16 18 27 -18 -4 22 23 -12 -24 -26 -21 -17 29 -29
right_child=1 2 5 4 -6 6 -8 8 -10 10 21 -13 -14 -15 16 17 19 -19 -20 26 -22 -23 24 -25 25 -27 -28 28 -30 -31
leaf_value=-0.050585084855556489 -0.0047641845711290437 0.026263014972209932 -0.022381083338688584 0.030886627781012706 -0.00055202283642508761 0.0067336367882884114 -0.0069122319950640776 0.035181991837987113 0.0048365392898901925 -0.040871066119935781 0.0048508057991663613 -0.00020992848713027149 -0.028876304930570175 0.07697358684880394 0.00034356721395026459 0.014105180900461338 -0.03164024807157971 0.054892708001465632 -0.029642795305699111 0.024865108760662412 0.0049531622844583845 -0.0098033394401121632 0.030395657653393957 -0.04723906632926729 -0.020003080620604047 0.040784491101900744 -0.010389974340796471 -0.0083145864631818701 -0.031238020283560597 0.047903210586971709
leaf_weight=20 3971 24 195 126 55 932 721 109 195 45 84 5182 49 28 2042 857 21 29 32 231 85 396 115 36 59 21 40 46 62 36
leaf_count=20 3971 24 195 126 55 932 721 109 195 45 84 5182 49 28 2042 857 21 29 32 231 85 396 115 36 59 21 40 46 62 36
internal_value=0 -0.00212566 0.00107359 0.0185531 0.0287876 -0.000573326 0.000820983 0.00362 0.015717 0.0014414 -0.00508289 0.00179141 -0.0107483 0.0392661 0.0048274 0.0102819 0.00229878 0.0114282 0.010208 0.0159719 -0.0140832 -0.00281782 0.00596398 -0.0107762 0.0162656 -0.00404634 0.0196614 0.0114819 -0.00412995 0.0163664
internal_weight=0 7246 3275 282 209 2993 2713 1992 304 1688 756 8598 73 154 3416 1082 2334 1062 1033 292 280 711 315 120 195 80 271 1001 144 82
internal_count=15844 7246 3275 282 209 2993 2713 1992 304 1688 756 8598 73 154 3416 1082 2334 1062 1033 292 280 711 315 120 195 80 271 1001 144 82
shrinkage=0.1


Tree=26
num_leaves=31
num_cat=0
split_feature=2 12 11 1 15 11 0 0 3 0 9 15 3 14 5 9 8 9 3 9 9 8 1 3 15 9 8 0 5 7
split_gain=5.29717 5.18893 4.82273 5.33496 4.77123 4.75814 4.85365 5.60318 4.57617 4.35748 7.27444 4.1628 5.19211 4.32359 4.31908 4.12946 5.01711 4.57126 7.06494 6.22131 4.07373 4.68826 4.44704 4.17642 4.04863 4.03254 4.82273 4.79175 4.68571 4.66477
threshold=19.500000000000004 3.5000000000000004 2.5000000000000004 37.500000000000007 3.5000000000000004 3.5000000000000004 33.500000000000007 22.500000000000004 24.500000000000004 20.500000000000004 1.5000000000000002 12.500000000000002 3.5000000000000004 17.500000000000004 2.5000000000000004 3.5000000000000004 7.5000000000000009 22.500000000000004 11.500000000000002 4.5000000000000009 2.5000000000000004 6.5000000000000009 4.5000000000000009 1.5000000000000002 4.5000000000000009 44.500000000000007 9.5000000000000018 44.500000000000007 3.5000000000000004 8.5000000000000018
decision_type=2 2 2 2 2 2 2 2 2 2 2 2 2 2 2 2 2 2 2 2 2 2 2 2 2 2 2 2 2 2
left_child=1 -1 4 8 9 11 7 -7 20 15 -11 12 13 -3 -13 16 -2 18 19 -17 21 22 -4 -22 -14 26 28 -28 29 -25
right_child=2 5 3 -5 -6 6 -8 -9 -10 10 -12 14 24 -15 -16 17 -18 -19 -20 -21 23 -23 -24 25 -26 -27 27 -29 -30 -31
leaf_value=0.0044362684873114136 0.051277883000233594 -0.00034546143104953155 -0.068920044435395136 0.037964395457698454 -0.00084504693876142093 -0.014926013887905685 0.021367481052875521 -0.066077614733667092 -0.017527403646366187 -0.046024318536122641 0.013815321068893849 -0.007047733912865322 -0.00062674500130035062 0.048721130121321905 0.017527450469590849 -0.01861894697840534 0.0038702591565939097 0.033190458930200999 -0.029358252522709606 0.0057018634731784189 0.0029756252789681407 -0.0082958874134971688 -0.012979000161091487 -0.0083272086557491815 -0.027430842696009455 0.010566967561100071 -0.0089449102157491394 0.032754940752472199 0.018586444955761151 0.0034731520684582943
leaf_weight=3753 34 124 27 31 4600 61 20 33 227 21 623 120 91 21 177 134 65 36 91 489 1166 313 30 645 148 181 1740 28 118 697
leaf_count=3753 34 124 27 31 4600 61 20 33 227 21 623 120 91 21 177 134 65 36 91 489 1166 313 30 645 148 181 1740 28 118 697
internal_value=0 0.00288165 -0.00116021 -0.00339622 0.000749181 -0.00445731 -0.0233658 -0.0328835 -0.00364412 0.00566107 0.011864 -0.00129201 -0.00816795 0.00676073 0.00759808 0.000955881 0.0201517 -0.00157796 -0.00333099 0.000470742 -0.00300681 -0.0130995 -0.0394774 -0.00219057 -0.0172251 -0.0039576 -0.00477202 -0.00828451 -0.000518536 -0.00219841
internal_weight=0 4548 11296 5203 6093 795 114 94 5172 1493 644 681 384 145 297 849 99 750 714 623 4945 370 57 4575 239 3409 3228 1768 1460 1342
internal_count=15844 4548 11296 5203 6093 795 114 94 5172 1493 644 681 384 145 297 849 99 750 714 623 4945 370 57 4575 239 3409 3228 1768 1460 1342
shrinkage=0.1


Tree=27
num_leaves=31
num_cat=0
split_feature=11 3 0 0 2 13 15 10 13 5 8 12 8 5 9 15 0 1 13 0 2 9 12 2 1 4 7 0 9 4
split_gain=4.85031 5.23287 5.21094 4.80444 4.65747 4.90251 4.58881 5.37944 3.99612 4.74846 4.27444 3.91627 4.81935 4.97865 3.83787 3.76018 6.10912 5.13787 4.97559 6.39577 7.30743 4.87739 4.46207 4.87928 5.32571 4.78572 5.09208 4.07482 3.98754 4.11168
threshold=1.5000000000000002 5.5000000000000009 3.5000000000000004 33.500000000000007 30.500000000000004 17.500000000000004 13.500000000000002 3.5000000000000004 1.0000000180025095e-35 2.5000000000000004 13.500000000000002 2.5000000000000004 5.5000000000000009 2.5000000000000004 17.500000000000004 2.5000000000000004 20.500000000000004 14.500000000000002 11.500000000000002 27.500000000000004 26.500000000000004 29.500000000000004 3.5000000000000004 21.500000000000004 4.5000000000000009 2.5000000000000004 11.500000000000002 16.500000000000004 2.5000000000000004 1.5000000000000002
decision_type=2 2 2 2 2 2 2 2 2 2 2 2 2 2 2 2 2 2 2 2 2 2 2 2 2 2 2 2 2 2
left_child=-1 2 -2 6 5 -5 -3 -8 9 10 -4 12 13 -6 -13 16 22 28 19 -19 -21 -20 23 24 25 -10 -27 -25 29 -17
right_child=1 3 8 4 11 -7 7 -9 15 -11 -12 14 -14 -15 -16 17 -18 18 21 20 -22 -23 -24 27 -26 26 -28 -29 -30 -31
leaf_value=0.0076073827306229877 -0.035560794488379836 -0.0019542190302559671 0.0077356349895982184 0.0045892272851705091 -0.033242568527830058 0.025710746848157474 -0.0052888516671651068 -0.020556044665305584 0.0070159281117726227 0.026509788119490597 -0.039774632453918463 -0.032947450327245817 0.011101310351505656 0.022627046162431892 -0.0019334062579132263 0.010762650056465253 0.013176280269684232 0.007118709624142937 0.0051510757283319405 0.00057722522931940418 0.057356313177767931 -0.031822992364565532 -0.017021054240662283 0.0053855250166221103 0.027737756393780219 -0.03814109337329865 0.021562001407146453 -0.02354344408446496 -0.00021184976297651621 -0.015318535340554787
leaf_weight=796 38 4700 136 511 58 140 1101 292 452 138 22 76 203 22 84 74 621 181 237 34 68 42 127 88 107 50 20 109 4987 330
leaf_count=796 38 4700 136 511 58 140 1101 292 452 138 22 76 203 22 84 74 621 181 237 34 68 42 127 88 107 50 20 109 4987 330
internal_value=0 -0.000402411 0.00138065 -0.00235268 0.00374907 0.00913149 -0.00344826 -0.00848915 0.00156009 0.0129573 0.00112028 -0.00416054 0.00290916 -0.0178784 -0.0166651 0.00111189 0.00545858 -3.7392e-05 0.00906153 0.018404 0.03843 -0.000414913 0.00042953 0.00311261 0.00741387 0.00324786 -0.0210831 -0.0106209 -0.000985935 -0.0105413
internal_weight=0 15048 7861 7187 1094 651 6093 1393 7823 296 158 443 283 80 160 7527 1574 5953 562 283 102 279 953 826 629 522 70 197 5391 404
internal_count=15844 15048 7861 7187 1094 651 6093 1393 7823 296 158 443 283 80 160 7527 1574 5953 562 283 102 279 953 826 629 522 70 197 5391 404
shrinkage=0.1


Tree=28
num_leaves=31
num_cat=0
split_feature=6 8 9 5 7 12 1 2 2 14 14 15 11 3 14 9 9 3 7 0 7 0 2 7 0 2 9 4 14 14
split_gain=4.65497 5.82373 5.25777 5.13994 5.72335 7.20964 6.86626 5.8817 6.5758 5.20473 6.07905 5.15823 5.08661 5.02221 5.00218 4.87467 4.83412 4.73664 4.75087 4.53789 4.68216 4.49426 6.67136 5.11793 4.39941 4.35887 4.26122 6.1046 4.34381 5.43899
threshold=2.5000000000000004 17.500000000000004 25.500000000000004 3.5000000000000004 13.500000000000002 1.5000000000000002 6.5000000000000009 6.5000000000000009 9.5000000000000018 35.500000000000007 14.500000000000002 10.500000000000002 1.5000000000000002 10.500000000000002 9.5000000000000018 44.500000000000007 10.500000000000002 13.500000000000002 3.5000000000000004 11.500000000000002 10.500000000000002 23.500000000000004 21.500000000000004 11.500000000000002 12.500000000000002 44.500000000000007 10.500000000000002 3.5000000000000004 17.500000000000004 10.500000000000002
decision_type=2 2 2 2 2 2 2 2 2 2 2 2 2 2 2 2 2 2 2 2 2 2 2 2 2 2 2 2 2 2
left_child=1 3 12 4 6 -6 11 -8 -9 10 14 19 -2 -14 -10 -4 -16 18 -5 20 -1 23 -23 -13 -17 -26 27 -20 29 -28
right_child=2 -3 15 17 5 -7 7 8 9 -11 -12 21 13 -15 16 24 -18 -19 26 -21 -22 22 -24 -25 25 -27 28 -29 -30 -31
leaf_value=0.03032298894489513 0.017893160514685574 -0.007055855459637112 -0.0075996351624232454 -0.02851160605286443 0.014166298956799328 -0.010636888991504848 -0.046960458301362543 0.056190070739159215 0.0072124022192741879 -0.039777344822883608 0.020186190754175187 -0.028924108280780472 0.0051200740980723546 -0.0026815250782505984 -0.014576838959435949 -0.01693547124726863 0.010366394593004596 0.023061177946436098 0.0045693900260625709 -0.0013464362110099156 -0.019694451863567036 0.027605420612452327 -0.013675588822364807 0.0089625190604816791 0.012231125635411934 -0.021020389077338306 0.026316959023475646 -0.037971147733765684 0.05076940026548174 -0.020535956202326594
leaf_weight=85 245 1503 889 43 133 986 21 26 962 25 260 188 3150 1118 244 79 114 156 382 4377 24 57 125 44 379 44 75 37 36 37
leaf_count=85 245 1503 889 43 133 986 21 26 962 25 260 188 3150 1118 244 79 114 156 382 4377 24 57 125 44 379 44 75 37 36 37
internal_value=0 -0.00132101 0.00222406 -0.000299381 -0.00107934 -0.00768888 4.94832e-05 0.00562476 0.00630182 0.00549366 0.00620998 -0.00183018 0.00388081 0.00307645 0.00345708 -0.00315117 -0.00663402 0.00751143 0.00353478 -0.000844531 0.01931 -0.0125104 -0.000746921 -0.0217387 0.00472669 0.00877234 0.0059651 0.000812827 0.0205516 0.0108388
internal_weight=0 9940 5904 8437 7671 1119 6552 1652 1631 1605 1580 4900 4513 4268 1320 1391 358 766 610 4486 109 414 182 232 502 423 567 419 148 112
internal_count=15844 9940 5904 8437 7671 1119 6552 1652 1631 1605 1580 4900 4513 4268 1320 1391 358 766 610 4486 109 414 182 232 502 423 567 419 148 112
shrinkage=0.1


Tree=29
num_leaves=31
num_cat=0
split_feature=5 10 0 13 3 11 15 2 12 5 1 11 15 14 15 10 6 3 0 4 0 7 13 2 3 14 7 13 14 9
split_gain=4.46911 5.88931 4.4391 4.91151 5.26232 5.20872 4.96456 4.46511 3.9524 5.63768 5.24388 5.46103 5.08878 4.89065 4.72704 4.60392 6.6474 4.38144 4.6419 5.90972 4.27702 4.21133 4.04879 4.78928 3.88892 4.27255 3.88459 3.83044 3.8223 3.6942
threshold=1.5000000000000002 1.0000000180025095e-35 19.500000000000004 1.0000000180025095e-35 9.5000000000000018 3.5000000000000004 6.5000000000000009 19.500000000000004 1.5000000000000002 4.5000000000000009 13.500000000000002 3.5000000000000004 14.500000000000002 52.500000000000007 1.0000000180025095e-35 2.5000000000000004 2.5000000000000004 8.5000000000000018 30.500000000000004 1.5000000000000002 24.500000000000004 5.5000000000000009 15.500000000000002 42.500000000000007 10.500000000000002 7.5000000000000009 4.5000000000000009 44.500000000000007 20.500000000000004 2.5000000000000004
decision_type=2 2 2 2 2 2 2 2 2 2 2 2 2 2 2 2 2 2 2 2 2 2 2 2 2 2 2 2 2 2
left_child=-1 24 3 4 5 6 -3 -4 22 10 11 15 -11 14 -13 16 -10 20 21 -20 -12 -19 -9 -24 26 -26 -2 -22 -28 -5
right_child=1 2 7 29 -6 -7 -8 8 9 12 17 13 -14 -15 -16 -17 -18 18 19 -21 27 -23 23 -25 25 -27 28 -29 -30 -31
leaf_value=-0.0068679937130252796 -0.0030683692831259511 -0.0034928673843167865 0.0049545150299949922 -0.012519761497461344 -0.0069719902980021941 0.071719159398760113 0.043174589872360232 0.010587924933433534 -0.0018907799811426929 0.027503009186341212 0.028875737547874453 -0.057674612169680388 -0.004677651916878133 0.035875242097037179 -0.011393192290166103 -0.0064946904720947097 0.0080114884966497098 0.014723197856675025 0.051860102497298145 0.0020049276564157374 0.0035279248217891033 -0.019758220771690468 0.0015529634232448444 -0.036802363930604397 0.025416815119820677 -0.014052347135993671 0.026398059308528898 0.048906553685665134 0.0015178252556701988 -0.0023677985185096961
leaf_weight=894 91 53 2396 395 78 21 40 625 2919 130 125 23 79 21 545 1295 883 46 29 132 266 154 197 39 37 106 250 20 82 3873
leaf_count=894 91 53 2396 395 78 21 40 625 2919 130 125 23 79 21 545 1295 883 46 29 132 266 154 197 39 37 106 250 20 82 3873
internal_value=0 0.000410701 1.69881e-05 -0.00260351 0.0130424 0.0267365 0.0165792 0.00119468 -1.99525e-06 -0.000825426 -0.00134856 -0.00239854 0.015339 -0.0115152 -0.0132673 -0.00134504 0.000408984 0.00638487 -0.00165348 0.0109851 0.0134453 -0.0118275 0.00637409 -0.00478542 0.0104163 -0.00384005 0.0152358 0.00670126 0.0202529 -0.00330735
internal_weight=0 14950 14384 4460 192 114 93 9924 7528 6667 6458 5686 209 589 568 5097 3802 772 361 161 411 200 861 236 566 143 423 286 332 4268
internal_count=15844 14950 14384 4460 192 114 93 9924 7528 6667 6458 5686 209 589 568 5097 3802 772 361 161 411 200 861 236 566 143 423 286 332 4268
shrinkage=0.1


Tree=30
num_leaves=31
num_cat=0
split_feature=11 2 0 8 5 13 6 1 14 8 1 9 12 9 1 14 3 7 2 13 14 14 10 9 15 7 11 14 3 4
split_gain=4.32403 4.16454 4.13864 5.79232 4.06713 6.73846 5.58155 6.28751 7.07868 5.32215 5.17711 5.02763 4.42245 4.28026 4.24209 7.90203 4.15915 6.21268 5.21663 8.75868 6.90426 3.96906 4.20636 5.5134 3.82272 5.05821 3.80035 6.8112 7.83291 3.73349
threshold=1.0000000180025095e-35 24.500000000000004 16.500000000000004 3.5000000000000004 2.5000000000000004 2.5000000000000004 2.5000000000000004 8.5000000000000018 7.5000000000000009 2.5000000000000004 1.0000000180025095e-35 18.500000000000004 2.5000000000000004 17.500000000000004 15.500000000000002 14.500000000000002 7.5000000000000009 5.5000000000000009 19.500000000000004 14.500000000000002 16.500000000000004 47.500000000000007 1.5000000000000002 3.5000000000000004 3.5000000000000004 12.500000000000002 2.5000000000000004 17.500000000000004 4.5000000000000009 3.5000000000000004
decision_type=2 2 2 2 2 2 2 2 2 2 2 2 2 2 2 2 2 2 2 2 2 2 2 2 2 2 2 2 2 2
left_child=-1 2 3 -2 6 13 7 8 -4 -8 -7 -9 -10 -6 16 -16 29 -18 19 20 -19 22 23 -5 -20 -26 27 28 -14 -11
right_child=1 -3 4 21 5 10 9 11 12 14 -12 -13 26 -15 15 -17 17 18 24 -21 -22 -23 -24 -25 25 -27 -28 -29 -30 -31
leaf_value=0.032433199410031484 -0.026011440816980144 -0.0022059115065196284 0.00015792333898893954 -0.018946687098759324 0.011822344472102069 -0.0038282075401116404 -0.019746133892072571 0.010577888164977383 -0.0057343336327229299 0.013722929449768754 0.0060903982306918965 -0.036212612191836045 0.012872512698173522 0.037985450437624163 0.010849729315801101 -0.045048395671495579 0.024542181617335269 0.038844048780830281 -0.046709191288266866 -0.038757465879122419 -0.015934197740121323 0.030679931028469189 -0.0049896721313389802 0.012743325325611392 -0.022348229497312064 0.023446239443386304 -0.036439180032660563 0.031696920990943914 -0.03460042298885814 0.04786021130926469
leaf_weight=41 104 5835 2373 67 436 774 72 532 793 555 1644 24 50 73 66 41 95 76 35 30 33 37 1363 304 83 34 96 30 114 34
leaf_count=41 104 5835 2373 67 436 774 72 532 793 555 1644 24 50 73 66 41 95 76 35 30 33 37 1363 304 83 34 96 30 114 34
internal_value=0 -8.41462e-05 0.00115788 -0.00307542 0.00213866 0.00511686 0.000451235 -0.00131164 -0.00289949 0.00658007 0.00291546 0.00855815 -0.00959871 0.0155746 0.0083319 -0.0105692 0.0104062 0.00233821 -0.00491051 0.00909061 0.0222598 -0.00172853 -0.00242006 0.00702033 -0.0177142 -0.00904044 -0.0201658 -0.012113 -0.020127 0.0156935
internal_weight=0 15803 9968 1875 8093 2927 5166 4012 3456 1154 2418 556 1083 509 1082 107 975 386 291 139 109 1771 1734 371 152 117 290 194 164 589
internal_count=15844 15803 9968 1875 8093 2927 5166 4012 3456 1154 2418 556 1083 509 1082 107 975 386 291 139 109 1771 1734 371 152 117 290 194 164 589
shrinkage=0.1


Tree=31
num_leaves=31
num_cat=0
split_feature=15 2 9 14 14 0 14 3 2 0 14 1 8 4 13 5 1 11 2 8 15 7 3 9 14 5 15 7 9 3
split_gain=4.03672 8.23264 5.66657 9.32176 4.78029 5.35284 4.9853 4.58353 4.90147 4.40012 4.39863 5.04996 7.503 6.36302 5.59945 5.08587 4.84401 4.62813 4.93218 4.87745 8.36457 4.64001 4.29613 4.08243 4.07265 3.98342 3.97878 3.97769 4.50701 3.88749
threshold=6.5000000000000009 44.500000000000007 47.500000000000007 15.500000000000002 6.5000000000000009 28.500000000000004 55.500000000000007 1.5000000000000002 16.500000000000004 5.5000000000000009 23.500000000000004 13.500000000000002 2.5000000000000004 1.5000000000000002 1.0000000180025095e-35 3.5000000000000004 22.500000000000004 3.5000000000000004 10.500000000000002 7.5000000000000009 14.500000000000002 16.500000000000004 32.500000000000007 1.5000000000000002 8.5000000000000018 2.5000000000000004 35.500000000000007 12.500000000000002 7.5000000000000009 19.500000000000004
decision_type=2 2 2 2 2 2 2 2 2 2 2 2 2 2 2 2 2 2 2 2 2 2 2 2 2 2 2 2 2 2
left_child=1 2 4 24 7 6 29 23 25 -10 11 14 -13 16 15 -2 -14 18 -16 20 21 27 -12 -1 -4 -9 -21 28 -19 -6
right_child=10 -3 3 -5 5 -7 -8 8 9 -11 22 12 13 -15 17 -17 -18 19 -20 26 -22 -23 -24 -25 -26 -27 -28 -29 -30 -31
leaf_value=-0.028941176086664203 0.0027465995833360034 -0.02491619488467341 0.017669507414102555 0.045152456584301864 -0.0009301334215292994 0.0064110955752824487 -0.041935228243950878 0.035991627683765008 -0.044390976145153957 0.0016383885655631412 0.0067308713021932299 -0.033511569589938756 0.023235818212814178 0.00093904506509839478 0.012592379168460245 0.032739566110852943 -0.013499039198671068 0.035607930451631548 -0.0038556897840719031 -0.017799899050588302 -0.026952050424910879 -0.025262369788610017 -0.027235418137831563 0.012979224209127754 -0.0353594038103308 0.0031680662805835405 0.016449172587858309 0.057793874790271128 -0.004326857924461365 -0.01603903145263981
leaf_weight=24 362 115 30 77 3502 950 31 76 21 1880 824 53 247 944 190 67 42 50 4504 587 74 26 39 725 28 72 36 24 65 179
leaf_count=24 362 115 30 77 3502 950 31 76 21 1880 824 53 247 944 190 67 42 50 4504 587 74 26 39 725 28 72 36 24 65 179
internal_value=0 0.00163948 0.00204158 0.0223464 0.00167413 -0.000286951 -0.00200116 0.00494166 0.00249459 0.00112991 -0.00155402 -0.00235517 0.0033302 0.00491382 -0.00357679 0.00743082 0.0178972 -0.00442673 -0.00318992 -0.0111618 0.000982972 0.0135114 0.00519589 0.011636 -0.00793066 0.0200234 -0.0158208 0.0207641 0.0130361 -0.00166485
internal_weight=0 7710 7595 135 7460 4662 3712 2798 2049 1901 8134 7271 1286 1233 5985 429 289 5556 4694 862 239 165 863 749 58 148 623 139 115 3681
internal_count=15844 7710 7595 135 7460 4662 3712 2798 2049 1901 8134 7271 1286 1233 5985 429 289 5556 4694 862 239 165 863 749 58 148 623 139 115 3681
shrinkage=0.1


Tree=32
num_leaves=31
num_cat=0
split_feature=5 10 8 14 13 0 2 15 13 3 2 9 14 15 0 10 12 8 14 14 8 8 0 7 9 1 14 8 3 11
split_gain=3.37047 4.20814 4.15867 4.09152 4.64984 3.76266 5.27063 4.03096 6.20359 6.16977 5.34391 4.81646 4.35884 6.48842 5.98711 5.57681 5.22572 6.01449 3.85413 3.98397 5.83421 4.26804 4.06278 3.77854 3.71037 3.64087 3.64083 3.67892 3.76768 3.61503
threshold=1.5000000000000002 1.0000000180025095e-35 12.500000000000002 27.500000000000004 2.5000000000000004 18.500000000000004 35.500000000000007 35.500000000000007 12.500000000000002 22.500000000000004 25.500000000000004 21.500000000000004 29.500000000000004 14.500000000000002 24.500000000000004 2.5000000000000004 2.5000000000000004 50.500000000000007 8.5000000000000018 2.5000000000000004 22.500000000000004 38.500000000000007 13.500000000000002 35.500000000000007 5.5000000000000009 8.5000000000000018 30.500000000000004 7.5000000000000009 20.500000000000004 1.5000000000000002
decision_type=2 2 2 2 2 2 2 2 2 2 2 2 2 2 2 2 2 2 2 2 2 2 2 2 2 2 2 2 2 2
left_child=-1 -2 3 -3 -5 18 7 9 -9 12 25 -12 14 15 23 -14 -16 29 19 20 22 -21 -4 24 -7 -11 -6 28 -28 -18
right_child=1 2 5 4 26 6 -8 8 -10 10 11 -13 13 -15 16 -17 17 -19 -20 21 -22 -23 -24 -25 -26 -27 27 -29 -30 -31
leaf_value=-0.0059643736605009511 0.0088144436203825283 0.00082153652416597505 0.038674576321373819 0.043638162761926655 0.027956376799515317 -0.00099029752666582966 -0.0090569157153368007 -0.0020861676997608611 0.047322614801426729 -0.01988051685751701 -0.025328321178113261 0.030415702827515143 0.024298056427921572 0.051789957575681736 0.0015842597530438349 -0.014070422493893169 0.019366535230686793 -0.062568525257317917 -0.0020689823230107627 -0.018615225940121442 -0.021933229896239938 0.0077236597027097427 -0.00068586048532704846 -0.033247127259771032 0.011322373499033374 -0.064114664196968082 -0.020300218623171572 0.012750466893378058 0.02154148476464408 -0.012952083959868275
leaf_weight=894 566 9090 46 40 70 383 556 54 48 49 31 31 84 41 585 69 38 23 1050 508 64 70 61 24 678 30 93 152 28 388
leaf_count=894 566 9090 46 40 70 383 556 54 48 49 31 31 84 41 585 69 38 23 1050 508 64 70 61 24 678 30 93 152 28 388
internal_value=0 0.000356666 2.38581e-05 0.00124813 0.0113728 -0.00233769 -0.000233141 0.00168627 0.021165 0.000876642 -0.0194317 0.00254369 0.00211464 0.0164617 0.000801128 0.00699462 -0.00464387 -0.0127585 -0.00597823 -0.0114585 0.0019501 -0.0154254 0.0162354 0.00599019 0.00687774 -0.0366783 0.00761008 0.00239309 -0.0106178 -0.0100692
internal_weight=0 14950 14384 9473 383 4911 3112 2556 102 2454 141 62 2313 194 2119 153 1034 449 1799 749 171 578 107 1085 1061 79 343 273 121 426
internal_count=15844 14950 14384 9473 383 4911 3112 2556 102 2454 141 62 2313 194 2119 153 1034 449 1799 749 171 578 107 1085 1061 79 343 273 121 426
shrinkage=0.1


Tree=33
num_leaves=31
num_cat=0
split_feature=11 15 2 9 14 12 13 9 14 0 1 1 3 7 0 9 11 5 14 9 10 1 2 1 2 2 1 9 1 9
split_gain=3.37641 3.24991 6.43106 4.59617 7.49975 4.18362 6.00145 4.83165 4.83437 5.53782 4.45069 4.74921 4.30755 5.73056 5.7415 5.3061 4.41242 4.3355 5.87885 5.37504 6.29929 5.30109 4.97526 4.72816 4.61452 4.05629 4.05126 3.94938 3.87507 3.7778
threshold=1.0000000180025095e-35 6.5000000000000009 44.500000000000007 47.500000000000007 15.500000000000002 3.5000000000000004 1.5000000000000002 35.500000000000007 19.500000000000004 22.500000000000004 6.5000000000000009 2.5000000000000004 13.500000000000002 4.5000000000000009 35.500000000000007 22.500000000000004 1.5000000000000002 2.5000000000000004 4.5000000000000009 5.5000000000000009 1.5000000000000002 6.5000000000000009 23.500000000000004 6.5000000000000009 4.5000000000000009 11.500000000000002 13.500000000000002 8.5000000000000018 1.5000000000000002 36.500000000000007
decision_type=2 2 2 2 2 2 2 2 2 2 2 2 2 2 2 2 2 2 2 2 2 2 2 2 2 2 2 2 2 2
left_child=-1 2 3 5 -5 12 -7 8 9 28 11 27 16 15 25 26 -2 18 19 21 -21 22 -18 -22 -19 -15 -14 -11 -8 -20
right_child=1 -3 -4 4 -6 6 7 -9 -10 10 -12 -13 13 14 -16 -17 17 24 29 20 23 -23 -24 -25 -26 -27 -28 -29 -30 -31
leaf_value=0.028659783122016166 0.019536523955949348 -0.0014717648467134025 -0.022073250179705413 -0.0071176135591391855 0.040495978203880324 0.02460347518324852 -0.026091148131558686 0.038831149822189694 -0.030386174272517771 0.034323782075283138 0.03417019114849415 -0.026201627790927891 -0.0035235075056552888 -0.041139263053273048 0.012277774094057477 0.056813682615756991 0.0039714783572694333 -0.038300321153972465 -0.001074557088262646 -0.017107039471951926 0.032609902629532769 0.033023202487013563 -0.025093786236716483 -0.00015016449125189533 0.0067309468186079399 -0.009338836950972252 0.041483479976654053 -0.0064637914581118895 -0.005139947524167833 -0.044689886868000031
leaf_weight=41 161 8106 115 58 77 60 147 21 98 43 47 50 100 43 121 24 209 23 2820 41 194 44 82 57 2146 597 25 53 221 20
leaf_count=41 161 8106 115 58 77 60 147 21 98 43 47 50 100 43 121 24 209 23 2820 41 194 44 82 57 2146 597 25 53 221 20
internal_value=0 -7.43562e-05 0.00139731 0.0017533 0.0200398 0.0014218 -0.00571385 -0.00838891 -0.00989365 -0.00631385 0.00740549 -0.00121055 0.00220909 -0.00418725 -0.00769864 0.0137467 0.00321318 0.00274688 0.000553128 0.00931697 0.0192342 0.000672745 -0.00421873 0.0251704 0.00625344 -0.0114754 0.00547789 0.0118056 -0.013509 -0.00138171
internal_weight=0 15803 7697 7582 135 7447 740 680 659 561 193 146 6707 910 761 149 5797 5636 3467 627 292 335 291 251 2169 640 125 96 368 2840
internal_count=15844 15803 7697 7582 135 7447 740 680 659 561 193 146 6707 910 761 149 5797 5636 3467 627 292 335 291 251 2169 640 125 96 368 2840
shrinkage=0.1


end of trees

feature_importances:
Column_0=134
Column_2=104
Column_3=102
Column_14=80
Column_1=75
Column_9=65
Column_15=64
Column_13=61
Column_11=51
Column_7=50
Column_8=49
Column_10=45
Column_12=45
Column_5=39
Column_6=39
Column_4=17

parameters:
[boosting: gbdt]
[objective: regression]
[metric: l2]
[tree_learner: serial]
[device_type: cpu]
[data: ]
[valid: ]
[num_iterations: 10000]
[learning_rate: 0.1]
[num_leaves: 31]
[num_threads: 0]
[deterministic: 0]
[force_col_wise: 0]
[force_row_wise: 0]
[histogram_pool_size: -1]
[max_depth: -1]
[min_data_in_leaf: 20]
[min_sum_hessian_in_leaf: 0.001]
[bagging_fraction: 1]
[pos_bagging_fraction: 1]
[neg_bagging_fraction: 1]
[bagging_freq: 0]
[bagging_seed: 3]
[feature_fraction: 1]
[feature_fraction_bynode: 1]
[feature_fraction_seed: 2]
[extra_trees: 0]
[extra_seed: 6]
[early_stopping_round: 10]
[first_metric_only: 0]
[max_delta_step: 0]
[lambda_l1: 0]
[lambda_l2: 0]
[min_gain_to_split: 0]
[drop_rate: 0.1]
[max_drop: 50]
[skip_drop: 0.5]
[xgboost_dart_mode: 0]
[uniform_drop: 0]
[drop_seed: 4]
[top_rate: 0.2]
[other_rate: 0.1]
[min_data_per_group: 100]
[max_cat_threshold: 32]
[cat_l2: 10]
[cat_smooth: 10]
[max_cat_to_onehot: 4]
[top_k: 20]
[monotone_constraints: ]
[monotone_constraints_method: basic]
[monotone_penalty: 0]
[feature_contri: ]
[forcedsplits_filename: ]
[refit_decay_rate: 0.9]
[cegb_tradeoff: 1]
[cegb_penalty_split: 0]
[cegb_penalty_feature_lazy: ]
[cegb_penalty_feature_coupled: ]
[path_smooth: 0]
[interaction_constraints: ]
[verbosity: 1]
[saved_feature_importance_type: 0]
[max_bin: 255]
[max_bin_by_feature: ]
[min_data_in_bin: 3]
[bin_construct_sample_cnt: 200000]
[data_random_seed: 1]
[is_enable_sparse: 1]
[enable_bundle: 1]
[use_missing: 1]
[zero_as_missing: 0]
[feature_pre_filter: 1]
[pre_partition: 0]
[two_round: 0]
[header: 0]
[label_column: ]
[weight_column: ]
[group_column: ]
[ignore_column: ]
[categorical_feature: ]
[forcedbins_filename: ]
[objective_seed: 5]
[num_class: 1]
[is_unbalance: 0]
[scale_pos_weight: 1]
[sigmoid: 1]
[boost_from_average: 1]
[reg_sqrt: 0]
[alpha: 0.9]
[fair_c: 1]
[poisson_max_delta_step: 0.7]
[tweedie_variance_power: 1.5]
[lambdarank_truncation_level: 30]
[lambdarank_norm: 1]
[label_gain: ]
[eval_at: ]
[multi_error_top_k: 1]
[auc_mu_weights: ]
[num_machines: 1]
[local_listen_port: 12400]
[time_out: 120]
[machine_list_filename: ]
[machines: ]
[gpu_platform_id: -1]
[gpu_device_id: -1]
[gpu_use_dp: 0]
[num_gpu: 1]

end of parameters

pandas_categorical:null
