tree
version=v3
num_class=1
num_tree_per_iteration=1
label_index=0
max_feature_idx=15
objective=regression
feature_names=Column_0 Column_1 Column_2 Column_3 Column_4 Column_5 Column_6 Column_7 Column_8 Column_9 Column_10 Column_11 Column_12 Column_13 Column_14 Column_15
feature_infos=[1:49] [0:78] [1:49] [0:69] [0:8] [0:10] [0:7] [0:193] [0:301] [0:273] [0:8] [0:7] [0:7] [0:176] [0:247] [0:208]
tree_sizes=2743 2768 2771 2767 2760 2775 2763 2753 2747 2776 2762 2793 2784

Tree=0
num_leaves=31
num_cat=0
split_feature=2 0 1 0 2 0 2 0 1 4 7 2 9 14 7 1 2 3 9 3 0 0 1 14 7 9 4 0 1 8
split_gain=103.3 102.999 33.4407 27.2865 21.6563 20.5044 13.2055 16.1694 10.9774 8.88033 8.80176 8.05949 7.93233 7.91686 7.58244 7.04556 6.89877 6.53145 5.98992 7.16075 8.84632 5.69618 5.67368 5.62958 5.51623 5.44968 6.09031 5.36194 5.17814 5.13941
threshold=33.500000000000007 26.500000000000004 8.5000000000000018 30.500000000000004 44.500000000000007 39.500000000000007 21.500000000000004 16.500000000000004 18.500000000000004 2.5000000000000004 1.5000000000000002 44.500000000000007 19.500000000000004 5.5000000000000009 17.500000000000004 14.500000000000002 28.500000000000004 8.5000000000000018 5.5000000000000009 16.500000000000004 13.500000000000002 41.500000000000007 14.500000000000002 3.5000000000000004 23.500000000000004 24.500000000000004 2.5000000000000004 36.500000000000007 17.500000000000004 51.500000000000007
decision_type=2 2 2 2 2 2 2 2 2 2 2 2 2 2 2 2 2 2 2 2 2 2 2 2 2 2 2 2 2 2
left_child=1 6 10 11 13 8 7 15 12 -9 -3 18 14 -5 -4 23 24 -8 -2 20 -20 -12 -11 -1 -10 26 -22 -15 -19 -29
right_child=3 2 5 4 -6 -7 17 9 16 22 21 -13 -14 27 -16 -17 -18 28 19 -21 25 -23 -24 -25 -26 -27 -28 29 -30 -31
leaf_value=-0.10025437861475441 -0.17072992255975636 -0.13791742234244775 -0.12320588378347863 -0.079384813259149423 -0.15508847508774609 -0.043444530150513458 -0.12652767071422139 -0.11271742217555475 -0.043913184431746702 -0.095343892648729708 -0.10200742210462523 -0.17525022513746386 -0.06021393345574487 -0.1341674223176125 -0.071009527162492175 -0.090321268181077038 -0.10416742211893035 -0.15769683423814751 -0.17828506966861565 -0.162357077676719 -0.13214039527716098 -0.057803785448239747 -0.049167421754679724 -0.15348249093868183 -0.082500755308771018 -0.15325833153495569 -0.089651292990535758 -0.09807719651468659 -0.11287709959596709 -0.15131027957400228
leaf_weight=23 96 64 104 69 152 249 322 400 118 102 250 157 43 111 38 26 36 153 34 116 74 33 36 146 54 44 62 133 31 21
leaf_count=23 96 64 104 69 152 249 322 400 118 102 250 157 43 111 38 26 36 153 34 116 74 33 36 146 54 44 62 133 31 21
internal_value=-0.115742 -0.103481 -0.0794151 -0.141296 -0.123797 -0.0658964 -0.12269 -0.114113 -0.0801216 -0.105171 -0.104427 -0.155883 -0.0978431 -0.109557 -0.109238 -0.138783 -0.0643597 -0.135116 -0.148745 -0.142349 -0.131504 -0.0968529 -0.0832979 -0.146238 -0.0560279 -0.122667 -0.11277 -0.117413 -0.150146 -0.105336
internal_weight=0 2228 989 1069 486 642 1239 733 393 538 347 583 185 334 142 195 208 506 426 330 214 283 138 169 172 180 136 265 184 154
internal_count=3297 2228 989 1069 486 642 1239 733 393 538 347 583 185 334 142 195 208 506 426 330 214 283 138 169 172 180 136 265 184 154
shrinkage=1


Tree=1
num_leaves=31
num_cat=0
split_feature=2 0 0 1 2 1 0 13 2 14 15 4 12 1 7 13 15 0 0 4 3 14 5 2 0 7 8 2 15 9
split_gain=84.0707 77.406 29.0833 25.0448 24.3194 18.9025 15.4312 8.44991 8.07377 6.89127 6.88046 6.70697 7.29353 6.2192 6.04241 5.9769 5.31714 5.23197 5.16304 5.22074 6.33224 5.05475 12.3503 4.94306 4.92022 10.2004 4.84395 5.49322 6.89445 5.80617
threshold=31.500000000000004 34.500000000000007 29.500000000000004 18.500000000000004 44.500000000000007 9.5000000000000018 17.500000000000004 18.500000000000004 25.500000000000004 5.5000000000000009 34.500000000000007 1.0000000180025095e-35 1.0000000180025095e-35 14.500000000000002 51.500000000000007 14.500000000000002 11.500000000000002 24.500000000000004 38.500000000000007 1.0000000180025095e-35 7.5000000000000009 4.5000000000000009 2.5000000000000004 42.500000000000007 29.500000000000004 7.5000000000000009 3.5000000000000004 14.500000000000002 4.5000000000000009 6.5000000000000009
decision_type=2 2 2 2 2 2 2 2 2 2 2 2 2 2 2 2 2 2 2 2 2 2 2 2 2 2 2 2 2 2
left_child=1 3 14 6 9 15 13 16 11 10 -4 -8 -13 21 17 -3 -5 23 19 -11 -21 22 -1 -2 -10 -26 -14 28 -28 -30
right_child=2 5 4 7 -6 -7 8 -9 24 18 -12 12 26 -15 -16 -17 -18 -19 -20 20 -22 -23 -24 -25 25 -27 27 -29 29 -31
leaf_value=-0.039069499997865589 -0.032277072183643993 -9.9196517339316748e-05 0.049822528210897297 0.074100736776987711 -0.037913372692154966 0.057712070763750317 -0.026206737118107934 0.010676722116367792 -0.022843653845363823 -0.053389582685802295 -0.015136061473326249 0.048701949516932172 -0.021040551045111249 0.025057846078505887 -0.067246166969600479 0.046540026863416038 0.031642777186173664 -0.019419316015141533 0.017164556989594112 0.023889837066332503 -0.015481205051764847 -0.032783282267265637 0.042680543119257147 -0.05726614485968623 -0.033588155465466639 0.049059547670185569 -0.016263109186421272 0.0057469619295813824 0.010517905865396773 0.06827468224193739
leaf_weight=42 259 93 63 54 163 373 56 93 169 23 22 45 56 26 57 39 65 187 126 60 128 244 33 114 28 32 23 550 28 46
leaf_count=42 259 93 63 54 163 373 56 93 169 23 22 45 56 26 57 39 65 187 126 60 128 244 33 114 28 32 23 550 28 46
internal_value=0 0.0120955 -0.0210816 0.00126264 -0.00510681 0.0462028 -0.00366006 0.0332602 0.00245548 0.00756492 0.0330097 0.0071737 0.00967277 -0.0219712 -0.0362278 0.0136806 0.0509094 -0.0330706 0.00114709 -0.00841784 -0.00291598 -0.0258043 -0.00309948 -0.0399145 -0.0141098 0.0104906 0.00717446 0.00961656 0.0315576 0.0464208
internal_weight=0 2095 1202 1590 585 505 1378 212 1033 422 85 804 748 345 617 132 119 560 337 211 188 319 75 373 229 60 703 647 97 74
internal_count=3297 2095 1202 1590 585 505 1378 212 1033 422 85 804 748 345 617 132 119 560 337 211 188 319 75 373 229 60 703 647 97 74
shrinkage=0.1


Tree=2
num_leaves=31
num_cat=0
split_feature=2 1 0 0 2 0 0 4 3 7 12 13 13 10 8 13 3 0 3 13 2 13 1 15 7 13 0 14 8 15
split_gain=69.0464 63.2371 31.2471 27.3747 21.8264 19.0442 11.4213 8.41824 8.64514 8.06437 7.17585 6.75566 5.91022 5.6021 6.50945 5.55046 5.47584 5.34991 6.6314 4.90073 4.8631 5.98325 4.77516 4.73511 4.58929 4.39883 4.19864 4.12821 4.01218 8.06162
threshold=28.500000000000004 17.500000000000004 24.500000000000004 40.500000000000007 44.500000000000007 17.500000000000004 38.500000000000007 1.0000000180025095e-35 2.5000000000000004 38.500000000000007 1.0000000180025095e-35 35.500000000000007 6.5000000000000009 1.0000000180025095e-35 35.500000000000007 8.5000000000000018 1.0000000180025095e-35 22.500000000000004 10.500000000000002 10.500000000000002 25.500000000000004 18.500000000000004 1.0000000180025095e-35 13.500000000000002 2.5000000000000004 7.5000000000000009 30.500000000000004 2.5000000000000004 6.5000000000000009 11.500000000000002
decision_type=2 2 2 2 2 2 2 2 2 2 2 2 2 2 2 2 2 2 2 2 2 2 2 2 2 2 2 2 2 2
left_child=1 3 11 5 6 24 7 -4 12 10 25 13 -9 -2 -15 -6 20 18 19 -3 21 23 -8 26 -1 -7 -12 -26 29 -18
right_child=2 17 4 -5 15 9 22 8 -10 -11 16 -13 -14 14 -16 -17 28 -19 -20 -21 -22 -23 -24 -25 27 -27 -28 -29 -30 -31
leaf_value=-0.051092167447010672 0.01760100397196683 0.039798201620578767 -0.044516540425164362 0.057053381135297378 -0.0085345329808407151 0.010265055438503624 -0.01689613699913025 0.060935477912425998 -0.0076793241100409845 0.062732134856438887 0.015518192115582918 -0.061392949537564349 0.0083007480017840869 -0.02682344246629282 -0.057583095608176774 -0.044242717286473832 -0.0032197005122247403 0.05028579668241509 0.069145942330360408 -0.023693894763146678 -0.024688927332560222 0.073338912782214938 0.030078940398944834 -0.02433410125474135 0.017441357771555584 0.062698522768914702 0.06492785158611479 -0.021922618300974871 0.0021600631749279964 -0.053298380403291615
leaf_weight=48 22 20 49 86 61 32 25 32 387 24 95 93 64 282 91 152 137 374 20 31 24 21 161 24 30 32 21 238 579 42
leaf_count=48 22 20 49 86 61 32 25 32 387 24 95 93 64 282 91 152 137 374 20 31 24 21 161 24 30 32 21 238 579 42
internal_value=0 0.0125792 -0.0166482 0.00235349 -0.00590464 -0.00113885 0.00243493 -0.0050226 -0.00101597 0.00544397 0.00407861 -0.0371447 0.0258457 -0.0314356 -0.0343278 -0.0340164 0.00187945 0.0455084 0.0203433 0.00120497 0.0173042 0.023564 0.0237651 0.0160978 -0.0226163 0.0364818 0.024463 -0.0175162 -0.00188516 -0.01497
internal_weight=0 1878 1419 1433 931 1347 718 532 483 1031 1007 488 96 395 373 213 943 445 71 51 185 161 186 140 316 64 116 268 758 179
internal_count=3297 1878 1419 1433 931 1347 718 532 483 1031 1007 488 96 395 373 213 943 445 71 51 185 161 186 140 316 64 116 268 758 179
shrinkage=0.1


Tree=3
num_leaves=31
num_cat=0
split_feature=2 0 0 0 4 2 15 2 1 0 1 2 11 3 9 15 3 3 14 5 13 7 13 13 9 14 2 15 12 2
split_gain=56.3962 58.9727 18.8224 14.7778 11.9154 10.9262 9.3581 8.85826 11.0755 8.99067 7.36141 6.5211 6.29075 6.01768 8.44483 6.04882 5.8409 5.78174 5.42808 5.22181 5.05287 4.94452 4.74945 4.86353 4.70419 4.55012 4.52857 4.63617 4.51655 4.436
threshold=33.500000000000007 26.500000000000004 37.500000000000007 30.500000000000004 1.5000000000000002 44.500000000000007 9.5000000000000018 20.500000000000004 14.500000000000002 17.500000000000004 8.5000000000000018 12.500000000000002 2.5000000000000004 16.500000000000004 9.5000000000000018 23.500000000000004 1.5000000000000002 1.0000000180025095e-35 5.5000000000000009 3.5000000000000004 15.500000000000002 2.5000000000000004 9.5000000000000018 11.500000000000002 15.500000000000002 14.500000000000002 28.500000000000004 5.5000000000000009 2.5000000000000004 38.500000000000007
decision_type=2 2 2 2 2 2 2 2 2 2 2 2 2 2 2 2 2 2 2 2 2 2 2 2 2 2 2 2 2 2
left_child=1 7 4 13 6 18 17 8 9 -1 20 -6 -10 14 -2 19 24 -3 -5 -16 -4 -11 -20 -24 -9 -25 -18 -28 -13 -15
right_child=3 2 10 5 11 -7 -8 16 12 21 -12 28 -14 29 15 -17 26 -19 22 -21 -22 -23 23 25 -26 -27 27 -29 -30 -31
leaf_value=-0.021318152153884974 -0.039261997193098072 0.05824377459028493 0.0028326120724280679 0.029094303518101789 0.05149745590066257 -0.028230253450180355 -0.034013783768431782 -0.0047382360204644165 0.061675674536011443 -0.029317964895351514 0.051908871787289784 0.028297612106435978 0.0098310459852218642 -0.020032711625099182 0.019230021394434429 -0.031364387352215618 -0.014137467751367611 -0.0029441332563440851 0.017087676384869743 -0.021335109425526039 0.056342372655868535 0.0090609976105927113 -0.053501554578542714 -0.029651483834958543 0.045955399762500418 0.0067562697047278998 -0.0080175728411287887 -0.050911335628243938 0.0065072330172190416 -0.052144622969392096
leaf_weight=182 160 23 60 69 73 152 73 109 44 37 300 221 50 60 84 76 317 47 85 51 25 362 24 51 22 105 37 79 167 152
leaf_count=182 160 23 60 69 73 152 73 109 44 37 300 221 50 60 84 76 317 47 85 51 25 362 24 51 22 105 37 79 167 152
internal_value=0 0.00905935 0.0272692 -0.0188814 0.016255 -0.0060039 -0.00896345 -0.00547617 0.00225288 -0.00289946 0.0445485 0.0240776 0.0340987 -0.0296163 -0.0219363 -0.0087984 -0.0147264 0.0171605 0.00411109 0.00390542 0.0185708 0.00550205 -0.00239397 -0.0115936 0.0037752 -0.00514627 -0.0203238 -0.0372297 0.0189188 -0.0430563
internal_weight=0 2228 989 1069 604 486 143 1239 675 581 385 461 94 583 371 211 564 70 334 135 85 399 265 180 131 156 433 116 388 212
internal_count=3297 2228 989 1069 604 486 143 1239 675 581 385 461 94 583 371 211 564 70 334 135 85 399 265 180 131 156 433 116 388 212
shrinkage=0.1


Tree=4
num_leaves=31
num_cat=0
split_feature=0 2 2 1 1 0 12 2 8 2 0 2 13 7 0 11 14 15 0 3 14 7 3 8 0 13 15 1 14 5
split_gain=46.2385 32.7754 30.7416 16.1717 15.1265 9.5317 7.30259 7.16028 7.13624 7.03952 6.55201 6.31768 6.32783 5.97219 6.45171 5.81661 5.19282 4.99121 4.79738 5.90063 4.49006 4.38731 4.21765 4.20297 3.78921 3.70266 5.67308 4.3362 3.44343 3.38874
threshold=31.500000000000004 36.500000000000007 29.500000000000004 17.500000000000004 9.5000000000000018 17.500000000000004 1.0000000180025095e-35 22.500000000000004 17.500000000000004 47.500000000000007 39.500000000000007 44.500000000000007 35.500000000000007 4.5000000000000009 37.500000000000007 3.5000000000000004 18.500000000000004 26.500000000000004 29.500000000000004 14.500000000000002 8.5000000000000018 2.5000000000000004 23.500000000000004 6.5000000000000009 24.500000000000004 8.5000000000000018 73.500000000000014 8.5000000000000018 1.0000000180025095e-35 1.5000000000000002
decision_type=2 2 2 2 2 2 2 2 2 2 2 2 2 2 2 2 2 2 2 2 2 2 2 2 2 2 2 2 2 2
left_child=2 4 3 5 13 21 24 -8 9 15 22 12 18 14 -2 20 -9 -5 28 -20 -3 -1 -6 -15 -7 27 -27 -10 -4 -12
right_child=1 8 11 17 10 6 7 16 25 -11 29 -13 -14 23 -16 -17 -18 -19 19 -21 -22 -23 -24 -25 -26 26 -28 -29 -30 -31
leaf_value=-0.045482937455177314 -0.03730833335798614 0.057012012065985267 0.014474358949167977 0.036977087737808771 0.030259834027667933 0.016775674186646938 0.0061544730130052832 -0.018780410043464219 -0.035525506734848021 -0.047499934264591766 0.0085793769359588639 -0.041418485580121775 -0.043385213613510137 -0.0051559719696359814 0.019890790274648958 -0.0072806203907186343 0.022955411847899943 -0.0061967672723712347 0.036204761749989281 -0.025958253099368167 0.008711974401223033 -0.01331597735377623 -0.012319682581493489 0.028529619801092927 0.072261970937252049 -0.038372943421040688 0.01911957532167435 0.023830725438892843 -0.021127159044493079 0.051325832044377052
leaf_weight=50 49 39 29 142 221 32 541 242 20 21 20 170 95 53 33 66 34 33 37 26 38 279 26 123 20 121 20 32 430 255
leaf_count=50 49 39 29 142 221 32 541 242 20 21 20 170 95 53 33 66 34 33 37 26 38 279 26 123 20 121 20 32 430 255
internal_value=0 0.0163226 -0.00859203 0.000440061 0.0278089 -0.00370789 0.0017805 -0.000532197 -0.00877355 0.00656405 0.0375992 -0.0243494 -0.0196464 0.00800064 -0.0142892 0.0145035 -0.013639 0.0288357 -0.0153262 0.0105502 0.0331756 -0.0182046 0.0257778 0.0183857 0.0381166 -0.0218065 -0.030218 0.00100141 -0.0188778 0.048217
internal_weight=0 1137 2160 1373 780 1198 869 817 357 164 522 787 617 258 82 143 276 175 522 63 77 329 247 176 52 193 141 52 459 275
internal_count=3297 1137 2160 1373 780 1198 869 817 357 164 522 787 617 258 82 143 276 175 522 63 77 329 247 176 52 193 141 52 459 275
shrinkage=0.1


Tree=5
num_leaves=31
num_cat=0
split_feature=2 1 0 0 2 0 7 13 12 7 12 10 8 1 0 8 1 11 1 2 15 2 13 0 3 1 7 12 9 11
split_gain=37.9093 36.4412 18.087 17.1605 11.693 9.57101 7.10595 7.81572 6.63823 5.86168 5.44611 4.6436 4.54716 4.49621 4.4585 4.28941 4.26635 4.09714 5.15362 5.4574 4.62945 4.28762 4.09078 4.02544 4.04958 3.88499 6.80325 3.87773 6.38841 5.24418
threshold=28.500000000000004 18.500000000000004 24.500000000000004 40.500000000000007 44.500000000000007 17.500000000000004 15.500000000000002 9.5000000000000018 3.5000000000000004 38.500000000000007 1.0000000180025095e-35 1.0000000180025095e-35 35.500000000000007 4.5000000000000009 42.500000000000007 3.5000000000000004 14.500000000000002 3.5000000000000004 6.5000000000000009 35.500000000000007 30.500000000000004 38.500000000000007 8.5000000000000018 22.500000000000004 9.5000000000000018 35.500000000000007 29.500000000000004 1.5000000000000002 10.500000000000002 2.5000000000000004
decision_type=2 2 2 2 2 2 2 2 2 2 2 2 2 2 2 2 2 2 2 2 2 2 2 2 2 2 2 2 2 2
left_child=1 3 11 5 6 16 10 8 -8 15 -4 -2 -13 -12 -9 -7 -1 18 -15 -20 -19 -21 -6 24 -3 -25 -27 28 -17 -29
right_child=2 23 4 -5 22 9 7 14 -10 -11 13 12 -14 17 -16 27 -18 20 19 21 -22 -23 -24 25 -26 26 -28 29 -30 -31
leaf_value=-0.019402463476536638 0.015931299199228702 -0.0037887948089175756 0.04031291811362557 0.042384069488973039 -0.0028618610296093049 -0.021365071024213519 0.049678263709514961 -0.003554893055477658 -0.011366557038348655 0.052525070806344359 -0.027986026167869566 -0.023807442908560763 -0.045641291185991091 0.053755590617656716 0.037423486671140115 0.0017190408248167772 0.024441207200288775 -0.0040518451982469702 -0.020365056975020304 0.047465095321337386 -0.049357090276830336 0.00031413700845506459 -0.033517208616984519 0.044551508435883479 0.050291690230369571 0.045919707081010265 -0.025861440598964693 0.0092835981862336263 0.046222492219372233 -0.0066945089361606499
leaf_weight=295 23 45 23 98 61 70 79 185 23 24 100 331 134 20 31 78 24 67 72 30 34 54 152 291 20 31 23 434 55 390
leaf_count=295 23 45 23 98 61 70 79 185 23 24 100 331 134 20 31 78 24 67 72 30 34 54 152 291 20 31 23 434 55 390
internal_value=0 0.00932088 -0.0123359 0.00195919 -0.00416202 -0.000932515 0.00194199 0.0130994 0.0359133 0.0036723 -0.00692819 -0.0279299 -0.0300993 -0.00981027 0.00232626 0.00253066 -0.0161039 -0.00324863 0.00596445 -0.000162614 -0.0193031 0.0171538 -0.024738 0.0356793 0.0128514 0.0399803 0.0153463 0.00427852 0.0201227 0.00172114
internal_weight=0 1878 1419 1468 931 1370 718 318 102 1051 400 488 465 377 216 1027 319 277 176 156 101 84 213 410 65 345 54 957 133 824
internal_count=3297 1878 1419 1468 931 1370 718 318 102 1051 400 488 465 377 216 1027 319 277 176 156 101 84 213 410 65 345 54 957 133 824
shrinkage=0.1


Tree=6
num_leaves=31
num_cat=0
split_feature=0 2 2 1 7 1 0 7 15 1 13 11 5 8 14 1 15 6 3 0 3 8 2 7 9 15 15 14 14 15
split_gain=31.7799 22.3908 20.8316 10.7036 10.3451 6.7522 6.59225 5.23306 5.13487 4.76024 6.15403 4.66478 5.46208 5.18337 6.36856 5.91205 4.84498 4.71725 4.41746 4.29921 4.21654 4.11455 8.05497 4.11028 4.23088 4.08775 4.9989 5.86858 4.07943 4.05198
threshold=31.500000000000004 34.500000000000007 29.500000000000004 17.500000000000004 6.5000000000000009 11.500000000000002 8.5000000000000018 51.500000000000007 26.500000000000004 11.500000000000002 8.5000000000000018 2.5000000000000004 2.5000000000000004 3.5000000000000004 12.500000000000002 5.5000000000000009 5.5000000000000009 2.5000000000000004 11.500000000000002 42.500000000000007 6.5000000000000009 14.500000000000002 15.500000000000002 9.5000000000000018 7.5000000000000009 6.5000000000000009 1.5000000000000002 16.500000000000004 2.5000000000000004 19.500000000000004
decision_type=2 2 2 2 2 2 2 2 2 2 2 2 2 2 2 2 2 2 2 2 2 2 2 2 2 2 2 2 2 2
left_child=2 4 3 6 5 8 -1 18 -2 20 -11 13 -13 -8 21 16 -16 -17 -4 -6 -3 22 -15 24 -23 26 -20 -28 -14 -30
right_child=1 9 7 -5 19 -7 11 -9 -10 10 -12 12 28 14 15 17 -18 -19 25 -21 -22 23 -24 -25 -26 -27 27 -29 29 -31
leaf_value=-0.039371798808375998 -0.0017499853385968156 0.0052888967096805578 -0.010459610661373863 0.023413368940353396 0.025244600498000116 0.025084385677669824 -0.028129223717583553 -0.046192027074950084 -0.057824813127517707 0.029513336943857601 -0.005791205745570514 -0.019410931916884436 0.035708855191866555 0.047755254024551032 -0.03206383943557739 0.085294669151306166 0.029322782324420083 0.022542138980782552 -0.046758477065874188 0.044604788473724621 -0.030597301767867749 0.033730266040021724 0.0012586023771401608 -0.041746916679235607 -0.029021915935334708 -0.032879855044217289 -0.014040608033537866 0.052302708923816679 -0.00808706560033433 0.026718002557754517
leaf_weight=48 89 48 395 175 357 89 45 70 20 66 196 243 30 42 20 25 36 23 23 169 103 22 330 39 21 239 40 20 235 39
leaf_count=48 89 48 395 175 357 89 45 70 20 66 196 243 30 42 20 25 36 23 23 169 103 22 330 39 21 239 40 20 235 39
internal_value=0 0.0135321 -0.00712312 0.000311976 0.0241309 0.0046478 -0.0030626 -0.0200944 -0.0120389 -0.00504807 0.00310231 -0.00154709 -0.00823409 0.0045189 0.00715182 0.0294729 0.00739899 0.0552257 -0.0175465 0.0314649 -0.0191898 0.00203862 0.00650822 -0.0182381 0.00308385 -0.0262401 -0.00712066 0.00807383 0.000700024 -0.00313306
internal_weight=0 1137 2160 1373 724 198 1198 787 109 413 262 1150 547 603 558 104 56 48 717 526 151 454 372 82 43 322 83 60 304 274
internal_count=3297 1137 2160 1373 724 198 1198 787 109 413 262 1150 547 603 558 104 56 48 717 526 151 454 372 82 43 322 83 60 304 274
shrinkage=0.1


Tree=7
num_leaves=31
num_cat=0
split_feature=0 2 2 1 0 4 5 2 9 3 13 8 1 1 0 14 2 7 13 14 2 7 15 14 2 5 15 14 3 13
split_gain=25.9053 17.4717 15.9667 13.2107 7.80445 6.63176 7.79063 6.84992 7.34955 6.48856 7.5098 6.17414 6.16066 7.14198 4.92059 8.835 4.91497 4.79394 4.35524 5.5066 5.69259 4.42173 4.22 4.33782 4.42881 3.925 3.84116 4.74344 4.24699 3.8025
threshold=37.500000000000007 28.500000000000004 36.500000000000007 18.500000000000004 24.500000000000004 1.0000000180025095e-35 3.5000000000000004 14.500000000000002 18.500000000000004 11.500000000000002 8.5000000000000018 6.5000000000000009 12.500000000000002 29.500000000000004 17.500000000000004 12.500000000000002 9.5000000000000018 8.5000000000000018 7.5000000000000009 3.5000000000000004 20.500000000000004 12.500000000000002 4.5000000000000009 3.5000000000000004 34.500000000000007 3.5000000000000004 10.500000000000002 18.500000000000004 30.500000000000004 19.500000000000004
decision_type=2 2 2 2 2 2 2 2 2 2 2 2 2 2 2 2 2 2 2 2 2 2 2 2 2 2 2 2 2 2
left_child=1 3 11 5 22 6 -1 8 17 10 -6 12 -2 -14 15 18 -5 -7 21 -20 -21 -9 29 24 -24 -26 27 -11 -28 -3
right_child=2 4 -4 16 9 7 -8 14 -10 26 -12 -13 13 -15 -16 -17 -18 -19 19 20 -22 -23 23 -25 25 -27 28 -29 -30 -31
leaf_value=-0.035684532853006157 -0.017589822597801685 0.0080240222461083355 -0.0068559585308486772 0.0616783861191042 0.023257279151775799 -0.013680473222570905 0.020147070740208481 -0.03903825581073761 0.057826637280614761 -0.015526852300090176 -0.0085359631870922294 0.036926843965076062 0.042312985572262089 -0.024290397053673154 0.0016170151444498367 -0.045953595638275148 0.018914055525518881 0.022539686101178329 0.052008113622665414 0.022140189763661978 -0.038249403238296509 0.015469777042215522 -0.039161082044724495 -0.033328824643203414 0.026848568179105459 -0.026226694475520743 -0.030433194084062105 0.031403727513371095 0.0012972224842418324 -0.039804843068122868
leaf_weight=103 48 68 176 31 122 59 33 46 38 62 190 298 69 21 769 66 202 96 25 37 27 22 31 307 38 22 181 33 55 22
leaf_count=103 48 68 176 31 122 59 33 46 38 62 190 298 69 21 769 66 202 96 25 37 27 22 31 307 38 22 181 33 55 22
internal_value=0 -0.00423193 0.0185666 0.00264985 -0.0136875 -0.00122241 -0.0221372 0.00117793 0.0184149 -0.00645077 0.00389601 0.0288289 0.0113419 0.0267722 -0.00217563 -0.0152543 0.0246037 0.00875266 -0.00234885 0.0122096 -0.00333667 -0.0214033 -0.0232229 -0.0276449 -0.00846962 0.00738764 -0.0162036 0.000775349 -0.0230384 -0.00366748
internal_weight=0 2685 612 1554 1131 1321 136 1185 193 643 312 436 138 90 992 223 233 155 157 89 64 68 488 398 91 60 331 95 236 90
internal_count=3297 2685 612 1554 1131 1321 136 1185 193 643 312 436 138 90 992 223 233 155 157 89 64 68 488 398 91 60 331 95 236 90
shrinkage=0.1


Tree=8
num_leaves=31
num_cat=0
split_feature=2 0 1 2 0 0 3 2 14 9 2 15 12 2 2 15 13 14 14 13 7 7 0 1 14 7 14 10 13 12
split_gain=21.5598 24.1781 9.77117 6.85792 6.62424 6.12222 4.72115 4.82031 5.04709 4.45682 5.95201 4.2166 4.08969 6.14611 5.69308 5.2307 4.58425 4.16921 3.98254 3.87083 3.71017 5.42783 4.53754 3.74002 3.60047 3.98692 3.45707 3.38811 6.15731 3.2818
threshold=33.500000000000007 23.500000000000004 5.5000000000000009 44.500000000000007 29.500000000000004 39.500000000000007 7.5000000000000009 14.500000000000002 12.500000000000002 4.5000000000000009 17.500000000000004 7.5000000000000009 1.5000000000000002 25.500000000000004 21.500000000000004 10.500000000000002 3.5000000000000004 39.500000000000007 1.0000000180025095e-35 21.500000000000004 22.500000000000004 8.5000000000000018 31.500000000000004 14.500000000000002 5.5000000000000009 15.500000000000002 6.5000000000000009 2.5000000000000004 14.500000000000002 2.5000000000000004
decision_type=2 2 2 2 2 2 2 2 2 2 2 2 2 2 2 2 2 2 2 2 2 2 2 2 2 2 2 2 2 2
left_child=1 6 9 4 18 12 -1 8 -8 -3 11 -11 16 14 17 -15 -4 20 -2 -17 21 23 -23 -14 25 -6 -18 -12 -29 -9
right_child=3 2 5 -5 24 -7 7 29 -10 10 27 -13 13 15 -16 19 26 -19 -20 -21 -22 22 -24 -25 -26 -27 -28 28 -30 -31
leaf_value=-0.00059942672986768736 0.024759717609571377 -0.025853557294269781 0.068782329100828918 -0.024235625463782006 0.0012949162140125183 0.0336917137608546 -0.022994845211505893 -0.010149203864640969 0.043283661206563316 0.055067108788837998 0.0092050002379850913 0.0038296543061733246 -0.024102216958999636 0.018884860682037641 0.041510172878823637 -0.0079403863711790604 -0.012369322776794435 0.05118490924005923 -0.018129295538757553 -0.054144525527954103 -0.022386562381241773 0.052762525190006605 0.0062260286509990695 0.018087403397811088 -0.0019777890345821642 0.04724643213408334 0.031879434342447083 -0.038409856403315512 0.014546531116640248 -0.030979422728220626
leaf_weight=708 23 53 26 309 41 267 20 172 27 36 110 29 47 53 82 66 23 23 369 25 37 44 40 38 292 35 76 54 37 135
leaf_count=708 23 53 26 309 41 267 20 172 27 36 110 29 47 53 82 66 23 23 369 25 37 44 40 38 292 35 76 54 37 135
internal_value=0 0.00560137 0.0155432 -0.0116743 -0.00656715 0.0211611 -0.00531405 -0.0147433 0.01508 0.000626573 0.00590269 0.0322073 0.0153928 0.0109915 0.0189 -0.00608876 0.0314135 0.0108038 -0.0156128 -0.0206338 0.00629518 0.0125746 0.0306023 -0.00524097 0.00306848 0.0224568 0.0215994 -0.00260378 -0.0168781 -0.0193091
internal_weight=0 2228 1166 1069 760 847 1062 354 47 319 266 65 580 455 311 144 125 229 392 91 206 169 84 85 368 76 99 201 91 307
internal_count=3297 2228 1166 1069 760 847 1062 354 47 319 266 65 580 455 311 144 125 229 392 91 206 169 84 85 368 76 99 201 91 307
shrinkage=0.1


Tree=9
num_leaves=31
num_cat=0
split_feature=0 2 2 0 1 3 13 1 7 4 15 10 6 2 12 13 11 9 7 3 1 0 1 15 15 8 13 1 5 8
split_gain=18.1936 12.4399 11.7163 7.32547 5.41718 6.9841 5.70841 4.89948 4.63148 4.47311 4.41899 6.96586 4.19081 4.25205 5.08167 4.02786 3.86548 3.73555 3.66797 3.63997 3.63242 3.42129 3.36845 3.3228 3.71247 3.31808 4.33717 3.65024 4.74524 3.52166
threshold=31.500000000000004 26.500000000000004 25.500000000000004 17.500000000000004 10.500000000000002 13.500000000000002 8.5000000000000018 18.500000000000004 52.500000000000007 1.0000000180025095e-35 10.500000000000002 3.5000000000000004 1.5000000000000002 42.500000000000007 1.5000000000000002 8.5000000000000018 2.5000000000000004 6.5000000000000009 6.5000000000000009 17.500000000000004 13.500000000000002 37.500000000000007 8.5000000000000018 72.500000000000014 56.500000000000007 14.500000000000002 13.500000000000002 10.500000000000002 3.5000000000000004 7.5000000000000009
decision_type=2 2 2 2 2 2 2 2 2 2 2 2 2 2 2 2 2 2 2 2 2 2 2 2 2 2 2 2 2 2
left_child=2 18 3 16 5 9 17 25 12 -3 11 -8 -4 14 15 -14 20 -6 21 -9 22 -2 -1 24 -12 26 29 28 -27 -5
right_child=1 4 8 7 6 -7 10 19 -10 -11 23 -13 13 -15 -16 -17 -18 -19 -20 -21 -22 -23 -24 -25 -26 27 -28 -29 -30 -31
leaf_value=0.0011880549057474677 -0.008297044928394148 -0.032825674613316855 -0.02729110024499555 -0.0042064888791723569 -0.0085958302021026615 -0.030829429305067255 -0.0077324026823043825 0.016654800659134276 -0.038056972026824953 0.012558127469844646 -0.0067182866094997089 0.052901149789492286 -0.0036299497820436958 -0.022733620234898159 -0.0078705914752193237 0.046162325234124162 -0.022922108409466683 0.036666149510578679 0.026983131955679876 0.061553840533546782 0.039306643009185793 0.02342799837174623 -0.040300483504931137 0.029356507279656153 -0.052431786656379702 -0.037984704682903908 0.030135514651026048 0.011679513781678443 0.0080711759839739126 0.01227307614044622
leaf_weight=106 67 27 141 273 23 102 40 84 70 111 159 36 32 168 567 33 154 88 373 23 20 69 24 22 20 62 70 51 35 247
leaf_count=106 67 27 141 273 23 102 40 84 70 111 159 36 32 168 567 33 154 88 373 23 20 69 24 22 20 62 70 51 35 247
internal_value=0 0.0102387 -0.00538956 0.00151893 0.000821846 -0.0109873 0.00812645 0.00630817 -0.0132411 0.00367869 0.000448177 0.0209888 -0.011395 -0.00859334 -0.00483454 0.0216492 -0.0117933 0.0272875 0.0218572 0.026306 -0.000367633 0.00779875 -0.00647137 -0.00731841 -0.0118259 0.00340875 0.00676706 -0.00997909 -0.0213666 0.0036213
internal_weight=0 1137 2160 1149 628 240 388 845 1011 138 277 76 941 800 632 65 304 111 509 107 150 136 130 201 179 738 590 148 97 520
internal_count=3297 1137 2160 1149 628 240 388 845 1011 138 277 76 941 800 632 65 304 111 509 107 150 136 130 201 179 738 590 148 97 520
shrinkage=0.1


Tree=10
num_leaves=31
num_cat=0
split_feature=0 2 2 1 13 0 7 7 14 7 1 9 6 3 8 14 15 2 4 10 7 1 0 13 8 3 0 1 7 7
split_gain=14.8634 11.7532 9.55515 6.00029 5.8143 4.65973 5.34539 4.0256 4.97925 3.94952 3.8686 3.86283 5.88702 3.71719 4.03522 3.69324 3.67958 4.4578 3.65853 4.69768 3.56817 3.48278 3.38863 3.2444 3.06184 3.29548 3.0133 4.11636 3.00874 3.02222
threshold=30.500000000000004 40.500000000000007 28.500000000000004 5.5000000000000009 66.500000000000014 16.500000000000004 45.500000000000007 2.5000000000000004 2.5000000000000004 11.500000000000002 10.500000000000002 1.5000000000000002 1.0000000180025095e-35 28.500000000000004 7.5000000000000009 5.5000000000000009 10.500000000000002 26.500000000000004 1.5000000000000002 2.5000000000000004 7.5000000000000009 35.500000000000007 20.500000000000004 4.5000000000000009 6.5000000000000009 14.500000000000002 32.500000000000007 8.5000000000000018 51.500000000000007 2.5000000000000004
decision_type=2 2 2 2 2 2 2 2 2 2 2 2 2 2 2 2 2 2 2 2 2 2 2 2 2 2 2 2 2 2
left_child=2 3 5 9 10 7 15 -1 -9 -2 20 -5 -13 14 -12 18 26 21 -7 23 -3 -18 -21 -20 -11 -26 -14 -28 29 -4
right_child=1 4 28 11 -6 6 -8 8 -10 24 13 12 16 -15 -16 -17 17 -19 19 22 -22 -23 -24 -25 25 -27 27 -29 -30 -31
leaf_value=-0.038360442320505783 -0.010530192249339737 0.0060806654966794535 -0.027893361333504466 0.056478724956512454 -0.058739987663600758 -0.035470198839902878 0.053375729492732463 0.033089880902191691 -0.010936030003759596 -0.0148356938903982 0.035542127896438951 -0.034441564028913324 0.056783887247244515 0.040532645064851519 -0.01172007171824427 0.0062446667256127568 0.025447923638099848 -8.207111699240549e-05 0.031787557403246562 -0.056790291269620263 -0.039438741756420509 -0.0089953062288901393 -0.0051474922233157687 -0.0018234689470747829 0.045800418387620882 -0.0041269010305404665 -0.012904579298836844 0.027695026729272043 -0.034661665139719848 -0.0093892465196127248
leaf_weight=45 146 26 103 25 23 40 21 29 225 22 22 22 30 23 101 691 215 175 36 24 51 34 27 142 39 20 28 231 64 617
leaf_count=45 146 26 103 25 23 40 21 29 225 22 22 22 30 23 101 691 215 175 36 24 51 34 27 142 39 20 28 231 64 617
internal_value=0 0.00868705 -0.0051895 0.0135613 -0.0108693 0.000135467 0.00346648 -0.0107934 -0.00590945 -0.000705353 -0.00593196 0.0178225 0.0165077 0.00363322 -0.00326667 0.00237472 0.0180797 0.0121488 -0.00756631 -0.00269227 -0.0240686 0.0207448 -0.02945 0.00497427 0.0170036 0.0288759 0.0267811 0.0233059 -0.0138833 -0.0120364
internal_weight=0 1233 2064 987 246 1280 981 299 254 227 223 760 735 146 123 960 713 424 269 229 77 249 51 178 81 59 289 259 784 720
internal_count=3297 1233 2064 987 246 1280 981 299 254 227 223 760 735 146 123 960 713 424 269 229 77 249 51 178 81 59 289 259 784 720
shrinkage=0.1


Tree=11
num_leaves=31
num_cat=0
split_feature=0 3 2 2 15 3 8 7 11 1 5 7 1 5 2 2 12 13 13 9 2 2 7 13 13 14 0 8 7 0
split_gain=12.8444 8.29175 8.08439 5.79781 5.49433 5.63691 5.29277 5.07882 7.49757 4.69532 4.47809 4.31195 4.29284 4.19301 4.10441 3.56284 3.50194 4.80765 4.45957 4.04184 3.7949 3.74029 8.55438 3.43456 3.31404 4.48099 3.28422 4.53954 3.27429 3.13094
threshold=37.500000000000007 8.5000000000000018 41.500000000000007 11.500000000000002 11.500000000000002 39.500000000000007 5.5000000000000009 2.5000000000000004 1.5000000000000002 1.0000000180025095e-35 5.5000000000000009 38.500000000000007 10.500000000000002 1.5000000000000002 8.5000000000000018 46.500000000000007 1.0000000180025095e-35 40.500000000000007 27.500000000000004 28.500000000000004 10.500000000000002 14.500000000000002 8.5000000000000018 31.500000000000004 19.500000000000004 12.500000000000002 26.500000000000004 25.500000000000004 11.500000000000002 9.5000000000000018
decision_type=2 2 2 2 2 2 2 2 2 2 2 2 2 2 2 2 2 2 2 2 2 2 2 2 2 2 2 2 2 2
left_child=1 7 9 -3 6 12 -5 29 -9 -2 14 26 -6 -11 -10 16 -16 18 19 20 -18 22 -22 -20 -23 -26 -8 28 -28 -1
right_child=2 3 -4 4 5 -7 11 8 10 13 -12 -13 -14 -15 15 -17 17 -19 23 -21 21 24 -24 -25 25 -27 27 -29 -30 -31
leaf_value=-0.050785857886075973 -0.010195707701719724 0.02212302403016524 -0.012328172131226613 0.021384444179600233 -0.031353035685492726 0.030625241800494821 -0.012498733051392714 0.040411028265953067 0.030051099524206044 -0.018294798135757444 0.049346683770418169 -0.049875756320746055 -0.013051986877332656 0.023829908017285188 0.023318126495333685 -0.031381147661629846 -0.041448998710383544 -0.027679200344166516 0.061432260132971261 0.026315521768161227 -0.028196483254432681 -0.00041103069975033103 0.052977323854291762 0.0090544957307077227 -0.0012865800658861798 -0.060704422538930727 0.0044845213634627209 -0.020199055580989177 0.040945593306892798 -0.0090442935794086791
leaf_weight=20 52 55 104 73 205 23 247 54 49 25 20 23 342 431 69 34 23 59 21 56 20 841 37 31 30 22 70 46 38 177
leaf_count=20 52 55 104 73 205 23 247 54 49 25 20 23 342 431 69 34 23 59 21 56 20 841 37 31 30 22 70 46 38 177
internal_value=0 -0.00297989 0.0130736 -0.00953884 -0.0111709 -0.0178715 -0.00348606 0.00172845 0.00389321 0.0182739 0.00239019 -0.00776801 -0.0199107 0.0215204 0.00166331 0.000544238 0.00144206 0.000117979 0.00163512 0.000191256 -0.0013123 -0.000340569 0.0244953 0.0302071 -0.00192584 -0.0264249 -0.00535285 0.00610839 0.0173134 -0.013282
internal_weight=0 2685 612 1122 1067 570 497 1563 1366 508 1312 424 547 456 1292 1243 1209 1140 1081 1029 973 950 57 52 893 52 401 154 108 197
internal_count=3297 2685 612 1122 1067 570 497 1563 1366 508 1312 424 547 456 1292 1243 1209 1140 1081 1029 973 950 57 52 893 52 401 154 108 197
shrinkage=0.1


Tree=12
num_leaves=31
num_cat=0
split_feature=0 2 8 10 5 15 8 4 9 5 2 0 12 7 3 14 13 1 7 15 2 8 14 3 9 7 7 14 5 15
split_gain=11.1956 11.9811 6.23308 6.94702 5.65725 5.51347 6.07891 5.44313 5.18798 4.93839 4.86979 4.50096 4.33135 3.95471 4.09417 5.99404 5.07556 3.65109 5.5994 5.60903 5.28705 5.08292 4.87644 4.15736 3.82631 3.68255 3.61525 3.57147 3.44889 3.39834
threshold=23.500000000000004 25.500000000000004 14.500000000000002 1.0000000180025095e-35 2.5000000000000004 4.5000000000000009 17.500000000000004 1.0000000180025095e-35 33.500000000000007 1.5000000000000002 28.500000000000004 44.500000000000007 1.5000000000000002 1.5000000000000002 2.5000000000000004 2.5000000000000004 3.5000000000000004 1.0000000180025095e-35 8.5000000000000018 27.500000000000004 20.500000000000004 12.500000000000002 10.500000000000002 4.5000000000000009 6.5000000000000009 11.500000000000002 21.500000000000004 8.5000000000000018 3.5000000000000004 26.500000000000004
decision_type=2 2 2 2 2 2 2 2 2 2 2 2 2 2 2 2 2 2 2 2 2 2 2 2 2 2 2 2 2 2
left_child=2 4 8 -4 7 12 -7 -2 17 -3 26 13 -5 -11 16 -16 -15 20 21 23 22 -19 24 25 -1 -20 -8 -23 -14 -17
right_child=1 9 3 5 -6 6 10 -9 -10 11 -12 -13 28 14 15 29 -18 18 19 -21 -22 27 -24 -25 -26 -27 -28 -29 -30 -31
leaf_value=-0.0010107255540788174 -0.035723046621968672 -0.033089741319417956 0.033103518650449554 0.036359604235206337 0.021305154356121011 -0.044365335401800488 -0.0084826544344982265 0.0083625952231472945 -0.035260002598876045 -0.022508511084249651 -0.025268421685972882 0.022513070739805699 0.0066126529062003423 0.05198175043895327 0.023809620125652992 -0.0016151867677336154 0.005960137321465258 -0.0093788967754126536 0.060349601507186892 -0.032955907356171384 -0.027468270985121581 -0.0030636243876956759 -0.019666216601716711 0.011043047780791919 0.048699992895126346 0.016835633806280188 0.035217729470004205 0.053405934944748878 -0.033267994523048398 -0.017122041185696921
leaf_weight=32 31 48 29 28 473 97 107 290 42 87 215 80 57 29 73 460 138 257 41 21 97 21 47 144 30 37 23 24 35 204
leaf_count=32 31 48 29 28 473 97 107 290 42 87 215 80 57 29 73 460 138 257 41 21 97 21 47 144 30 37 23 24 35 204
internal_value=0 0.00495649 -0.00685099 -0.0146247 0.0143515 -0.0170875 -0.0222484 0.0041051 -0.00105749 -0.00170984 -0.01603 -0.00030346 0.00192175 -0.00214536 -0.000185631 -0.00338912 0.0139519 0.000855298 0.00514203 0.0164419 -0.0104858 -0.00395023 0.00462701 0.0211146 0.0230428 0.0397084 -0.000751048 0.0270535 -0.00855933 -0.00637934
internal_weight=0 1913 1384 591 794 562 442 321 793 1119 345 1071 120 991 904 737 167 751 545 243 206 302 109 222 62 78 130 45 92 664
internal_count=3297 1913 1384 591 794 562 442 321 793 1119 345 1071 120 991 904 737 167 751 545 243 206 302 109 222 62 78 130 45 92 664
shrinkage=0.1


end of trees

feature_importances:
Column_2=58
Column_0=56
Column_1=41
Column_7=37
Column_13=32
Column_14=28
Column_15=28
Column_3=25
Column_8=20
Column_9=15
Column_5=12
Column_12=12
Column_4=10
Column_11=7
Column_10=6
Column_6=3

parameters:
[boosting: gbdt]
[objective: regression]
[metric: l2]
[tree_learner: serial]
[device_type: cpu]
[data: ]
[valid: ]
[num_iterations: 10000]
[learning_rate: 0.1]
[num_leaves: 31]
[num_threads: 0]
[deterministic: 0]
[force_col_wise: 0]
[force_row_wise: 0]
[histogram_pool_size: -1]
[max_depth: -1]
[min_data_in_leaf: 20]
[min_sum_hessian_in_leaf: 0.001]
[bagging_fraction: 1]
[pos_bagging_fraction: 1]
[neg_bagging_fraction: 1]
[bagging_freq: 0]
[bagging_seed: 3]
[feature_fraction: 1]
[feature_fraction_bynode: 1]
[feature_fraction_seed: 2]
[extra_trees: 0]
[extra_seed: 6]
[early_stopping_round: 10]
[first_metric_only: 0]
[max_delta_step: 0]
[lambda_l1: 0]
[lambda_l2: 0]
[min_gain_to_split: 0]
[drop_rate: 0.1]
[max_drop: 50]
[skip_drop: 0.5]
[xgboost_dart_mode: 0]
[uniform_drop: 0]
[drop_seed: 4]
[top_rate: 0.2]
[other_rate: 0.1]
[min_data_per_group: 100]
[max_cat_threshold: 32]
[cat_l2: 10]
[cat_smooth: 10]
[max_cat_to_onehot: 4]
[top_k: 20]
[monotone_constraints: ]
[monotone_constraints_method: basic]
[monotone_penalty: 0]
[feature_contri: ]
[forcedsplits_filename: ]
[refit_decay_rate: 0.9]
[cegb_tradeoff: 1]
[cegb_penalty_split: 0]
[cegb_penalty_feature_lazy: ]
[cegb_penalty_feature_coupled: ]
[path_smooth: 0]
[interaction_constraints: ]
[verbosity: 1]
[saved_feature_importance_type: 0]
[max_bin: 255]
[max_bin_by_feature: ]
[min_data_in_bin: 3]
[bin_construct_sample_cnt: 200000]
[data_random_seed: 1]
[is_enable_sparse: 1]
[enable_bundle: 1]
[use_missing: 1]
[zero_as_missing: 0]
[feature_pre_filter: 1]
[pre_partition: 0]
[two_round: 0]
[header: 0]
[label_column: ]
[weight_column: ]
[group_column: ]
[ignore_column: ]
[categorical_feature: ]
[forcedbins_filename: ]
[objective_seed: 5]
[num_class: 1]
[is_unbalance: 0]
[scale_pos_weight: 1]
[sigmoid: 1]
[boost_from_average: 1]
[reg_sqrt: 0]
[alpha: 0.9]
[fair_c: 1]
[poisson_max_delta_step: 0.7]
[tweedie_variance_power: 1.5]
[lambdarank_truncation_level: 30]
[lambdarank_norm: 1]
[label_gain: ]
[eval_at: ]
[multi_error_top_k: 1]
[auc_mu_weights: ]
[num_machines: 1]
[local_listen_port: 12400]
[time_out: 120]
[machine_list_filename: ]
[machines: ]
[gpu_platform_id: -1]
[gpu_device_id: -1]
[gpu_use_dp: 0]
[num_gpu: 1]

end of parameters

pandas_categorical:null
