tree
version=v3
num_class=1
num_tree_per_iteration=1
label_index=0
max_feature_idx=15
objective=regression
feature_names=Column_0 Column_1 Column_2 Column_3 Column_4 Column_5 Column_6 Column_7 Column_8 Column_9 Column_10 Column_11 Column_12 Column_13 Column_14 Column_15
feature_infos=[1:49] [0:68] [1:49] [0:84] [0:8] [0:7] [0:8] [1:192] [0:186] [0:208] [0:8] [0:7] [0:7] [0:286] [0:177] [0:155]
tree_sizes=2815 2826 2830 2829 2827 2833 2832 2827 2831 2807 2845 2851 2838 2819 2843 2850 2842 2822 2810 2838 2816 2837 2854 2828 2827 2825 2859 2835

Tree=0
num_leaves=31
num_cat=0
split_feature=2 0 0 0 2 2 13 1 10 3 1 8 9 6 14 9 13 11 5 0 3 7 12 0 1 13 0 11 10 3
split_gain=169.855 101.438 82.7696 43.9986 43.9795 27.693 26.7049 24.6195 21.2662 21.2392 20.9068 18.6041 14.7323 14.5759 14.1148 12.3065 12.292 12.1725 11.9087 11.1354 11.0744 10.2619 10.031 9.46438 10.5477 9.31015 9.11844 9.08367 8.9849 8.65508
threshold=26.500000000000004 36.500000000000007 19.500000000000004 33.500000000000007 37.500000000000007 45.500000000000007 1.0000000180025095e-35 1.0000000180025095e-35 1.5000000000000002 15.500000000000002 3.5000000000000004 19.500000000000004 11.500000000000002 2.5000000000000004 3.5000000000000004 30.500000000000004 1.5000000000000002 1.5000000000000002 1.5000000000000002 18.500000000000004 17.500000000000004 28.500000000000004 1.0000000180025095e-35 26.500000000000004 5.5000000000000009 5.5000000000000009 40.500000000000007 2.5000000000000004 1.5000000000000002 8.5000000000000018
decision_type=2 2 2 2 2 2 2 2 2 2 2 2 2 2 2 2 2 2 2 2 2 2 2 2 2 2 2 2 2 2
left_child=2 4 11 8 6 7 28 -3 -4 12 -5 18 13 -8 -6 19 -13 -10 20 25 -1 -18 -19 -11 -25 -14 -12 -9 -2 -24
right_child=1 5 3 10 14 -7 9 27 17 23 26 16 15 -15 -16 -17 21 22 -20 -21 -22 -23 29 24 -26 -27 -28 -29 -30 -31
leaf_value=-0.12545590968648535 -0.06910206502550631 -0.12183485715083155 -0.083053694749470108 -0.092462614489854253 -0.12813469750183543 -0.15533053576074965 -0.13354242633247698 -0.061809309430796933 -0.075902969822719407 -0.15023503222667209 -0.07008545660784693 -0.090613053466648705 -0.086755910711685244 -0.10862800316295429 -0.15304972340922735 -0.13948667854556612 -0.1467394256061812 -0.067948218902226631 -0.1099235658843021 -0.095461721624486573 -0.19025590796987157 -0.10178133404246101 -0.10043272764037053 -0.14710522418146751 -0.10987855160857839 -0.14352513997704497 -0.041536399728100373 -0.087655910687843383 -0.11225591003616593 -0.11154804488637864
leaf_weight=150 104 171 722 358 297 67 1068 206 170 479 352 56 40 301 970 117 364 78 1685 413 32 59 2036 146 159 104 164 400 90 1068
leaf_count=150 104 171 722 358 297 67 1068 206 170 479 352 56 40 301 970 117 364 78 1685 413 32 59 2036 146 159 104 164 400 90 1068
internal_value=-0.111395 -0.125334 -0.101589 -0.0942535 -0.131571 -0.0936445 -0.125013 -0.0883254 -0.0986212 -0.127476 -0.0738944 -0.117059 -0.122106 -0.128065 -0.147209 -0.110004 -0.13464 -0.101974 -0.112548 -0.103811 -0.136849 -0.140469 -0.103367 -0.141468 -0.127699 -0.127756 -0.0610117 -0.0788698 -0.0891219 -0.104257
internal_weight=0 5132 7294 4948 4288 844 3021 777 4074 2827 874 2346 2043 1369 1267 674 479 3352 1867 557 182 423 3182 784 305 144 516 606 194 3104
internal_count=12426 5132 7294 4948 4288 844 3021 777 4074 2827 874 2346 2043 1369 1267 674 479 3352 1867 557 182 423 3182 784 305 144 516 606 194 3104
shrinkage=1


Tree=1
num_leaves=31
num_cat=0
split_feature=2 0 0 2 0 13 2 0 1 10 1 8 3 1 14 1 15 3 15 11 9 14 7 14 2 8 14 1 14 6
split_gain=137.582 82.1647 67.0434 37.6938 35.6388 24.5398 22.4313 20.7494 19.9418 17.2256 17.1142 15.2879 14.8859 14.0118 11.4028 10.2612 12.5118 10.1004 10.3303 9.7831 9.10655 8.75388 8.68359 8.12041 10.22 8.0772 8.07242 9.54485 14.7143 7.62246
threshold=26.500000000000004 36.500000000000007 19.500000000000004 41.500000000000007 33.500000000000007 1.0000000180025095e-35 45.500000000000007 26.500000000000004 1.0000000180025095e-35 1.5000000000000002 5.5000000000000009 20.500000000000004 7.5000000000000009 3.5000000000000004 47.500000000000007 7.5000000000000009 11.500000000000002 12.500000000000002 1.5000000000000002 1.5000000000000002 6.5000000000000009 7.5000000000000009 30.500000000000004 6.5000000000000009 32.500000000000007 21.500000000000004 20.500000000000004 3.5000000000000004 6.5000000000000009 1.5000000000000002
decision_type=2 2 2 2 2 2 2 2 2 2 2 2 2 2 2 2 2 2 2 2 2 2 2 2 2 2 2 2 2 2
left_child=2 3 11 5 9 23 8 12 -3 26 -6 17 20 -9 22 16 -11 29 -19 -15 -7 -5 -13 -2 -25 -14 27 -4 -29 -1
right_child=1 6 4 21 10 7 -8 13 -10 15 -12 14 25 19 -16 -17 -18 18 -20 -21 -22 -23 -24 24 -26 -27 -28 28 -30 -31
leaf_value=-0.015435802141825359 0.040683048963546756 -0.0093954593814604484 0.0054482280261932865 -0.027871602313265055 0.020384036969695103 -0.024764330155903506 -0.039541571531722802 -0.018727792614276734 0.029273114424727537 0.0085925562171773485 0.048400145713731253 -0.030756451600306746 -0.024520406359636916 0.051423844771507458 0.050036793947219854 0.017583800830045897 -0.0095880938391400203 0.025739410161972051 -0.023287752212262623 -4.5072587057091725e-05 -0.0049872062557755744 -0.051160544735090491 0.013644114494323732 0.028741874323262796 -0.022295156121253969 -0.042602424209583926 0.045566516298397336 0.069884316544783748 0.019318028743759996 0.0050556735817935596
leaf_weight=210 88 171 252 301 457 397 67 523 606 1980 417 370 823 39 21 904 468 50 306 696 563 348 50 77 80 353 157 76 237 1339
leaf_count=210 88 171 252 301 457 397 67 523 606 1980 417 370 823 39 21 904 468 50 306 696 563 348 50 77 80 353 157 76 237 1339
internal_value=0 -0.0125446 0.00882625 -0.0181582 0.0154278 -0.0141987 0.0159758 -0.016405 0.020763 0.0114969 0.033751 -0.00509717 -0.0224055 -0.00621659 -0.0218751 0.00847905 0.00511684 -0.00121315 -0.0164019 0.00268593 -0.0131659 -0.0403594 -0.0254707 0.0163658 0.00273574 -0.0299481 0.0255076 0.0199337 0.0315961 0.00227762
internal_weight=0 5132 7294 4288 4948 3639 844 3394 777 4074 874 2346 2136 1258 441 3352 2448 1905 356 735 960 649 420 245 157 1176 722 565 313 1549
internal_count=12426 5132 7294 4288 4948 3639 844 3394 777 4074 874 2346 2136 1258 441 3352 2448 1905 356 735 960 649 420 245 157 1176 722 565 313 1549
shrinkage=0.1


Tree=2
num_leaves=31
num_cat=0
split_feature=2 0 0 0 3 9 2 10 1 1 11 1 6 2 2 12 8 2 2 13 9 10 2 2 13 5 5 0 11 1
split_gain=111.442 66.5534 54.342 32.5478 30.9918 18.5161 18.1694 16.8353 16.1528 14.3338 13.3834 13.3148 12.072 12.0109 11.65 11.2519 11.0769 9.99063 9.98246 9.58992 11.5343 9.20721 10.4312 8.83483 8.27898 8.10213 7.89065 7.37924 7.35777 8.27333
threshold=26.500000000000004 36.500000000000007 17.500000000000004 33.500000000000007 14.500000000000002 5.5000000000000009 45.500000000000007 1.0000000180025095e-35 1.0000000180025095e-35 3.5000000000000004 1.5000000000000002 7.5000000000000009 1.5000000000000002 31.500000000000004 43.500000000000007 1.5000000000000002 20.500000000000004 43.500000000000007 37.500000000000007 1.5000000000000002 12.500000000000002 2.5000000000000004 24.500000000000004 20.500000000000004 3.5000000000000004 4.5000000000000009 1.5000000000000002 40.500000000000007 2.5000000000000004 13.500000000000002
decision_type=2 2 2 2 2 2 2 2 2 2 2 2 2 2 2 2 2 2 2 2 2 2 2 2 2 2 2 2 2 2
left_child=2 4 16 7 5 13 8 -4 -3 -5 -9 18 23 -2 -6 -14 -1 24 19 20 -7 -17 25 -12 -13 -23 -26 -11 29 -10
right_child=1 6 3 9 14 11 -8 10 28 27 12 17 15 -15 -16 21 -18 -19 -20 -21 -22 22 -24 -25 26 -27 -28 -29 -30 -31
leaf_value=-0.00363216551327614 -0.0083694655991889341 -0.0084559150606568108 0.038545148874583997 0.015001154439159612 -0.024538854401156378 -0.0096319805901005588 -0.035587416122208781 0.032000821456313132 0.028701896050880693 0.032880203900012103 0.0041444428337430493 0.030888105019346464 0.031431275815481233 -0.031968973842188289 -0.050437842168618199 0.011080376359218953 -0.023424062867574084 -0.02613996339131551 -0.028570686092996223 -0.0097045347487571057 0.057674887472269488 0.0022010672281482326 -0.023219202742254808 -0.021551361553749798 -0.045495233138402306 0.047615893148794414 0.0075614212041576799 0.058562706936173506 0.018438280582427979 0.072597881321047178
leaf_weight=1305 370 171 190 358 1278 53 67 224 145 352 309 154 210 517 201 2443 361 83 254 872 49 938 163 236 30 41 427 164 400 61
leaf_count=1305 370 171 190 358 1278 53 67 224 145 352 309 154 210 517 201 2443 361 83 254 872 49 938 163 236 30 41 427 164 400 61
internal_value=0 -0.0112901 0.00794362 0.0126398 -0.0163424 -0.0101735 0.0143782 0.00937912 0.0186867 0.0303759 0.00816493 -0.00465802 0.00693469 -0.0221248 -0.0280586 0.00893335 -0.00792081 0.00641358 -0.0109151 -0.00631086 0.0227017 0.00761548 0.00020326 -0.00698255 0.0108357 0.00410302 0.00407849 0.0410429 0.0263458 0.0417002
internal_weight=0 5132 7294 5628 4288 2809 844 4754 777 874 4564 1922 4340 887 1479 3795 1666 694 1228 974 102 3585 1142 545 611 979 457 516 606 206
internal_count=12426 5132 7294 5628 4288 2809 844 4754 777 874 4564 1922 4340 887 1479 3795 1666 694 1228 974 102 3585 1142 545 611 979 457 516 606 206
shrinkage=0.1


Tree=3
num_leaves=31
num_cat=0
split_feature=2 0 0 1 3 0 0 2 13 2 1 12 14 2 12 1 11 15 11 3 5 9 2 2 0 6 4 6 6 14
split_gain=90.7634 51.0377 50.8059 32.9428 28.9608 19.184 17.2215 15.0071 14.9025 14.8627 13.3756 13.3199 11.9282 11.2427 10.3647 9.76836 9.71006 9.5815 9.72442 10.7756 9.56545 10.1343 9.4839 9.39041 9.36525 9.21413 15.4408 9.19127 8.86247 8.95469
threshold=32.500000000000007 33.500000000000007 24.500000000000004 2.5000000000000004 15.500000000000002 40.500000000000007 17.500000000000004 43.500000000000007 1.5000000000000002 19.500000000000004 29.500000000000004 1.5000000000000002 4.5000000000000009 24.500000000000004 2.5000000000000004 9.5000000000000018 2.5000000000000004 4.5000000000000009 1.5000000000000002 24.500000000000004 2.5000000000000004 8.5000000000000018 12.500000000000002 41.500000000000007 28.500000000000004 2.5000000000000004 1.0000000180025095e-35 1.5000000000000002 1.5000000000000002 6.5000000000000009
decision_type=2 2 2 2 2 2 2 2 2 2 2 2 2 2 2 2 2 2 2 2 2 2 2 2 2 2 2 2 2 2
left_child=2 12 4 8 6 10 16 11 -4 20 17 -3 15 14 22 -2 -1 -5 -19 25 21 -8 -10 24 -14 -20 -27 -11 29 -13
right_child=1 7 3 5 -6 -7 9 -9 13 27 -12 28 23 -15 -16 -17 -18 18 19 -21 -22 -23 -24 -25 -26 26 -28 -29 -30 -31
leaf_value=0.0016094081022126666 -0.019802453571202739 0.04394918946283205 0.030479977969770079 0.028777023160631823 -0.019319068980186097 0.046059164845764861 0.00048831949837474899 -0.02119215463147019 0.060822483378907916 -0.019569568464598681 0.067237553169142525 0.020981275248077681 -0.028586385676742727 -0.012950094694901958 -0.004510202526073228 0.0077352252602577208 -0.013283207129313749 0.04121579780234947 0.005788948685823087 -0.025894858001114487 0.028164691523491565 0.026680730038405587 0.012204034104468717 -0.041484739226207407 -0.0065625468611717232 -0.050260295825345185 0.025856618598843695 0.0032001576964327469 0.014532802913201418 -0.028700043533159338
leaf_weight=821 453 112 162 479 772 267 482 165 46 197 53 53 848 529 436 180 938 111 835 77 385 213 314 399 250 28 553 1771 382 115
leaf_count=821 453 112 162 479 772 267 482 165 46 197 53 53 848 529 436 180 938 111 835 77 385 213 314 399 250 28 553 1771 382 115
internal_value=0 -0.0152938 0.00477599 0.0135482 -0.00134049 0.0207873 0.00154685 0.00579037 0.00184977 0.00609385 0.0176283 0.0125156 -0.02348 -0.00165068 0.00585861 -0.0119718 -0.00633219 0.016366 0.0126598 0.0105367 0.0155202 0.00851563 0.0184164 -0.0283462 -0.0235719 0.0125178 0.0221883 0.000920871 0.00611461 -0.0130268
internal_weight=0 2957 9469 3890 5579 2403 4807 827 1487 3048 2136 662 2130 1325 796 633 1759 2083 1604 1493 1080 695 360 1497 1098 1416 581 1968 550 168
internal_count=12426 2957 9469 3890 5579 2403 4807 827 1487 3048 2136 662 2130 1325 796 633 1759 2083 1604 1493 1080 695 360 1497 1098 1416 581 1968 550 168
shrinkage=0.1


Tree=4
num_leaves=31
num_cat=0
split_feature=2 0 0 2 0 1 13 2 2 3 3 12 6 9 15 4 15 13 0 9 15 9 1 8 10 8 14 11 8 5
split_gain=75.9821 46.2947 39.1202 21.8445 19.2159 15.9342 13.9736 13.3478 12.9625 13.0823 12.6081 11.7543 11.7537 11.347 10.265 10.4333 10.0499 10.86 9.78314 9.68464 9.60521 9.64686 9.60066 10.7017 9.44552 9.10184 9.05435 8.98313 8.8994 8.84893
threshold=26.500000000000004 33.500000000000007 29.500000000000004 34.500000000000007 17.500000000000004 7.5000000000000009 1.0000000180025095e-35 43.500000000000007 19.500000000000004 8.5000000000000018 15.500000000000002 1.5000000000000002 1.5000000000000002 12.500000000000002 6.5000000000000009 2.5000000000000004 7.5000000000000009 5.5000000000000009 40.500000000000007 40.500000000000007 3.5000000000000004 43.500000000000007 12.500000000000002 21.500000000000004 3.5000000000000004 23.500000000000004 6.5000000000000009 2.5000000000000004 23.500000000000004 2.5000000000000004
decision_type=2 2 2 2 2 2 2 2 2 2 2 2 2 2 2 2 2 2 2 2 2 2 2 2 2 2 2 2 2 2
left_child=2 3 4 6 20 16 -2 11 14 -10 13 27 18 -8 15 -6 -4 25 -13 -15 -1 28 23 -5 29 -18 -20 -3 -22 -16
right_child=1 7 5 22 8 -7 10 -9 9 -11 -12 12 -14 19 24 -17 17 -19 26 -21 21 -23 -24 -25 -26 -27 -28 -29 -30 -31
leaf_value=0.0049408478232530447 0.022466938197612765 0.07085464823246003 0.023009317164246184 -0.020809963712379215 0.014228875672372941 0.033183735410535813 -0.01078191215734106 -0.019072938760121665 0.0069429587647919693 -0.0090056951264388691 -0.023215969571279825 -0.024780540900423351 0.013789035843428062 0.014226345549601827 0.0015563599224928972 0.039746834916066905 0.014584594640602062 -0.0078194264973323029 0.074292336759113134 -0.034478383219760399 -0.0086465637804417125 0.039500053392516249 -0.0096276741793107756 -0.039911609988084573 -0.01497101720129506 0.084964854092825032 -0.0035074984798064597 0.02092476473298184 -0.031107897921042012 0.023160913322980588
leaf_weight=520 140 50 472 853 597 608 1091 165 1488 786 545 173 659 363 455 219 147 332 21 46 890 36 398 447 178 21 52 129 220 325
leaf_count=520 140 50 472 853 597 608 1091 165 1488 786 545 173 659 363 455 219 147 332 21 46 890 36 398 447 178 21 52 129 220 325
internal_value=0 -0.00932244 0.00655919 -0.0147091 0.00270817 0.0204862 -0.00809714 0.00742409 0.00642847 0.00143036 -0.0101895 0.0114573 0.00682618 -0.00545661 0.0128353 0.0210774 0.0125438 0.0026643 -0.0118264 0.00874855 -0.00633129 -0.0114461 -0.0232174 -0.027378 0.00581482 0.0233821 0.0188733 0.0348717 -0.0130984 0.0105583
internal_weight=0 5132 7294 3883 5714 1580 2185 1249 4048 2274 2045 1084 905 1500 1774 816 972 500 246 409 1666 1146 1698 1300 958 168 73 179 1110 780
internal_count=12426 5132 7294 3883 5714 1580 2185 1249 4048 2274 2045 1084 905 1500 1774 816 972 500 246 409 1666 1146 1698 1300 958 168 73 179 1110 780
shrinkage=0.1


Tree=5
num_leaves=31
num_cat=0
split_feature=2 0 0 2 0 0 1 1 13 1 11 6 10 3 3 6 2 3 9 0 1 12 11 14 8 15 13 0 12 8
split_gain=61.5455 38.5661 31.6873 20.7851 16.2598 15.5649 14.1908 12.9067 12.4033 12.3803 10.8028 12.4199 10.5232 10.5062 10.3531 9.66446 9.24249 9.43807 8.48644 11.5125 9.2011 8.1223 7.83189 10.0985 7.77447 7.7297 7.88419 9.53638 7.71303 7.48751
threshold=26.500000000000004 38.500000000000007 29.500000000000004 43.500000000000007 26.500000000000004 17.500000000000004 1.0000000180025095e-35 7.5000000000000009 1.0000000180025095e-35 5.5000000000000009 1.5000000000000002 1.5000000000000002 1.5000000000000002 4.5000000000000009 7.5000000000000009 1.5000000000000002 19.500000000000004 8.5000000000000018 10.500000000000002 26.500000000000004 8.5000000000000018 2.5000000000000004 2.5000000000000004 32.500000000000007 20.500000000000004 5.5000000000000009 5.5000000000000009 42.500000000000007 4.5000000000000009 4.5000000000000009
decision_type=2 2 2 2 2 2 2 2 2 2 2 2 2 2 2 2 2 2 2 2 2 2 2 2 2 2 2 2 2 2
left_child=2 3 5 4 8 22 -3 15 -2 13 -11 -12 -7 -6 -10 -4 -14 21 -19 20 -20 -18 -1 28 -16 -17 -27 -28 -24 -13
right_child=1 6 7 -5 9 12 -8 -9 14 10 11 29 16 -15 24 25 17 18 19 -21 -22 -23 23 -25 -26 26 27 -29 -30 -31
leaf_value=0.0012243934327905829 0.011733947042933481 -0.012984449888618899 -0.009073282901118411 -0.032016951925224732 0.0094811057201539626 0.016907416862749613 0.022950847048327755 0.029865361799142866 -0.008912386186607368 0.055131450159983199 -0.01971485057297875 -0.019728353745500807 0.0095015176397039765 -0.017062385960031821 -0.017016269624942827 0.029347232928578285 0.0087366035147761166 -0.022229184115186651 -0.020137536916576451 0.035880594203869506 0.029052782182892162 -0.0091643597471679876 -0.013511484456544667 0.018401562850526038 -0.033732712566136171 0.026662757831466634 -0.0057367704339966871 0.050125473934937929 -0.052419430125843394 0.014796473476864878
leaf_weight=825 167 142 188 450 198 703 486 608 999 44 170 71 1438 604 840 284 926 329 183 72 48 349 692 94 416 164 302 34 55 545
leaf_count=825 167 142 188 450 198 703 486 608 999 44 170 71 1438 604 840 284 926 329 183 72 48 349 692 94 416 164 302 34 55 545
internal_value=0 -0.0083902 0.00590327 -0.0116272 -0.00936388 0.00243736 0.0148253 0.0184376 -0.0145625 -0.00164877 0.0069128 0.00421354 0.00578562 -0.0105093 -0.01651 0.0112894 0.00344822 -0.00111636 -0.0111086 0.000966228 -0.00991617 0.00383665 -0.00569817 -0.012489 -0.0225529 0.0161723 0.00868891 -8.40433e-05 -0.0163762 0.0108172
internal_weight=0 5132 7294 4504 4054 5714 628 1580 2422 1632 830 786 4048 802 2255 972 3345 1907 632 303 231 1275 1666 841 1256 784 500 336 747 616
internal_count=12426 5132 7294 4504 4054 5714 628 1580 2422 1632 830 786 4048 802 2255 972 3345 1907 632 303 231 1275 1666 841 1256 784 500 336 747 616
shrinkage=0.1


Tree=6
num_leaves=31
num_cat=0
split_feature=2 1 0 0 2 3 6 12 13 6 0 5 0 14 2 3 14 13 8 9 15 0 3 15 1 9 15 13 2 1
split_gain=51.5076 31.4092 29.9881 18.5749 16.0588 16.0356 14.7101 12.9354 11.475 12.4893 11.3395 10.7465 10.7433 11.7315 10.9788 9.25943 9.14465 8.85854 9.61172 8.6966 11.6166 9.61694 8.65209 8.013 7.81933 7.77647 8.5409 7.54551 7.07972 8.48082
threshold=32.500000000000007 6.5000000000000009 29.500000000000004 33.500000000000007 45.500000000000007 16.500000000000004 2.5000000000000004 1.0000000180025095e-35 4.5000000000000009 1.5000000000000002 44.500000000000007 1.5000000000000002 17.500000000000004 7.5000000000000009 13.500000000000002 20.500000000000004 4.5000000000000009 1.5000000000000002 30.500000000000004 8.5000000000000018 7.5000000000000009 39.500000000000007 16.500000000000004 6.5000000000000009 20.500000000000004 9.5000000000000018 9.5000000000000018 5.5000000000000009 24.500000000000004 20.500000000000004
decision_type=2 2 2 2 2 2 2 2 2 2 2 2 2 2 2 2 2 2 2 2 2 2 2 2 2 2 2 2 2 2
left_child=1 5 16 7 10 6 12 -3 15 -10 19 -7 13 14 -1 -9 24 18 -8 21 22 -4 -21 -19 -2 -14 -27 -11 -29 -30
right_child=2 3 4 -5 -6 11 17 8 9 27 -12 -13 25 -15 -16 -17 -18 23 -20 20 -22 -23 -24 -25 -26 26 -28 28 29 -31
leaf_value=0.070599765127355413 -0.011344954835982459 0.0392133089248091 -0.019121239805708127 0.028423071323561585 -0.031500737326485777 -0.050308292848723284 0.021301562672284381 0.021039584891453078 -0.019146971311806645 -0.019617343878527302 0.034615946827190262 -0.0095076426145542098 -0.0017769735080334589 -0.02198041780826715 -0.0024530427501028647 -0.017300787568092345 -0.024784499522575665 0.014072341548710305 0.094026107788085941 0.043794499881683838 -0.0019783588210541998 0.022608391151708717 0.0038267700923116585 -9.6978870510637701e-05 0.052435555458068855 0.017477606632017643 -0.0083905767777870451 0.013141434367120614 -0.0081569130333621863 0.038859142259109858
leaf_weight=22 494 128 294 566 140 70 199 629 241 109 112 830 2306 483 317 70 1210 747 20 126 398 68 95 857 20 479 174 823 356 43
leaf_count=22 494 128 294 566 140 70 199 629 241 109 112 830 2306 483 317 70 1210 747 20 126 398 68 95 857 20 479 174 823 356 43
internal_value=0 0.00359785 -0.0115212 0.012128 0.000386758 -0.000290792 0.00169907 0.00828342 0.00654012 0.00180011 0.00447116 -0.012681 -0.00185846 -0.011972 0.00228785 0.0172001 -0.0200377 0.0090776 0.0279431 0.00102955 0.00822983 -0.0112825 0.0266138 0.00650183 -0.00886322 0.000951035 0.0105847 0.00559293 0.00784164 -0.00309002
internal_weight=0 9469 2957 2965 1233 6504 5604 2399 2271 1572 1093 900 3781 822 339 699 1724 1823 219 981 619 362 221 1604 514 2959 653 1331 1222 399
internal_count=12426 9469 2957 2965 1233 6504 5604 2399 2271 1572 1093 900 3781 822 339 699 1724 1823 219 981 619 362 221 1604 514 2959 653 1331 1222 399
shrinkage=0.1


Tree=7
num_leaves=31
num_cat=0
split_feature=2 0 3 0 1 13 12 6 2 0 11 3 14 9 1 0 11 0 6 11 2 10 7 13 8 12 2 7 8 11
split_gain=42.6959 33.4172 22.5767 20.7007 12.2725 11.3042 10.4383 13.4246 10.3301 10.2892 10.7836 9.28549 10.5575 8.30966 8.78353 8.29633 8.17212 7.51153 8.29955 7.79554 7.36817 7.36406 7.63387 7.2808 7.12573 8.48415 8.29225 6.89287 9.22591 6.82321
threshold=24.500000000000004 36.500000000000007 8.5000000000000018 28.500000000000004 1.5000000000000002 9.5000000000000018 1.5000000000000002 1.5000000000000002 40.500000000000007 24.500000000000004 1.5000000000000002 11.500000000000002 32.500000000000007 3.5000000000000004 12.500000000000002 43.500000000000007 2.5000000000000004 29.500000000000004 1.5000000000000002 3.5000000000000004 45.500000000000007 1.5000000000000002 26.500000000000004 1.5000000000000002 17.500000000000004 3.5000000000000004 27.500000000000004 13.500000000000002 5.5000000000000009 2.5000000000000004
decision_type=2 2 2 2 2 2 2 2 2 2 2 2 2 2 2 2 2 2 2 2 2 2 2 2 2 2 2 2 2 2
left_child=3 2 5 6 -3 13 7 -1 9 -4 -11 12 -8 24 -15 27 -13 18 -7 -19 -6 22 23 -12 25 26 -2 -5 -29 -9
right_child=1 4 8 15 20 17 11 29 -10 10 21 16 -14 14 -16 -17 -18 19 -20 -21 -22 -23 -24 -25 -26 -27 -28 28 -30 -31
leaf_value=-0.00078975339548303458 0.025216162723043691 -0.0075311399024465811 -0.019443262159933042 0.0088481449241075549 0.021192791893207257 -0.039882050429360348 0.0025653944549928038 0.053131822237343189 -0.02860183885861789 0.039179998051886468 0.061563384905457499 0.0016447437785522283 0.034921133998208322 0.0035923238212081988 0.028457981024880008 0.043428380721632173 -0.016187318285692084 0.015546978597587111 -0.010905626372163519 -0.025414137613205684 -0.018318467163572126 -0.011627043787102111 -0.045068841888791039 0.0075826752081251982 -0.038498554706573485 0.047672797071522686 -0.024663419171798331 0.00076693796194516695 0.03190485382793655 0.0185803478039228
leaf_weight=218 46 253 1097 928 633 118 3325 102 496 51 32 513 104 985 166 102 515 177 609 63 51 867 21 114 75 29 121 130 355 130
leaf_count=218 46 253 1097 928 633 118 3325 102 496 51 32 513 104 985 166 102 515 177 609 63 51 867 21 114 75 29 121 130 355 130
internal_value=0 -0.00606237 -0.00927055 0.00566777 0.0112865 -0.00220328 0.00251309 0.0170283 -0.0155751 -0.012614 -0.00570918 0.00104757 0.00354673 0.00346924 0.00717851 0.0158856 -0.00728863 -0.0105449 -0.0156088 0.00479469 0.0182468 -0.00792325 0.0113054 0.0194141 -0.0122849 -0.00225418 -0.0109241 0.0138974 0.0235586 0.0337711
internal_weight=0 6004 5067 6422 937 2389 4907 450 2678 2182 1085 4457 3429 1422 1151 1515 1028 967 727 240 684 1034 167 146 271 196 167 1413 485 232
internal_count=12426 6004 5067 6422 937 2389 4907 450 2678 2182 1085 4457 3429 1422 1151 1515 1028 967 727 240 684 1034 167 146 271 196 167 1413 485 232
shrinkage=0.1


Tree=8
num_leaves=31
num_cat=0
split_feature=2 1 0 0 3 3 14 2 5 0 6 11 15 15 0 5 1 9 11 3 15 2 1 15 7 9 8 3 8 13
split_gain=36.2077 26.3363 17.6313 14.8778 14.8191 13.0614 12.9319 12.1085 10.6443 10.6368 9.69736 9.48943 9.16169 8.86097 8.75663 8.52567 8.24668 7.99532 7.77317 7.73129 7.65923 8.26548 7.44001 7.43116 8.26437 7.01532 6.99987 6.96508 6.86382 6.61507
threshold=33.500000000000007 6.5000000000000009 38.500000000000007 24.500000000000004 16.500000000000004 7.5000000000000009 11.500000000000002 22.500000000000004 2.5000000000000004 19.500000000000004 2.5000000000000004 1.5000000000000002 26.500000000000004 7.5000000000000009 21.500000000000004 1.5000000000000002 29.500000000000004 10.500000000000002 2.5000000000000004 2.5000000000000004 5.5000000000000009 16.500000000000004 21.500000000000004 10.500000000000002 5.5000000000000009 5.5000000000000009 40.500000000000007 1.5000000000000002 19.500000000000004 4.5000000000000009
decision_type=2 2 2 2 2 2 2 2 2 2 2 2 2 2 2 2 2 2 2 2 2 2 2 2 2 2 2 2 2 2
left_child=1 4 6 5 9 22 11 14 -4 28 17 -2 26 -12 18 -6 23 20 -7 -15 21 -11 -3 24 -5 -8 -10 -13 -1 -25
right_child=2 3 8 16 15 7 25 -9 12 10 13 27 -14 19 -16 -17 -18 -19 -20 -21 -22 -23 -24 29 -26 -27 -28 -29 -30 -31
leaf_value=-0.0019201481720757863 0.029686204195022582 0.0092343813929934085 -0.016619459137452386 0.0060538481050562637 -0.045126108029117325 0.014986173808574678 -0.038610027138501 -0.019667861819936988 0.031481230788760715 0.025202676765620709 0.020858180681161121 0.0054997434891552567 -0.029685040314992268 0.0208649061454667 0.034805653279735928 -0.0095561063555005474 0.048872106808882494 0.012275620572313756 -0.020640762039452545 -0.0038278607082811549 -0.0077663393320402067 0.0005004651515427154 0.046703557068841502 0.023505161123143305 0.029324667391024142 -0.018034579391521505 -0.03025239944458008 -0.013042842050393423 -0.017022829614980247 0.0028840644218081197
leaf_weight=1575 65 754 113 214 73 124 219 356 225 160 565 251 33 180 84 876 78 499 121 429 1065 883 57 216 532 681 20 1050 372 556
leaf_count=1575 65 754 113 214 73 124 219 356 225 160 565 251 33 180 84 876 78 499 121 429 1065 883 57 216 532 681 20 1050 372 556
internal_value=0 0.00281518 -0.0103506 0.0104452 -0.00071813 0.00328041 -0.0137344 -0.00688661 0.00925991 0.00119944 0.00429175 -0.00760245 0.0197792 0.0118385 0.00694355 -0.0122923 0.017161 0.000893257 -0.00260917 0.00347049 -0.00180114 0.00428987 0.0118678 0.0155316 0.0226491 -0.0230413 0.0264418 -0.00946545 -0.00480571 0.0086537
internal_weight=0 9769 2657 3092 6677 1496 2266 685 391 5728 3781 1366 278 1174 329 949 1596 2607 245 609 2108 1043 811 1518 746 900 245 1301 1947 772
internal_count=12426 9769 2657 3092 6677 1496 2266 685 391 5728 3781 1366 278 1174 329 949 1596 2607 245 609 2108 1043 811 1518 746 900 245 1301 1947 772
shrinkage=0.1


Tree=9
num_leaves=31
num_cat=0
split_feature=6 12 0 2 11 3 9 2 1 15 0 8 11 2 2 7 9 1 1 10 9 13 2 2 13 0 7 1 5 15
split_gain=30.4673 32.9283 22.1903 23.1248 14.8557 14.8131 11.9433 11.7227 11.1424 10.4088 10.1581 9.66627 8.95151 8.67515 8.40098 8.33244 10.0689 8.11347 8.02092 7.95901 7.74675 7.25761 7.19578 6.54042 6.83118 7.95317 6.47327 6.51926 6.28686 6.24033
threshold=1.5000000000000002 1.5000000000000002 28.500000000000004 32.500000000000007 2.5000000000000004 15.500000000000002 9.5000000000000018 45.500000000000007 3.5000000000000004 10.500000000000002 39.500000000000007 13.500000000000002 2.5000000000000004 15.500000000000002 43.500000000000007 4.5000000000000009 17.500000000000004 1.0000000180025095e-35 23.500000000000004 2.5000000000000004 6.5000000000000009 1.5000000000000002 25.500000000000004 18.500000000000004 11.500000000000002 33.500000000000007 8.5000000000000018 7.5000000000000009 1.5000000000000002 17.500000000000004
decision_type=2 2 2 2 2 2 2 2 2 2 2 2 2 2 2 2 2 2 2 2 2 2 2 2 2 2 2 2 2 2
left_child=10 4 3 5 -2 6 22 8 13 15 11 12 20 -4 28 16 19 -12 23 -10 -1 -15 -3 24 -11 -26 27 -19 -6 -23
right_child=1 2 7 -5 14 -7 -8 -9 9 18 17 -13 -14 21 -16 -17 -18 26 -20 -21 -22 29 -24 -25 25 -27 -28 -29 -30 -31
leaf_value=0.010370989777940385 0.03831893168992595 0.00061541487933736497 0.025622493389881019 -0.01586930723365294 -0.022232440823600406 -0.01297925997634149 0.0088014816351791973 -0.026615221205578056 0.0082972922745872951 0.038036861697446959 -0.023706115796869875 -0.021085436595491617 -0.015503258995699366 0.025359151169155422 -0.027525185720593322 0.031651821432583341 0.03884681816828453 -0.03295095201694604 0.035078888701409412 -0.047918331474065781 -0.01427483694541022 -0.00048396303835842349 -0.012044968795688714 -0.00018296880172748194 -0.03865379020571709 0.033015038967132572 0.038045402864615128 0.038322779678163083 0.018049188274145127 -0.022504928839281672
leaf_weight=376 309 2569 132 1090 42 754 1712 93 68 103 51 830 599 89 51 467 59 33 97 40 193 675 544 612 32 30 96 21 500 159
leaf_count=376 309 2569 132 1090 42 754 1712 93 68 103 51 830 599 89 51 467 59 33 97 40 193 675 544 612 32 30 96 21 500 159
internal_value=0 0.0022961 0.000531322 -0.00254719 0.0205406 5.56215e-05 0.00209257 0.00826122 0.00952674 0.0150417 -0.0106786 -0.0128343 -0.00697089 0.00164377 0.0112766 0.0247963 0.00562542 0.01075 0.00796568 -0.0125233 0.00201133 -0.00178548 -0.001597 0.00458089 0.0222505 -0.00397532 0.022465 -0.00523339 0.0149277 -0.0046822
internal_weight=0 10227 9325 6669 902 5579 4825 2656 2563 1508 2199 1998 1168 1055 593 634 167 201 874 108 569 923 3113 777 165 62 150 54 542 834
internal_count=12426 10227 9325 6669 902 5579 4825 2656 2563 1508 2199 1998 1168 1055 593 634 167 201 874 108 569 923 3113 777 165 62 150 54 542 834
shrinkage=0.1


Tree=10
num_leaves=31
num_cat=0
split_feature=2 0 0 0 3 9 10 9 1 1 15 13 9 7 4 5 9 14 7 2 0 15 7 2 1 7 14 13 11 5
split_gain=25.7967 17.1014 16.3065 11.8456 11.7976 10.6057 9.49485 8.61017 8.83994 8.15227 8.10954 7.60248 7.45669 7.79836 6.67362 6.88936 6.64291 6.53476 6.83854 6.52468 7.77363 6.40707 8.93013 10.446 6.9083 6.77672 6.27004 8.00504 6.16238 6.97176
threshold=26.500000000000004 19.500000000000004 38.500000000000007 41.500000000000007 14.500000000000002 8.5000000000000018 1.5000000000000002 27.500000000000004 13.500000000000002 1.0000000180025095e-35 3.5000000000000004 11.500000000000002 14.500000000000002 1.5000000000000002 1.5000000000000002 3.5000000000000004 46.500000000000007 7.5000000000000009 7.5000000000000009 42.500000000000007 17.500000000000004 6.5000000000000009 11.500000000000002 21.500000000000004 2.5000000000000004 27.500000000000004 32.500000000000007 1.0000000180025095e-35 1.5000000000000002 1.5000000000000002
decision_type=2 2 2 2 2 2 2 2 2 2 2 2 2 2 2 2 2 2 2 2 2 2 2 2 2 2 2 2 2 2
left_child=1 10 4 6 5 17 -3 8 12 -4 -1 16 13 -7 15 -14 26 18 -2 20 -16 22 28 -24 25 -23 27 -12 -8 -30
right_child=2 3 9 -5 -6 7 21 -9 -10 -11 11 -13 14 -15 19 -17 -18 -19 -20 -21 -22 24 23 -25 -26 -27 -28 -29 29 -31
leaf_value=0.005096563799627897 -0.016931283837966337 0.015729041296816383 -0.011414334261921091 0.03000197519509611 -0.014536666146427908 0.048571513020075285 0.037243314473717301 -0.013621749880050849 0.024734097297598678 0.015822515934092517 -0.033882582252440251 -0.018584449575581682 -0.027505384191222816 -0.0074069923562560362 -0.0071607509203124465 0.024655878841876984 0.05015727203825246 -0.017214633332799316 0.0028430291851663774 -0.028042707681655885 0.03465585770583389 -0.0043121887431682455 0.031998231320856364 0.001135795766657049 0.0040496365461270122 -0.034644153749241548 0.032417025831010603 -0.0030135849454163768 -0.049542949676513674 0.0038179702479831296
leaf_weight=783 262 843 142 217 1569 26 54 281 205 486 92 436 69 581 57 40 23 661 526 25 202 552 291 176 1517 85 45 967 25 1188
leaf_count=783 262 843 142 217 1569 26 54 281 205 486 92 436 69 581 57 40 23 661 526 25 202 552 291 176 1517 85 45 967 25 1188
internal_value=0 0.00382188 -0.00543195 0.00715601 -0.00753678 -0.00379477 0.00610812 0.00214118 0.00581702 0.00966387 -0.00321021 -0.00737157 0.00193901 -0.00500923 0.0126708 -0.00836364 -0.00303367 -0.00988229 -0.00373168 0.0207438 0.025453 0.0040221 0.00854654 0.020367 0.00037986 -0.00835963 -0.00414182 -0.00569531 0.00418967 0.0027182
internal_weight=0 7294 5132 4948 4504 2935 4731 1486 1205 628 2346 1563 1000 607 393 109 1127 1449 788 284 259 3888 1734 467 2154 637 1104 1059 1267 1213
internal_count=12426 7294 5132 4948 4504 2935 4731 1486 1205 628 2346 1563 1000 607 393 109 1127 1449 788 284 259 3888 1734 467 2154 637 1104 1059 1267 1213
shrinkage=0.1


Tree=11
num_leaves=31
num_cat=0
split_feature=6 12 0 2 11 10 14 1 2 7 0 13 13 11 10 2 9 14 2 9 14 0 9 10 5 15 9 11 15 0
split_gain=23.3354 25.9137 16.6483 17.4456 11.9931 9.55005 9.86182 9.82267 7.68483 6.83398 8.49415 8.4618 8.24924 6.68339 8.97376 6.66707 6.54644 10.6037 6.51521 6.43407 6.29453 7.17928 6.69 6.8953 6.68934 8.33442 5.84403 5.71413 5.56252 6.09879
threshold=1.5000000000000002 1.5000000000000002 33.500000000000007 24.500000000000004 2.5000000000000004 2.5000000000000004 5.5000000000000009 3.5000000000000004 37.500000000000007 7.5000000000000009 40.500000000000007 1.5000000000000002 36.500000000000007 2.5000000000000004 1.0000000180025095e-35 43.500000000000007 1.5000000000000002 4.5000000000000009 43.500000000000007 8.5000000000000018 46.500000000000007 17.500000000000004 46.500000000000007 1.0000000180025095e-35 2.5000000000000004 13.500000000000002 27.500000000000004 2.5000000000000004 3.5000000000000004 16.500000000000004
decision_type=2 2 2 2 2 2 2 2 2 2 2 2 2 2 2 2 2 2 2 2 2 2 2 2 2 2 2 2 2 2
left_child=8 4 3 20 -2 6 -5 -7 9 12 11 -11 16 -8 19 -4 17 -1 -6 -15 21 27 23 -23 25 -25 -9 28 29 -3
right_child=1 2 15 5 18 7 13 26 -10 10 -12 -13 -14 14 -16 -17 -18 -19 -20 -21 -22 22 -24 24 -26 -27 -28 -29 -30 -31
leaf_value=0.061597392797470098 0.03416833473930081 0.0077545530227727671 0.012595757529034003 0.0063381317246462652 0.013086081210977478 -0.022826942766706149 0.0033708124146985181 -0.0015238439011725652 -0.021863295193622238 0.022687703143982663 0.029177020762751745 -0.007237594738855201 0.044265038552491559 -0.023994838860299853 -0.017815388462341559 -0.013738996506883547 -0.021924489936414791 -0.010431889630854131 -0.024299725130492569 0.026272347843509982 0.031184504847777517 0.027940192347764972 -0.047027474880218509 0.0031429092300699112 0.010084566991968916 -0.015216369641367151 -0.023149647621008067 -0.011758797554223946 -0.0046452061589715519 0.05354857053075518
leaf_weight=25 309 172 1271 783 542 600 346 628 401 105 82 944 23 36 673 104 507 112 51 87 76 125 25 1786 1160 287 156 569 406 35
leaf_count=25 309 172 1271 783 542 600 346 628 401 105 82 944 23 36 673 104 507 112 51 87 76 125 25 1786 1160 287 156 569 406 35
internal_value=0 0.00200947 0.000443905 -0.00131333 0.0181944 -0.00686108 -0.00230588 -0.0131969 -0.00934552 -0.00655374 -0.00181924 -0.00424221 -0.0145818 -0.00823255 -0.0132762 0.0106039 -0.0166835 0.00271214 0.00987078 0.01156 0.00264218 0.002167 0.00451111 0.00489481 0.00400378 0.000601128 -0.00582694 -0.00454207 0.00215665 0.0154975
internal_weight=0 10227 9325 7950 902 3309 1925 1384 2199 1798 1131 1049 667 1142 796 1375 644 137 593 123 4641 4565 3383 3358 3233 2073 784 1182 613 207
internal_count=12426 10227 9325 7950 902 3309 1925 1384 2199 1798 1131 1049 667 1142 796 1375 644 137 593 123 4641 4565 3383 3358 3233 2073 784 1182 613 207
shrinkage=0.1


Tree=12
num_leaves=31
num_cat=0
split_feature=12 11 9 2 1 1 2 6 0 0 8 6 3 12 4 13 6 10 5 0 14 7 11 2 10 14 14 2 0 4
split_gain=20.9071 14.7006 15.9406 13.7354 12.8918 11.8593 11.3241 10.7397 8.88073 8.44528 8.34117 7.57677 12.6558 7.26663 7.41301 7.09558 7.04968 6.2803 6.18403 6.855 6.64302 6.17405 5.92045 5.82449 5.70957 5.65906 5.5626 5.41563 5.32643 5.36998
threshold=2.5000000000000004 2.5000000000000004 9.5000000000000018 43.500000000000007 19.500000000000004 3.5000000000000004 16.500000000000004 3.5000000000000004 40.500000000000007 24.500000000000004 36.500000000000007 2.5000000000000004 16.500000000000004 1.0000000180025095e-35 1.5000000000000002 1.5000000000000002 1.0000000180025095e-35 1.5000000000000002 1.5000000000000002 19.500000000000004 1.5000000000000002 10.500000000000002 4.5000000000000009 37.500000000000007 1.0000000180025095e-35 26.500000000000004 32.500000000000007 20.500000000000004 6.5000000000000009 1.5000000000000002
decision_type=2 2 2 2 2 2 2 2 2 2 2 2 2 2 2 2 2 2 2 2 2 2 2 2 2 2 2 2 2 2
left_child=1 9 16 5 6 7 8 -4 -2 24 17 18 15 -11 21 -13 26 22 19 -8 -20 27 -7 -6 -1 -12 -3 -15 -17 -30
right_child=4 2 3 -5 23 10 11 -9 -10 13 25 12 -14 14 -16 28 -18 -19 20 -21 -22 -23 -24 -25 -26 -27 -28 -29 29 -31
leaf_value=0.032929311168025915 0.0024020927293496508 -0.028717501588802243 0.0062814307299632471 -0.027760194017077397 0.023118321225047114 0.04607579998828315 -0.052341031665737572 -0.025282295742263535 0.053655144316809525 0.044316786843187669 -0.027130272590062201 0.01974780384412746 -0.016036580101157841 0.011796110143532625 0.018667154811609629 -0.033103486652276956 -0.0043751524552880297 0.015112635148658815 0.0086248344808652257 -0.0083587659194188976 -0.011267706640145177 0.032969899120784942 0.0054870824639995895 -0.0064753323469472967 0.0040148975836172378 0.019906650665329723 0.023225264575170435 -0.022768562369876441 -0.010763146612379287 0.0043561212912008361
leaf_weight=71 992 199 412 106 240 143 74 146 35 85 68 194 534 74 753 49 1680 614 181 68 2315 42 48 92 1791 41 23 117 315 924
leaf_count=71 992 199 412 106 240 143 74 146 35 85 68 194 534 74 753 49 1680 614 181 68 2315 42 48 92 1791 41 23 117 315 924
internal_value=0 0.00397188 -0.000423567 0.00700687 -0.0042361 0.00951048 -0.00535545 -0.00197718 0.00414879 0.00918707 0.0165237 -0.00745276 -0.00283724 0.0162624 0.0138439 0.0019188 -0.00658825 0.020039 -0.01098 -0.0312791 -0.00982518 -0.00174366 0.0358755 0.0149177 0.00511743 -0.00943748 -0.023336 -0.00937701 -0.00076662 0.00051224
internal_weight=0 6413 3480 1578 6013 1472 5681 558 1027 2933 914 4654 2016 1071 986 1482 1902 805 2638 142 2496 233 191 332 1862 109 222 191 1288 1239
internal_count=12426 6413 3480 1578 6013 1472 5681 558 1027 2933 914 4654 2016 1071 986 1482 1902 805 2638 142 2496 233 191 332 1862 109 222 191 1288 1239
shrinkage=0.1


Tree=13
num_leaves=31
num_cat=0
split_feature=2 1 0 4 15 0 5 12 13 0 0 11 11 12 3 14 13 0 9 2 2 7 6 15 5 8 1 3 9 12
split_gain=18.0539 15.2616 12.4844 11.6308 9.52528 8.7454 9.52347 8.39402 8.34264 7.18472 6.88785 6.85703 6.8377 6.81306 6.42908 8.08185 6.35106 7.39237 6.24801 5.93312 5.88481 6.96537 5.53063 6.13302 5.52882 6.9569 5.71308 5.46342 5.96512 6.33928
threshold=32.500000000000007 3.5000000000000004 22.500000000000004 2.5000000000000004 2.5000000000000004 15.500000000000002 2.5000000000000004 5.5000000000000009 3.5000000000000004 36.500000000000007 44.500000000000007 2.5000000000000004 2.5000000000000004 1.5000000000000002 13.500000000000002 32.500000000000007 9.5000000000000018 37.500000000000007 13.500000000000002 6.5000000000000009 14.500000000000002 6.5000000000000009 1.5000000000000002 4.5000000000000009 4.5000000000000009 39.500000000000007 14.500000000000002 4.5000000000000009 7.5000000000000009 2.5000000000000004
decision_type=2 2 2 2 2 2 2 2 2 2 2 2 2 2 2 2 2 2 2 2 2 2 2 2 2 2 2 2 2 2
left_child=1 4 -2 13 12 -5 19 11 9 14 22 -8 -1 18 15 -6 -13 -18 -3 -7 -10 -22 -4 27 25 -25 -26 -24 -29 -30
right_child=2 3 10 5 8 6 7 -9 20 -11 -12 16 -14 -15 -16 -17 17 -19 -20 -21 21 -23 23 24 26 -27 -28 28 29 -31
leaf_value=0.012508509907336048 -0.015965985437674867 0.0077194057357539043 -0.012850477685773277 -0.0043136182907368807 0.0037859095407551842 0.06162537425756455 0.038793170666694646 -0.037245135144753888 0.0037422465092224601 0.042234787992809136 0.020039435670926021 0.031035565502905961 -0.0022995474504544432 0.00043948370292250406 -0.015992674520521454 0.059698353431842946 -0.0033473550940359108 0.035179763600446175 0.037605941130055325 0.006474950310553975 -0.019607807765497226 -0.0064126702704352962 0.03451173687126579 -0.0036789843054652349 0.0038233958397592819 -0.035189919526639739 0.057972369370637114 -0.030683961287140848 0.026521941045155897 -0.017731075083955807
leaf_weight=654 992 314 492 267 608 20 250 22 382 46 130 209 596 2659 165 27 179 69 90 791 535 1586 82 897 70 76 27 40 104 47
leaf_count=654 992 314 492 267 608 20 250 22 382 46 130 209 596 2659 165 27 179 69 90 791 535 1586 82 897 70 76 27 40 104 47
internal_value=0 0.00213007 -0.00682098 0.00603142 -0.00200117 0.012394 0.0152907 0.0235851 -0.00478156 0.00380342 -0.00220426 0.025478 0.00544803 0.00227784 0.00159362 0.00616329 0.018194 0.00737188 0.0143773 0.00783501 -0.00768323 -0.00974101 -0.00378011 -0.000457234 -0.00387065 -0.00614027 0.0188958 0.0129213 0.00365216 0.0127478
internal_weight=0 9469 2957 4870 4599 1807 1540 729 3349 846 1965 707 1250 3063 800 635 457 248 404 811 2503 2121 1835 1343 1070 973 97 273 191 151
internal_count=12426 9469 2957 4870 4599 1807 1540 729 3349 846 1965 707 1250 3063 800 635 457 248 404 811 2503 2121 1835 1343 1070 973 97 273 191 151
shrinkage=0.1


Tree=14
num_leaves=31
num_cat=0
split_feature=6 12 0 2 3 11 8 9 11 8 8 15 1 8 5 7 8 5 6 15 2 10 7 9 10 1 2 1 7 7
split_gain=16.0937 16.8752 12.4441 13.2185 10.0288 8.28537 7.69111 9.13019 8.57257 8.51717 9.68765 7.56037 7.79656 7.30688 7.58028 7.81405 6.65345 12.0825 6.49769 6.29467 9.20873 6.92576 6.14355 7.51796 6.61235 5.98317 7.1804 5.71981 9.38068 5.70231
threshold=1.5000000000000002 1.5000000000000002 28.500000000000004 38.500000000000007 8.5000000000000018 2.5000000000000004 4.5000000000000009 8.5000000000000018 2.5000000000000004 29.500000000000004 20.500000000000004 10.500000000000002 3.5000000000000004 20.500000000000004 3.5000000000000004 27.500000000000004 13.500000000000002 3.5000000000000004 4.5000000000000009 1.5000000000000002 19.500000000000004 1.5000000000000002 4.5000000000000009 17.500000000000004 2.5000000000000004 20.500000000000004 16.500000000000004 7.5000000000000009 11.500000000000002 56.500000000000007
decision_type=2 2 2 2 2 2 2 2 2 2 2 2 2 2 2 2 2 2 2 2 2 2 2 2 2 2 2 2 2 2
left_child=16 5 3 4 6 -2 -3 8 9 10 -8 12 -4 14 19 27 17 29 -15 20 -6 -21 23 24 -14 26 -13 28 -16 -1
right_child=1 2 11 -5 13 -7 7 -9 -10 -11 -12 25 22 18 15 -17 -18 -19 -20 21 -22 -23 -24 -25 -26 -27 -28 -29 -30 -31
leaf_value=-0.0086451648651764846 0.028006657798892089 -0.0084361927496397118 0.003876549582234266 -0.018031673808976755 0.049605163992667685 0.0078112454579210211 0.0068234017628889827 0.010775530468999294 -0.0070428411137559398 0.054640587568283085 -0.035590612522342746 0.016246938432256382 0.0061544468297677884 -0.018960310876971545 -0.0092261871044663178 -0.028884499437279172 -0.014394400654626743 0.018107330881699718 0.028968427677949271 0.006107346848101919 -0.0024423894044515249 -0.011013937965167777 0.025157072954267081 0.03132545550664266 -0.045085125416517262 0.019838500320911407 -0.0046996636188100507 0.050619194554347616 0.042171156307061516 0.040648434559504197
leaf_weight=1058 309 554 644 472 49 593 975 1311 921 35 57 195 68 495 87 36 896 221 30 299 111 1126 481 60 40 150 1018 51 60 24
leaf_count=1058 309 554 644 472 49 593 975 1311 921 35 57 195 68 495 87 36 896 221 30 299 111 1126 481 60 40 150 1018 51 60 24
internal_value=0 0.00166879 0.000405422 -0.00189995 -0.000671266 0.0147296 0.00246644 0.00429731 2.52091e-05 0.00612612 0.00448077 0.00619403 0.0116718 -0.00582893 -0.00282942 0.0139715 -0.00776111 -0.00319977 -0.0162215 -0.00530981 0.0134972 -0.00742147 0.0194071 0.00294419 -0.0128232 0.000997557 -0.00133232 0.0217635 0.0117523 -0.00755178
internal_weight=0 10227 9325 6669 6197 902 3853 3299 1988 1067 1032 2656 1293 2344 1819 234 2199 1303 525 1585 160 1425 649 168 108 1363 1213 198 147 1082
internal_count=12426 10227 9325 6669 6197 902 3853 3299 1988 1067 1032 2656 1293 2344 1819 234 2199 1303 525 1585 160 1425 649 168 108 1363 1213 198 147 1082
shrinkage=0.1


Tree=15
num_leaves=31
num_cat=0
split_feature=2 0 12 1 11 6 4 10 9 6 9 3 5 9 7 13 7 11 0 3 3 0 3 2 1 0 13 0 0 1
split_gain=14.4512 15.2635 13.6612 10.2116 9.21791 10.7963 7.92542 7.23952 7.15553 7.14649 13.982 6.09689 6.92453 6.5566 5.95909 7.13548 7.47434 5.71075 5.7431 5.51514 5.51079 5.4176 5.38387 6.40138 7.98834 5.49773 5.12226 5.06086 4.99853 4.89851
threshold=43.500000000000007 40.500000000000007 2.5000000000000004 19.500000000000004 2.5000000000000004 1.0000000180025095e-35 1.5000000000000002 1.0000000180025095e-35 9.5000000000000018 2.5000000000000004 27.500000000000004 14.500000000000002 1.5000000000000002 20.500000000000004 13.500000000000002 11.500000000000002 16.500000000000004 3.5000000000000004 20.500000000000004 25.500000000000004 9.5000000000000018 33.500000000000007 4.5000000000000009 20.500000000000004 14.500000000000002 34.500000000000007 1.5000000000000002 21.500000000000004 17.500000000000004 1.0000000180025095e-35
decision_type=2 2 2 2 2 2 2 2 2 2 2 2 2 2 2 2 2 2 2 2 2 2 2 2 2 2 2 2 2 2
left_child=1 2 4 6 14 -6 26 27 22 -9 20 12 13 -10 -1 16 -16 18 -13 -20 21 -11 25 24 -24 -7 -4 -8 -14 -22
right_child=-2 -3 3 -5 5 8 7 9 11 10 -12 17 28 -15 15 -17 -18 -19 19 -21 29 -23 23 -25 -26 -27 -28 -29 -30 -31
leaf_value=0.0050717232519409796 -0.016061847757047682 0.015770721767202813 0.0048486423942278017 0.015542590937851947 -0.021838101973900431 0.00081534709036350261 -0.00016334710769282961 -0.0073634553953218045 0.012483354608217876 0.0088407863792927671 -0.016291186597294869 -0.020459200814366342 -0.0017785185926100788 -0.052589476201683284 0.046471987888876319 0.001880894003858889 0.015281023383140564 -0.017374954471698387 0.026226059595743818 -0.020262548420578244 -0.013395364109713299 0.035679730597664328 0.0080231866479790123 -0.015128369039768797 -0.049976658133360059 0.038529509305953981 -0.014426986452123813 0.031034942439624243 0.017427191811942768 0.0064809089908770719
leaf_weight=2208 536 638 159 261 221 675 103 2139 30 653 347 56 170 32 113 207 240 173 126 32 208 85 274 556 26 41 1037 105 668 307
leaf_count=2208 536 638 159 261 221 675 103 2139 30 653 347 56 170 32 113 207 240 173 126 32 208 85 274 556 26 41 1037 105 668 307
internal_value=0 0.000724066 -0.000129094 -0.00375382 0.00322043 -0.000543315 -0.00473309 -0.00257219 0.00110277 -0.00358231 0.00147261 0.00663182 0.0111452 -0.0211026 0.00740841 0.0166217 0.0252657 -0.00386434 0.00705779 0.0168106 0.00639203 0.011932 -0.00342388 -0.00877618 0.00299653 0.00297496 -0.0118644 0.0155858 0.013531 -0.00154679
internal_weight=0 11890 11252 5404 5848 3080 5143 3947 2859 3739 1600 1287 900 62 2768 560 353 387 214 158 1253 738 1572 856 300 716 1196 208 838 515
internal_count=12426 11890 11252 5404 5848 3080 5143 3947 2859 3739 1600 1287 900 62 2768 560 353 387 214 158 1253 738 1572 856 300 716 1196 208 838 515
shrinkage=0.1


Tree=16
num_leaves=31
num_cat=0
split_feature=1 2 0 2 14 10 15 10 7 3 15 3 7 2 13 3 0 14 13 4 3 3 5 8 13 12 13 7 11 13
split_gain=12.8289 11.0523 10.6001 10.3029 8.11708 7.06991 6.78495 7.11389 6.83621 6.58021 7.53509 6.37699 6.12097 8.59361 8.89237 5.64344 5.56317 6.29809 6.77118 6.20414 5.97066 5.54968 6.30912 7.75066 8.4379 8.37013 6.33198 5.9192 7.31773 7.06559
threshold=3.5000000000000004 24.500000000000004 36.500000000000007 33.500000000000007 3.5000000000000004 1.5000000000000002 7.5000000000000009 1.0000000180025095e-35 11.500000000000002 14.500000000000002 1.0000000180025095e-35 1.0000000180025095e-35 11.500000000000002 37.500000000000007 10.500000000000002 16.500000000000004 16.500000000000004 10.500000000000002 13.500000000000002 2.5000000000000004 11.500000000000002 24.500000000000004 2.5000000000000004 20.500000000000004 20.500000000000004 1.5000000000000002 4.5000000000000009 9.5000000000000018 2.5000000000000004 3.5000000000000004
decision_type=2 2 2 2 2 2 2 2 2 2 2 2 2 2 2 2 2 2 2 2 2 2 2 2 2 2 2 2 2 2
left_child=1 6 3 5 12 -2 8 11 16 -10 -11 -8 -3 14 15 -14 17 18 -1 20 -18 22 -7 25 26 -24 -25 -27 -29 -30
right_child=2 4 -4 -5 -6 21 7 -9 9 10 -12 -13 13 -15 -16 -17 19 -19 -20 -21 -22 -23 23 24 -26 27 -28 28 29 -31
leaf_value=-0.0090168578172820837 0.011604229415977857 -0.0071736374241442779 0.013255043732341624 -0.0063905783317571773 -0.011309858453024927 -0.00090711745140435816 -0.0075697118821351425 -0.007470985694040715 0.01788741354961472 0.047818717502412345 -0.017456955303038871 0.064085371847505929 0.054828588099315248 -0.014385495721539366 -0.0016972279151280722 0.00092081189155578623 0.0036024366872543321 -0.029979639235189405 0.042235576721929735 0.021190369200993736 -0.018671821393597295 -0.014220745268377286 0.038586713347051826 0.014062490414928748 0.020123647153377534 0.0019926153242779084 -0.019315973812220048 0.034695558068228931 0.04374627514583309 -0.0025289682946966954
leaf_weight=153 905 326 873 1304 2012 2002 23 1065 498 21 112 27 87 79 75 25 789 118 31 166 142 206 112 74 114 468 245 164 41 169
leaf_count=153 905 326 873 1304 2012 2002 23 1065 498 21 112 27 87 79 75 25 789 118 31 166 142 206 112 74 114 468 245 164 41 169
internal_value=0 -0.00346277 0.0029815 0.00143622 -0.00828137 0.00370425 0.000526931 -0.00574027 0.00396926 0.0126101 -0.00715027 0.031124 0.00201141 0.0132683 0.0249509 0.0427956 7.19452e-05 -0.0119466 -0.000381937 0.00338061 0.000205074 0.00171553 0.00268421 0.00786794 -0.00322793 0.0129041 -0.011573 0.00948791 0.018867 0.00650572
internal_weight=0 5749 6677 5804 2604 4500 3145 1115 2030 631 133 50 592 266 187 112 1399 302 184 1097 931 3595 3389 1387 433 954 319 842 374 210
internal_count=12426 5749 6677 5804 2604 4500 3145 1115 2030 631 133 50 592 266 187 112 1399 302 184 1097 931 3595 3389 1387 433 954 319 842 374 210
shrinkage=0.1


Tree=17
num_leaves=31
num_cat=0
split_feature=6 12 5 8 7 2 1 13 11 14 15 7 15 14 15 1 14 2 5 2 13 1 10 0 4 15 0 11 9 8
split_gain=11.5806 12.0335 9.15675 10.368 7.95711 7.94739 7.61973 7.61881 6.63521 6.21486 9.12607 6.00255 6.11528 6.45565 7.0928 6.26181 5.70944 5.61581 6.87105 5.51561 5.40915 5.3725 5.35916 7.09445 5.68117 7.33385 5.17494 7.25526 6.57008 5.08789
threshold=1.5000000000000002 1.5000000000000002 2.5000000000000004 20.500000000000004 27.500000000000004 25.500000000000004 5.5000000000000009 32.500000000000007 1.5000000000000002 35.500000000000007 40.500000000000007 11.500000000000002 1.0000000180025095e-35 3.5000000000000004 15.500000000000002 3.5000000000000004 8.5000000000000018 43.500000000000007 1.5000000000000002 46.500000000000007 60.500000000000007 21.500000000000004 2.5000000000000004 16.500000000000004 2.5000000000000004 6.5000000000000009 24.500000000000004 1.5000000000000002 22.500000000000004 13.500000000000002
decision_type=2 2 2 2 2 2 2 2 2 2 2 2 2 2 2 2 2 2 2 2 2 2 2 2 2 2 2 2 2 2
left_child=19 8 5 4 11 22 -5 -8 16 10 -6 -4 -13 14 -14 -16 -2 18 -10 26 -9 -15 23 -3 -25 -26 28 -28 29 -1
right_child=1 2 3 6 9 -7 7 20 17 -11 -12 12 13 21 15 -17 -18 -19 -20 -21 -22 -23 -24 24 25 -27 27 -29 -30 -31
leaf_value=-0.0058792005278391936 0.060710242268990501 -0.010296579695946677 0.0051286793900648629 -0.0098439414617491946 -0.018920164065215978 -0.008772822479380573 -0.00043098918954463889 0.043709138631820681 -0.018266479915647366 0.024130857592591873 0.04430505728721619 0.052640479803085331 0.045542434399778196 0.007697493652875558 0.039036199734324505 -0.035034975528717038 -0.0016113075472059706 -0.018502997606992724 0.015252890217831404 -0.036486538201570516 0.00071929612507422769 0.048344321461284867 -0.0065941480665818661 0.002174173976438216 0.032701397522703395 0.0051838698857588792 0.02757588236070261 -0.0033199093519495088 0.045837756544351578 -0.020320079003421355
leaf_weight=571 49 358 1827 820 263 1504 589 75 67 52 25 41 110 746 21 25 21 64 701 60 48 34 873 1499 154 261 82 1040 20 426
leaf_count=571 49 358 1827 820 263 1504 589 75 67 52 25 41 110 746 21 25 21 64 701 60 48 34 873 1499 154 261 82 1040 20 426
internal_value=0 0.0014156 0.000348751 0.00347331 0.0067603 -0.00279396 -0.00327231 0.00429615 0.0124448 -0.00768698 -0.0134319 0.00851211 0.0148392 0.0131833 0.0317535 -0.00121987 0.0420138 0.00995701 0.0123287 -0.00658358 0.0269326 0.00946928 6.52545e-05 0.00262408 0.0050408 0.0153952 -0.00574479 -0.00106193 -0.0109111 -0.0120495
internal_weight=0 10227 9325 4676 3144 4649 1532 712 902 340 288 2804 977 936 156 46 70 832 768 2199 123 780 3145 2272 1914 415 2139 1122 1017 997
internal_count=12426 10227 9325 4676 3144 4649 1532 712 902 340 288 2804 977 936 156 46 70 832 768 2199 123 780 3145 2272 1914 415 2139 1122 1017 997
shrinkage=0.1


Tree=18
num_leaves=31
num_cat=0
split_feature=5 1 8 0 13 3 6 8 13 0 2 2 5 15 0 13 9 7 2 15 2 2 4 7 14 4 4 13 7 2
split_gain=10.2842 11.3372 9.85159 9.54838 8.07797 10.6666 9.13274 8.37144 8.06316 7.79734 7.72268 6.43225 6.28416 7.2571 6.23468 6.64286 6.17467 7.9995 6.43898 7.80471 6.22882 5.9795 5.97874 6.92809 9.68425 5.82283 6.19177 5.78268 5.54614 5.50367
threshold=1.5000000000000002 6.5000000000000009 19.500000000000004 39.500000000000007 11.500000000000002 4.5000000000000009 1.0000000180025095e-35 43.500000000000007 75.500000000000014 47.500000000000007 45.500000000000007 34.500000000000007 3.5000000000000004 2.5000000000000004 37.500000000000007 5.5000000000000009 4.5000000000000009 3.5000000000000004 18.500000000000004 11.500000000000002 17.500000000000004 21.500000000000004 1.5000000000000002 25.500000000000004 22.500000000000004 3.5000000000000004 2.5000000000000004 2.5000000000000004 4.5000000000000009 22.500000000000004
decision_type=2 2 2 2 2 2 2 2 2 2 2 2 2 2 2 2 2 2 2 2 2 2 2 2 2 2 2 2 2 2
left_child=25 2 9 4 5 6 -3 -7 11 10 12 14 -2 -14 -4 -16 18 20 19 -6 -18 -22 -15 28 -25 26 27 -1 -24 -28
right_child=1 3 8 -5 16 7 -8 -9 -10 -11 -12 -13 13 22 15 -17 17 -19 -20 -21 21 -23 23 24 -26 -27 29 -29 -30 -31
leaf_value=0.014318387707074484 -0.00083834844117964223 -0.042165362715721133 -0.0076004682967164248 0.020309167486779831 0.042092284479656739 0.0041388162797628405 0.019357571389116993 -0.02968932796608318 0.054389404505491262 0.053911371805049763 -0.031010109752039369 -0.020102194238167545 0.027772580106047134 -0.012078740120450886 0.066818718029105148 0.0029874911265713828 -0.061886867207865563 0.0041600486659367176 -0.02358214430179861 -0.029400301781984481 0.036810516175769629 -0.024131891865661181 -0.017280008089211252 -0.028519341952345345 0.035624597279820591 -0.024806217178031133 0.027885249116841482 -0.018960475071531827 0.020003180290487681 -0.0062007154259726268
leaf_weight=63 5224 25 1009 374 37 1465 692 77 20 27 79 416 158 173 23 56 31 899 225 26 21 69 45 89 32 222 85 305 352 107
leaf_count=63 5224 25 1009 374 37 1465 692 77 20 27 79 416 158 173 23 56 31 899 225 26 21 69 45 89 32 222 85 305 352 107
internal_value=0 0.000745542 -0.00148636 0.00510798 0.00351414 0.00713528 0.0172124 0.0024496 -0.00868731 0.000289692 5.43562e-05 -0.0095261 0.000458455 0.00843784 -0.0054823 0.0215713 -0.0027398 0.000911089 -0.0156701 0.0125874 -0.0232279 -0.009912 0.00401688 0.00939244 -0.0115557 -0.0111011 -0.00566807 -0.0132633 0.0157771 0.00888943
internal_weight=0 11644 7703 3941 3567 2259 717 1542 1524 6179 6152 1504 6073 849 1088 79 1308 1020 288 63 121 90 691 518 121 782 560 368 397 192
internal_count=12426 11644 7703 3941 3567 2259 717 1542 1524 6179 6152 1504 6073 849 1088 79 1308 1020 288 63 121 90 691 518 121 782 560 368 397 192
shrinkage=0.1


Tree=19
num_leaves=31
num_cat=0
split_feature=11 9 14 2 0 5 12 1 2 14 14 3 6 15 2 1 14 11 7 3 0 13 7 0 2 5 12 9 5 3
split_gain=9.78597 10.086 10.5539 9.69185 8.73823 8.53347 8.8208 8.16501 10.0242 10.0075 6.98015 6.78076 6.74593 6.51224 6.35362 6.25708 6.67456 6.1736 6.23532 6.39982 6.12961 7.05038 6.11936 5.71682 5.71311 5.65215 5.38461 5.32393 5.30949 5.23644
threshold=2.5000000000000004 8.5000000000000018 32.500000000000007 38.500000000000007 43.500000000000007 2.5000000000000004 2.5000000000000004 5.5000000000000009 20.500000000000004 6.5000000000000009 2.5000000000000004 14.500000000000002 1.0000000180025095e-35 8.5000000000000018 30.500000000000004 6.5000000000000009 16.500000000000004 1.5000000000000002 6.5000000000000009 13.500000000000002 28.500000000000004 10.500000000000002 11.500000000000002 19.500000000000004 16.500000000000004 1.5000000000000002 4.5000000000000009 16.500000000000004 1.5000000000000002 19.500000000000004
decision_type=2 2 2 2 2 2 2 2 2 2 2 2 2 2 2 2 2 2 2 2 2 2 2 2 2 2 2 2 2 2
left_child=5 2 12 4 15 6 17 8 9 -7 22 -5 -2 26 -4 25 -17 -1 19 27 -9 29 23 -10 -8 -3 -11 -19 -20 -22
right_child=1 3 14 11 -6 7 24 20 10 13 -12 -13 -14 -15 -16 16 -18 18 28 -21 21 -23 -24 -25 -26 -27 -28 -29 -30 -31
leaf_value=0.022070647331706265 -0.021612633105324602 -0.023920548842066812 0.022348545468164647 0.00016196982409709539 0.028351869932690961 0.036238057042161625 0.0060495223093749891 0.0079206637985689537 0.032389632891863585 0.018834553421760093 -0.0073566911804338955 -0.020571944752830695 -0.0067478275237982293 -0.011900986390454428 -0.0089522362056404653 0.0012462417044693339 0.016901935044023181 -0.004463286802267573 -0.017199069604106332 -0.03177999190631367 0.04661069403815743 0.010897705806236641 0.037179640225238272 -0.019948771844307583 -0.010495494510613237 -3.7196379535916178e-05 -0.035129176825284956 0.040419194102287295 0.0085300017732259942 0.009549435447244084
leaf_weight=171 348 105 188 312 133 144 266 568 32 245 778 319 2488 140 99 621 485 471 87 84 151 204 72 60 969 1760 20 28 1027 51
leaf_count=171 348 105 188 312 133 144 266 568 32 245 778 319 2488 140 99 621 485 471 87 84 151 204 72 60 969 1760 20 28 1027 51
internal_value=0 -0.00252864 -0.00672255 0.000978076 0.00327482 0.00311448 -0.000374759 0.00750682 0.00285513 0.0135957 -0.00340449 -0.01032 -0.00857186 0.00554505 0.0115514 0.00215222 0.00811153 0.00396043 0.00213553 -0.00624355 0.0146276 0.0240108 0.0153444 -0.00174411 -0.00693195 -0.00138184 0.0147618 -0.00194483 0.00652064 0.0372536
internal_weight=0 6858 3123 3735 3104 5568 3103 2465 1491 549 942 631 2836 405 287 2971 1106 1868 1697 583 974 406 164 92 1235 1865 265 499 1114 202
internal_count=12426 6858 3123 3735 3104 5568 3103 2465 1491 549 942 631 2836 405 287 2971 1106 1868 1697 583 974 406 164 92 1235 1865 265 499 1114 202
shrinkage=0.1


Tree=20
num_leaves=31
num_cat=0
split_feature=0 2 9 3 1 11 12 5 0 15 7 5 2 8 9 2 7 15 13 3 13 2 4 3 8 14 2 13 4 8
split_gain=8.90024 9.12877 8.38626 9.71699 9.84748 6.91613 7.0675 6.8902 6.44383 6.11892 9.92292 8.05286 7.76311 5.67249 5.47034 5.31879 7.66344 6.88564 5.28077 5.16452 5.0703 5.94888 5.01067 4.98573 5.26669 5.52765 4.93622 4.81086 7.75565 6.60651
threshold=24.500000000000004 20.500000000000004 3.5000000000000004 7.5000000000000009 13.500000000000002 1.5000000000000002 2.5000000000000004 2.5000000000000004 6.5000000000000009 6.5000000000000009 6.5000000000000009 1.5000000000000002 17.500000000000004 52.500000000000007 16.500000000000004 34.500000000000007 43.500000000000007 3.5000000000000004 3.5000000000000004 23.500000000000004 10.500000000000002 24.500000000000004 2.5000000000000004 14.500000000000002 40.500000000000007 20.500000000000004 10.500000000000002 5.5000000000000009 1.5000000000000002 15.500000000000002
decision_type=2 2 2 2 2 2 2 2 2 2 2 2 2 2 2 2 2 2 2 2 2 2 2 2 2 2 2 2 2 2
left_child=1 -1 -3 4 8 27 9 -8 -4 10 14 -12 -13 -5 26 16 17 -10 -14 -20 -19 22 -22 24 -11 -26 -7 -2 -29 -30
right_child=5 2 3 13 -6 6 7 -9 15 23 11 12 18 -15 -16 -17 -18 20 19 -21 21 -23 -24 -25 25 -27 -28 28 29 -31
leaf_value=0.0017379818684389804 0.040610430368355349 -0.016465272704022552 -0.034622964373341315 -0.0075567298832323535 0.024130433913734223 0.040003675222396853 -0.008515417130403621 0.002168565192151555 0.015128512062183042 0.0062904857948262206 -0.023633490999539694 0.040114178996291952 0.032165530302068771 -0.034836477134376764 0.018167007461334896 -0.012957934483568721 0.053500349521636958 0.0023253566373899145 0.013938410143888497 -0.013482776435115671 -0.010605915134603329 -0.029048929566686806 0.04497809721075971 -0.0089902020789481493 -0.057535694484357483 0.011826428025960923 -0.011224435156659236 -0.023323450294824747 0.036747856878098992 -0.0019622054931364564
leaf_weight=2940 70 606 54 1615 180 20 930 1720 294 930 48 139 136 80 103 235 30 515 526 79 55 132 23 370 27 20 316 52 105 76
leaf_count=2940 70 606 54 1615 180 20 930 1720 294 930 48 139 136 80 103 235 30 515 526 79 55 132 23 370 27 20 316 52 105 76
internal_value=0 -0.00245059 -0.0056751 -0.00363998 0.00217114 0.00292281 0.00209251 -0.00158091 -0.000783027 0.00567931 0.0103927 0.0162526 0.0184282 -0.00884427 -0.00199464 0.000640147 0.00368643 0.00221988 0.0143603 0.0103578 -0.0030148 -0.0161109 0.00578424 0.000895948 0.00463994 -0.0280199 -0.00817514 0.0176215 0.0107149 0.0204939
internal_weight=0 6759 3819 3213 1518 5667 5364 2650 1338 2714 1367 928 880 1695 439 1284 1049 1019 741 605 725 210 78 1347 977 47 336 303 233 181
internal_count=12426 6759 3819 3213 1518 5667 5364 2650 1338 2714 1367 928 880 1695 439 1284 1049 1019 741 605 725 210 78 1347 977 47 336 303 233 181
shrinkage=0.1


Tree=21
num_leaves=31
num_cat=0
split_feature=1 0 0 6 15 3 15 0 11 13 13 3 8 7 10 0 14 13 10 7 15 10 14 2 3 9 3 15 9 6
split_gain=7.70222 6.07203 5.84368 6.5294 5.79271 5.56321 5.19939 6.66719 5.83662 5.54008 5.33957 6.34728 6.73458 6.006 5.13519 5.56718 5.02716 5.84208 6.58519 7.68 5.44338 10.0481 5.18039 8.29173 4.84671 4.82315 4.72264 4.66587 5.70302 4.65824
threshold=3.5000000000000004 3.5000000000000004 39.500000000000007 1.5000000000000002 2.5000000000000004 16.500000000000004 4.5000000000000009 25.500000000000004 3.5000000000000004 2.5000000000000004 11.500000000000002 4.5000000000000009 43.500000000000007 6.5000000000000009 1.0000000180025095e-35 43.500000000000007 6.5000000000000009 16.500000000000004 2.5000000000000004 11.500000000000002 6.5000000000000009 3.5000000000000004 4.5000000000000009 24.500000000000004 1.5000000000000002 23.500000000000004 10.500000000000002 10.500000000000002 46.500000000000007 2.5000000000000004
decision_type=2 2 2 2 2 2 2 2 2 2 2 2 2 2 2 2 2 2 2 2 2 2 2 2 2 2 2 2 2 2
left_child=1 -1 3 25 -3 14 7 24 -9 -10 11 -8 -13 -12 -6 16 17 18 19 22 21 -19 -16 -24 -5 -2 -20 -4 -29 -7
right_child=2 4 27 6 5 29 10 8 9 -11 13 12 -14 -15 15 -17 -18 20 26 -21 -22 -23 23 -25 -26 -27 -28 28 -30 -31
leaf_value=-0.034065474740794452 -0.0066336642363323609 0.0031808646566086514 0.02250492172581809 0.016639472210342118 0.013543074386906249 -0.004892345216414214 0.010778271394087277 0.027232069519490962 0.043913190245628363 -0.0084667640924453742 -0.015190171092580269 0.0016716808016166028 -0.029295844778622668 0.00023671091535256859 -0.0060822423883903787 0.026590908996638709 -0.0069054150905065856 -0.022800961054033703 -0.018071051068225149 0.022909958134020181 -0.025629118685402089 0.06073263498644034 0.034444672883825099 -0.016292767926138273 -0.0025660964872192419 0.042944043427705768 0.013626407319679857 0.0080722738573184381 -0.041933258175849919 -0.019821455902470059
leaf_weight=61 1040 1422 245 183 191 477 873 281 25 105 354 1848 73 879 299 61 2022 36 177 266 134 24 94 49 466 20 64 260 25 372
leaf_count=61 1040 1422 245 183 191 477 873 281 25 105 354 1848 73 879 299 61 2022 36 177 266 134 24 94 49 466 20 64 260 25 372
internal_value=0 -0.0026831 0.00231019 0.00144151 -0.00234654 -0.00418901 0.00292925 0.00916062 0.0191266 0.0016063 0.00128901 0.00370798 0.000494883 -0.00419242 -0.00238897 -0.00333225 -0.00390897 0.00139184 0.00462426 0.00948434 -0.0144204 0.0106125 0.00140467 0.0170591 0.00284934 -0.00569824 -0.00965347 0.0123852 0.00368582 -0.0114337
internal_weight=0 5749 6677 6147 5688 4266 5087 1060 411 130 4027 2794 1921 1233 3417 3226 3165 1143 949 708 194 60 442 143 649 1060 241 530 285 849
internal_count=12426 5749 6677 6147 5688 4266 5087 1060 411 130 4027 2794 1921 1233 3417 3226 3165 1143 949 708 194 60 442 143 649 1060 241 530 285 849
shrinkage=0.1


Tree=22
num_leaves=31
num_cat=0
split_feature=2 5 12 4 0 7 9 10 9 2 15 4 0 11 14 6 6 3 2 0 13 8 1 7 8 11 15 10 13 14
split_gain=7.42584 7.84626 8.32765 8.71419 6.6493 6.59304 6.34631 5.88376 11.7553 6.29105 5.57271 5.35027 5.74521 4.95509 4.7507 4.87724 4.66369 7.989 5.65046 7.24831 5.08211 4.7034 4.51487 4.22371 4.70785 5.99257 4.82143 4.21958 5.22085 4.26496
threshold=43.500000000000007 1.5000000000000002 1.5000000000000002 1.5000000000000002 27.500000000000004 25.500000000000004 3.5000000000000004 2.5000000000000004 9.5000000000000018 7.5000000000000009 1.0000000180025095e-35 3.5000000000000004 20.500000000000004 1.5000000000000002 46.500000000000007 1.5000000000000002 2.5000000000000004 6.5000000000000009 26.500000000000004 19.500000000000004 5.5000000000000009 17.500000000000004 4.5000000000000009 12.500000000000002 13.500000000000002 2.5000000000000004 2.5000000000000004 2.5000000000000004 17.500000000000004 6.5000000000000009
decision_type=2 2 2 2 2 2 2 2 2 2 2 2 2 2 2 2 2 2 2 2 2 2 2 2 2 2 2 2 2 2
left_child=1 11 6 5 7 14 23 8 16 -9 -10 12 -1 -12 15 -4 18 20 19 -5 -18 -19 -16 24 25 26 -3 28 29 -17
right_child=-2 2 3 4 -6 -7 -8 9 10 -11 13 -13 -14 -15 22 27 17 21 -20 -21 -22 -23 -24 -25 -26 -27 -28 -29 -30 -31
leaf_value=-0.014262534511218434 -0.011513723157791061 0.062372040748596196 -0.019245465903831045 -0.010484532998141432 0.0059860402029977191 0.048985624584284702 0.012756892508582066 0.032207339207331341 0.037448200541482846 -0.0056380698258515806 0.044535755064036397 -0.023110277646953621 0.0063139940226884716 0.0073171801443108839 -0.00078265219926834109 0.0089001037345992195 0.032614026268323264 -0.0028976301185223239 -0.015055296260756551 0.0042178538651152803 0.0057680030663808191 -0.047809812529333709 0.050584274423973896 0.016001695484826061 -0.034216160940773351 -0.023925272979826301 -0.00060428534784624658 -0.012196310717558516 -0.030346403022607167 -0.0043075325207056333
leaf_weight=277 536 20 278 541 2536 22 950 45 71 1836 37 206 266 1077 44 360 120 119 383 882 171 29 28 66 68 53 31 552 60 762
leaf_count=277 536 20 278 541 2536 22 950 45 71 1836 37 206 266 1077 44 360 120 119 383 882 171 29 28 66 68 53 31 552 60 762
internal_value=0 0.000519037 0.00118511 0.000240545 0.00177345 -0.00547107 0.00909859 -0.000238067 0.00222676 -0.00473268 0.0102846 -0.00938841 -0.00418269 0.00855334 -0.00604595 -0.00694915 -0.00202648 0.00721802 -0.00427362 -0.00137174 0.0168385 -0.011698 0.0191934 -0.00550386 -0.013756 -0.000378187 0.0240923 -0.00497777 -0.00160667 -6.97883e-05
internal_weight=0 11890 11141 9953 7847 2106 1188 5311 3430 1881 1185 749 543 1114 2084 2012 2245 439 1806 1423 291 148 72 238 172 104 51 1734 1182 1122
internal_count=12426 11890 11141 9953 7847 2106 1188 5311 3430 1881 1185 749 543 1114 2084 2012 2245 439 1806 1423 291 148 72 238 172 104 51 1734 1182 1122
shrinkage=0.1


Tree=23
num_leaves=31
num_cat=0
split_feature=11 9 14 5 2 12 0 14 15 3 9 3 15 9 9 14 9 2 0 1 14 9 1 13 15 7 9 1 14 0
split_gain=7.34991 7.1921 8.19984 7.03493 6.5491 6.1821 6.10655 6.04394 5.5102 5.43798 5.53374 5.21123 5.21848 5.16692 4.99688 5.56825 4.85612 4.77605 7.27476 7.37156 6.0551 6.04241 11.5653 5.90874 5.78158 4.76603 4.76281 4.73849 4.64535 5.54803
threshold=2.5000000000000004 8.5000000000000018 32.500000000000007 2.5000000000000004 38.500000000000007 2.5000000000000004 43.500000000000007 1.5000000000000002 27.500000000000004 6.5000000000000009 4.5000000000000009 3.5000000000000004 22.500000000000004 33.500000000000007 19.500000000000004 15.500000000000002 16.500000000000004 19.500000000000004 26.500000000000004 4.5000000000000009 7.5000000000000009 8.5000000000000018 1.0000000180025095e-35 11.500000000000002 8.5000000000000018 13.500000000000002 16.500000000000004 1.0000000180025095e-35 16.500000000000004 23.500000000000004
decision_type=2 2 2 2 2 2 2 2 2 2 2 2 2 2 2 2 2 2 2 2 2 2 2 2 2 2 2 2 2 2
left_child=3 2 -2 5 6 16 14 8 -5 -4 -11 28 17 -6 -3 -16 -1 20 23 -20 -13 22 -22 -19 26 -12 -23 -17 -9 -30
right_child=1 4 9 7 13 -7 -8 11 -10 10 25 12 -14 -15 15 27 -18 18 19 -21 21 24 -24 -25 -26 -27 -28 -29 29 -31
leaf_value=0.001541832920095818 -0.0073629961349070076 0.0047201334459837097 0.027331579594235673 0.017183594647066553 -0.0030445782169377135 -0.0059584491793443321 0.023621217828047904 0.017923858348822208 0.068210519105196002 -0.014845812101369708 -0.014770280019096707 0.03639383529361926 -0.011041735025743644 -0.02347918799995671 -0.012025346459242805 -0.0094605258179873974 0.019222316023899101 -3.9677890175479959e-05 -0.0018354883189257898 0.022029510702726976 -0.00926098903613304 -0.010148298844956515 0.047057927101850514 -0.022434727743173104 -0.035333144847227604 0.041626210406769157 0.037589068394718754 0.0095199918805822046 -0.04121953470091666 0.019104818701744082
leaf_weight=1697 2836 1935 114 179 462 1235 133 433 24 107 23 95 240 169 464 205 171 472 253 265 67 57 80 157 49 43 33 367 31 30
leaf_count=1697 2836 1935 114 179 462 1235 133 433 24 107 23 95 240 169 464 205 171 472 253 265 67 57 80 157 49 43 33 367 31 30
internal_value=0 -0.00219142 -0.00573293 0.00269913 0.000769791 -0.000468959 0.00265778 0.0066872 0.0232163 0.0103746 -0.000799372 0.00520382 0.00266667 -0.00851756 0.00171933 -0.00388546 0.00316034 0.00481982 0.00159761 0.0103734 0.0145203 0.00725458 0.0213888 -0.00562954 -0.00769308 0.0219729 0.0073554 0.00271753 0.0142841 -0.0115518
internal_weight=0 6858 3123 5568 3735 3103 3104 2465 203 287 173 2262 1768 631 2971 1036 1868 1528 1147 518 381 286 147 629 139 66 90 572 494 61
internal_count=12426 6858 3123 5568 3735 3103 3104 2465 203 287 173 2262 1768 631 2971 1036 1868 1528 1147 518 381 286 147 629 139 66 90 572 494 61
shrinkage=0.1


Tree=24
num_leaves=31
num_cat=0
split_feature=11 9 14 10 2 1 15 14 7 7 6 1 0 2 1 9 2 3 7 0 8 15 7 15 13 14 2 15 2 14
split_gain=5.95343 5.8256 6.67876 5.78642 5.50626 5.20423 6.31245 6.09398 5.91928 5.44875 4.68585 4.66669 5.38586 4.64978 5.65528 4.94961 4.64226 4.50781 5.24906 4.46456 4.44681 4.48736 4.86967 5.72749 4.28441 5.78939 4.1978 4.0686 4.06449 8.27456
threshold=2.5000000000000004 8.5000000000000018 39.500000000000007 1.0000000180025095e-35 41.500000000000007 7.5000000000000009 2.5000000000000004 12.500000000000002 9.5000000000000018 8.5000000000000018 1.0000000180025095e-35 3.5000000000000004 4.5000000000000009 20.500000000000004 3.5000000000000004 9.5000000000000018 34.500000000000007 15.500000000000002 9.5000000000000018 12.500000000000002 2.5000000000000004 7.5000000000000009 6.5000000000000009 5.5000000000000009 17.500000000000004 3.5000000000000004 17.500000000000004 37.500000000000007 17.500000000000004 8.5000000000000018
decision_type=2 2 2 2 2 2 2 2 2 2 2 2 2 2 2 2 2 2 2 2 2 2 2 2 2 2 2 2 2 2
left_child=3 2 10 19 11 6 8 -8 9 28 -2 12 -3 -10 15 -15 -4 18 -14 -1 -9 22 -22 -24 25 -20 -26 -6 -5 -30
right_child=1 4 16 5 27 -7 7 20 13 -11 -12 -13 17 14 -16 -17 -18 -19 24 -21 21 -23 23 -25 26 -27 -28 -29 29 -31
leaf_value=-0.016128832824302441 -0.016779774186863779 -0.048124821543693547 0.022272352214370458 0.02492746080076972 -0.014583538812738998 0.0066417929662897796 -2.9640938296462553e-06 0.035427346378564838 0.034178669162157206 -0.023915749667464077 -0.0047975852588424918 0.0053965290129054161 -0.0050620058267906685 -0.015111841900008067 0.050380344744081852 0.022679112119189763 -0.014344269490760307 -0.0099233354085601425 0.043815071604869985 0.023599996801578638 0.01638935970311815 -0.020138704464879149 -0.024028225976687214 0.012516203569248319 -0.050761170983314521 0.0089213512500925882 0.00046014659106731422 0.017144333376832629 0.010859332705727061 -0.020758245429716823
leaf_weight=33 374 25 140 86 333 1549 2310 20 119 74 2563 1826 519 84 27 59 46 434 54 198 88 344 130 64 20 398 80 46 262 121
leaf_count=33 374 25 140 86 333 1549 2310 20 119 74 2563 1826 519 84 27 59 46 434 54 198 88 344 130 64 20 398 80 46 262 121
internal_value=0 -0.00197228 -0.00515964 0.00242922 0.000692812 0.00175854 -0.000238328 -0.00240405 0.00745625 0.00130275 -0.00632341 0.00198311 -0.00209067 0.019018 0.00840554 0.00048023 0.0132166 -0.00132599 0.00215791 0.0179244 -0.01099 -0.012473 -0.00312187 -0.0119723 0.0089462 0.0130901 -0.00978412 -0.0107327 0.00528179 0.000870489
internal_weight=0 6858 3123 5568 3735 5337 3788 2956 832 543 2937 3356 1530 289 170 143 186 1505 1071 231 646 626 282 194 552 452 100 379 469 383
internal_count=12426 6858 3123 5568 3735 5337 3788 2956 832 543 2937 3356 1530 289 170 143 186 1505 1071 231 646 626 282 194 552 452 100 379 469 383
shrinkage=0.1


Tree=25
num_leaves=31
num_cat=0
split_feature=5 8 5 11 15 0 8 0 10 2 6 6 1 3 9 9 7 8 11 15 3 2 9 9 2 15 2 3 8 8
split_gain=5.77347 5.67456 11.2783 6.05425 7.00219 5.91882 5.79785 5.432 5.62488 6.2233 6.02595 5.36223 5.16394 5.06003 7.72859 5.01843 4.9543 6.20873 5.09168 4.61346 4.53718 5.73523 4.9328 4.45698 4.74411 7.12789 6.23549 4.59607 5.66182 5.48677
threshold=1.5000000000000002 20.500000000000004 3.5000000000000004 1.5000000000000002 1.5000000000000002 34.500000000000007 13.500000000000002 47.500000000000007 2.5000000000000004 42.500000000000007 2.5000000000000004 1.5000000000000002 30.500000000000004 1.5000000000000002 30.500000000000004 2.5000000000000004 5.5000000000000009 17.500000000000004 3.5000000000000004 3.5000000000000004 23.500000000000004 31.500000000000004 4.5000000000000009 9.5000000000000018 26.500000000000004 6.5000000000000009 28.500000000000004 8.5000000000000018 4.5000000000000009 2.5000000000000004
decision_type=2 2 2 2 2 2 2 2 2 2 2 2 2 2 2 2 2 2 2 2 2 2 2 2 2 2 2 2 2 2
left_child=-1 2 3 4 -2 -3 -4 8 10 12 23 -8 16 14 -12 -6 17 18 -10 -13 21 22 -7 24 -5 26 -26 28 29 -25
right_child=1 5 6 7 15 20 11 -9 9 -11 13 19 -14 -15 -16 -17 -18 -19 -20 -21 -22 -23 -24 27 25 -27 -28 -29 -30 -31
leaf_value=-0.0083176506411693895 0.0577788027398514 -0.0057038778755658191 0.015293651239092773 -0.00056782354413660618 -0.035718183154645172 -0.0070172033027598741 -0.017451894048013186 0.036955421704512374 -0.011357062767402098 -0.025407087351336621 0.018757911689481023 0.033009048690230157 0.045117468861016363 0.0027846289100551085 -0.026079291531017852 0.01320700602692391 -0.0012502231850073887 0.022889509797096252 -0.040236047890088333 0.0023940590646130471 -0.011339420050382616 -0.001952890988806604 0.033577727478869418 0.03592584700811477 -0.049655109824556294 -0.0010035031672680017 -0.014207335427403451 -0.0015534228613587465 0.01998923289895858 -0.02255173584117609
leaf_weight=782 33 2154 840 1857 23 38 114 39 373 132 454 59 22 1094 42 237 1911 45 73 297 100 142 141 21 66 330 200 441 298 68
leaf_count=782 33 2154 840 1857 23 38 114 39 373 132 454 59 22 1094 42 237 1911 45 73 297 100 142 141 21 66 330 200 441 298 68
internal_value=0 0.000558606 0.00173492 0.000285898 0.0143865 -0.00358431 0.0103173 -0.000267474 -0.000462936 -0.00426202 0.00153059 0.00142352 -0.00311055 0.00658311 0.0149612 0.00887901 -0.00355227 -0.012512 -0.0160839 0.00746789 0.00726022 0.0130545 0.0249598 -0.000917907 -0.00305924 -0.0108219 -0.0230026 0.00542591 0.0133791 -0.00875365
internal_weight=0 11644 9069 7759 293 2575 1310 7466 7427 2556 4871 470 2424 1590 496 260 2402 491 446 356 421 321 179 3281 2453 596 266 828 387 89
internal_count=12426 11644 9069 7759 293 2575 1310 7466 7427 2556 4871 470 2424 1590 496 260 2402 491 446 356 421 321 179 3281 2453 596 266 828 387 89
shrinkage=0.1


Tree=26
num_leaves=31
num_cat=0
split_feature=12 0 4 1 2 2 7 15 0 14 14 5 7 1 9 9 14 10 0 13 3 7 2 8 13 1 14 13 11 15
split_gain=5.24985 5.64189 5.34304 5.80032 5.55327 4.89644 5.20722 5.49116 6.44475 6.59576 4.88932 4.65825 5.24282 5.23072 5.03891 7.90395 5.64723 5.10457 5.05353 4.56511 4.53945 5.81352 5.14499 4.46609 6.16015 4.43314 4.43069 5.82411 4.58136 4.36394
threshold=2.5000000000000004 8.5000000000000018 1.5000000000000002 13.500000000000002 16.500000000000004 43.500000000000007 6.5000000000000009 11.500000000000002 24.500000000000004 16.500000000000004 2.5000000000000004 2.5000000000000004 6.5000000000000009 20.500000000000004 28.500000000000004 9.5000000000000018 1.0000000180025095e-35 3.5000000000000004 19.500000000000004 33.500000000000007 8.5000000000000018 23.500000000000004 23.500000000000004 5.5000000000000009 5.5000000000000009 7.5000000000000009 19.500000000000004 14.500000000000002 2.5000000000000004 13.500000000000002
decision_type=2 2 2 2 2 2 2 2 2 2 2 2 2 2 2 2 2 2 2 2 2 2 2 2 2 2 2 2 2 2
left_child=5 -2 3 26 -4 6 19 8 9 -8 -9 12 -6 20 15 16 -14 -17 -18 -1 21 22 25 24 -22 29 -3 28 -28 -13
right_child=1 2 4 -5 11 -7 7 10 -10 -11 -12 13 14 -15 -16 17 18 -19 -20 -21 23 -23 -24 -25 -26 -27 27 -29 -30 -31
leaf_value=-0.0024990873317108312 -0.014854692081187636 -0.012720315735296424 0.0080206277005354879 0.014935758682565954 0.0052339351834745328 -0.012146193666730897 0.0049816590562721417 0.01704351932934995 0.011403442122506862 -0.011379847492519961 -0.0060285803926892062 -0.0031378603833062315 0.029968559316226412 0.022326895106455375 -0.028792896062399431 0.0096575864585193658 -0.029868361722309514 -0.014500503860792872 -0.0098676634397691452 0.025972708648648757 -0.013850850120503853 -0.0093479502138006636 0.017272639346409994 -0.0056904720955486196 0.032322980701923375 -0.028354759390155478 0.04386622309684754 -0.022212255517641704 0.0037319968443834915 0.032078733279349958
leaf_weight=1938 329 873 762 109 349 236 1671 106 1427 289 688 140 28 116 113 338 182 118 413 58 47 189 415 1039 75 48 34 75 174 47
leaf_count=1938 329 873 762 109 349 236 1671 106 1427 289 688 140 28 116 113 338 182 118 413 58 47 189 415 1039 75 48 34 75 174 47
internal_value=0 -0.00212272 -0.00138577 -0.00711616 0.00025463 0.00199032 0.00253042 0.00453653 0.0062912 0.00256917 -0.00294843 -0.00136355 -0.00554576 0.00168219 -0.0087019 -0.00659783 -0.0139202 0.00340615 -0.0159855 -0.00167175 0.000484794 0.0060891 0.0105777 -0.00356517 0.0145347 -0.00124523 -0.00919545 0.00167809 0.0102924 0.00571337
internal_weight=0 6013 5684 1265 4419 6413 6177 4181 3387 1960 794 3657 1541 2116 1192 1079 623 456 595 1996 2000 839 650 1161 122 235 1156 283 208 187
internal_count=12426 6013 5684 1265 4419 6413 6177 4181 3387 1960 794 3657 1541 2116 1192 1079 623 456 595 1996 2000 839 650 1161 122 235 1156 283 208 187
shrinkage=0.1


Tree=27
num_leaves=31
num_cat=0
split_feature=11 0 2 5 13 14 8 3 8 8 9 10 15 15 9 4 3 12 0 7 4 1 2 15 13 15 14 5 15 13
split_gain=5.07514 4.81916 5.76445 6.39292 6.45926 5.52799 6.78442 5.41056 6.01697 7.00969 5.68372 5.91262 5.37627 6.01157 5.12098 5.10489 4.93076 4.91995 4.75047 5.40306 5.22282 9.2796 6.21071 4.62936 5.18459 4.52929 4.44463 4.25293 4.11514 4.8961
threshold=1.0000000180025095e-35 16.500000000000004 19.500000000000004 2.5000000000000004 5.5000000000000009 5.5000000000000009 16.500000000000004 7.5000000000000009 4.5000000000000009 2.5000000000000004 9.5000000000000018 1.5000000000000002 12.500000000000002 35.500000000000007 43.500000000000007 5.5000000000000009 1.0000000180025095e-35 1.5000000000000002 24.500000000000004 36.500000000000007 2.5000000000000004 12.500000000000002 35.500000000000007 5.5000000000000009 21.500000000000004 2.5000000000000004 16.500000000000004 1.5000000000000002 4.5000000000000009 7.5000000000000009
decision_type=2 2 2 2 2 2 2 2 2 2 2 2 2 2 2 2 2 2 2 2 2 2 2 2 2 2 2 2 2 2
left_child=-1 -2 3 25 -5 6 -6 8 9 -4 18 12 -12 -14 15 -10 -11 -16 -9 20 21 -20 26 24 -7 27 28 -3 -22 -30
right_child=1 2 7 4 5 23 -8 10 14 16 11 -13 13 -15 17 -17 -18 -19 19 -21 22 -23 -24 -25 -26 -27 -28 -29 29 -31
leaf_value=0.04108075415094694 -0.0043058304837665052 -0.026053810450765824 0.0097681002513993354 0.020157252731067794 0.043289902524368186 0.0042331707836994574 -0.0074205631163062119 -0.01420782583375131 0.0052107845184725769 -0.031034737992286683 0.021824990164849067 -0.0020688338954558318 -0.012234534720579783 0.042590509479244552 0.017499042359682231 -0.043148082494735722 -0.0068815053308603873 -0.033971351247567401 -0.01266610604133969 -0.024646325423338705 0.046465891852217209 0.022531029280651822 -0.009993268467951566 -0.0047172113836176505 0.037350498043721723 -0.0023835522433122 -0.0061417209250586371 0.015674955293070527 -0.0065122710665067047 0.03170080306498628
leaf_weight=30 2233 27 168 420 74 199 41 651 2809 125 217 1914 120 24 26 22 261 65 473 107 59 89 128 439 62 1188 63 256 60 76
leaf_count=30 2233 27 168 420 74 199 41 651 2809 125 217 1914 120 24 26 22 261 65 473 107 59 89 128 439 62 1188 63 256 60 76
internal_value=0 -9.9421e-05 0.000824805 0.00477835 0.010083 0.00489139 0.0252105 -0.000609858 0.00227281 -0.00728226 -0.00312685 0.000145188 0.0118838 -0.00309703 0.00408442 0.00483498 -0.0147031 -0.0192655 -0.00749022 -0.00334504 -0.000940782 -0.00709218 0.0080154 0.00155325 0.0121001 0.000324728 0.0169499 0.0116938 0.0244103 0.0148421
internal_weight=0 12396 10163 2706 1235 815 115 7457 3476 554 3981 2275 361 144 2922 2831 386 91 1706 1055 948 562 386 700 261 1471 258 283 195 136
internal_count=12426 12396 10163 2706 1235 815 115 7457 3476 554 3981 2275 361 144 2922 2831 386 91 1706 1055 948 562 386 700 261 1471 258 283 195 136
shrinkage=0.1


end of trees

feature_importances:
Column_2=105
Column_0=101
Column_1=68
Column_9=61
Column_3=58
Column_15=58
Column_13=56
Column_14=53
Column_7=46
Column_11=45
Column_8=43
Column_5=35
Column_6=34
Column_10=30
Column_12=28
Column_4=19

parameters:
[boosting: gbdt]
[objective: regression]
[metric: l2]
[tree_learner: serial]
[device_type: cpu]
[data: ]
[valid: ]
[num_iterations: 10000]
[learning_rate: 0.1]
[num_leaves: 31]
[num_threads: 0]
[deterministic: 0]
[force_col_wise: 0]
[force_row_wise: 0]
[histogram_pool_size: -1]
[max_depth: -1]
[min_data_in_leaf: 20]
[min_sum_hessian_in_leaf: 0.001]
[bagging_fraction: 1]
[pos_bagging_fraction: 1]
[neg_bagging_fraction: 1]
[bagging_freq: 0]
[bagging_seed: 3]
[feature_fraction: 1]
[feature_fraction_bynode: 1]
[feature_fraction_seed: 2]
[extra_trees: 0]
[extra_seed: 6]
[early_stopping_round: 10]
[first_metric_only: 0]
[max_delta_step: 0]
[lambda_l1: 0]
[lambda_l2: 0]
[min_gain_to_split: 0]
[drop_rate: 0.1]
[max_drop: 50]
[skip_drop: 0.5]
[xgboost_dart_mode: 0]
[uniform_drop: 0]
[drop_seed: 4]
[top_rate: 0.2]
[other_rate: 0.1]
[min_data_per_group: 100]
[max_cat_threshold: 32]
[cat_l2: 10]
[cat_smooth: 10]
[max_cat_to_onehot: 4]
[top_k: 20]
[monotone_constraints: ]
[monotone_constraints_method: basic]
[monotone_penalty: 0]
[feature_contri: ]
[forcedsplits_filename: ]
[refit_decay_rate: 0.9]
[cegb_tradeoff: 1]
[cegb_penalty_split: 0]
[cegb_penalty_feature_lazy: ]
[cegb_penalty_feature_coupled: ]
[path_smooth: 0]
[interaction_constraints: ]
[verbosity: 1]
[saved_feature_importance_type: 0]
[max_bin: 255]
[max_bin_by_feature: ]
[min_data_in_bin: 3]
[bin_construct_sample_cnt: 200000]
[data_random_seed: 1]
[is_enable_sparse: 1]
[enable_bundle: 1]
[use_missing: 1]
[zero_as_missing: 0]
[feature_pre_filter: 1]
[pre_partition: 0]
[two_round: 0]
[header: 0]
[label_column: ]
[weight_column: ]
[group_column: ]
[ignore_column: ]
[categorical_feature: ]
[forcedbins_filename: ]
[objective_seed: 5]
[num_class: 1]
[is_unbalance: 0]
[scale_pos_weight: 1]
[sigmoid: 1]
[boost_from_average: 1]
[reg_sqrt: 0]
[alpha: 0.9]
[fair_c: 1]
[poisson_max_delta_step: 0.7]
[tweedie_variance_power: 1.5]
[lambdarank_truncation_level: 30]
[lambdarank_norm: 1]
[label_gain: ]
[eval_at: ]
[multi_error_top_k: 1]
[auc_mu_weights: ]
[num_machines: 1]
[local_listen_port: 12400]
[time_out: 120]
[machine_list_filename: ]
[machines: ]
[gpu_platform_id: -1]
[gpu_device_id: -1]
[gpu_use_dp: 0]
[num_gpu: 1]

end of parameters

pandas_categorical:null
