tree
version=v3
num_class=1
num_tree_per_iteration=1
label_index=0
max_feature_idx=15
objective=regression
feature_names=Column_0 Column_1 Column_2 Column_3 Column_4 Column_5 Column_6 Column_7 Column_8 Column_9 Column_10 Column_11 Column_12 Column_13 Column_14 Column_15
feature_infos=[1:49] [0:73] [1:49] [0:90] [0:8] [0:9] [0:8] [0:242] [0:275] [2:195] [0:9] [0:8] [0:9] [0:294] [0:178] [0:250]
tree_sizes=2757 2770 2780 2780 2782 2785 2789 2795 2792 2795 2796 2785 2782 2793 2785 2793 2781 2802 2780 2814 2794 2801 2784 2797

Tree=0
num_leaves=31
num_cat=0
split_feature=2 0 0 2 2 1 3 12 0 0 7 3 0 1 10 15 2 1 0 7 3 3 12 8 9 14 14 13 3 1
split_gain=162.915 63.1403 56.5485 30.5863 24.3646 22.9522 15.2359 14.4069 10.2847 10.0186 9.57678 9.49849 8.1854 8.15119 7.68514 7.67828 6.97248 6.85121 6.73452 12.1467 6.62573 8.63428 7.66372 6.59576 6.68659 6.77345 6.97401 6.30107 6.11298 8.88148
threshold=24.500000000000004 36.500000000000007 35.500000000000007 39.500000000000007 38.500000000000007 13.500000000000002 6.5000000000000009 2.5000000000000004 24.500000000000004 41.500000000000007 64.500000000000014 14.500000000000002 21.500000000000004 23.500000000000004 2.5000000000000004 12.500000000000002 44.500000000000007 7.5000000000000009 19.500000000000004 7.5000000000000009 15.500000000000002 41.500000000000007 1.5000000000000002 5.5000000000000009 10.500000000000002 22.500000000000004 14.500000000000002 55.500000000000007 4.5000000000000009 4.5000000000000009
decision_type=2 2 2 2 2 2 2 2 2 2 2 2 2 2 2 2 2 2 2 2 2 2 2 2 2 2 2 2 2 2
left_child=1 5 4 9 6 7 13 23 15 17 11 18 -8 -2 -6 -7 -5 -4 19 -9 22 -22 -14 -1 -25 26 -26 -3 29 -21
right_child=2 27 3 16 14 8 12 10 -10 -11 -12 -13 20 -15 -16 -17 -18 -19 -20 28 21 -23 -24 24 25 -27 -28 -29 -30 -31
leaf_value=-0.12609377624791934 -0.12995039137179681 -0.072425183634350271 -0.12433134061707792 -0.12709108080371004 -0.14990972861667309 -0.084906207971647718 -0.15739952155925208 -0.16348205728328735 -0.075376796459385026 -0.076408643565808371 -0.057376796936222191 -0.14915457228271917 -0.083251796250768784 -0.07177679655475247 -0.17041144740717301 -0.13074388360025302 -0.16307892179564654 -0.091458763246473146 -0.11485406814086718 -0.12184191150754958 -0.15569497614986166 -0.091811578632707627 -0.1348014524194158 -0.11062049300473749 -0.087819749149893572 -0.058735287466272212 -0.13005604029389858 -0.026831343199945845 -0.13612679485005963 -0.044855058137500209
leaf_weight=159 659 372 132 126 334 68 440 95 220 157 20 162 32 25 404 79 94 122 440 43 264 23 292 476 149 53 53 33 80 23
leaf_count=159 659 372 132 126 334 68 440 95 220 157 20 162 32 25 404 79 94 122 440 43 264 23 292 476 149 53 53 33 80 23
internal_value=-0.123752 -0.10489 -0.139096 -0.112375 -0.145914 -0.111801 -0.13944 -0.116562 -0.0890607 -0.0962673 -0.125768 -0.127391 -0.147 -0.127824 -0.161133 -0.10954 -0.142468 -0.108542 -0.122214 -0.135651 -0.139511 -0.150575 -0.12971 -0.107635 -0.10362 -0.0905533 -0.0989015 -0.0687101 -0.117541 -0.0950132
internal_weight=0 2525 3104 631 2473 2120 1735 1753 367 411 863 843 1051 684 738 147 220 254 681 241 611 287 324 890 731 255 202 405 146 66
internal_count=5629 2525 3104 631 2473 2120 1735 1753 367 411 863 843 1051 684 738 147 220 254 681 241 611 287 324 890 731 255 202 405 146 66
shrinkage=1


Tree=1
num_leaves=31
num_cat=0
split_feature=2 0 0 2 2 1 3 12 0 0 2 3 3 7 6 0 1 11 7 3 3 9 5 1 13 15 9 13 1 1
split_gain=131.961 51.1436 45.8043 24.7749 20.8931 18.5913 18.5631 11.6696 9.0555 8.58197 9.11643 10.3559 8.43176 10.3922 8.33097 8.11508 7.92424 9.5917 7.37707 6.66472 6.61625 6.43213 8.93634 8.15015 7.30015 7.04028 6.74374 6.42541 6.38989 6.12633
threshold=24.500000000000004 36.500000000000007 35.500000000000007 39.500000000000007 43.500000000000007 13.500000000000002 5.5000000000000009 2.5000000000000004 18.500000000000004 18.500000000000004 21.500000000000004 7.5000000000000009 23.500000000000004 55.500000000000007 4.5000000000000009 41.500000000000007 18.500000000000004 2.5000000000000004 10.500000000000002 16.500000000000004 5.5000000000000009 11.500000000000002 3.5000000000000004 5.5000000000000009 3.5000000000000004 3.5000000000000004 29.500000000000004 1.5000000000000002 4.5000000000000009 2.5000000000000004
decision_type=2 2 2 2 2 2 2 2 2 2 2 2 2 2 2 2 2 2 2 2 2 2 2 2 2 2 2 2 2 2
left_child=1 5 4 15 6 7 27 -1 -8 18 -11 -12 13 14 -9 -4 19 -18 -7 21 -16 23 24 -10 -23 -26 29 28 -2 -24
right_child=2 -3 3 -5 -6 9 8 12 16 10 11 -13 -14 -15 20 -17 17 -19 -20 -21 -22 22 26 -25 25 -27 -28 -29 -30 -31
leaf_value=0.01450509569952997 -0.0026982053732260681 0.049537678692075947 0.013688860120853102 -0.016844138394702567 -0.043086222340339014 0.03155452433754416 -0.035445707584198433 -0.0044923267515521812 -0.039171578119255909 0.046338079480761026 0.040771335363388062 -0.049788609276647161 -0.047871093216695283 0.06658167346664097 0.062312542285237998 0.042609014404807126 0.051112941082786113 -0.011045439994853476 -0.034817170374321214 -0.03243047695572978 -0.0050436320304870609 0.020164116454678915 0.0078060920749391839 -0.0048231334789939559 0.025227956409039704 -0.034410838856243756 -0.027864265441894534 -0.0060692089634310255 0.056158537183489121 0.064023607141441771
leaf_weight=890 39 405 254 220 337 34 402 742 173 249 28 23 38 23 35 157 34 92 33 329 25 43 42 115 23 142 23 608 35 36
leaf_count=890 39 405 254 220 337 34 402 742 173 249 28 23 38 23 35 157 34 92 33 329 25 43 42 115 23 142 23 608 35 36
internal_value=0 0.0169761 -0.0138095 0.0102391 -0.0199456 0.0107556 -0.0162947 0.00647082 -0.0226793 0.0312221 0.0384488 -6.9424e-05 -0.00181481 0.00030657 -0.00159409 0.0247362 -0.0178009 0.00572746 -0.00113601 -0.0210024 0.0342475 -0.0147044 -0.00468353 -0.0254561 -0.0165338 -0.0260976 0.0197211 -0.00268293 0.0251394 0.0337526
internal_weight=0 2525 3104 631 2473 2120 2136 1753 1454 367 300 51 863 825 802 411 1052 126 67 926 60 597 309 288 208 165 101 682 74 78
internal_count=5629 2525 3104 631 2473 2120 2136 1753 1454 367 300 51 863 825 802 411 1052 126 67 926 60 597 309 288 208 165 101 682 74 78
shrinkage=0.1


Tree=2
num_leaves=31
num_cat=0
split_feature=2 0 0 2 2 1 1 7 12 6 10 3 2 8 0 12 0 5 3 2 0 4 13 10 14 1 14 0 11 15
split_gain=106.889 41.7669 37.1015 20.3518 17.0432 14.5552 11.3296 10.9853 10.801 7.44773 7.37092 7.25613 8.95372 7.13338 9.6369 6.69462 6.6467 6.46465 6.3801 6.21 6.37106 6.00328 6.02065 5.82937 5.82661 5.81186 8.92257 5.71352 5.65811 5.82303
threshold=24.500000000000004 35.500000000000007 35.500000000000007 44.500000000000007 38.500000000000007 13.500000000000002 7.5000000000000009 74.500000000000014 2.5000000000000004 1.5000000000000002 1.0000000180025095e-35 16.500000000000004 32.500000000000007 13.500000000000002 9.5000000000000018 2.5000000000000004 41.500000000000007 1.5000000000000002 14.500000000000002 41.500000000000007 41.500000000000007 1.0000000180025095e-35 5.5000000000000009 2.5000000000000004 9.5000000000000018 2.5000000000000004 10.500000000000002 30.500000000000004 1.5000000000000002 1.0000000180025095e-35
decision_type=2 2 2 2 2 2 2 2 2 2 2 2 2 2 2 2 2 2 2 2 2 2 2 2 2 2 2 2 2 2
left_child=1 5 4 15 6 7 10 8 13 -7 -2 12 27 17 -15 -4 -3 -1 21 20 -17 22 -10 -6 -22 26 -16 -8 -23 -30
right_child=2 16 3 -5 23 9 11 -9 18 -11 -12 -13 -14 14 25 19 -18 -19 -20 -21 24 28 -24 -25 -26 -27 -28 -29 29 -31
leaf_value=-0.031571881364031537 0.019276819423753391 0.032934540576463917 0.029579880814273637 -0.033709820534320589 -0.020905157941544128 -0.029908708163670136 0.0085507341656818926 0.077304611319587352 0.00726112574338913 0.031520963526081018 -0.020397737413419017 -0.02046253745722923 -0.013769570595956264 -0.034197086614111194 -0.031440894768155855 0.0014076742475018179 0.057589378578369849 0.009495130706268581 -0.02127882438461955 -0.025206478595733647 0.070481318632761636 0.044542400166392326 -0.058996406570076945 -0.038760776611247869 0.016936380711812821 0.047201595703760785 0.037553688827550641 0.045289781981823492 0.040883277995245798 -0.0011971700963947704
leaf_weight=41 49 281 231 94 334 21 249 21 24 328 1056 157 173 23 29 163 179 589 164 50 30 32 32 404 63 129 53 51 35 544
leaf_count=41 49 281 231 94 334 21 249 21 24 328 1056 157 173 23 29 163 179 589 164 50 30 32 32 404 63 129 53 51 35 544
internal_value=0 0.0152785 -0.0124285 0.00921519 -0.0179511 0.00920827 -0.0125368 0.00542207 0.00453149 0.0278246 -0.0186384 -0.00183467 0.00434836 0.0123602 0.0272694 0.0167291 0.0425285 0.00682252 -0.0036081 0.00702797 0.0133238 0.000736721 -0.0306003 -0.0306798 0.0342089 0.0339695 0.0131532 0.0147964 0.00360886 0.00134655
internal_weight=0 2525 3104 631 2473 2065 1735 1716 1695 349 1105 630 473 864 234 537 460 630 831 306 256 667 56 738 93 211 82 300 611 579
internal_count=5629 2525 3104 631 2473 2065 1735 1716 1695 349 1105 630 473 864 234 537 460 630 831 306 256 667 56 738 93 211 82 300 611 579
shrinkage=0.1


Tree=3
num_leaves=31
num_cat=0
split_feature=2 0 0 1 2 15 1 10 3 0 6 2 6 10 11 7 15 0 13 7 15 13 3 13 13 8 0 14 7 8
split_gain=86.6265 42.0149 27.7746 18.4743 16.1831 11.2605 11.0899 9.49805 8.99314 8.24131 11.0876 8.08764 7.77282 8.27964 7.53819 7.37438 7.26649 7.258 6.98179 6.60811 6.56329 6.39176 6.34119 6.27958 7.20587 5.9185 7.523 5.89223 5.85834 5.33862
threshold=27.500000000000004 35.500000000000007 40.500000000000007 13.500000000000002 42.500000000000007 11.500000000000002 18.500000000000004 2.5000000000000004 2.5000000000000004 27.500000000000004 1.5000000000000002 39.500000000000007 4.5000000000000009 1.0000000180025095e-35 1.5000000000000002 5.5000000000000009 15.500000000000002 8.5000000000000018 55.500000000000007 8.5000000000000018 18.500000000000004 5.5000000000000009 1.0000000180025095e-35 34.500000000000007 26.500000000000004 16.500000000000004 18.500000000000004 9.5000000000000018 12.500000000000002 12.500000000000002
decision_type=2 2 2 2 2 2 2 2 2 2 2 2 2 2 2 2 2 2 2 2 2 2 2 2 2 2 2 2 2 2
left_child=1 3 4 5 6 14 8 21 15 10 -5 -4 13 -7 29 -2 22 19 -3 -16 -6 -8 -12 24 25 -19 -27 -14 -9 -1
right_child=2 18 11 9 20 12 7 28 -10 -11 16 -13 27 -15 17 -17 -18 23 -20 -21 -22 -23 -24 -25 -26 26 -28 -29 -30 -31
leaf_value=0.014265599527529309 -0.024250150385291078 0.033879630831295568 0.031088653999038891 -0.057787971794605257 -0.022800442378103962 0.025437507626635061 0.064960727426740861 0.021682904735207561 -0.019131802832180602 0.04213504228960066 0.065038093990749779 -0.0024460488196575282 0.064178727489585682 -0.015590051291645438 -0.059148177318274979 0.010663686225227282 -0.0020638739285261734 0.0042912754821487183 0.078909966913429469 0.0041652768850326538 -0.046355139426020688 0.011985097068452067 0.019544206062952679 -0.031524185091257095 0.062993433823188158 0.002714991458108492 0.038973912911686476 0.00021131601598527698 -0.024555132238344216 0.077843123197555542
leaf_weight=28 86 496 158 20 263 54 36 40 1325 170 45 132 24 552 32 204 92 986 37 34 215 62 96 40 24 107 123 36 87 25
leaf_count=28 86 496 158 20 263 54 36 40 1325 170 45 132 24 552 32 204 92 986 37 34 215 62 96 40 24 107 123 36 87 25
internal_value=0 0.0115263 -0.0133515 0.00606787 -0.0170017 0.00216783 -0.012743 0.00805636 -0.0156407 0.025107 0.0136653 0.0158246 -0.00853481 -0.0119341 0.00726287 0.000309928 0.0197986 0.00580627 0.0370056 -0.0265322 -0.0333951 0.0314455 0.0340635 0.00747373 0.00873172 0.00766077 0.0221056 0.0257983 -0.00999197 0.044255
internal_weight=0 3021 2608 2488 2318 2065 1840 225 1615 423 253 290 666 606 1399 290 233 1346 533 66 478 98 141 1280 1240 1216 230 60 127 53
internal_count=5629 3021 2608 2488 2318 2065 1840 225 1615 423 253 290 666 606 1399 290 233 1346 533 66 478 98 141 1280 1240 1216 230 60 127 53
shrinkage=0.1


Tree=4
num_leaves=31
num_cat=0
split_feature=2 0 0 2 3 1 1 3 6 5 10 15 2 14 7 14 0 10 0 11 2 7 8 7 10 3 15 15 8 8
split_gain=72.3821 31.1467 24.6047 18.93 16.4889 14.4201 12.1605 8.45317 7.44744 7.42521 7.38848 6.55971 6.0333 6.03168 5.81226 7.29181 5.89549 5.79926 5.72033 5.84575 5.6687 5.21027 5.19884 6.14277 5.15804 5.13678 5.12924 4.95202 4.91599 6.39923
threshold=23.500000000000004 24.500000000000004 41.500000000000007 42.500000000000007 2.5000000000000004 11.500000000000002 18.500000000000004 15.500000000000002 4.5000000000000009 2.5000000000000004 2.5000000000000004 38.500000000000007 39.500000000000007 14.500000000000002 16.500000000000004 18.500000000000004 11.500000000000002 1.0000000180025095e-35 31.500000000000004 2.5000000000000004 20.500000000000004 5.5000000000000009 35.500000000000007 17.500000000000004 2.5000000000000004 12.500000000000002 16.500000000000004 18.500000000000004 18.500000000000004 11.500000000000002
decision_type=2 2 2 2 2 2 2 2 2 2 2 2 2 2 2 2 2 2 2 2 2 2 2 2 2 2 2 2 2 2
left_child=1 13 3 4 11 8 17 10 9 -3 -8 -2 -4 20 16 -16 -15 21 19 -19 22 -6 23 -1 -21 -11 -17 -5 29 -14
right_child=2 5 12 27 6 -7 7 -9 -10 25 -12 -13 28 14 15 26 -18 18 -20 24 -22 -23 -24 -25 -26 -27 -28 -29 -30 -31
leaf_value=0.010906728165816532 0.011015318330783888 8.3588132491478563e-05 0.030573296581997589 -0.021168388542201783 -0.022683179378509524 0.040082732286835135 0.052910248647656359 -0.0114178641839365 0.045178417089145356 0.027788474813247418 0.0044156977108546665 -0.036546566217176377 -0.0083556646300900379 -0.048157289500037836 -0.033616649040154052 0.04627850080023007 -0.0094286205307129896 -0.010582484251007121 -0.005834304459201984 -0.016481122735668634 -0.0072702607754885299 0.040669136713532839 -0.025588321174894065 0.047597754120826723 -0.031810146714622227 4.8671750461353978e-05 -0.0034364223480224613 -0.041405190357334538 -0.020623220205307009 0.060423776507377625
leaf_weight=522 449 260 170 270 21 414 57 113 82 311 70 31 31 48 28 49 217 470 390 425 209 34 35 50 454 85 36 219 55 24
leaf_count=522 449 260 170 270 21 414 57 113 82 311 70 31 31 48 28 49 217 470 390 425 209 34 35 50 454 85 36 219 55 24
internal_value=0 0.0134144 -0.00958581 -0.0122293 -0.00872766 0.0251449 -0.0126619 0.00847818 0.0167652 0.0132135 0.026181 0.00794361 0.0187655 0.00209651 -0.00834627 0.0106431 -0.0164436 -0.01549 -0.0165011 -0.0195849 0.00693398 0.0164801 0.0118247 0.014114 -0.0243985 0.0218342 0.0252228 -0.0302315 0.000516981 0.0216572
internal_weight=0 2346 3283 3003 2514 1152 2034 240 738 656 127 480 280 1194 378 113 265 1794 1739 1349 816 55 607 572 879 396 85 489 110 55
internal_count=5629 2346 3283 3003 2514 1152 2034 240 738 656 127 480 280 1194 378 113 265 1794 1739 1349 816 55 607 572 879 396 85 489 110 55
shrinkage=0.1


Tree=5
num_leaves=31
num_cat=0
split_feature=2 0 0 2 3 0 7 1 2 6 1 10 8 15 15 6 1 0 8 15 7 13 2 11 3 1 5 2 0 1
split_gain=58.7774 24.0122 22.1699 12.9476 11.707 10.5615 9.88318 9.2178 9.37736 8.33928 10.8227 12.6604 8.65314 7.08256 6.25415 7.24764 5.6819 5.63477 7.63956 5.3575 7.69139 5.49246 5.34333 5.1543 6.22746 5.11487 5.09002 7.98278 5.9145 5.05824
threshold=24.500000000000004 36.500000000000007 35.500000000000007 44.500000000000007 16.500000000000004 19.500000000000004 11.500000000000002 7.5000000000000009 32.500000000000007 4.5000000000000009 23.500000000000004 4.5000000000000009 5.5000000000000009 20.500000000000004 6.5000000000000009 1.5000000000000002 7.5000000000000009 28.500000000000004 9.5000000000000018 9.5000000000000018 11.500000000000002 3.5000000000000004 13.500000000000002 1.5000000000000002 33.500000000000007 9.5000000000000018 2.5000000000000004 16.500000000000004 31.500000000000004 1.5000000000000002
decision_type=2 2 2 2 2 2 2 2 2 2 2 2 2 2 2 2 2 2 2 2 2 2 2 2 2 2 2 2 2 2
left_child=1 5 4 16 7 6 25 19 -9 10 11 12 29 -8 26 -16 -4 18 -17 20 -2 -21 -19 24 -6 -1 27 -14 -28 -7
right_child=2 -3 3 -5 23 9 13 8 -10 -11 -12 -13 14 -15 15 17 -18 22 -20 21 -22 -23 -24 -25 -26 -27 28 -29 -30 -31
leaf_value=-0.017655055639053827 -0.016954778901971577 0.033641077675569203 0.0022779951168566334 -0.026723144916777915 -0.025076984212948728 0.014199899344504635 0.018351706180532099 0.013246753454208374 -0.010544444258148607 0.036492996219926931 0.048165194150330368 -0.037732986045085778 -0.021792401151454196 -0.028166455030441285 -0.031572780636853946 -0.016271003263611947 0.022929860563463952 0.050085638177786343 0.014691476276637193 -0.0036485675937873276 0.0068512231947105628 -0.028036168913046517 0.013526604252476846 -0.026638023166945485 0.04813934181417738 0.010238019698931847 0.047226179755011276 0.026059264077080618 -0.0042426743993052738 -0.016395635214465406
leaf_weight=349 371 405 245 94 26 79 236 300 370 127 69 59 47 38 43 124 292 59 223 121 214 390 124 660 21 81 129 135 27 171
leaf_count=349 371 405 245 94 26 79 236 300 370 127 69 59 47 38 43 124 292 59 223 121 214 390 124 660 21 81 129 135 27 171
internal_value=0 0.0113297 -0.00921636 0.0075145 -0.0134853 0.00706743 -0.0029427 -0.00913197 0.000108331 0.0120442 0.00963537 0.00745622 0.00975266 0.0119003 0.0142752 0.00791155 0.0135077 0.011115 0.00362707 -0.0147807 -0.00824626 -0.0222614 0.0253134 -0.0243595 0.00763669 -0.0124008 0.0250633 0.013702 0.0383181 -0.00672745
internal_weight=0 2525 3104 631 2473 2120 704 1766 670 1416 1289 1220 1161 274 911 573 537 530 347 1096 585 511 183 707 47 430 338 182 156 250
internal_count=5629 2525 3104 631 2473 2120 704 1766 670 1416 1289 1220 1161 274 911 573 537 530 347 1096 585 511 183 707 47 430 338 182 156 250
shrinkage=0.1


Tree=6
num_leaves=31
num_cat=0
split_feature=2 0 0 0 11 1 10 7 1 3 6 15 2 0 15 3 6 4 0 8 2 3 3 7 0 9 9 15 7 7
split_gain=48.1434 25.5614 16.0606 13.5348 11.2552 11.1703 11.1699 7.38107 7.38083 9.26272 7.26732 7.83595 8.07497 6.89502 6.80457 6.5158 6.4104 7.55341 6.82104 5.8907 5.83063 5.55486 5.23246 5.20379 5.17007 6.31683 5.37707 6.97527 5.07753 4.93226
threshold=27.500000000000004 37.500000000000007 40.500000000000007 18.500000000000004 1.5000000000000002 12.500000000000002 2.5000000000000004 18.500000000000004 18.500000000000004 15.500000000000002 4.5000000000000009 7.5000000000000009 18.500000000000004 19.500000000000004 12.500000000000002 2.5000000000000004 2.5000000000000004 1.5000000000000002 21.500000000000004 16.500000000000004 37.500000000000007 25.500000000000004 15.500000000000002 5.5000000000000009 32.500000000000007 8.5000000000000018 17.500000000000004 8.5000000000000018 5.5000000000000009 11.500000000000002
decision_type=2 2 2 2 2 2 2 2 2 2 2 2 2 2 2 2 2 2 2 2 2 2 2 2 2 2 2 2 2 2
left_child=1 3 4 14 23 10 8 15 16 13 11 19 -13 -10 29 28 18 -18 -6 -5 24 -7 -20 -2 25 -17 27 -27 -8 -1
right_child=2 -3 -4 5 6 21 7 -9 9 -11 -12 12 -14 -15 -16 20 17 -19 22 -21 -22 -23 -24 -25 -26 26 -28 -29 -30 -31
leaf_value=-0.0083882352755619942 -0.019770550727844241 0.032207008316439002 0.012232816835929609 0.007280385143466012 -0.032608635315769595 0.026455776958245594 -0.020138301237209427 -0.031536985327985802 -0.011862298033454202 -0.024702953809016461 0.030958138840291107 0.008845834534328717 -0.013057896822763829 0.053886454623064101 -0.022591784244928605 -0.038166696062454812 -0.018855486028805015 0.0076233417365201717 -0.0023871859717637975 0.034016677054266135 -0.031196438381245046 -0.025152968276630751 -0.032293210903803514 0.036388253104506121 0.015022716310340911 0.045875802801715007 -0.021402023395277421 -0.01138649548475559 0.026815811337017621 0.011449588893675339
leaf_weight=325 22 398 290 582 190 401 37 428 22 37 103 286 409 58 195 91 164 314 266 96 229 22 75 66 64 36 106 52 61 204
leaf_count=325 22 398 290 582 190 401 37 428 22 37 103 286 409 58 195 91 164 314 266 96 229 22 75 66 64 36 106 52 61 204
internal_value=0 0.00859273 -0.00995346 0.00500962 -0.0127291 0.00944503 -0.0141134 -0.0212609 -0.00710547 0.0166704 0.00533923 0.00341734 -0.00404427 0.0358055 -0.00662411 -0.0147548 -0.00986243 -0.00146144 -0.0174249 0.0110661 -0.0187974 0.0237716 -0.00896476 0.0223486 -0.0106616 -0.0164293 -0.0062329 0.012039 0.00908824 -0.00073811
internal_weight=0 3021 2608 2623 2318 1899 2230 1104 1126 117 1476 1373 695 80 724 676 1009 478 531 678 578 423 341 88 349 285 194 88 98 529
internal_count=5629 3021 2608 2623 2318 1899 2230 1104 1126 117 1476 1373 695 80 724 676 1009 478 531 678 578 423 341 88 349 285 194 88 98 529
shrinkage=0.1


Tree=7
num_leaves=31
num_cat=0
split_feature=2 0 0 3 2 7 1 0 15 1 0 8 1 10 15 10 15 14 7 10 1 12 5 8 10 10 3 1 1 1
split_gain=39.9251 17.806 14.2333 12.6905 9.98514 9.72055 9.62996 6.95311 6.89502 6.66028 5.84076 5.8407 9.14558 6.60294 5.8281 5.74855 6.51017 5.67978 5.78415 7.3142 6.26899 5.40549 5.17603 5.04102 4.52719 4.3661 4.57729 4.2952 6.20701 4.72371
threshold=23.500000000000004 35.500000000000007 41.500000000000007 2.5000000000000004 37.500000000000007 73.500000000000014 18.500000000000004 18.500000000000004 1.0000000180025095e-35 12.500000000000002 18.500000000000004 5.5000000000000009 5.5000000000000009 3.5000000000000004 34.500000000000007 2.5000000000000004 2.5000000000000004 4.5000000000000009 11.500000000000002 3.5000000000000004 12.500000000000002 2.5000000000000004 2.5000000000000004 30.500000000000004 2.5000000000000004 1.5000000000000002 8.5000000000000018 13.500000000000002 15.500000000000002 10.500000000000002
decision_type=2 2 2 2 2 2 2 2 2 2 2 2 2 2 2 2 2 2 2 2 2 2 2 2 2 2 2 2 2 2
left_child=1 5 3 14 6 7 10 8 -1 11 -5 12 13 -9 -2 16 -6 21 19 -19 -20 -10 25 27 -8 26 -12 29 -29 -24
right_child=2 -3 -4 4 15 -7 24 9 17 -11 22 -13 -14 -15 -16 -17 -18 18 20 -21 -22 -23 23 -25 -26 -27 -28 28 -30 -31
leaf_value=0.031085833430290224 0.0077118280406290362 0.028326649217069011 0.014444035909005573 -0.021275571467765996 0.037563914418220518 0.066557858540461617 0.03491108506473143 0.013108267029747368 0.045474068158202707 0.022759564860683423 0.042672253648440045 0.0091021870878975151 -0.040027720169789754 -0.046197639812122694 -0.028407245631120643 -0.028567681034448844 -0.015380925842381399 -0.014811971882508266 0.0097521704553768344 -0.06195092140099942 -0.038973824679851533 -0.0076290088455851493 0.0032312255616472885 -0.016919712374912448 0.0017629085021598316 -0.020433086886146638 -0.01311086792694895 0.074263923764228829 0.00016387380086458649 -0.033933069254900965
leaf_weight=50 506 431 280 367 25 26 67 128 36 276 24 836 67 22 49 464 327 211 151 39 32 41 452 163 107 331 38 20 26 37
leaf_count=50 506 431 280 367 25 26 67 128 36 276 24 836 67 22 49 464 327 211 151 39 32 41 452 163 107 331 38 20 26 37
internal_value=0 0.00996274 -0.00711928 -0.00912984 -0.0122251 0.00582966 -0.00770911 0.0049938 -0.00435255 0.00893207 -0.0103628 0.00530777 -0.00931036 0.00441007 0.00452294 -0.0212572 -0.0116206 -0.0078269 -0.0122771 -0.0221656 0.00123178 0.0171984 -0.00669186 -0.00152347 0.0145269 -0.0158713 0.0084826 0.00316735 0.0323813 0.000419203
internal_weight=0 2346 3283 3003 2448 1915 1632 1889 560 1329 1458 1053 217 150 555 816 352 510 433 250 183 77 1091 698 174 393 62 535 46 489
internal_count=5629 2346 3283 3003 2448 1915 1632 1889 560 1329 1458 1053 217 150 555 816 352 510 433 250 183 77 1091 698 174 393 62 535 46 489
shrinkage=0.1


Tree=8
num_leaves=31
num_cat=0
split_feature=2 0 2 0 10 3 0 8 0 5 8 9 1 1 13 9 15 3 1 14 2 13 7 8 15 14 13 8 13 14
split_gain=32.3393 15.2242 12.6185 15.0603 11.047 8.149 7.86973 6.21915 5.74163 5.42776 9.79475 7.4029 8.62576 5.38356 5.20913 5.1547 5.07191 4.70814 7.20703 4.6702 4.92046 6.57533 4.98397 4.63847 4.58601 4.33923 4.69212 4.31418 4.43272 4.22624
threshold=23.500000000000004 40.500000000000007 44.500000000000007 37.500000000000007 1.0000000180025095e-35 2.5000000000000004 24.500000000000004 13.500000000000002 17.500000000000004 3.5000000000000004 31.500000000000004 10.500000000000002 13.500000000000002 10.500000000000002 6.5000000000000009 7.5000000000000009 23.500000000000004 15.500000000000002 25.500000000000004 14.500000000000002 19.500000000000004 8.5000000000000018 6.5000000000000009 16.500000000000004 4.5000000000000009 14.500000000000002 14.500000000000002 19.500000000000004 7.5000000000000009 5.5000000000000009
decision_type=2 2 2 2 2 2 2 2 2 2 2 2 2 2 2 2 2 2 2 2 2 2 2 2 2 2 2 2 2 2
left_child=1 6 3 4 7 -6 19 -2 -9 17 11 12 15 16 -13 27 -8 18 24 20 -1 22 -22 -18 -7 -26 -27 28 -11 -4
right_child=2 -3 29 -5 5 9 13 8 -10 10 -12 14 -14 -15 -16 -17 23 -19 -20 -21 21 -23 -24 -25 25 26 -28 -29 -30 -31
leaf_value=0.013064937899002482 -0.0025874362105414981 0.035354240700602529 -0.0078076263805767435 0.012687256377641397 0.0042294726078280342 0.00049521796587036887 0.012180804249285837 -0.0024028412320397118 0.058717030988020058 0.048036220967769626 -0.017821508200567389 0.042508019621555621 0.046481463042172516 0.023263803755027661 0.008546691770489152 -0.050852627754211427 -0.027985255069592419 -0.023739130853505389 0.041918640136718754 -0.0080890200440845786 -0.017533347053804261 -0.021986868411056265 0.013355601859647175 0.011477528090746899 -0.012367222751190052 -0.019489139349837054 -0.058398455964482357 -0.036607116871866685 -0.014583679002064927 -0.03125526515245438
leaf_weight=411 63 200 111 446 394 205 486 22 51 20 281 65 22 345 148 40 68 433 25 378 69 121 215 53 511 95 46 29 26 250
leaf_count=411 63 200 111 446 394 205 486 22 51 20 281 65 22 345 148 40 68 433 25 378 69 121 215 53 511 95 46 29 26 250
internal_value=0 0.00896646 -0.00640735 -0.00422822 -0.00727519 -0.0088855 0.00650721 0.0204316 0.0402973 -0.0115408 -0.00391677 0.00724675 -0.0108874 0.0132891 0.0189105 -0.0218623 0.00761974 -0.0151992 -0.0110068 0.0010999 0.00535653 -0.00246607 0.00585089 -0.0106999 -0.0125507 -0.0166525 -0.032183 -0.00640077 0.0126424 -0.0240456
internal_weight=0 2346 3283 2922 2476 2340 2146 136 73 1946 631 350 137 952 213 115 607 1315 882 1194 816 405 284 121 857 652 141 75 46 361
internal_count=5629 2346 3283 2922 2476 2340 2146 136 73 1946 631 350 137 952 213 115 607 1315 882 1194 816 405 284 121 857 652 141 75 46 361
shrinkage=0.1


Tree=9
num_leaves=31
num_cat=0
split_feature=2 0 11 0 2 0 1 6 10 7 15 4 15 5 9 1 12 8 8 15 7 6 0 13 3 13 13 1 2 8
split_gain=26.9145 14.3125 10.4571 8.84059 9.24352 7.99397 6.65052 7.98226 8.48705 6.61622 6.31261 6.058 5.84025 5.80827 6.20988 5.34583 4.99947 5.25946 10.8775 4.97258 4.93675 4.77331 4.69076 4.40778 4.31638 6.32501 4.9368 4.2923 4.2206 4.72631
threshold=27.500000000000004 37.500000000000007 1.5000000000000002 25.500000000000004 38.500000000000007 18.500000000000004 22.500000000000004 4.5000000000000009 4.5000000000000009 63.500000000000007 13.500000000000002 3.5000000000000004 20.500000000000004 1.5000000000000002 12.500000000000002 31.500000000000004 2.5000000000000004 10.500000000000002 18.500000000000004 12.500000000000002 5.5000000000000009 2.5000000000000004 41.500000000000007 55.500000000000007 14.500000000000002 15.500000000000002 14.500000000000002 7.5000000000000009 22.500000000000004 6.5000000000000009
decision_type=2 2 2 2 2 2 2 2 2 2 2 2 2 2 2 2 2 2 2 2 2 2 2 2 2 2 2 2 2 2
left_child=1 5 20 11 21 19 7 8 9 10 13 -4 -10 -7 -15 16 17 -6 -19 -1 -2 27 24 -3 26 -26 -23 -5 29 -12
right_child=2 23 3 4 15 6 -8 -9 12 -11 28 -13 -14 14 -16 -17 -18 18 -20 -21 -22 22 -24 -25 25 -27 -28 -29 -30 -31
leaf_value=-0.0001655383855949503 -0.0138903585764078 0.020983147771794941 -0.010796942346814005 -0.012395441274106245 -0.026781796957507278 -0.028288311493106007 0.028292304417793304 0.028768010273137513 -0.012629213110833874 0.052517115864260444 -0.020561160574147069 -0.027171221218611066 -0.074899134039878842 0.0053556185443171655 0.023082844703285782 0.024370169474018946 -0.023459525525379485 0.043249049445368212 -0.013974536637241922 -0.018847178709812656 0.03650693239329697 0.026092918058271176 0.038282188362088701 0.059685359522700314 -0.024219403570735612 0.029275968766981561 -0.0075054521598513172 0.0088746316684699209 -0.019468619888775972 0.0078555331519636947
leaf_weight=529 26 366 880 231 66 41 138 136 61 29 77 304 20 737 270 36 313 53 89 195 77 143 58 32 77 31 63 161 146 244
leaf_count=529 26 366 880 231 66 41 138 136 61 29 77 304 20 737 270 36 313 53 89 195 77 143 58 32 77 31 63 161 146 244
internal_value=0 0.00642475 -0.00744217 -0.00872617 -0.00310197 0.00374358 0.00715228 0.00549565 0.00354793 0.00520321 0.00429753 -0.0150011 -0.0280045 0.00860652 0.0101087 -0.0128988 -0.015474 -0.00345737 0.00738356 -0.0051972 0.0237853 0.0040405 0.0121545 0.0240949 0.00732836 -0.00886425 0.0158177 -0.00365952 -0.00537233 0.00103907
internal_weight=0 3021 2608 2505 1321 2623 1899 1761 1625 1544 1515 1184 81 1048 1007 557 521 208 142 724 103 764 372 398 314 108 206 392 467 321
internal_count=5629 3021 2608 2505 1321 2623 1899 1761 1625 1544 1515 1184 81 1048 1007 557 521 208 142 724 103 764 372 398 314 108 206 392 467 321
shrinkage=0.1


Tree=10
num_leaves=31
num_cat=0
split_feature=2 0 0 11 10 2 0 1 7 9 3 14 14 13 12 15 1 14 6 15 5 2 3 1 8 6 8 7 1 7
split_gain=21.8008 12.2299 8.63165 9.01862 8.00173 7.48725 7.14321 6.13631 6.29481 8.00109 5.55899 5.00578 7.7079 6.82898 5.91429 5.8577 4.44708 5.81407 4.41578 4.6724 5.80497 4.5794 4.33121 4.33012 4.1985 4.08155 4.05925 5.47121 4.51385 6.26997
threshold=27.500000000000004 41.500000000000007 25.500000000000004 1.5000000000000002 1.5000000000000002 38.500000000000007 7.5000000000000009 12.500000000000002 3.5000000000000004 11.500000000000002 12.500000000000002 17.500000000000004 21.500000000000004 1.0000000180025095e-35 2.5000000000000004 14.500000000000002 5.5000000000000009 12.500000000000002 4.5000000000000009 8.5000000000000018 2.5000000000000004 24.500000000000004 28.500000000000004 31.500000000000004 85.500000000000014 1.0000000180025095e-35 20.500000000000004 8.5000000000000018 1.0000000180025095e-35 11.500000000000002
decision_type=2 2 2 2 2 2 2 2 2 2 2 2 2 2 2 2 2 2 2 2 2 2 2 2 2 2 2 2 2 2
left_child=1 4 24 22 10 25 -6 8 9 -8 11 14 -13 -14 -1 -15 17 -16 19 26 -21 -20 -4 -7 -2 -5 28 -28 29 -10
right_child=2 -3 3 5 6 23 7 -9 18 -11 -12 12 13 15 16 -17 -18 -19 21 20 -22 -23 -24 -25 -26 -27 27 -29 -30 -31
leaf_value=0.042970669627651691 -0.011713562433918318 0.029488340233053481 0.067735257413652203 -0.022866758373048572 -0.028430262284401139 -0.013926617781168668 -0.033875647692357083 0.012857867148336925 -0.018756045609019525 0.0042670136227191081 -0.0081970087302628385 -0.03209737786432592 0.04454665730560297 0.017077199501149797 -0.015937859000581683 -0.030591464324577433 0.033424446483453114 0.039893140701147231 0.034645200339523528 -0.018410776194105759 0.0020282659920699457 -0.017319991913708775 0.0079616370526227088 0.021933152112695906 -0.04547529683301324 0.0056521852881136082 0.062409599551132747 0.0081070315837860115 0.0096595653751317193 0.010882861496972256
leaf_weight=129 1200 203 27 54 78 521 118 443 172 103 93 41 57 85 66 37 69 26 74 235 340 22 22 36 38 710 28 55 425 122
leaf_count=129 1200 203 27 54 78 521 118 443 172 103 93 41 57 85 66 37 69 26 74 235 340 22 22 36 38 710 28 55 425 122
internal_value=0 0.00578228 -0.00669795 -0.00122914 0.00407456 -0.00279177 0.00129425 0.00237919 -0.000361099 -0.0160988 0.0142875 0.0183876 0.00701293 0.0159712 0.0270166 0.00262031 0.0142336 -0.000159533 0.00200008 0.000554407 -0.00632508 0.0227365 0.0408981 -0.0116089 -0.0127499 0.00363645 0.00548671 0.026426 0.00306952 -0.00645691
internal_weight=0 3021 2608 1370 2818 1321 2215 2137 1694 221 603 510 220 179 290 122 161 92 1473 1377 575 96 49 557 1238 764 802 83 719 294
internal_count=5629 3021 2608 1370 2818 1321 2215 2137 1694 221 603 510 220 179 290 122 161 92 1473 1377 575 96 49 557 1238 764 802 83 719 294
shrinkage=0.1


Tree=11
num_leaves=31
num_cat=0
split_feature=2 0 3 0 2 8 11 4 7 13 8 5 9 0 7 14 10 5 7 13 1 15 8 0 3 7 9 2 14 1
split_gain=18.3237 10.038 7.9635 7.41883 7.04394 6.12754 5.8697 8.78858 5.08152 6.78276 5.04238 6.27913 11.1433 7.06802 4.94701 4.9197 7.80276 5.57152 5.37056 6.36012 5.34009 5.20274 4.7977 4.77172 4.92001 5.67243 4.49306 4.41062 4.37361 4.36513
threshold=22.500000000000004 35.500000000000007 5.5000000000000009 19.500000000000004 39.500000000000007 5.5000000000000009 1.5000000000000002 2.5000000000000004 4.5000000000000009 1.5000000000000002 63.500000000000007 3.5000000000000004 9.5000000000000018 21.500000000000004 37.500000000000007 17.500000000000004 3.5000000000000004 3.5000000000000004 10.500000000000002 5.5000000000000009 10.500000000000002 4.5000000000000009 46.500000000000007 39.500000000000007 27.500000000000004 67.500000000000014 29.500000000000004 30.500000000000004 25.500000000000004 1.5000000000000002
decision_type=2 2 2 2 2 2 2 2 2 2 2 2 2 2 2 2 2 2 2 2 2 2 2 2 2 2 2 2 2 2
left_child=3 2 8 15 -3 -5 7 -4 22 -10 11 -8 -13 27 26 16 18 -17 20 -20 -1 -18 29 24 25 -7 -15 -14 -11 -2
right_child=1 4 6 5 -6 23 10 -9 9 28 -12 12 13 14 -16 17 21 -19 19 -21 -22 -23 -24 -25 -26 -27 -28 -29 -30 -31
leaf_value=-0.0068923117332561042 -0.038257947357164493 0.013227551381111655 -0.015537933463400062 -0.00075070946819364695 -0.0084678534350611945 0.011676676983544866 -0.014818235538548157 0.049660891714768535 0.033587779311670195 0.0043461662395433949 -0.032747372716396779 -0.02136523924444033 0.016493520850226994 0.024826854249326194 0.057241062868025994 -0.027970369526597323 0.014955094727602872 0.012552624560417015 0.055413881851279212 0.0097898854659153878 0.035184520483016971 -0.042894139379825232 0.030041525580666285 0.029685096625696152 -0.031292153780276964 0.064194358246667055 -0.0089363554428363665 -0.023439781533347238 -0.020816145592097997 -0.0057574618722974645
leaf_weight=186 72 468 44 354 220 996 1165 39 72 550 111 184 42 123 31 122 22 47 46 91 36 53 22 171 26 21 58 81 79 97
leaf_count=186 72 468 44 354 220 996 1165 39 72 550 111 184 42 123 31 122 22 47 46 91 36 53 22 171 26 21 58 81 79 97
internal_value=0 -0.00452072 -0.00720586 0.00720067 0.00629007 0.0108258 -0.0109011 0.0150977 0.000574107 0.00451389 -0.0121033 -0.0107426 -0.00159389 0.00926559 0.0203296 -0.00222587 0.00341063 -0.0167007 0.00953925 0.0251089 -6.90416e-05 -0.025925 -0.0138855 0.0142015 0.0116629 0.0127611 0.0140077 -0.00980402 0.00118588 -0.0196038
internal_weight=0 3458 2770 2171 688 1568 1878 83 892 701 1795 1684 519 335 212 603 434 169 359 137 222 75 191 1214 1043 1017 181 123 629 169
internal_count=5629 3458 2770 2171 688 1568 1878 83 892 701 1795 1684 519 335 212 603 434 169 359 137 222 75 191 1214 1043 1017 181 123 629 169
shrinkage=0.1


Tree=12
num_leaves=31
num_cat=0
split_feature=2 1 11 4 12 0 15 6 8 14 0 0 9 7 6 7 4 3 2 13 9 13 8 8 13 0 9 15 10 0
split_gain=15.624 14.1759 7.50606 6.44429 6.59904 7.70999 8.13325 6.68176 6.43429 5.95609 6.2452 5.37402 5.11292 5.01576 6.52509 5.01514 4.77644 9.867 4.56009 4.55748 5.81939 4.11464 4.69556 4.32102 4.09919 4.14438 5.01785 4.0171 8.2061 5.80386
threshold=33.500000000000007 13.500000000000002 1.5000000000000002 1.0000000180025095e-35 2.5000000000000004 21.500000000000004 3.5000000000000004 2.5000000000000004 44.500000000000007 6.5000000000000009 40.500000000000007 27.500000000000004 37.500000000000007 24.500000000000004 1.5000000000000002 31.500000000000004 1.5000000000000002 5.5000000000000009 31.500000000000004 3.5000000000000004 10.500000000000002 3.5000000000000004 45.500000000000007 5.5000000000000009 2.5000000000000004 10.500000000000002 5.5000000000000009 8.5000000000000018 1.0000000180025095e-35 41.500000000000007
decision_type=2 2 2 2 2 2 2 2 2 2 2 2 2 2 2 2 2 2 2 2 2 2 2 2 2 2 2 2 2 2
left_child=1 3 -2 8 5 18 15 -6 -1 12 21 13 -9 14 -3 -7 17 -8 -5 -18 -21 23 -23 -11 -16 -26 -27 28 -4 -30
right_child=2 11 27 4 7 6 16 9 -10 10 -12 -13 -14 -15 24 -17 19 -19 -20 20 -22 22 -24 -25 25 26 -28 -29 29 -31
leaf_value=-0.020918279611914725 0.030791369484116635 -0.040821482376618819 0.060799802839756015 0.0012239250426984017 -0.010370521304261594 0.034814563291828811 0.0662027214024518 0.012825013895255295 0.016210931179852322 0.044812714436958584 0.028584341608708902 0.021838282976568361 0.065076987161522812 -0.01956912467112908 0.048819312904820306 -0.011806690578277296 0.02076941491389761 -0.0078641557693481436 -0.03533167623811298 -0.019649637546954733 0.0088793122042448089 -0.0062361184600740679 -0.042586881304398562 0.001019659417100472 -0.028200678527355194 0.058643760283788052 0.009743432798785364 -0.012742557442503404 -0.0081670994673068553 0.028457253798842432
leaf_weight=239 48 22 20 655 655 205 37 173 58 29 62 485 21 65 33 26 98 35 36 132 156 400 39 101 24 24 167 1097 439 48
leaf_count=239 48 22 20 655 655 205 37 173 58 29 62 485 21 65 33 26 98 35 36 132 156 400 39 101 24 24 167 1097 439 48
internal_value=0 0.00339553 -0.00817434 0.000352767 0.00180871 0.0067832 0.0142686 -0.00282966 -0.0136675 0.00315732 -0.00155397 0.0151102 0.0184812 0.00536943 0.0113732 0.0295671 0.00655257 0.030198 -0.000680564 0.00214203 -0.00419646 -0.00483793 -0.00946546 0.0107889 0.0160033 0.0109665 0.015888 -0.0093404 -0.00197912 -0.00455731
internal_weight=0 3977 1652 3157 2860 1380 689 1480 297 825 631 820 194 335 270 231 458 72 691 386 288 569 439 130 248 215 191 1604 507 487
internal_count=5629 3977 1652 3157 2860 1380 689 1480 297 825 631 820 194 335 270 231 458 72 691 386 288 569 439 130 248 215 191 1604 507 487
shrinkage=0.1


Tree=13
num_leaves=31
num_cat=0
split_feature=2 0 10 11 8 1 5 6 7 15 14 9 8 2 1 14 0 14 10 9 2 6 0 7 15 0 5 15 3 7
split_gain=12.7122 7.93 6.70368 11.0189 6.78497 10.1415 6.14623 6.91855 5.48213 6.02904 4.88988 5.1868 5.70202 5.0991 6.00029 6.66517 4.50978 5.99499 4.76305 4.45862 4.88871 4.18675 6.32528 6.49482 5.09235 7.85219 4.55996 4.79414 9.39836 4.30715
threshold=22.500000000000004 41.500000000000007 2.5000000000000004 2.5000000000000004 35.500000000000007 18.500000000000004 2.5000000000000004 4.5000000000000009 10.500000000000002 7.5000000000000009 14.500000000000002 10.500000000000002 22.500000000000004 28.500000000000004 7.5000000000000009 6.5000000000000009 19.500000000000004 4.5000000000000009 1.5000000000000002 4.5000000000000009 32.500000000000007 2.5000000000000004 20.500000000000004 1.0000000180025095e-35 10.500000000000002 35.500000000000007 3.5000000000000004 4.5000000000000009 8.5000000000000018 14.500000000000002
decision_type=2 2 2 2 2 2 2 2 2 2 2 2 2 2 2 2 2 2 2 2 2 2 2 2 2 2 2 2 2 2
left_child=6 2 4 10 5 21 7 -1 16 -10 11 12 -4 -13 15 -15 17 -8 -19 -6 -21 22 -2 -24 -25 -26 27 28 -23 -28
right_child=1 -3 3 -5 19 -7 8 -9 9 -11 -12 13 -14 14 -16 -17 -18 18 -20 20 -22 26 23 24 25 -27 29 -29 -30 -31
leaf_value=-0.0020181382174599811 -0.019298096381740654 0.012032577426163192 -0.018187930850328601 -0.015494617399479155 -0.051593605933650845 0.030382257363070615 0.03715505885041278 0.02466116279915527 0.030751675910419891 0.0098282595367079062 -0.019800450977606653 0.040123677685640867 0.023575370467227439 -0.031969235078343809 0.030731199961155656 0.023789326184325749 0.010110964958156859 0.015823143348097802 -0.028197280528410425 0.0087124847913090196 -0.022694448415274012 0.048837479318563755 -0.049928582211335504 0.01256902419002337 -0.017886194514065253 0.033688579913642672 0.010041834368850247 -0.0051658439617719709 -0.015191092869130576 0.048259324757825767
leaf_weight=972 231 291 113 1076 31 115 23 108 225 355 78 69 46 53 64 36 350 32 106 79 133 52 24 263 164 36 99 322 41 42
leaf_count=972 231 291 113 1076 31 115 23 108 225 355 78 69 46 53 64 36 350 32 106 79 133 52 24 263 164 36 99 322 41 42
internal_value=0 -0.0037654 -0.005217 -0.00996094 -0.000755032 0.00194188 0.00599759 0.000649792 0.0112915 0.0179451 0.00301127 0.00768139 -0.00610547 0.0175558 0.00737806 -0.00941521 0.0037394 -0.0101118 -0.0179896 -0.0161707 -0.0109909 -0.000625349 -0.00566997 0.000794292 0.00342356 -0.00860274 0.00588911 0.000610391 0.0206098 0.0214258
internal_weight=0 3458 3167 1535 1632 1389 2171 1080 1091 580 459 381 159 222 153 89 511 161 138 243 212 1274 718 487 463 200 556 415 93 141
internal_count=5629 3458 3167 1535 1632 1389 2171 1080 1091 580 459 381 159 222 153 89 511 161 138 243 212 1274 718 487 463 200 556 415 93 141
shrinkage=0.1


Tree=14
num_leaves=31
num_cat=0
split_feature=2 1 11 12 7 14 15 0 6 3 10 11 13 0 9 9 7 0 9 0 3 7 6 2 2 2 8 8 5 15
split_gain=10.9683 10.6703 5.71354 4.97 8.24296 6.01804 6.01721 5.50548 5.28469 6.65999 5.28052 7.32657 6.23105 5.5056 4.77595 4.73289 4.67864 4.48549 4.50663 4.19896 4.16003 4.15942 5.11654 4.13155 3.95093 3.92473 3.87852 4.61311 5.36292 4.79321
threshold=33.500000000000007 13.500000000000002 1.5000000000000002 2.5000000000000004 3.5000000000000004 1.5000000000000002 3.5000000000000004 21.500000000000004 2.5000000000000004 3.5000000000000004 1.5000000000000002 2.5000000000000004 10.500000000000002 16.500000000000004 9.5000000000000018 6.5000000000000009 31.500000000000004 13.500000000000002 15.500000000000002 27.500000000000004 15.500000000000002 24.500000000000004 1.5000000000000002 25.500000000000004 15.500000000000002 26.500000000000004 7.5000000000000009 21.500000000000004 3.5000000000000004 1.0000000180025095e-35
decision_type=2 2 2 2 2 2 2 2 2 2 2 2 2 2 2 2 2 2 2 2 2 2 2 2 2 2 2 2 2 2
left_child=1 3 -2 4 14 25 7 -6 9 -7 20 12 15 -14 -1 -12 -9 18 -13 21 -10 22 -3 -16 -15 -5 -4 28 29 -28
right_child=2 19 26 5 6 8 -8 16 10 -11 11 17 13 24 23 -17 -18 -19 -20 -21 -22 -23 -24 -25 -26 -27 27 -29 -30 -31
leaf_value=-0.034730187881934015 0.027147111731270952 -0.036353553425181998 -0.018700157127676222 0.0068465709181155191 0.0048664247362237229 -0.029335726450824141 0.0025993818604932639 0.033596398412245106 0.018720698896019409 -0.0061314918515498161 -0.042627176761627195 -0.0019440035457196443 0.073892390186136414 0.048851870536804204 0.014779173350725018 0.0054178188832705483 -0.011619009306797615 -0.0076527747930835348 -0.058027523834454392 0.018955672564580271 -0.026283489880354512 -0.01831184873214135 0.013965567225410092 -0.02689423469396738 -0.0003517509774958834 0.05127012699842453 0.040957930413159455 -0.011297876046035122 0.016817553487478518 -0.006812697131957474
leaf_weight=76 48 22 274 59 190 159 883 191 192 557 25 23 22 25 61 114 26 377 38 485 23 65 248 39 47 30 22 691 153 464
leaf_count=76 48 22 274 59 190 159 883 191 192 557 25 23 22 25 61 114 26 377 38 485 23 65 248 39 47 30 22 691 153 464
internal_value=0 0.002845 -0.006849 0.000205142 0.00446648 -0.00348919 0.0072362 0.0172959 -0.0048953 -0.0112844 0.000267888 -0.00410209 0.0102247 0.0301106 -0.0158343 -0.00322337 0.0281789 -0.0117234 -0.0368813 0.0130084 0.0139063 0.00439825 0.00986549 -0.00147346 0.0167328 0.0218208 -0.00786634 -0.00563441 0.000489935 -0.00465024
internal_weight=0 3977 1652 3157 1466 1691 1290 407 1602 716 886 671 233 94 176 139 217 438 61 820 215 335 270 100 72 89 1604 1330 639 486
internal_count=5629 3977 1652 3157 1466 1691 1290 407 1602 716 886 671 233 94 176 139 217 438 61 820 215 335 270 100 72 89 1604 1330 639 486
shrinkage=0.1


Tree=15
num_leaves=31
num_cat=0
split_feature=0 2 10 13 0 1 14 14 1 6 6 5 3 12 10 2 8 9 13 11 14 13 14 3 14 1 2 14 8 11
split_gain=9.79973 8.73102 6.18881 7.43716 6.91478 6.41794 5.85268 5.56972 5.30202 8.2704 7.06294 5.83333 5.16682 6.38017 5.75728 6.22345 5.96148 8.59025 5.85895 5.72199 4.56345 4.4607 4.65714 4.3124 4.27288 5.00458 4.25915 4.22943 4.98824 4.28189
threshold=41.500000000000007 38.500000000000007 1.0000000180025095e-35 1.5000000000000002 9.5000000000000018 6.5000000000000009 9.5000000000000018 13.500000000000002 23.500000000000004 4.5000000000000009 5.5000000000000009 1.5000000000000002 1.0000000180025095e-35 4.5000000000000009 3.5000000000000004 13.500000000000002 11.500000000000002 13.500000000000002 11.500000000000002 1.5000000000000002 71.500000000000014 10.500000000000002 24.500000000000004 14.500000000000002 19.500000000000004 9.5000000000000018 26.500000000000004 4.5000000000000009 8.5000000000000018 2.5000000000000004
decision_type=2 2 2 2 2 2 2 2 2 2 2 2 2 2 2 2 2 2 2 2 2 2 2 2 2 2 2 2 2 2
left_child=1 2 3 -1 6 7 -4 -5 10 -10 11 -6 13 14 15 16 17 -13 -16 23 -21 24 27 -14 25 -17 -9 29 -29 -23
right_child=-2 -3 4 5 8 -7 -8 26 9 -11 -12 12 19 -15 18 21 -18 -19 -20 20 -22 22 -24 -25 -26 -27 -28 28 -30 -31
leaf_value=0.031041850133890839 0.01422376595938687 -0.010343512011967164 0.00088666850612277083 -0.061122668743133546 -0.017513326864049893 0.020701499655842781 -0.030592358399320532 -0.032690437067122685 0.025756700380000077 -0.022367342246903316 0.032681953022256495 -0.048604284680407978 0.039627310372235484 -0.027836560295975726 -0.044584663299953239 0.027247591243757238 0.022704069722782484 0.029897766411304472 0.0056728254850596602 -0.0033076112940016974 0.030325982919553431 0.061249791724341252 0.053171238728931973 -0.00019567247766714833 -0.0016538119316101075 0.065484992530610839 0.031790144145488745 0.026579480489780163 -0.022350754045151376 0.0015150638563292368
leaf_weight=142 446 873 105 25 198 63 135 21 173 45 64 46 57 46 34 143 44 20 73 2510 41 21 21 52 35 45 20 29 74 28
leaf_count=142 446 873 105 25 198 63 135 21 173 45 64 46 57 46 34 143 44 20 73 2510 41 21 21 52 35 45 20 29 74 28
internal_value=0 -0.00122396 0.000623222 0.0152523 -0.000358328 -0.00212844 -0.0168203 -0.0239207 0.000681648 0.0158228 -0.0002401 -0.000839193 0.000155527 0.00808248 0.0107779 0.0152344 -0.00580784 -0.0248158 -0.0102968 -0.00180833 -0.00276705 0.0210794 0.00902955 0.0206292 0.0304276 0.0364002 -0.0012365 0.00293103 -0.00857428 0.0271157
internal_weight=0 5183 4310 271 4039 129 240 66 3799 218 3581 3517 3319 659 613 506 110 66 107 2660 2551 396 173 109 223 188 41 152 103 49
internal_count=5629 5183 4310 271 4039 129 240 66 3799 218 3581 3517 3319 659 613 506 110 66 107 2660 2551 396 173 109 223 188 41 152 103 49
shrinkage=0.1


Tree=16
num_leaves=31
num_cat=0
split_feature=2 0 15 3 3 1 14 13 10 0 2 7 4 2 5 13 0 6 15 4 0 0 9 0 15 8 0 1 7 13
split_gain=8.58013 5.69197 5.25493 5.22199 4.90318 4.89043 5.07724 4.78517 5.63016 4.62844 5.95805 4.05493 4.90407 4.11343 3.84136 4.35802 4.07328 5.07054 5.14487 3.87384 6.47134 3.71319 3.71275 3.65912 3.63157 4.54056 4.00553 3.92094 7.03192 4.52541
threshold=20.500000000000004 35.500000000000007 8.5000000000000018 5.5000000000000009 27.500000000000004 30.500000000000004 59.500000000000007 5.5000000000000009 3.5000000000000004 46.500000000000007 39.500000000000007 9.5000000000000018 2.5000000000000004 13.500000000000002 2.5000000000000004 16.500000000000004 21.500000000000004 1.0000000180025095e-35 2.5000000000000004 2.5000000000000004 29.500000000000004 22.500000000000004 32.500000000000007 44.500000000000007 1.5000000000000002 4.5000000000000009 37.500000000000007 3.5000000000000004 2.5000000000000004 1.5000000000000002
decision_type=2 2 2 2 2 2 2 2 2 2 2 2 2 2 2 2 2 2 2 2 2 2 2 2 2 2 2 2 2 2
left_child=4 3 9 -2 7 6 -4 8 11 10 -3 24 13 -13 15 -5 -16 -18 19 20 -19 -17 -14 -9 -1 -26 27 28 -27 -29
right_child=1 2 5 14 -6 -7 -8 23 -10 -11 -12 12 22 -15 16 21 17 18 -20 -21 -22 -23 -24 -25 25 26 -28 29 -30 -31
leaf_value=0.039733865405573991 0.0011860582659872928 0.020815100375167483 -0.0013758723227458708 -0.0090227479186221846 -0.032542108766960377 0.026173343757788344 -0.043965526322523756 0.0012143074388879895 -0.021985809470331949 0.062164359433310369 -0.021874043941497806 0.019569506218372765 0.0059246112677184028 0.055654235184192657 -0.011374423498088874 -0.014958241021279062 -0.029350032264536082 0.033702394640759421 -0.00098678630234590235 0.050963163463508376 -0.034448211572386998 -0.044679666724469928 0.04946205615997315 0.031654454149850984 -0.028555708958042991 0.029872897888223334 0.04737353920936585 -0.011978533747149449 -0.036421519269545871 0.023170341849327088
leaf_weight=33 1032 179 418 524 33 60 30 1072 43 21 40 59 132 68 515 101 55 38 670 34 22 72 23 41 36 24 25 51 48 130
leaf_count=33 1032 179 418 524 33 60 30 1072 43 21 40 59 132 68 515 101 55 38 670 34 22 72 23 41 36 24 25 51 48 130
internal_value=0 -0.00269655 0.00512395 -0.00460636 0.00565267 -0.000637165 -0.00422786 0.0063588 0.0130221 0.0173183 0.013018 0.0154154 0.0243219 0.0388905 -0.00754962 -0.0135662 -0.00440603 -2.42011e-05 0.00208695 0.0239955 0.00871384 -0.0273279 0.012385 0.00233564 0.00817725 0.00486079 0.00918811 0.00541485 -0.0143234 0.0132665
internal_weight=0 3811 748 3063 1818 508 448 1785 672 240 219 629 282 127 2031 697 1334 819 764 94 60 173 155 1113 347 314 278 253 72 181
internal_count=5629 3811 748 3063 1818 508 448 1785 672 240 219 629 282 127 2031 697 1334 819 764 94 60 173 155 1113 347 314 278 253 72 181
shrinkage=0.1


Tree=17
num_leaves=31
num_cat=0
split_feature=2 0 10 4 11 14 15 3 5 8 4 5 6 7 1 15 9 15 9 15 15 11 2 14 15 1 5 8 9 2
split_gain=7.57524 7.5262 6.57488 5.88409 6.624 6.81712 5.75346 5.03884 5.61827 5.70922 5.45221 5.50192 5.39289 5.46639 6.51411 5.39658 5.00722 6.09759 4.95174 4.82917 4.78475 4.71399 4.70583 4.62429 5.47043 4.50297 4.32649 4.29604 4.2106 4.15294
threshold=44.500000000000007 35.500000000000007 1.0000000180025095e-35 1.0000000180025095e-35 1.5000000000000002 2.5000000000000004 3.5000000000000004 6.5000000000000009 3.5000000000000004 31.500000000000004 2.5000000000000004 1.5000000000000002 3.5000000000000004 5.5000000000000009 10.500000000000002 6.5000000000000009 10.500000000000002 4.5000000000000009 15.500000000000002 5.5000000000000009 2.5000000000000004 2.5000000000000004 35.500000000000007 3.5000000000000004 6.5000000000000009 12.500000000000002 1.5000000000000002 15.500000000000002 23.500000000000004 32.500000000000007
decision_type=2 2 2 2 2 2 2 2 2 2 2 2 2 2 2 2 2 2 2 2 2 2 2 2 2 2 2 2 2 2
left_child=1 2 27 -4 5 -5 -7 10 18 16 12 -12 13 14 19 -15 17 -10 29 -6 -18 -14 -22 24 -13 -25 -8 -1 -24 -9
right_child=-2 -3 3 4 7 6 26 8 9 -11 11 23 21 15 -16 -17 20 -19 -20 -21 22 -23 28 25 -26 -27 -28 -29 -30 -31
leaf_value=0.0028404848201431499 -0.014013668160029066 0.0087834711833936398 -0.014495942438745357 0.053052808309710299 -0.04086403723273959 0.050904139255483954 -0.045217199027538305 0.00025115053540740922 -0.036912060471681447 -0.0094739181938625523 -0.037663378106786854 -0.058474113406806166 0.045758477110287243 0.017249630187072009 0.02337356582283974 -0.0013965209325154625 0.06227885901927948 0.010673208551845332 -0.01665263659720994 -0.0033053809137486702 0.0057607824793298734 0.01192465945028923 0.068481757133095358 -0.0038638699601622343 -0.0067134103913238088 0.017665136861437152 0.0067190910655039338 0.029053986901822301 0.0087781119914281929 -0.0157418048354835
leaf_weight=137 361 997 337 43 70 24 20 612 39 210 47 29 58 306 40 315 25 87 491 67 131 142 27 376 69 131 81 115 21 221
leaf_count=137 361 997 337 43 70 24 20 612 39 210 47 29 58 306 40 315 25 87 491 67 131 142 27 376 69 131 81 115 21 221
internal_value=0 0.000960314 -0.000865883 -0.00184836 -0.000690768 0.0187076 0.00689281 -0.00161818 -0.00518091 0.00341566 0.00240663 -0.00470527 0.00705288 0.00337278 -0.0121299 0.00779144 0.0116181 -0.00405557 -0.00868707 -0.0224959 0.0212989 0.0217365 0.0155755 -0.00214489 -0.0220304 0.00169885 -0.00356532 0.014803 0.0423614 -0.00399188
internal_weight=0 5268 4271 4019 3682 168 125 3514 1864 540 1650 652 998 798 177 621 330 126 1324 137 204 200 179 605 98 507 101 252 48 833
internal_count=5629 5268 4271 4019 3682 168 125 3514 1864 540 1650 652 998 798 177 621 330 126 1324 137 204 200 179 605 98 507 101 252 48 833
shrinkage=0.1


Tree=18
num_leaves=31
num_cat=0
split_feature=1 15 2 0 11 8 14 14 10 13 11 1 3 2 6 12 0 14 3 7 10 9 14 8 5 12 2 3 0 1
split_gain=7.18041 8.26965 6.17495 5.49558 5.43564 5.35967 4.91438 4.78232 4.72605 6.57345 6.2922 5.55601 4.22591 5.0963 4.63407 4.11817 4.77729 6.69317 4.90982 5.14221 4.75218 5.82019 4.82008 4.31073 4.2689 4.01782 6.00306 4.1458 3.965 3.79535
threshold=23.500000000000004 8.5000000000000018 17.500000000000004 46.500000000000007 2.5000000000000004 98.500000000000014 16.500000000000004 64.500000000000014 1.5000000000000002 2.5000000000000004 3.5000000000000004 7.5000000000000009 10.500000000000002 11.500000000000002 2.5000000000000004 2.5000000000000004 21.500000000000004 14.500000000000002 16.500000000000004 3.5000000000000004 2.5000000000000004 9.5000000000000018 3.5000000000000004 45.500000000000007 1.5000000000000002 1.5000000000000002 28.500000000000004 3.5000000000000004 9.5000000000000018 10.500000000000002
decision_type=2 2 2 2 2 2 2 2 2 2 2 2 2 2 2 2 2 2 2 2 2 2 2 2 2 2 2 2 2 2
left_child=1 3 12 7 6 -2 -4 15 9 -6 11 -11 -3 -14 -15 16 18 20 19 -1 -18 -22 -23 25 -19 27 -27 -21 -10 -17
right_child=5 2 4 -5 8 -7 -8 -9 28 10 -12 -13 13 14 -16 29 17 24 -20 23 21 22 -24 -25 -26 26 -28 -29 -30 -31
leaf_value=-0.02605840783627307 0.015023739610565259 0.0091497535001387655 0.0036253691178292483 0.049111074438461889 0.021925541729030044 -0.033593157306313515 -0.022333516988409574 0.034796950544999997 -0.035422752491415369 -0.046816472784947542 0.0080767875760793684 0.0026134817986874972 -0.034443163438276816 -0.018713440001010894 0.029729704138560173 -0.0062302424652235858 0.026569544341709973 -0.043207499520345166 -0.03275558955139584 0.0079633164696577118 -0.014314073397789473 -0.016607840966295313 0.031505507885754763 0.050122421979904179 0.0024940666561532356 0.012302041337603615 -0.018819681366284688 -0.034385196442873973 -0.011433346131983629 0.01322762354826316
leaf_weight=61 411 452 601 26 101 24 83 46 73 59 100 37 55 40 39 700 278 22 45 41 81 27 91 20 288 357 75 53 1226 117
leaf_count=61 411 452 601 26 101 24 83 46 73 59 100 37 55 40 39 700 278 22 45 41 81 27 91 20 288 357 75 53 1226 117
internal_value=0 -0.0010336 -0.00462982 0.0033937 -0.00698302 0.0123414 0.000475387 0.00287735 -0.0101795 0.00120096 -0.00947854 -0.0277653 0.004526 -0.0110705 0.00520153 0.0022265 0.00544581 0.0106902 -0.000884483 0.00147828 0.0181247 0.00632738 0.0204965 0.00455473 -0.00074927 0.00282212 0.00689896 -0.015914 -0.0127815 -0.00344374
internal_weight=0 5194 2866 2328 2280 435 684 2302 1596 297 196 96 586 134 79 2256 1439 787 652 607 477 199 118 546 310 526 432 94 1299 817
internal_count=5629 5194 2866 2328 2280 435 684 2302 1596 297 196 96 586 134 79 2256 1439 787 652 607 477 199 118 546 310 526 432 94 1299 817
shrinkage=0.1


Tree=19
num_leaves=31
num_cat=0
split_feature=11 2 0 10 4 13 3 5 1 5 2 4 13 14 14 11 8 8 7 12 15 0 3 11 11 8 12 9 8 15
split_gain=6.07573 5.85029 5.67006 4.67997 4.82962 4.13184 7.69796 4.04461 4.68915 3.8309 5.46714 4.20471 5.11002 4.45878 5.43031 4.45868 4.27518 4.14852 5.57081 5.25512 4.99575 3.78467 3.56711 3.48676 3.47033 3.76642 4.56776 4.61723 4.19767 3.91086
threshold=1.0000000180025095e-35 44.500000000000007 41.500000000000007 1.0000000180025095e-35 1.0000000180025095e-35 5.5000000000000009 3.5000000000000004 1.5000000000000002 10.500000000000002 2.5000000000000004 22.500000000000004 2.5000000000000004 43.500000000000007 17.500000000000004 27.500000000000004 1.5000000000000002 12.500000000000002 20.500000000000004 64.500000000000014 1.0000000180025095e-35 2.5000000000000004 11.500000000000002 13.500000000000002 1.5000000000000002 4.5000000000000009 4.5000000000000009 2.5000000000000004 33.500000000000007 10.500000000000002 5.5000000000000009
decision_type=2 2 2 2 2 2 2 2 2 2 2 2 2 2 2 2 2 2 2 2 2 2 2 2 2 2 2 2 2 2
left_child=-1 2 3 5 7 -2 -7 -5 -9 11 21 12 13 -6 -15 -13 -17 18 23 -19 -21 -11 -16 -12 25 -25 28 29 -27 -28
right_child=1 -3 -4 4 9 6 -8 8 -10 10 17 15 -14 14 22 16 -18 19 -20 20 -22 -23 -24 24 -26 26 27 -29 -30 -31
leaf_value=0.053688076564243861 0.017635970033151063 -0.012532956645720537 0.012150511348789389 -0.049229892536445906 0.002681015408170413 -0.05019604196505887 0.020150872383798871 -0.012539757291475932 0.029448683919577764 -0.014073123886035039 0.039870804299910863 0.021836041890912587 0.048511365191503009 -0.034113774043095263 0.01901318522132173 -0.0051796689860133648 -0.020648741569274515 -0.045752479993935787 0.052221643406411881 0.025196319701624854 -0.0074175028663492366 0.011063687044389908 -0.029457395591519098 -0.025924568230455577 0.023700972445427428 -0.0026442125439643861 -0.032053375289990353 0.026309544612199833 0.020862423403728646 -0.0046707201297536043
leaf_weight=21 242 360 396 27 817 28 35 321 29 65 24 45 22 79 49 517 273 33 23 51 594 763 22 55 63 138 65 39 169 264
leaf_count=21 242 360 396 27 817 28 35 321 29 65 24 45 22 79 49 517 273 33 23 51 594 763 22 55 63 138 65 39 169 264
internal_value=0 -0.000201043 0.000644896 -0.000294144 -0.0010985 0.0116974 -0.0111144 -0.0119376 -0.00906072 -0.000118568 0.00255401 -0.003556 0.000855647 -0.000228558 -0.016076 -0.00878129 -0.0105253 -0.00101128 0.00368534 -0.00683011 -0.00483874 0.00909039 0.00399413 0.00231896 0.00118246 -0.000760918 0.00128945 -0.0062241 0.0102959 -0.0100807
internal_weight=0 5608 5248 4852 4547 305 63 377 350 4170 2346 1824 989 967 150 835 790 1518 840 678 645 828 71 817 793 730 675 368 307 329
internal_count=5629 5608 5248 4852 4547 305 63 377 350 4170 2346 1824 989 967 150 835 790 1518 840 678 645 828 71 817 793 730 675 368 307 329
shrinkage=0.1


Tree=20
num_leaves=31
num_cat=0
split_feature=1 15 6 14 3 3 6 10 2 0 13 10 14 0 2 12 14 11 8 1 7 7 12 9 11 5 10 5 8 1
split_gain=5.49458 6.52764 5.61452 5.69477 4.99793 6.76707 4.79666 5.04795 4.70789 4.24401 3.99199 4.23738 3.80898 3.65272 3.37762 3.77212 3.36198 4.38351 8.37899 3.99679 3.88178 5.36652 5.53395 3.48939 3.34429 3.61043 4.39975 3.90303 13.2025 6.98497
threshold=23.500000000000004 8.5000000000000018 4.5000000000000009 6.5000000000000009 24.500000000000004 23.500000000000004 4.5000000000000009 1.5000000000000002 31.500000000000004 46.500000000000007 5.5000000000000009 1.0000000180025095e-35 64.500000000000014 17.500000000000004 16.500000000000004 2.5000000000000004 21.500000000000004 2.5000000000000004 6.5000000000000009 15.500000000000002 1.5000000000000002 9.5000000000000018 2.5000000000000004 13.500000000000002 1.5000000000000002 1.5000000000000002 1.5000000000000002 3.5000000000000004 18.500000000000004 4.5000000000000009
decision_type=2 2 2 2 2 2 2 2 2 2 2 2 2 2 2 2 2 2 2 2 2 2 2 2 2 2 2 2 2 2
left_child=1 9 4 -4 5 10 -2 -8 -6 12 24 -12 -1 -5 -15 -16 17 18 -13 20 -20 22 -22 -19 -3 -26 -27 -28 29 -29
right_child=6 2 3 13 8 -7 7 -9 -10 -11 11 16 -14 14 15 -17 -18 23 19 -21 21 -23 -24 -25 25 26 27 28 -30 -31
leaf_value=0.0019946798870458882 0.016495852562643232 0.036513986037327695 0.033659858246372173 -0.030667345946834935 -0.037645137629338674 0.040397175269968374 0.032497662564982537 -0.020971630160745824 -0.0098678314198025682 0.043204901539362399 -0.04301476052426028 -0.028341291697470697 0.03106222055528475 0.031112020001524972 -0.039259380102157598 0.0070890758229398181 0.0020141724686124434 -0.0087589669420763301 -0.024520199958767211 -0.018263549553720573 0.068557581408270479 0.0015039068417272705 0.017891409700470314 -0.023351667674653461 -0.026801598072052003 0.011764121519558596 -0.010664988695198161 0.096135292649269108 -0.01514550644904375 0.019841047922770184
leaf_weight=2256 336 26 73 31 84 34 23 76 223 26 33 91 46 42 22 87 335 432 28 57 29 138 84 264 47 273 303 20 80 30
leaf_count=2256 336 26 73 31 84 34 23 76 223 26 33 91 46 42 22 87 335 432 28 57 29 138 84 264 47 273 303 20 80 30
internal_value=0 -0.00090416 -0.00409923 0.0100636 -0.00548243 -0.00388538 0.0107959 -0.00854947 -0.0174681 0.00302929 -0.00454864 -0.00757982 0.00257553 0.000599233 0.0070182 -0.00226566 -0.00677779 -0.00940051 -0.00142402 0.00586607 0.0107958 0.0147354 0.0308942 -0.0142941 0.00125302 3.5505e-05 0.00182211 -0.00444618 0.0100484 0.0503587
internal_weight=0 5194 2866 255 2611 2304 435 99 307 2328 2270 1491 2302 182 151 109 1458 1123 427 336 279 251 113 696 779 753 706 433 130 50
internal_count=5629 5194 2866 255 2611 2304 435 99 307 2328 2270 1491 2302 182 151 109 1458 1123 427 336 279 251 113 696 779 753 706 433 130 50
shrinkage=0.1


Tree=21
num_leaves=31
num_cat=0
split_feature=11 15 6 8 1 6 14 7 12 0 3 13 0 14 13 7 9 8 3 1 10 2 3 14 7 5 9 7 11 10
split_gain=4.86147 4.98466 5.13223 5.39064 4.4741 4.31159 4.49912 4.29324 5.54791 5.34755 3.8013 7.30382 4.72473 6.56951 4.70221 4.27664 5.38141 4.06605 3.75354 4.78581 7.01694 4.69948 5.58617 6.23365 4.19307 3.92551 3.57196 3.88714 3.55043 6.06357
threshold=1.0000000180025095e-35 1.0000000180025095e-35 1.5000000000000002 86.500000000000014 18.500000000000004 5.5000000000000009 6.5000000000000009 6.5000000000000009 3.5000000000000004 18.500000000000004 16.500000000000004 2.5000000000000004 39.500000000000007 32.500000000000007 5.5000000000000009 3.5000000000000004 14.500000000000002 20.500000000000004 7.5000000000000009 1.5000000000000002 1.0000000180025095e-35 35.500000000000007 4.5000000000000009 15.500000000000002 19.500000000000004 3.5000000000000004 15.500000000000002 52.500000000000007 2.5000000000000004 2.5000000000000004
decision_type=2 2 2 2 2 2 2 2 2 2 2 2 2 2 2 2 2 2 2 2 2 2 2 2 2 2 2 2 2 2
left_child=-1 -2 26 4 5 10 -7 8 -6 -9 14 -12 15 17 18 16 -13 -14 19 20 -4 22 23 -21 -22 -20 27 -3 29 -16
right_child=1 2 3 -5 7 6 -8 9 -10 -11 11 12 13 -15 28 -17 -18 -19 25 21 24 -23 -24 -25 -26 -27 -28 -29 -30 -31
leaf_value=0.04802448508285341 0.012610438419667084 -0.014101351273880489 0.018922710418701173 -0.024044329781880539 0.04042852575841703 0.06054029938849536 0.0084196127395131711 -0.022235299623201765 -0.018765565901994706 0.0087865259555700344 -0.035910290884382932 -0.02892192829222906 0.06254026880187373 -0.023585638528068862 -0.0050996779709004455 -0.011011621392435498 0.030295323541289883 0.0047072540223598485 0.0076909789855663588 0.033798539638519288 -0.027012942301346956 -0.022017709016799929 -0.0036718432543545788 0.0021966606910739628 0.018026234954595568 0.030177404892210869 0.0091209624629271652 0.015856457454092959 -0.0053999150755355161 0.013973448822568908
leaf_weight=21 289 552 60 89 76 22 67 63 20 471 81 21 31 24 369 450 57 20 325 141 149 50 169 112 24 102 95 47 1328 304
leaf_count=21 289 552 60 89 76 22 67 63 20 471 81 21 31 24 369 450 57 20 325 141 149 50 169 112 24 102 95 47 1328 304
internal_value=0 -0.000179835 -0.000874775 0.000328491 0.000806705 -0.000454601 0.0213034 0.0086268 0.0280964 0.00512665 -0.000961926 -0.00771587 -0.00392855 0.0195578 0.000512602 -0.00726469 0.0143522 0.0398607 0.00566336 0.00118192 -0.0105448 0.00697075 0.0104054 0.0198088 -0.0207647 0.0130624 -0.00889366 -0.0117507 -0.00240127 0.00351582
internal_weight=0 5608 5319 4625 4536 3906 89 630 96 534 3817 684 603 75 3133 528 78 51 1132 705 233 472 422 253 173 427 694 599 2001 673
internal_count=5629 5608 5319 4625 4536 3906 89 630 96 534 3817 684 603 75 3133 528 78 51 1132 705 233 472 422 253 173 427 694 599 2001 673
shrinkage=0.1


Tree=22
num_leaves=31
num_cat=0
split_feature=2 1 2 6 1 0 9 8 7 3 0 2 3 15 5 8 2 12 9 13 9 1 13 5 10 9 12 4 3 0
split_gain=4.14144 4.08696 3.91736 3.98367 3.75926 3.82466 3.73233 3.71248 4.40668 4.13042 5.99166 4.55561 4.00146 3.6893 3.6885 5.21507 3.51672 3.49012 3.40793 3.33812 4.32069 4.33477 4.63018 4.0101 3.17387 3.40759 5.14422 3.1547 3.11469 4.22584
threshold=42.500000000000007 7.5000000000000009 17.500000000000004 1.5000000000000002 8.5000000000000018 37.500000000000007 21.500000000000004 7.5000000000000009 38.500000000000007 2.5000000000000004 27.500000000000004 23.500000000000004 6.5000000000000009 1.0000000180025095e-35 4.5000000000000009 33.500000000000007 11.500000000000002 3.5000000000000004 4.5000000000000009 9.5000000000000018 4.5000000000000009 14.500000000000002 14.500000000000002 3.5000000000000004 3.5000000000000004 4.5000000000000009 4.5000000000000009 5.5000000000000009 10.500000000000002 12.500000000000002
decision_type=2 2 2 2 2 2 2 2 2 2 2 2 2 2 2 2 2 2 2 2 2 2 2 2 2 2 2 2 2 2
left_child=1 2 28 6 18 7 13 8 -6 19 16 12 -12 -4 -7 -16 -11 -15 -3 23 -21 22 -22 -9 25 -19 -27 -5 29 -1
right_child=-2 4 3 27 5 14 -8 9 -10 10 11 -13 -14 17 15 -17 -18 24 -20 20 21 -23 -24 -25 -26 26 -28 -29 -30 -31
leaf_value=-0.018072963053104924 -0.0081526111990691506 0.049846929205315457 0.024973508999461221 -0.0010628097782833408 -0.012069241712295932 0.016294737099480105 0.022317486894982204 0.033776831841683605 0.030074707446274936 -0.036023200185675369 0.00085905417799949648 0.0023912914017195346 0.044521786907657249 -0.02809517972650584 0.027828896418213844 -0.030358325869797972 -0.0044278996516458743 -0.021748494956551529 0.012164401227519626 0.038378245521474771 -0.062055066498843105 0.011761655658483507 -0.0028291451208519217 -9.8877969910116762e-05 -0.031513385102152826 0.043426138794783395 -0.010219771892596515 -0.03428570551091227 -0.0068673651995538156 0.012286169832728247
leaf_weight=51 561 28 21 1980 306 319 28 111 27 38 32 186 61 171 24 43 483 41 168 27 22 64 33 51 40 33 39 29 158 454
leaf_count=51 561 28 21 1980 306 319 28 111 27 38 32 186 61 171 24 43 483 41 168 27 22 64 33 51 40 33 39 29 158 454
internal_value=0 0.00090245 -0.00141221 -0.0033045 0.00438645 0.00297452 -0.0127954 0.000606483 -0.00865216 0.00338909 -0.000399323 0.0114269 0.0294981 -0.0156451 0.0118148 -0.00951514 -0.00673236 -0.0182778 0.0175476 0.0132291 0.00226291 -0.00593132 -0.0265195 0.0231123 -0.00730544 0.00126374 0.0143679 -0.00154238 0.00538636 0.0092202
internal_weight=0 5068 3045 2382 2023 1827 373 1441 333 1108 800 279 93 345 386 67 521 324 196 308 146 119 55 162 153 113 72 2009 663 505
internal_count=5629 5068 3045 2382 2023 1827 373 1441 333 1108 800 279 93 345 386 67 521 324 196 308 146 119 55 162 153 113 72 2009 663 505
shrinkage=0.1


Tree=23
num_leaves=31
num_cat=0
split_feature=1 3 3 14 11 13 6 13 3 5 11 1 8 14 15 0 8 10 4 2 12 15 9 2 9 1 13 8 15 0
split_gain=4.03574 3.88862 4.23199 4.4845 4.73003 3.97644 5.10118 5.79677 5.33621 5.77484 4.12722 4.39131 4.35888 4.51962 4.1214 6.19626 4.0839 3.66712 3.56149 5.78554 5.49124 5.26919 3.90377 3.49287 4.52427 4.15012 4.00894 3.4908 3.47243 3.43882
threshold=48.500000000000007 25.500000000000004 23.500000000000004 28.500000000000004 2.5000000000000004 5.5000000000000009 2.5000000000000004 4.5000000000000009 12.500000000000002 2.5000000000000004 3.5000000000000004 23.500000000000004 2.5000000000000004 8.5000000000000018 9.5000000000000018 41.500000000000007 67.500000000000014 3.5000000000000004 1.5000000000000002 36.500000000000007 2.5000000000000004 17.500000000000004 39.500000000000007 15.500000000000002 42.500000000000007 18.500000000000004 7.5000000000000009 58.500000000000007 1.5000000000000002 29.500000000000004
decision_type=2 2 2 2 2 2 2 2 2 2 2 2 2 2 2 2 2 2 2 2 2 2 2 2 2 2 2 2 2 2
left_child=1 2 5 4 -4 6 7 17 9 -9 11 14 -12 -14 15 -7 -15 28 19 -8 21 -20 -22 25 27 26 -16 -25 -1 -30
right_child=-2 -3 3 -5 -6 10 18 8 -10 -11 12 -13 13 16 23 -17 -18 -19 20 -21 22 -23 -24 24 -26 -27 -28 -29 29 -31
leaf_value=0.022062158467722873 0.040088973164558415 -0.00818827141627969 0.038379506394267085 0.054371478742566606 -0.015787309721896525 0.0021300707211666372 0.0069003930294906706 0.0071296679122107368 -0.02740853548049927 0.048173165375536141 -0.042047839830903447 0.017623259127140047 -0.017418488106095649 -0.00015801801358726646 -0.019326242393460768 0.038513093517751118 -0.03025050147747 -0.027901722880510182 0.030991330293759906 -0.033883924089198894 0.0015411227643489839 -0.0076761153482255489 0.034438906573667764 -0.010897950155185319 0.024363606077868763 -0.031695097296134282 0.022172340876975304 0.030453116553170342 -0.0098832900086081171 0.007740550424089495
leaf_weight=51 25 547 28 29 38 1047 182 91 25 55 34 144 249 746 29 49 48 65 219 43 300 42 41 733 41 23 118 21 415 151
leaf_count=51 25 547 28 29 38 1047 182 91 25 55 34 144 249 746 29 49 48 65 219 43 300 42 41 733 41 23 118 21 415 151
internal_value=0 -0.000178841 0.000687514 0.0215945 0.00719255 0.000287239 0.00424394 -0.0011818 0.0152813 0.0225913 -0.00173813 0.000740222 -0.0068122 -0.00566358 -0.000439379 0.00375668 -0.00197721 -0.00530965 0.00984027 -0.000893943 0.0138522 0.024769 0.00549657 -0.00520506 -0.00798714 0.00780522 0.0139855 -0.00974626 -0.00292961 -0.00518152
internal_weight=0 5604 5057 95 66 4962 1680 853 171 146 3282 2205 1077 1043 2061 1096 794 682 827 225 602 261 341 965 795 170 147 754 617 566
internal_count=5629 5604 5057 95 66 4962 1680 853 171 146 3282 2205 1077 1043 2061 1096 794 682 827 225 602 261 341 965 795 170 147 754 617 566
shrinkage=0.1


end of trees

feature_importances:
Column_0=93
Column_2=74
Column_1=68
Column_3=57
Column_8=51
Column_15=51
Column_7=49
Column_14=44
Column_13=40
Column_10=37
Column_9=35
Column_6=30
Column_11=29
Column_5=27
Column_12=21
Column_4=14

parameters:
[boosting: gbdt]
[objective: regression]
[metric: l2]
[tree_learner: serial]
[device_type: cpu]
[data: ]
[valid: ]
[num_iterations: 10000]
[learning_rate: 0.1]
[num_leaves: 31]
[num_threads: 0]
[deterministic: 0]
[force_col_wise: 0]
[force_row_wise: 0]
[histogram_pool_size: -1]
[max_depth: -1]
[min_data_in_leaf: 20]
[min_sum_hessian_in_leaf: 0.001]
[bagging_fraction: 1]
[pos_bagging_fraction: 1]
[neg_bagging_fraction: 1]
[bagging_freq: 0]
[bagging_seed: 3]
[feature_fraction: 1]
[feature_fraction_bynode: 1]
[feature_fraction_seed: 2]
[extra_trees: 0]
[extra_seed: 6]
[early_stopping_round: 10]
[first_metric_only: 0]
[max_delta_step: 0]
[lambda_l1: 0]
[lambda_l2: 0]
[min_gain_to_split: 0]
[drop_rate: 0.1]
[max_drop: 50]
[skip_drop: 0.5]
[xgboost_dart_mode: 0]
[uniform_drop: 0]
[drop_seed: 4]
[top_rate: 0.2]
[other_rate: 0.1]
[min_data_per_group: 100]
[max_cat_threshold: 32]
[cat_l2: 10]
[cat_smooth: 10]
[max_cat_to_onehot: 4]
[top_k: 20]
[monotone_constraints: ]
[monotone_constraints_method: basic]
[monotone_penalty: 0]
[feature_contri: ]
[forcedsplits_filename: ]
[refit_decay_rate: 0.9]
[cegb_tradeoff: 1]
[cegb_penalty_split: 0]
[cegb_penalty_feature_lazy: ]
[cegb_penalty_feature_coupled: ]
[path_smooth: 0]
[interaction_constraints: ]
[verbosity: 1]
[saved_feature_importance_type: 0]
[max_bin: 255]
[max_bin_by_feature: ]
[min_data_in_bin: 3]
[bin_construct_sample_cnt: 200000]
[data_random_seed: 1]
[is_enable_sparse: 1]
[enable_bundle: 1]
[use_missing: 1]
[zero_as_missing: 0]
[feature_pre_filter: 1]
[pre_partition: 0]
[two_round: 0]
[header: 0]
[label_column: ]
[weight_column: ]
[group_column: ]
[ignore_column: ]
[categorical_feature: ]
[forcedbins_filename: ]
[objective_seed: 5]
[num_class: 1]
[is_unbalance: 0]
[scale_pos_weight: 1]
[sigmoid: 1]
[boost_from_average: 1]
[reg_sqrt: 0]
[alpha: 0.9]
[fair_c: 1]
[poisson_max_delta_step: 0.7]
[tweedie_variance_power: 1.5]
[lambdarank_truncation_level: 30]
[lambdarank_norm: 1]
[label_gain: ]
[eval_at: ]
[multi_error_top_k: 1]
[auc_mu_weights: ]
[num_machines: 1]
[local_listen_port: 12400]
[time_out: 120]
[machine_list_filename: ]
[machines: ]
[gpu_platform_id: -1]
[gpu_device_id: -1]
[gpu_use_dp: 0]
[num_gpu: 1]

end of parameters

pandas_categorical:null
