tree
version=v3
num_class=1
num_tree_per_iteration=1
label_index=0
max_feature_idx=15
objective=regression
feature_names=Column_0 Column_1 Column_2 Column_3 Column_4 Column_5 Column_6 Column_7 Column_8 Column_9 Column_10 Column_11 Column_12 Column_13 Column_14 Column_15
feature_infos=[1:49] [0:72] [1:49] [0:79] [0:9] [0:8] [0:8] [0:311] [0:206] [0:167] [0:8] [0:8] [0:8] [0:199] [0:246] [0:245]
tree_sizes=2735 2778 2789 2784 2784 2777 2808 2787 2785 2802 2787 2794 2786 2768 2794 2799 2781 2826 2809 2785 2804 2813 2768 2796 2792 2771 2782 2760

Tree=0
num_leaves=31
num_cat=0
split_feature=0 2 0 2 0 1 6 7 1 5 3 2 3 0 2 2 2 14 12 13 0 9 2 14 0 9 13 13 4 13
split_gain=135.856 91.0143 41.5425 41.0959 19.3889 17.586 15.1511 14.2643 13.6357 12.3285 11.525 11.1747 11.6776 10.4938 10.3191 9.77091 9.08799 8.68289 8.28664 8.05398 7.97273 8.09162 7.45968 9.01993 8.46756 8.04414 7.73951 7.2945 7.27762 7.41464
threshold=27.500000000000004 34.500000000000007 40.500000000000007 26.500000000000004 42.500000000000007 19.500000000000004 3.5000000000000004 6.5000000000000009 5.5000000000000009 2.5000000000000004 8.5000000000000018 19.500000000000004 3.5000000000000004 24.500000000000004 27.500000000000004 24.500000000000004 26.500000000000004 15.500000000000002 1.5000000000000002 18.500000000000004 31.500000000000004 10.500000000000002 41.500000000000007 3.5000000000000004 34.500000000000007 10.500000000000002 7.5000000000000009 11.500000000000002 2.5000000000000004 7.5000000000000009
decision_type=2 2 2 2 2 2 2 2 2 2 2 2 2 2 2 2 2 2 2 2 2 2 2 2 2 2 2 2 2 2
left_child=3 2 5 6 22 7 11 9 27 -2 -5 13 28 -1 20 17 -7 -11 -16 -18 21 -9 23 -3 -25 -26 -27 -4 -13 -30
right_child=1 4 8 10 -6 16 -8 14 -10 15 -12 12 -14 -15 18 -17 19 -19 -20 -21 -22 -23 -24 24 25 26 -28 -29 29 -31
leaf_value=-0.22788568564035824 -0.25832686130696553 -0.20472686272688062 -0.22209156814922595 -0.24805659130876451 -0.21785067190302793 -0.15856215806747476 -0.26020459050835754 -0.19940794394886494 -0.16694182215595713 -0.17348815387700448 -0.26684958833698452 -0.23342890278286274 -0.2464690967422935 -0.19113585185096441 -0.18004114909511446 -0.24246479276164962 -0.17710237366276133 -0.23371147734366593 -0.23249352864418446 -0.23757686181939991 -0.1902676525787014 -0.24192686172154895 -0.2551542725547411 -0.25937949285802769 -0.24867168914894716 -0.25832686130696553 -0.19720326742056987 -0.17832686342624179 -0.15556824333948416 -0.2191268623454109
leaf_weight=612 126 75 85 555 378 85 229 111 361 62 792 147 689 89 35 87 49 39 216 40 304 75 394 171 116 27 89 69 29 50
leaf_count=612 126 75 85 555 378 85 229 111 361 62 792 147 689 89 35 87 49 39 216 40 304 75 394 171 116 27 89 69 29 50
internal_value=-0.231474 -0.216173 -0.201412 -0.245827 -0.236767 -0.211403 -0.236132 -0.216261 -0.17757 -0.234123 -0.259106 -0.23272 -0.239999 -0.22322 -0.208691 -0.217901 -0.181948 -0.196743 -0.225179 -0.204282 -0.200245 -0.216553 -0.244967 -0.23657 -0.242496 -0.230051 -0.21143 -0.202483 -0.220274 -0.195795
internal_weight=0 2994 1744 3192 1250 1229 1845 1055 515 314 1347 1616 915 701 741 188 174 101 251 89 490 186 872 478 403 232 116 154 226 79
internal_count=6186 2994 1744 3192 1250 1229 1845 1055 515 314 1347 1616 915 701 741 188 174 101 251 89 490 186 872 478 403 232 116 154 226 79
shrinkage=1


Tree=1
num_leaves=31
num_cat=0
split_feature=0 2 2 0 0 7 2 5 0 1 8 3 2 7 1 14 2 1 13 14 1 2 14 6 4 13 2 15 4 9
split_gain=110.044 73.7216 33.6722 33.6494 15.705 14.9073 13.8385 12.4666 11.9117 11.8622 12.2013 11.2483 11.1873 10.9992 9.60114 8.89815 8.68209 8.19164 7.85622 7.51696 7.30236 7.29361 7.08966 7.07461 7.00121 6.71679 6.62919 6.53015 6.52939 6.71597
threshold=27.500000000000004 34.500000000000007 32.500000000000007 40.500000000000007 42.500000000000007 9.5000000000000018 19.500000000000004 2.5000000000000004 17.500000000000004 11.500000000000002 3.5000000000000004 6.5000000000000009 24.500000000000004 32.500000000000007 14.500000000000002 19.500000000000004 28.500000000000004 18.500000000000004 1.5000000000000002 15.500000000000002 1.0000000180025095e-35 45.500000000000007 7.5000000000000009 3.5000000000000004 4.5000000000000009 11.500000000000002 21.500000000000004 39.500000000000007 1.0000000180025095e-35 8.5000000000000018
decision_type=2 2 2 2 2 2 2 2 2 2 2 2 2 2 2 2 2 2 2 2 2 2 2 2 2 2 2 2 2 2
left_child=2 3 6 5 -3 7 8 14 -1 10 -5 13 -9 -8 -2 -14 17 18 -7 -12 -10 -4 -18 24 -20 -16 -11 -28 -6 -30
right_child=1 4 21 9 28 16 11 12 20 26 19 -13 15 -15 25 -17 22 -19 23 -21 -22 -23 -24 -25 -26 -27 27 -29 29 -31
leaf_value=-0.010116467090909272 -0.025418735142820371 -0.012143230858609216 -0.026454138283013625 -0.033183244119087858 -0.038214929898579914 0.075311042149277307 -0.0060536538349821216 0.035003407079087209 -0.005682585257610292 0.094490795822466833 0.020970223402535473 -0.020905435878361009 -0.019674657162317297 0.061369952440261846 0.068131974481401 0.037412582259429131 -0.011873596055167062 0.064778567366785819 0.036086498413767133 0.055245618949270547 0.022222900322892453 -0.053216369763141924 0.024682463333010676 -0.0099161172509193429 -0.0071816461030827011 -0.0093092101315657306 0.066229069140530381 0.019062606127638566 -0.0053847420890376259 0.024688294241505288
leaf_weight=353 161 872 706 24 24 34 752 169 131 59 108 776 97 25 21 38 84 77 287 157 330 119 144 50 43 24 129 38 106 248
leaf_count=353 161 872 706 24 24 34 752 169 131 59 108 776 97 25 21 38 84 77 287 157 330 119 144 50 43 24 129 38 106 248
internal_value=0 0.0137716 -0.0129173 0.0270563 -0.00476331 0.0180646 -0.00685369 0.00498774 0.00370765 0.0485142 0.0350932 -0.0123894 0.0178579 -0.0038843 -0.0140052 -0.00360566 0.0273402 0.0348284 0.0292579 0.0412768 0.0142931 -0.0303144 0.0112144 0.0251374 0.0304485 0.02683 0.0656765 0.0554966 0.0122613 0.0156834
internal_weight=0 2994 3192 1744 1250 1229 2367 510 814 515 289 1553 304 777 206 135 719 491 414 265 461 825 228 380 330 45 226 167 378 354
internal_count=6186 2994 3192 1744 1250 1229 2367 510 814 515 289 1553 304 777 206 135 719 491 414 265 461 825 228 380 330 45 226 167 378 354
shrinkage=0.1


Tree=2
num_leaves=31
num_cat=0
split_feature=0 2 0 2 2 5 0 1 9 1 7 2 0 14 2 9 1 12 3 11 2 1 2 2 2 13 1 3 9 7
split_gain=91.0711 57.0994 32.379 29.0413 14.3157 15.3415 12.8313 9.93482 9.86729 9.76237 9.02068 8.26201 8.58377 8.72871 8.1906 7.95679 7.76837 7.03125 6.81854 9.20089 6.34316 6.19028 6.01637 5.97084 5.90977 6.57297 7.38492 10.6102 5.89128 7.19143
threshold=25.500000000000004 34.500000000000007 40.500000000000007 31.500000000000004 22.500000000000004 2.5000000000000004 42.500000000000007 4.5000000000000009 15.500000000000002 5.5000000000000009 11.500000000000002 19.500000000000004 17.500000000000004 30.500000000000004 41.500000000000007 6.5000000000000009 14.500000000000002 1.5000000000000002 7.5000000000000009 3.5000000000000004 31.500000000000004 1.5000000000000002 21.500000000000004 48.500000000000007 43.500000000000007 4.5000000000000009 13.500000000000002 6.5000000000000009 8.5000000000000018 4.5000000000000009
decision_type=2 2 2 2 2 2 2 2 2 2 2 2 2 2 2 2 2 2 2 2 2 2 2 2 2 2 2 2 2 2
left_child=3 2 4 8 5 10 14 -6 11 -4 16 12 -1 -14 15 -3 -2 -9 19 -16 -19 -7 -11 28 25 -5 -27 -28 -8 -30
right_child=1 6 9 24 7 21 23 17 -10 22 -12 -13 13 -15 18 -17 -18 20 -20 -21 -22 -23 -24 -25 -26 26 27 -29 29 -31
leaf_value=-0.0071572936707288513 -0.023567191142480352 -0.021739283641179403 0.022582975455692836 -0.0077310981172503852 -0.0070937584077610701 0.019680370730266239 -0.0052558752623471346 0.040847862314903872 -0.023163548291675631 0.073226707355648873 0.027218833078037609 -0.0091894453543998663 0.011581632374231689 0.07535477436107138 0.041111116346560034 0.005491355464692458 0.041894923556934707 0.017526836653813622 -0.02598978183269501 -0.032971612215042113 -0.0091839089280083067 0.04772888507078013 0.044553853119777442 -0.042138751745224003 -0.045676955426561423 -0.038728373756581565 0.037540996775907637 -0.028669103838148569 -0.027209816529200626 0.028376827556807718
leaf_weight=307 103 150 154 165 340 114 110 87 315 102 110 1111 321 23 38 377 22 302 375 30 126 254 259 20 174 331 34 84 26 222
leaf_count=307 103 150 154 165 340 114 110 87 315 102 110 1111 321 23 38 377 22 302 375 30 126 254 259 20 174 331 34 84 26 222
internal_value=0 0.0112697 0.0221081 -0.0130634 0.0144944 0.0262936 -0.00459382 0.00617289 -0.00686202 0.0436628 0.00633336 -0.00394773 0.00499781 0.0158455 -0.0106843 -0.0022593 -0.0120459 0.0149314 -0.0207068 0.00842756 0.00966339 0.0390399 0.0526553 0.0110351 -0.029409 -0.0247989 -0.0310711 -0.00959162 0.0140057 0.0225492
internal_weight=0 3321 1973 2865 1458 603 1348 855 2077 515 235 1762 651 344 970 527 125 515 443 68 428 368 361 378 788 614 449 118 358 248
internal_count=6186 3321 1973 2865 1458 603 1348 855 2077 515 235 1762 651 344 970 527 125 515 443 68 428 368 361 378 788 614 449 118 358 248
shrinkage=0.1


Tree=3
num_leaves=31
num_cat=0
split_feature=0 2 2 1 0 3 14 2 1 5 4 2 12 14 1 3 7 7 9 5 13 15 0 5 2 14 13 15 0 14
split_gain=75.1866 50.302 26.5203 19.201 16.2872 11.9366 11.1552 11.871 11.2964 11.0103 9.73979 9.59646 12.6752 10.5988 9.41501 8.52922 8.174 7.78618 7.58554 7.53351 9.00216 7.52673 7.4966 12.4731 7.29588 7.03161 6.95474 7.35499 6.42997 6.31907
threshold=31.500000000000004 31.500000000000004 34.500000000000007 2.5000000000000004 19.500000000000004 4.5000000000000009 14.500000000000002 21.500000000000004 19.500000000000004 2.5000000000000004 1.0000000180025095e-35 39.500000000000007 1.5000000000000002 35.500000000000007 10.500000000000002 5.5000000000000009 13.500000000000002 5.5000000000000009 14.500000000000002 2.5000000000000004 10.500000000000002 12.500000000000002 42.500000000000007 2.5000000000000004 45.500000000000007 11.500000000000002 1.5000000000000002 4.5000000000000009 25.500000000000004 15.500000000000002
decision_type=2 2 2 2 2 2 2 2 2 2 2 2 2 2 2 2 2 2 2 2 2 2 2 2 2 2 2 2 2 2
left_child=2 3 4 9 5 16 7 -5 17 -2 -3 12 -12 -14 18 -13 -1 -9 26 20 25 -11 -17 -24 28 -16 27 -6 -4 -18
right_child=1 10 24 6 14 -7 -8 8 -10 21 11 15 13 -15 19 22 29 -19 -20 -21 -22 -23 23 -25 -26 -27 -28 -29 -30 -31
leaf_value=-0.0085265250063278307 -0.022879518568515778 -0.034897249109215205 -0.026058914386216672 0.049802612329738732 0.078454311121077772 -0.02011752532142673 0.049991933044851132 -0.030496282060191317 0.05390506108049993 0.040925783955532577 0.04504261625056364 0.033950553894042966 -0.0014075010176509849 0.03755386058021995 -0.0018818488676254066 -0.018216981717518399 0.0074175264058488136 0.014251801264408517 -0.018648631031336221 0.026499197245860584 -0.02393869312330224 -0.00022424043611038566 -0.033993260335114045 0.019754400756788554 -0.043112358909386861 0.046512159179238712 -0.0013232179350460979 0.012660866306069191 -0.0066925769998827066 0.056130174429793116
leaf_weight=284 84 72 496 138 21 788 398 53 54 92 98 50 391 85 73 350 89 146 229 245 87 86 59 161 156 51 961 89 262 38
leaf_count=284 84 72 496 138 21 788 398 53 54 92 98 50 391 85 73 350 89 146 229 245 87 86 59 161 156 51 961 89 262 38
internal_value=0 0.0142463 -0.00853157 0.0304176 -0.00392705 -0.0129116 0.0382064 0.02621 0.0133412 0.00696186 0.000821295 0.00297518 0.0122925 0.00554988 0.00220763 -0.0056509 0.000904071 0.00233397 -0.00212907 0.014571 0.000720753 0.0210443 -0.00912471 0.00534026 -0.0234182 0.0180221 0.00140312 0.0252214 -0.019365 0.021993
internal_weight=0 2317 3869 1051 2955 1199 789 391 253 262 1266 1194 574 476 1756 620 411 199 1300 456 211 178 570 220 914 124 1071 110 758 127
internal_count=6186 2317 3869 1051 2955 1199 789 391 253 262 1266 1194 574 476 1756 620 411 199 1300 456 211 178 570 220 914 124 1071 110 758 127
shrinkage=0.1


Tree=4
num_leaves=31
num_cat=0
split_feature=0 2 2 0 1 0 6 5 1 2 15 3 4 2 2 5 4 10 7 0 13 14 7 14 7 0 15 0 5 3
split_gain=63.7061 29.814 29.7595 24.5717 14.3849 12.3893 11.5602 10.826 9.80796 9.79088 9.28446 8.4282 7.7081 7.19493 7.03402 8.15759 6.27372 6.00127 5.76541 5.57685 5.92378 5.44863 5.25658 5.20943 6.03808 6.36405 5.20069 5.18634 5.02947 5.02842
threshold=37.500000000000007 26.500000000000004 37.500000000000007 24.500000000000004 2.5000000000000004 19.500000000000004 3.5000000000000004 1.5000000000000002 14.500000000000002 41.500000000000007 3.5000000000000004 4.5000000000000009 3.5000000000000004 20.500000000000004 22.500000000000004 2.5000000000000004 1.5000000000000002 1.0000000180025095e-35 12.500000000000002 25.500000000000004 26.500000000000004 35.500000000000007 12.500000000000002 18.500000000000004 8.5000000000000018 46.500000000000007 14.500000000000002 42.500000000000007 2.5000000000000004 20.500000000000004
decision_type=2 2 2 2 2 2 2 2 2 2 2 2 2 2 2 2 2 2 2 2 2 2 2 2 2 2 2 2 2 2
left_child=1 3 4 6 12 17 -1 -6 14 16 -9 -4 -2 -12 15 18 19 -3 -5 -7 -21 -18 -23 24 25 -15 -26 -13 -29 -17
right_child=2 5 11 8 7 9 -8 10 -10 -11 13 27 -14 23 -16 29 21 -19 -20 20 -22 22 -24 -25 26 -27 -28 28 -30 -31
leaf_value=-0.0018654737439888526 -0.0044189315605786894 0.0073054007612741922 0.048788964025902028 -0.010804559040069581 -0.017780057873044694 -0.044447833579033619 -0.027438544725427533 0.070568429265754781 0.037883069984840624 -0.022898294035431064 0.057460449121694651 -0.015335623891580672 0.047601354973656793 -0.016887877537653997 -0.0043996030148470179 0.035459389828077149 -0.0037623444496606034 -0.028096360490341817 0.02487825675749443 -0.0027121800033352043 -0.0526176603777068 0.059377112755408662 0.0073729318844807622 0.041774167696356168 0.051510640482107795 0.04761878699064255 0.017238892083582671 -0.016487706791270863 0.013409153867566415 -0.00029323026537895206
leaf_weight=1415 153 52 33 125 35 64 202 83 165 391 113 210 35 65 212 218 913 605 71 158 28 26 77 196 72 20 115 77 209 48
leaf_count=1415 153 52 33 125 35 64 202 83 165 391 113 210 35 65 212 218 913 605 71 158 28 26 77 196 72 20 115 77 209 48
internal_value=0 -0.00552914 0.0186257 0.0021448 0.0298213 -0.013674 -0.00506013 0.0364257 0.0160308 -0.00906651 0.0392829 -0.000146475 0.0052657 0.0348135 0.0106812 0.0176014 -0.00479461 -0.0252944 0.00212136 -0.0189859 -0.0102248 -0.00130266 0.0205002 0.0293454 0.0203893 -0.00170984 0.0304344 -0.00340226 0.00536 0.0290078
internal_weight=0 4770 1416 2456 887 2314 1617 699 839 1657 664 529 188 581 674 462 1266 657 196 250 186 1016 103 468 272 85 187 496 286 266
internal_count=6186 4770 1416 2456 887 2314 1617 699 839 1657 664 529 188 581 674 462 1266 657 196 250 186 1016 103 468 272 85 187 496 286 266
shrinkage=0.1


Tree=5
num_leaves=31
num_cat=0
split_feature=0 2 2 0 1 2 3 1 5 6 12 15 4 3 7 7 4 15 0 2 7 0 1 11 2 7 0 3 9 1
split_gain=51.6019 24.8402 24.1052 18.031 11.6517 11.5026 9.51875 8.82577 8.76905 8.28484 8.10255 7.52042 7.17222 6.99941 6.67587 6.66312 6.24356 6.16681 6.03581 5.82789 5.74185 6.1841 5.57663 6.40948 6.29797 5.57175 7.05506 5.26308 6.29958 5.25257
threshold=37.500000000000007 34.500000000000007 37.500000000000007 19.500000000000004 2.5000000000000004 19.500000000000004 4.5000000000000009 18.500000000000004 1.5000000000000002 3.5000000000000004 2.5000000000000004 3.5000000000000004 1.5000000000000002 5.5000000000000009 13.500000000000002 12.500000000000002 3.5000000000000004 16.500000000000004 25.500000000000004 20.500000000000004 8.5000000000000018 32.500000000000007 1.5000000000000002 2.5000000000000004 13.500000000000002 29.500000000000004 30.500000000000004 8.5000000000000018 6.5000000000000009 6.5000000000000009
decision_type=2 2 2 2 2 2 2 2 2 2 2 2 2 2 2 2 2 2 2 2 2 2 2 2 2 2 2 2 2 2
left_child=1 3 4 6 16 10 14 9 -6 27 -5 -10 20 -4 17 -12 -2 -1 -14 -13 -3 -22 24 -24 -17 26 -9 28 -7 -16
right_child=2 12 13 5 8 7 -8 25 11 -11 15 19 18 -15 29 22 -18 -19 -20 -21 21 -23 23 -25 -26 -27 -28 -29 -30 -31
leaf_value=-0.011903556745514098 -0.0039770388914868718 -0.038890581826368974 0.040640796453524863 0.027115793526172639 -0.016002053022384645 0.020502117472999501 -0.016994983903345119 -0.0074742716948191339 0.063511585980564 -0.023389345452100217 -0.0060512290075774439 0.051714402015230303 -0.021369697580713151 -0.003376995233856902 0.0057703185372236301 -0.045916287104288744 0.042841219902038576 0.03535150750990837 -0.005720620606547204 0.026410844223573805 0.01499486908964489 -0.051611566245555879 0.0097608219299997606 0.064375542917034845 0.027101613194854175 0.058685348611889468 0.038969929850307006 -0.0067270482782603933 -7.4432918686188302e-05 0.048288475539949208
leaf_weight=253 153 216 39 320 35 212 788 75 83 167 211 113 457 490 82 21 35 31 535 468 46 20 42 44 27 33 58 588 499 45
leaf_count=253 153 216 39 320 35 212 788 75 83 167 211 113 457 490 82 21 35 31 535 468 46 20 42 44 27 33 58 588 499 45
internal_value=0 -0.00497623 0.0167631 -0.000619936 0.0268392 0.0045687 -0.0105601 5.1522e-05 0.0327831 -0.00242307 0.0156545 0.0353546 -0.0169304 -0.000131827 0.00177724 0.00502368 0.00473913 -0.00674543 -0.0129299 0.0313322 -0.031003 -0.0051889 0.0224625 0.0377032 -0.00484372 0.0219054 0.0127796 0.000272365 0.00606091 0.0208358
internal_weight=0 4770 1416 3496 887 2297 1199 1632 699 1466 665 664 1274 529 411 345 188 284 992 581 282 66 134 86 48 166 133 1299 711 127
internal_count=6186 4770 1416 3496 887 2297 1199 1632 699 1466 665 664 1274 529 411 345 188 284 992 581 282 66 134 86 48 166 133 1299 711 127
shrinkage=0.1


Tree=6
num_leaves=31
num_cat=0
split_feature=0 2 2 14 1 2 0 3 2 1 9 10 3 12 7 4 13 14 7 9 2 8 10 9 9 8 0 11 2 8
split_gain=42.2462 29.2939 15.7468 11.0024 10.932 10.8783 10.6014 9.77269 7.57532 7.29997 7.16197 6.71239 6.99275 6.88871 6.47776 6.36945 8.82196 6.13387 7.63155 5.58047 9.18891 8.30234 5.80674 5.38511 8.37464 6.18994 4.93603 4.88601 4.81748 4.79226
threshold=31.500000000000004 31.500000000000004 41.500000000000007 17.500000000000004 19.500000000000004 23.500000000000004 19.500000000000004 6.5000000000000009 48.500000000000007 5.5000000000000009 16.500000000000004 1.0000000180025095e-35 1.0000000180025095e-35 1.5000000000000002 5.5000000000000009 1.5000000000000002 5.5000000000000009 31.500000000000004 15.500000000000002 12.500000000000002 8.5000000000000018 3.5000000000000004 1.5000000000000002 22.500000000000004 8.5000000000000018 19.500000000000004 25.500000000000004 3.5000000000000004 42.500000000000007 8.5000000000000018
decision_type=2 2 2 2 2 2 2 2 2 2 2 2 2 2 2 2 2 2 2 2 2 2 2 2 2 2 2 2 2 2
left_child=2 3 6 4 5 10 7 11 9 17 -2 12 -1 -13 -7 16 26 18 -3 20 -17 -22 -21 24 29 -26 -8 -15 -27 -11
right_child=1 8 -4 -5 -6 14 15 -9 -10 23 -12 13 -14 27 -16 19 -18 -19 -20 22 21 -23 -24 -25 25 28 -28 -29 -30 -31
leaf_value=-0.0030320724536632669 0.032623726303118682 -0.032169072299995681 -0.025984484366972174 0.034936209101305085 0.04499702273877626 -0.032682215188866236 -0.0095227883019474123 -0.018738820763565308 -0.036213065407894277 -0.022785742120978274 -0.0080443900610719411 0.025313195224964259 0.067687096860673687 -0.00385662300679066 0.0033834987694455181 0.062144625392453426 -0.024008331094917498 0.017369482792340792 0.0010540770005810168 0.019352622487043083 -0.026800193598395902 0.0073772205489814119 -0.010691180441146251 -0.011333022967857473 0.030257362636400997 0.018186995250369431 0.025301721890767417 -0.027084039845343296 -0.016377467848360538 0.0053298466185811152
leaf_weight=29 191 149 371 446 97 67 89 758 54 81 56 66 27 413 194 29 228 65 129 76 76 1097 419 136 238 109 75 116 64 241
leaf_count=29 191 149 371 446 97 67 89 758 54 81 56 66 27 413 194 29 228 65 129 76 76 1097 419 136 238 109 75 116 64 241
internal_value=0 0.0106789 -0.00639517 0.0230196 0.0142348 0.0083609 -0.00431752 -0.0110208 0.000433909 0.00206669 0.0234034 -0.00203417 0.0310647 -0.00514935 -0.00587475 0.000203727 -0.0112852 -0.0102863 -0.0167526 0.00285762 0.0065376 0.00516283 -0.00607839 0.0069425 0.0103333 0.0197943 0.00640305 -0.00894997 0.00540014 -0.00174271
internal_weight=0 2317 3869 1051 605 508 3498 1409 1266 1212 247 651 56 595 261 2089 392 343 278 1697 1202 1173 495 869 733 411 164 529 173 322
internal_count=6186 2317 3869 1051 605 508 3498 1409 1266 1212 247 651 56 595 261 2089 392 343 278 1697 1202 1173 495 869 733 411 164 529 173 322
shrinkage=0.1


Tree=7
num_leaves=31
num_cat=0
split_feature=0 2 2 5 0 1 9 3 15 5 13 0 2 1 4 1 1 14 15 0 3 7 10 3 9 9 0 14 3 14
split_gain=35.8159 19.2876 16.6144 10.4814 9.681 9.0271 8.58498 8.43944 6.75472 11.0883 6.61043 7.88688 6.34991 7.56822 6.34776 6.45451 6.16364 6.60614 6.0278 7.75439 5.97009 5.8997 5.52857 5.42199 5.41746 6.40525 5.24634 5.04168 5.56268 5.00146
threshold=37.500000000000007 19.500000000000004 37.500000000000007 2.5000000000000004 25.500000000000004 5.5000000000000009 15.500000000000002 8.5000000000000018 8.5000000000000018 2.5000000000000004 1.5000000000000002 24.500000000000004 39.500000000000007 32.500000000000007 1.5000000000000002 10.500000000000002 25.500000000000004 14.500000000000002 14.500000000000002 44.500000000000007 29.500000000000004 46.500000000000007 1.0000000180025095e-35 5.5000000000000009 36.500000000000007 23.500000000000004 27.500000000000004 28.500000000000004 10.500000000000002 4.5000000000000009
decision_type=2 2 2 2 2 2 2 2 2 2 2 2 2 2 2 2 2 2 2 2 2 2 2 2 2 2 2 2 2 2
left_child=1 3 5 27 7 8 10 14 9 -2 -5 -12 24 -14 -3 22 17 -17 -7 -20 -21 -10 -16 -4 25 -6 -8 29 -29 -1
right_child=2 4 23 6 12 18 26 -9 21 -11 11 -13 13 -15 15 16 -18 -19 19 20 -22 -23 -24 -25 -26 -27 -28 28 -30 -31
leaf_value=0.016284491949611242 -0.022330275364220144 -0.023830542003614664 0.035824606051811807 0.058865192215493391 0.0030478632316286035 0.041772456781184381 -0.027340211633776059 -0.018624158594186181 -0.0090098577772261788 0.046844330359072914 0.0078720755626757941 0.036925520763726405 -0.016615098600204176 0.034856044669305128 0.034303784562695415 0.0086503092968274672 -0.03198063167241904 0.053657986630092969 0.0098765732986586443 0.053187059396777751 -0.0037131803839103037 0.044898513089055604 -0.0088362129007497538 -0.0029169173082526853 0.051256037842143665 -0.028604402984766398 0.019995535988556714 0.064320015648136969 -0.0026038885116577148 -0.00970338953739148
leaf_weight=90 32 169 39 47 1069 242 61 1011 173 84 240 153 364 31 31 126 26 44 217 93 23 23 712 490 22 68 38 23 27 418
leaf_count=90 32 169 39 47 1069 242 61 1011 173 84 240 153 364 31 31 126 26 44 217 93 23 23 712 490 22 68 38 23 27 418
internal_value=0 -0.00414577 0.0139656 0.00748978 -0.00762091 0.0223308 0.0174353 -0.0120174 0.00863563 0.0277617 0.0234217 0.019183 -0.00162591 -0.0125756 -0.00598911 -0.00277803 0.0133643 0.0202994 0.029762 0.0210337 0.0419051 -0.00268388 -0.00703629 -6.07369e-05 0.00210587 0.00115485 -0.00917093 -0.00211713 0.0281811 -0.00509924
internal_weight=0 4770 1416 1097 3673 887 539 2119 312 116 440 393 1554 395 1108 939 196 170 575 333 116 196 743 529 1159 1137 99 558 50 508
internal_count=6186 4770 1416 1097 3673 887 539 2119 312 116 440 393 1554 395 1108 939 196 170 575 333 116 196 743 529 1159 1137 99 558 50 508
shrinkage=0.1


Tree=8
num_leaves=31
num_cat=0
split_feature=0 2 0 2 6 0 6 6 1 14 8 1 15 13 3 9 7 3 14 12 11 15 4 7 5 2 0 0 7 11
split_gain=29.0215 18.0063 15.6496 12.304 8.49094 7.69845 8.48174 7.68582 6.64873 6.21008 11.4101 5.74953 7.29904 6.07995 5.59997 5.26669 5.30003 5.35763 5.03876 5.51021 4.89922 4.82232 4.79529 4.76474 4.73787 4.96255 4.65254 5.11663 4.75853 4.75387
threshold=40.500000000000007 26.500000000000004 24.500000000000004 40.500000000000007 3.5000000000000004 19.500000000000004 1.5000000000000002 2.5000000000000004 19.500000000000004 36.500000000000007 31.500000000000004 32.500000000000007 4.5000000000000009 9.5000000000000018 37.500000000000007 5.5000000000000009 42.500000000000007 25.500000000000004 5.5000000000000009 1.0000000180025095e-35 2.5000000000000004 3.5000000000000004 3.5000000000000004 74.500000000000014 2.5000000000000004 25.500000000000004 25.500000000000004 21.500000000000004 14.500000000000002 3.5000000000000004
decision_type=2 2 2 2 2 2 2 2 2 2 2 2 2 2 2 2 2 2 2 2 2 2 2 2 2 2 2 2 2 2
left_child=1 2 4 14 -1 -3 15 9 18 10 26 12 13 -9 23 16 -7 -18 -4 -20 -12 -6 -16 -2 -21 -26 27 -8 29 -28
right_child=3 5 8 -5 21 6 7 11 -10 -11 20 -13 -14 -15 22 -17 17 -19 19 24 -22 -23 -24 -25 25 -27 28 -29 -30 -31
leaf_value=-0.00036800265970373324 0.022710757544688192 -0.018247664578066206 0.02659931496366278 -0.0021777407708742941 0.0083328477493146581 -0.02938230512829438 0.02039970227007596 -0.015120347319765293 0.037686398564552775 0.034540736850570235 0.0093828367610131538 0.031390819946924851 -0.016533207522320844 0.032568688486372274 -0.043513010377469269 -0.0051274762589197899 -0.030669439264706208 0.037241403070779951 0.041778629592486793 -0.0069207326269350973 -0.036712178786595662 -0.030081959892503965 0.01975646734237671 0.058718099043919496 0.013871534459876142 -0.02541188342230661 0.014034708335412947 -0.017594939665259601 0.030331373722464951 -0.021701003325746416
leaf_weight=1415 637 657 154 282 41 281 53 47 98 68 31 33 504 62 23 260 21 26 42 237 90 161 25 39 396 35 179 107 135 47
leaf_count=1415 637 657 154 282 41 281 53 47 98 68 31 33 504 62 23 260 21 26 42 237 90 161 25 39 396 35 179 107 135 47
internal_value=0 -0.00301848 0.00290248 0.0155425 -0.00310592 -0.00888936 -0.00572661 -0.00137697 0.0130018 0.00580432 0.00276059 -0.00926972 -0.0114586 0.0120055 0.0224446 -0.0157574 -0.0241836 0.00689826 0.010202 0.00664535 -0.0249027 -0.0222849 -0.0105602 0.0247881 0.00443637 0.0106815 0.00918527 -0.00500921 0.0154765 0.00660295
internal_weight=0 5180 2579 1006 1617 2601 1944 1356 962 710 642 646 613 109 724 588 328 47 864 710 121 202 48 676 668 431 521 160 361 226
internal_count=6186 5180 2579 1006 1617 2601 1944 1356 962 710 642 646 613 109 724 588 328 47 864 710 121 202 48 676 668 431 521 160 361 226
shrinkage=0.1


Tree=9
num_leaves=31
num_cat=0
split_feature=0 2 2 5 1 6 1 2 1 15 2 7 2 0 2 5 15 7 7 1 10 3 5 15 8 2 8 9 2 3
split_gain=23.7889 13.7636 11.7186 7.86052 7.85441 7.97336 7.85029 7.47592 6.88921 6.8257 7.48282 6.55454 6.05212 5.91393 5.89087 6.60575 5.61084 5.6537 7.01756 8.06374 5.03569 4.49818 4.70005 4.38108 5.49438 4.62496 8.28384 4.37518 4.33861 5.66367
threshold=37.500000000000007 19.500000000000004 31.500000000000004 2.5000000000000004 1.0000000180025095e-35 3.5000000000000004 2.5000000000000004 41.500000000000007 16.500000000000004 8.5000000000000018 39.500000000000007 12.500000000000002 15.500000000000002 19.500000000000004 26.500000000000004 2.5000000000000004 4.5000000000000009 25.500000000000004 16.500000000000004 3.5000000000000004 1.0000000180025095e-35 6.5000000000000009 1.5000000000000002 65.500000000000014 9.5000000000000018 22.500000000000004 17.500000000000004 13.500000000000002 13.500000000000002 4.5000000000000009
decision_type=2 2 2 2 2 2 2 2 2 2 2 2 2 2 2 2 2 2 2 2 2 2 2 2 2 2 2 2 2 2
left_child=1 3 6 -1 12 11 -2 8 13 10 -4 28 -5 21 -10 -16 17 18 19 -15 -18 22 -3 24 -22 26 -26 -14 29 -6
right_child=2 7 9 4 5 -7 -8 -9 14 -11 -12 -13 27 16 15 -17 20 -19 -20 -21 23 -23 -24 -25 25 -27 -28 -29 -30 -31
leaf_value=-0.0018691792817098693 0.00018070885768303507 0.034238181263208392 0.039166481326324776 -0.017745117249998076 0.0047165940914835249 -0.01356418642158411 0.027926630345635889 -0.017288685086307778 0.027443778683554455 -0.0012866485699917537 -0.0022482106700921671 0.048458549915215914 0.032017035541995885 -0.0084631080212800407 -0.016792353943866842 0.011031683342425585 0.024567983679327311 -0.030495491060050756 0.051233080970613576 0.021839224334274019 -0.014092624448036238 -0.019674015318353971 -0.0082748453829386472 -0.04288714089814355 0.03758542055362149 -0.0045780867338180544 -0.013102212069290027 -0.01989047473127192 0.0069224593043327332 0.063988658942674345
leaf_weight=558 130 28 99 103 28 49 473 531 106 636 78 117 62 184 136 229 51 37 38 168 549 480 365 34 76 605 56 22 120 38
leaf_count=558 130 28 99 103 28 49 473 531 106 636 78 117 62 184 136 229 51 37 38 168 549 480 365 34 76 605 56 22 120 38
internal_value=0 -0.00337874 0.0113818 0.00645037 0.0150632 0.0238617 0.0219449 -0.00631436 -0.00445969 0.00354713 0.0209159 0.0299141 -0.00149883 -0.00642602 0.00669116 0.000664371 -0.00314723 0.00686253 0.0104068 0.00599937 -0.00626479 -0.0131789 -0.00524593 -0.00745605 -0.0065193 -0.000877849 0.0160816 0.0184222 0.0182491 0.0388429
internal_weight=0 4770 1416 1097 539 352 603 3673 3142 813 177 303 187 2671 471 365 1798 427 390 352 1371 873 393 1320 1286 737 132 84 186 66
internal_count=6186 4770 1416 1097 539 352 603 3673 3142 813 177 303 187 2671 471 365 1798 427 390 352 1371 873 393 1320 1286 737 132 84 186 66
shrinkage=0.1


Tree=10
num_leaves=31
num_cat=0
split_feature=0 2 0 2 6 13 8 15 5 7 4 0 2 1 15 10 8 1 0 8 13 10 15 1 13 9 15 1 3 1
split_gain=19.8665 12.4331 10.6835 8.68663 7.54898 8.01314 7.06529 6.56443 6.13679 6.67236 5.88001 5.53674 5.16112 9.35433 9.5002 5.045 4.62628 4.60722 6.82367 7.00324 6.35702 4.44282 4.43757 6.05151 5.59896 4.51515 4.33252 8.16975 4.30593 4.21645
threshold=40.500000000000007 28.500000000000004 29.500000000000004 31.500000000000004 3.5000000000000004 2.5000000000000004 3.5000000000000004 3.5000000000000004 1.5000000000000002 15.500000000000002 1.0000000180025095e-35 33.500000000000007 35.500000000000007 4.5000000000000009 30.500000000000004 1.5000000000000002 42.500000000000007 9.5000000000000018 8.5000000000000018 15.500000000000002 4.5000000000000009 3.5000000000000004 5.5000000000000009 21.500000000000004 12.500000000000002 19.500000000000004 1.5000000000000002 3.5000000000000004 17.500000000000004 1.0000000180025095e-35
decision_type=2 2 2 2 2 2 2 2 2 2 2 2 2 2 2 2 2 2 2 2 2 2 2 2 2 2 2 2 2 2
left_child=1 2 4 6 5 21 -2 -6 -3 16 11 -4 13 14 -11 -15 26 -7 -19 -20 -21 -1 24 25 -12 -24 27 -10 -22 -26
right_child=3 8 10 -5 7 17 -8 -9 9 12 22 -13 -14 15 -16 -17 -18 18 19 20 28 -23 23 -25 29 -27 -28 -29 -30 -31
leaf_value=0.011823704972377291 -0.020444607373439908 -0.026533088159848409 0.014274858236312866 0.0050726565789248543 0.014433812598387399 -0.0050421443761113176 0.027783534570514218 -0.024374655812187535 -0.016233385926069217 -0.019709384612372663 0.046867495775222784 -0.051034703961125132 -0.0056877682406971932 0.063609369198481244 0.046868595824791838 0.018391946965841937 -0.025259215407299276 -0.044055491437514624 -0.00097537196264034379 -0.018573840379714966 0.027153900220538631 0.054326176201855696 0.011028203961415952 0.041196824374951813 -0.029969952106475829 -0.01691538128407969 -0.010450022989585077 0.047405265585372329 0.072882087872578549 0.024516037114116609
leaf_weight=276 33 166 25 591 54 1245 382 226 43 122 87 27 548 30 26 139 198 24 205 25 99 27 357 57 20 69 972 38 26 49
leaf_count=276 33 166 25 591 54 1245 382 226 43 122 87 27 548 30 26 139 198 24 205 25 99 27 357 57 20 69 972 38 26 49
internal_value=0 -0.00249741 0.00185003 0.0128594 -0.00154736 0.000682004 0.0239485 -0.0168902 -0.00801839 -0.00656592 0.012701 -0.0196359 0.000187171 0.0103432 -0.00801325 0.0264187 -0.0112353 -0.0021034 0.00755024 0.0110391 0.0274588 0.0156111 0.0153325 0.0105965 0.0299959 0.00650213 -0.00859835 0.0136218 0.0366654 0.008723
internal_weight=0 5180 2898 1006 2207 1927 415 280 2282 2116 691 52 865 317 148 169 1251 1624 379 355 150 303 639 483 156 426 1053 81 125 69
internal_count=6186 5180 2898 1006 2207 1927 415 280 2282 2116 691 52 865 317 148 169 1251 1624 379 355 150 303 639 483 156 426 1053 81 125 69
shrinkage=0.1


Tree=11
num_leaves=31
num_cat=0
split_feature=0 2 7 4 14 5 14 7 1 2 10 1 3 11 7 10 0 3 2 9 3 7 7 2 8 9 6 1 13 2
split_gain=16.9826 11.274 7.61071 7.48194 7.20187 6.85299 6.79682 8.00699 6.75619 6.73251 7.1891 7.01807 7.7723 6.75641 6.35188 6.10685 6.52105 5.87674 5.54714 7.30783 6.45182 6.29115 5.26916 5.18202 4.89628 4.58713 6.23079 4.52681 4.68697 6.37018
threshold=25.500000000000004 23.500000000000004 58.500000000000007 1.5000000000000002 18.500000000000004 2.5000000000000004 3.5000000000000004 8.5000000000000018 16.500000000000004 35.500000000000007 1.0000000180025095e-35 12.500000000000002 11.500000000000002 1.5000000000000002 59.500000000000007 1.0000000180025095e-35 33.500000000000007 6.5000000000000009 39.500000000000007 6.5000000000000009 19.500000000000004 15.500000000000002 50.500000000000007 45.500000000000007 19.500000000000004 17.500000000000004 2.5000000000000004 8.5000000000000018 13.500000000000002 30.500000000000004
decision_type=2 2 2 2 2 2 2 2 2 2 2 2 2 2 2 2 2 2 2 2 2 2 2 2 2 2 2 2 2 2
left_child=3 2 5 -1 6 -2 14 8 -8 10 17 12 -12 -13 23 -6 27 -5 19 -18 -20 -22 -23 -3 -7 -21 -27 28 29 -17
right_child=1 4 -4 9 15 24 7 -9 -10 -11 11 13 -14 -15 -16 16 18 -19 20 25 21 22 -24 -25 -26 26 -28 -29 -30 -31
leaf_value=-0.015940431725273287 0.00059780325010369388 0.01133851520717144 0.057839359381260017 0.051343722039080691 0.049364444530672499 0.026958464778621089 -0.024167196648195388 -0.00041175539031039759 0.0069816875449392234 -0.014808134495476147 -0.00058198962715717492 0.06549044319174506 -0.017306493027288407 0.0079143171706354577 0.062998473360424953 0.037950986339932401 -0.0044155960762372586 -0.0065285824239253998 0.035835216704167817 0.037882639263357443 -0.04263576276080553 0.018375113978981974 -0.027651480938258928 -0.023770227359265698 0.0070357625859643006 0.039924029244316955 -0.0089593644704549554 0.0054853328985386886 -0.051159086352900451 -0.031352068897750641
leaf_weight=566 301 296 39 47 36 330 320 866 89 405 1154 22 366 277 21 21 93 28 38 175 43 72 38 49 197 45 62 116 38 36
leaf_count=566 301 296 39 47 36 330 320 866 89 405 1154 22 366 277 21 21 93 28 38 175 43 72 38 49 197 45 62 116 38 36
internal_value=0 0.00486659 0.014669 -0.00564117 0.0014034 0.0126356 -0.00240968 -0.00585781 -0.0173891 -0.00310556 -0.000603159 -0.00185417 -0.00460907 0.0121507 0.00960226 0.00909992 0.00723438 0.0297381 0.0128279 0.0198931 -0.0010437 -0.0102032 0.00247502 0.00635206 0.0195111 0.0279098 0.0115991 -0.00776991 -0.0239553 -0.00581936
internal_weight=0 3321 867 2865 2454 828 1641 1275 409 2299 1894 1819 1520 299 366 813 777 75 566 375 191 153 110 345 527 282 107 211 95 57
internal_count=6186 3321 867 2865 2454 828 1641 1275 409 2299 1894 1819 1520 299 366 813 777 75 566 375 191 153 110 345 527 282 107 211 95 57
shrinkage=0.1


Tree=12
num_leaves=31
num_cat=0
split_feature=0 11 14 4 9 6 1 0 8 14 2 8 0 2 7 11 15 7 6 5 7 7 1 1 7 3 7 1 13 15
split_gain=14.2895 11.4712 8.7337 9.4277 7.95519 8.5651 7.09197 5.6439 5.35844 8.89983 7.84717 7.0421 5.99146 5.34587 5.0669 5.10605 5.00035 5.831 4.99977 4.66354 7.34212 7.30913 5.30972 6.69529 4.76667 4.48628 6.1019 7.13644 4.44297 4.37879
threshold=42.500000000000007 1.5000000000000002 28.500000000000004 1.0000000180025095e-35 18.500000000000004 1.5000000000000002 19.500000000000004 27.500000000000004 8.5000000000000018 16.500000000000004 46.500000000000007 13.500000000000002 47.500000000000007 20.500000000000004 6.5000000000000009 4.5000000000000009 22.500000000000004 52.500000000000007 1.0000000180025095e-35 2.5000000000000004 9.5000000000000018 27.500000000000004 2.5000000000000004 17.500000000000004 15.500000000000002 11.500000000000002 38.500000000000007 23.500000000000004 1.0000000180025095e-35 13.500000000000002
decision_type=2 2 2 2 2 2 2 2 2 2 2 2 2 2 2 2 2 2 2 2 2 2 2 2 2 2 2 2 2 2
left_child=1 6 4 -4 5 -3 18 25 9 12 11 -10 -2 29 -11 -16 19 -18 -1 20 -9 24 -22 -24 -21 26 27 -7 -15 -5
right_child=8 2 3 13 -6 7 -8 16 10 14 -12 -13 -14 28 15 -17 17 -19 -20 21 22 -23 23 -25 -26 -27 -28 -29 -30 -31
leaf_value=-0.0190737344622612 -0.030034761627515158 -0.011684895661005586 -0.027397380454439513 0.039500096027213751 -0.015655538716859985 -0.00078166516881290709 0.047483882100010914 -0.016576303687310757 0.043290919401953301 0.063536179336634552 -0.01804520866045585 0.015362032269497953 0.020530455535457983 0.049610729049891236 0.022095579206943512 -0.033309385890052438 -0.012173872651918881 0.034929358065128327 0.016048722735075193 0.016696683237020917 -0.012864944533161497 -0.016931659535125453 0.040851010772443956 -0.020042795849883041 0.045728118654707793 -0.012221657096406225 0.039267939973521876 -0.046465441414288114 0.0036229746967809911 0.0062254261454710597
leaf_weight=50 96 873 71 101 570 1486 60 133 124 22 52 332 31 22 80 21 212 30 214 278 46 54 84 23 71 447 37 35 466 65
leaf_count=50 96 873 71 101 570 1486 60 133 124 22 52 332 31 22 80 21 212 30 214 278 46 54 84 23 71 447 37 35 466 65
internal_value=0 -0.00179605 -0.0029543 0.00721199 -0.00463746 -0.00298865 0.0164499 -0.000402882 0.0128614 0.000876209 0.0187597 0.0229567 -0.0176921 0.0109693 0.0200483 0.0105757 0.00603131 -0.00633463 0.00939674 0.0103746 0.000608618 0.0173054 0.0155471 0.0277617 0.0226028 -0.00339053 -0.000856824 -0.0018329 0.00569619 0.0264709
internal_weight=0 5428 5104 725 4379 3809 324 2936 758 250 508 456 127 654 123 101 931 242 264 689 286 403 153 107 349 2005 1558 1521 488 166
internal_count=6186 5428 5104 725 4379 3809 324 2936 758 250 508 456 127 654 123 101 931 242 264 689 286 403 153 107 349 2005 1558 1521 488 166
shrinkage=0.1


Tree=13
num_leaves=31
num_cat=0
split_feature=0 2 1 2 2 7 5 3 14 7 8 7 6 8 13 3 6 8 13 14 0 13 15 0 8 13 3 1 8 2
split_gain=11.9427 8.47914 6.08713 7.74213 6.05584 5.87992 5.4241 5.9891 5.68723 6.24563 5.30869 7.72426 5.24173 7.27266 6.88835 6.30123 4.75305 5.41821 4.49278 4.4332 6.21798 5.41388 5.07613 4.22991 4.20919 4.47048 4.19315 4.35117 5.15554 6.0487
threshold=25.500000000000004 23.500000000000004 5.5000000000000009 37.500000000000007 19.500000000000004 58.500000000000007 2.5000000000000004 8.5000000000000018 18.500000000000004 8.5000000000000018 3.5000000000000004 12.500000000000002 1.5000000000000002 20.500000000000004 36.500000000000007 19.500000000000004 2.5000000000000004 8.5000000000000018 1.5000000000000002 5.5000000000000009 32.500000000000007 2.5000000000000004 5.5000000000000009 36.500000000000007 11.500000000000002 7.5000000000000009 8.5000000000000018 10.500000000000002 10.500000000000002 41.500000000000007
decision_type=2 2 2 2 2 2 2 2 2 2 2 2 2 2 2 2 2 2 2 2 2 2 2 2 2 2 2 2 2 2
left_child=4 5 6 -4 18 10 24 8 9 -8 11 -2 -5 14 15 23 17 -17 -1 -12 21 -21 -22 -14 -3 -26 27 -6 -29 -30
right_child=1 2 3 12 26 -7 7 -9 -10 -11 19 -13 13 -15 -16 16 -18 -19 -20 20 22 -23 -24 -25 25 -27 -28 28 29 -31
leaf_value=0.025892665638745607 -0.041089459711855111 -0.026705037793893924 0.011110973143001537 -0.014342208873437075 -0.0063902563086703475 0.050527458618848754 -0.027425611171966947 -0.0067630347308762582 0.049753342387511543 0.021692248714434637 0.031789649901064962 0.027659250222719634 0.0089787365966721589 -0.010043236874697502 0.052448728531599043 -0.018173215319128598 -0.031544733162109671 0.040133386452992761 0.0003851126216808599 0.031631288474256343 0.039194397919851805 -0.0064193726304065755 0.011904066303893641 0.047398930399314219 0.041133988755089897 -0.015374403411433811 -0.012115452796014434 -0.013908372600288953 0.026390154305979505 -0.032427418529987338
leaf_weight=77 44 174 864 257 881 39 39 436 38 77 110 26 76 228 40 34 52 30 669 44 92 249 263 46 21 42 1011 68 139 20
leaf_count=77 44 174 864 257 881 39 39 436 38 77 110 26 76 228 40 34 52 30 669 44 92 249 263 46 21 42 1011 68 139 20
internal_value=0 0.00408107 0.00107767 0.00462849 -0.00473063 0.0125821 -0.00590803 -0.000775173 0.0161775 0.00517849 0.0107948 -0.0155542 -0.0027121 0.00319489 0.0140521 0.00759883 -0.00908805 0.009158 0.00301793 0.0132281 0.0100772 -0.00070528 0.0189765 0.023465 -0.018686 0.00346173 -0.00745853 -0.0032093 0.00913618 0.0189917
internal_weight=0 3321 2454 1627 2865 867 827 590 154 116 828 70 763 506 278 238 116 64 746 758 648 293 355 122 237 63 2119 1108 227 159
internal_count=6186 3321 2454 1627 2865 867 827 590 154 116 828 70 763 506 278 238 116 64 746 758 648 293 355 122 237 63 2119 1108 227 159
shrinkage=0.1


Tree=14
num_leaves=31
num_cat=0
split_feature=0 11 2 14 0 6 5 1 7 8 14 2 8 4 10 11 7 7 14 2 5 8 9 13 14 1 3 2 3 10
split_gain=10.4782 8.84464 6.77774 7.99575 6.1774 7.33363 6.17431 5.54058 4.6367 4.22893 7.05143 6.00259 5.16463 5.48103 5.98171 4.77559 4.44279 4.30713 4.17785 4.77335 4.60566 6.09759 7.15188 6.40714 6.35494 5.84964 5.79953 5.51703 4.59118 4.3344
threshold=42.500000000000007 1.5000000000000002 26.500000000000004 67.500000000000014 24.500000000000004 3.5000000000000004 1.5000000000000002 19.500000000000004 6.5000000000000009 8.5000000000000018 14.500000000000002 47.500000000000007 10.500000000000002 2.5000000000000004 1.5000000000000002 2.5000000000000004 9.5000000000000018 6.5000000000000009 23.500000000000004 45.500000000000007 2.5000000000000004 17.500000000000004 3.5000000000000004 7.5000000000000009 2.5000000000000004 5.5000000000000009 27.500000000000004 38.500000000000007 5.5000000000000009 1.0000000180025095e-35
decision_type=2 2 2 2 2 2 2 2 2 2 2 2 2 2 2 2 2 2 2 2 2 2 2 2 2 2 2 2 2 2
left_child=1 7 3 4 5 -3 -4 -1 -8 10 15 12 -11 14 -14 -2 -15 -12 19 20 26 22 -22 25 -25 -24 -10 -28 -23 -20
right_child=9 2 6 -5 -6 -7 8 -9 18 11 17 -13 13 16 -16 -17 -18 -19 29 -21 21 28 23 24 -26 -27 27 -29 -30 -31
leaf_value=0.0082493258019288376 0.0068999333584562261 -0.00073961977189557866 -0.024367242115874627 0.054383202429328648 0.0071147037637409819 -0.022310428912413187 -0.012177691325733934 0.041913853225608672 -0.014850299333286757 0.049685427606105809 0.056443954733285041 -0.022530179088180131 0.047141876603875844 0.071831074059009556 -0.0025435643312003882 -0.034430419664452039 0.022317543340161675 0.0080460941152913235 0.052075209692120553 -0.02124259137803582 -0.023296838311048656 0.011750431855519612 -0.019353773072361947 0.069337024912238129 0.020334224334729267 0.022027333252705061 0.053139135929254393 -0.014096595541290616 -0.011535285601094993 0.0043372829319890012
leaf_weight=264 47 1319 172 28 914 179 632 60 404 50 22 37 28 20 180 69 193 112 20 157 52 111 72 32 153 65 26 23 357 388
leaf_count=264 47 1319 172 28 914 179 632 60 404 50 22 37 28 20 180 69 193 112 20 157 52 111 72 32 153 65 26 23 357 388
internal_value=0 -0.00153799 -0.00255503 0.00125264 0.000635868 -0.00331717 -0.00604254 0.0144835 -0.00477775 0.0110135 0.00036611 0.0162533 0.0193 0.0156913 0.00414486 -0.0176845 0.0269667 0.015992 -0.00226336 -0.00477563 -0.00277925 0.001595 0.0111144 0.0166715 0.0288104 0.000279599 -0.0109098 0.0215795 -0.00601239 0.00667738
internal_weight=0 5428 5104 2440 2412 1498 2664 324 2492 758 250 508 471 421 208 116 213 134 1860 1452 1295 842 374 322 185 137 453 49 468 408
internal_count=6186 5428 5104 2440 2412 1498 2664 324 2492 758 250 508 471 421 208 116 213 134 1860 1452 1295 842 374 322 185 137 453 49 468 408
shrinkage=0.1


Tree=15
num_leaves=31
num_cat=0
split_feature=5 2 1 2 0 14 2 2 1 13 12 2 14 2 0 11 13 6 12 7 14 3 7 4 14 0 14 14 9 2
split_gain=9.10972 8.74448 6.96961 6.75592 6.75059 6.00644 5.70088 5.64431 4.6912 7.17347 6.39936 5.71855 4.99342 4.71857 4.69037 4.66899 4.47026 4.54626 4.34241 4.87182 4.23185 5.2319 4.79732 4.5951 4.8053 4.72675 4.18774 5.30667 4.18223 4.1202
threshold=2.5000000000000004 19.500000000000004 1.0000000180025095e-35 47.500000000000007 25.500000000000004 30.500000000000004 15.500000000000002 34.500000000000007 2.5000000000000004 2.5000000000000004 2.5000000000000004 26.500000000000004 18.500000000000004 28.500000000000004 47.500000000000007 1.5000000000000002 3.5000000000000004 2.5000000000000004 2.5000000000000004 53.500000000000007 3.5000000000000004 20.500000000000004 42.500000000000007 1.0000000180025095e-35 36.500000000000007 48.500000000000007 80.500000000000014 64.500000000000014 14.500000000000002 36.500000000000007
decision_type=2 2 2 2 2 2 2 2 2 2 2 2 2 2 2 2 2 2 2 2 2 2 2 2 2 2 2 2 2 2
left_child=5 2 6 4 15 7 16 8 12 10 13 -12 -1 -10 -11 -3 -2 -18 -4 -20 21 29 -23 -22 25 -25 27 -7 -8 -6
right_child=1 3 18 -5 20 26 28 -9 9 14 11 -13 -14 -15 -16 -17 17 -19 19 -21 23 22 -24 24 -26 -27 -28 -29 -30 -31
leaf_value=-0.0079404474061448137 0.022715504661850308 0.030868065605560942 0.031820041432823104 -0.021782448012677452 0.016609027944033659 0.0088325799721751721 0.027332248185810287 -0.015663523269206406 0.045456638750506616 -0.0043832516835141094 -0.017316563246828138 0.038842732191085819 -0.038899503648281097 -0.0066992685198783881 0.044520064890384681 -0.0057818276115404257 -0.045554563684283567 -0.00023161078754224278 0.0082249513430307144 0.059562776684761044 -0.016100873066744674 -0.010973908542058408 0.040152652437488244 0.0015144801332947534 0.017284763192952569 0.043835644589530098 -0.03038004714509715 0.056899226514192727 -0.022178423946554011 0.052449548023718373
leaf_weight=512 23 36 194 126 79 197 76 494 82 1012 66 25 58 22 20 1009 53 38 244 20 109 78 24 1169 268 27 23 26 22 54
leaf_count=512 23 36 194 126 79 197 76 494 82 1012 66 25 58 22 20 1009 53 38 244 20 109 78 24 1169 268 27 23 26 22 54
internal_value=0 0.00319979 0.0135221 0.000878213 0.001879 -0.00460229 -0.00146892 -0.00619672 -0.00359426 -0.000111829 0.0174781 -0.00188819 -0.0110907 0.0344237 -0.00343551 -0.00451925 -0.0166731 -0.0266285 0.0204612 0.0121142 0.0055771 0.018094 0.00105587 0.00370713 0.0051819 0.00246989 0.0102466 0.0144368 0.0162176 0.0311608
internal_weight=0 3649 670 2979 2853 2537 212 2291 1797 1227 195 91 570 104 1032 1045 114 91 458 264 1808 235 102 1573 1464 1196 246 223 98 133
internal_count=6186 3649 670 2979 2853 2537 212 2291 1797 1227 195 91 570 104 1032 1045 114 91 458 264 1808 235 102 1573 1464 1196 246 223 98 133
shrinkage=0.1


Tree=16
num_leaves=31
num_cat=0
split_feature=0 2 1 2 9 15 8 1 7 8 10 0 7 0 13 1 5 13 12 8 3 14 15 14 3 10 14 7 15 15
split_gain=7.72785 6.86168 5.83621 5.73716 5.52743 6.38564 4.64491 5.99683 4.76606 4.58223 4.34324 4.37599 4.0998 4.84241 4.40976 3.88371 3.87562 4.37609 3.85432 4.33611 7.00061 4.28252 3.82827 3.7103 5.24688 4.4623 3.69971 4.51048 3.66105 3.47898
threshold=19.500000000000004 22.500000000000004 6.5000000000000009 40.500000000000007 6.5000000000000009 3.5000000000000004 9.5000000000000018 2.5000000000000004 8.5000000000000018 3.5000000000000004 1.0000000180025095e-35 16.500000000000004 5.5000000000000009 40.500000000000007 16.500000000000004 14.500000000000002 2.5000000000000004 6.5000000000000009 2.5000000000000004 17.500000000000004 21.500000000000004 3.5000000000000004 16.500000000000004 21.500000000000004 22.500000000000004 2.5000000000000004 5.5000000000000009 4.5000000000000009 12.500000000000002 15.500000000000002
decision_type=2 2 2 2 2 2 2 2 2 2 2 2 2 2 2 2 2 2 2 2 2 2 2 2 2 2 2 2 2 2
left_child=10 6 -3 4 -4 15 8 22 9 -2 11 29 13 14 -7 -6 17 -10 19 -9 -21 -20 -8 24 28 -25 -11 -28 -23 -1
right_child=1 2 3 -5 5 12 7 18 16 26 -12 -13 -14 -15 -16 -17 -18 -19 21 20 -22 23 -24 25 -26 -27 27 -29 -30 -31
leaf_value=-0.014957533517609473 -0.041901036658707785 -0.0054776636625373616 -0.0037013482899297006 -0.0050881505924828202 0.05810340268667355 -0.0056062416054985745 0.0074117629951046364 0.041338016366958621 0.018988832198083401 0.013101149968644407 -0.0074763728332617992 0.046937205462620174 0.011748812914068936 0.025220399424433711 -0.051398707353151767 0.015349660937984786 0.022966632203144186 -0.01141282674567453 0.05132957816123962 -0.0012207690771524008 0.060634626323978105 -0.011733934516087174 -0.022518881801831522 -0.0041483563894871628 -0.040409052371978761 0.04297722324177071 0.01019644576405722 -0.022991791291114613 0.01866448583224645 0.034164348102751228
leaf_weight=46 34 1356 362 588 43 110 155 125 80 94 1453 29 684 40 26 42 136 116 25 77 24 64 59 32 27 54 63 117 104 21
leaf_count=46 34 1356 362 588 43 110 155 125 80 94 1453 29 684 40 26 42 136 116 25 77 24 64 59 32 27 54 63 117 104 21
internal_value=0 0.00204283 -0.000468886 0.00311523 0.00680581 0.0108308 0.0079343 0.0132963 0.0016842 -0.00727529 -0.00611529 0.0144852 0.00824645 -0.00536498 -0.0143607 0.036978 0.00999603 0.000996014 0.0189828 0.0288871 0.0134775 0.0116678 -0.000840144 0.00813919 0.000508155 0.0254421 -0.00297867 -0.0113759 0.00708414 0.000438877
internal_weight=0 4637 3251 1895 1307 945 1386 746 640 308 1549 96 860 176 136 85 332 196 532 226 101 306 214 281 195 86 274 180 168 67
internal_count=6186 4637 3251 1895 1307 945 1386 746 640 308 1549 96 860 176 136 85 332 196 532 226 101 306 214 281 195 86 274 180 168 67
shrinkage=0.1


Tree=17
num_leaves=31
num_cat=0
split_feature=5 2 0 15 12 8 1 1 4 14 6 11 4 6 2 15 1 8 4 13 10 9 12 7 8 15 2 8 3 13
split_gain=6.96894 6.25241 5.32173 6.25675 5.60799 5.71343 7.40637 5.0476 4.93528 4.64185 4.97722 5.04854 4.85319 5.72278 4.52545 4.50099 4.47057 4.44881 5.59121 4.45017 4.79958 4.41698 4.38618 4.61602 4.35246 6.26845 5.03304 5.07314 4.28008 4.23458
threshold=2.5000000000000004 19.500000000000004 37.500000000000007 13.500000000000002 1.5000000000000002 30.500000000000004 21.500000000000004 1.0000000180025095e-35 2.5000000000000004 30.500000000000004 1.0000000180025095e-35 1.5000000000000002 4.5000000000000009 3.5000000000000004 15.500000000000002 9.5000000000000018 3.5000000000000004 8.5000000000000018 3.5000000000000004 2.5000000000000004 4.5000000000000009 8.5000000000000018 3.5000000000000004 26.500000000000004 25.500000000000004 28.500000000000004 27.500000000000004 18.500000000000004 32.500000000000007 2.5000000000000004
decision_type=2 2 2 2 2 2 2 2 2 2 2 2 2 2 2 2 2 2 2 2 2 2 2 2 2 2 2 2 2 2
left_child=9 7 4 -4 -3 6 -6 14 28 10 -1 -12 13 16 -2 -14 -13 18 -18 -19 24 -15 -8 -24 25 26 27 -21 29 -5
right_child=1 2 3 8 5 -7 22 -9 -10 -11 11 12 15 21 -16 -17 17 19 -20 20 -22 -23 23 -25 -26 -27 -28 -29 -30 -31
leaf_value=-0.019873534805244869 -0.014776945427844398 0.013112883753067739 0.018265985572954082 0.032476643644846405 -0.0023357625175094844 -0.012014481381075961 0.044024257100465009 0.017432345524348938 0.0085935661876881796 0.0090282351323744143 0.015156104954389427 -0.0090821995602195279 0.0031228141351179644 0.0038960312327293504 0.014527487268253248 -0.035630004678634884 -0.0091182890848897826 0.027160999295758267 0.025456658343099198 0.0040095464749769728 0.03637702486344746 -0.024842689245939256 -0.018171084716039548 0.042373656481504443 -0.037162547132798603 0.052104231834411624 -0.014707225475379891 0.050071187262181883 -0.045094155400030075 -0.010908288084818217
leaf_weight=216 114 222 329 26 1187 573 57 458 333 246 130 511 44 73 98 94 398 102 53 209 42 200 34 20 28 25 139 27 31 167
leaf_count=216 114 222 329 26 1187 573 57 458 333 246 130 511 44 73 98 94 398 102 53 209 42 200 34 20 28 25 139 27 31 167
internal_value=0 0.00279867 0.000835585 0.00733178 -0.00191436 -0.00369739 -2.58176e-05 0.0115271 0.000873335 -0.00402536 -0.00542701 -0.00392318 -0.00519841 -0.00381798 -0.00123056 -0.023274 -0.00144391 0.0023715 -0.00505516 0.00822714 0.00411809 -0.017158 0.024676 0.00425289 0.000952494 0.00362055 0.000388301 0.00927931 -0.0106036 -0.00506369
internal_weight=0 3649 2979 886 2093 1871 1298 670 557 2537 2291 2075 1945 1807 212 138 1534 1023 451 572 470 273 111 54 428 400 375 236 224 193
internal_count=6186 3649 2979 886 2093 1871 1298 670 557 2537 2291 2075 1945 1807 212 138 1534 1023 451 572 470 273 111 54 428 400 375 236 224 193
shrinkage=0.1


Tree=18
num_leaves=31
num_cat=0
split_feature=11 4 14 0 9 6 11 0 15 1 13 9 15 2 8 2 0 14 2 1 8 3 5 7 7 13 3 14 14 9
split_gain=6.25431 6.21036 7.65761 6.21989 6.31653 5.48503 5.5668 5.27225 4.45055 4.49392 4.49066 4.40662 4.26821 4.34585 4.61387 4.20105 4.80761 5.25768 4.15813 3.93459 5.16075 4.68879 4.10668 3.89106 3.82464 4.24104 4.51277 6.08334 4.15231 3.9177
threshold=1.0000000180025095e-35 1.0000000180025095e-35 32.500000000000007 48.500000000000007 22.500000000000004 1.5000000000000002 1.5000000000000002 27.500000000000004 38.500000000000007 4.5000000000000009 4.5000000000000009 6.5000000000000009 12.500000000000002 34.500000000000007 22.500000000000004 25.500000000000004 14.500000000000002 18.500000000000004 23.500000000000004 1.0000000180025095e-35 25.500000000000004 16.500000000000004 2.5000000000000004 13.500000000000002 41.500000000000007 13.500000000000002 4.5000000000000009 19.500000000000004 4.5000000000000009 5.5000000000000009
decision_type=2 2 2 2 2 2 2 2 2 2 2 2 2 2 2 2 2 2 2 2 2 2 2 2 2 2 2 2 2 2
left_child=-1 -2 3 4 5 15 8 11 9 10 -7 24 13 -4 -15 16 -3 18 -18 20 21 22 -9 -19 25 26 28 -28 -8 -30
right_child=1 2 12 -5 -6 6 7 19 -10 -11 -12 -13 -14 14 -16 -17 17 23 -20 -21 -22 -23 -24 -25 -26 -27 27 -29 29 -31
leaf_value=0.054480550544602539 -0.0127283698264158 -0.024869755377956465 0.027059399955709218 0.033005665242671969 -0.013635458835168436 0.040060612843150184 0.039375386843758242 -0.014019976190800938 -0.026060530841350557 0.036349638298435037 -0.016804960951572512 -0.0051263690889478131 0.0037983648812230592 0.020769356501599154 -0.026222307617599902 -0.010367695160249142 0.0093962906027686682 0.0093319676045713756 0.04562099117499132 0.0083913792748274048 -0.04507560422023138 -0.033476740735418661 0.021291157431986143 -0.041241761203855282 0.046894942862646921 -0.013308430823187035 -0.0080610711616699148 0.049808672517538073 0.0032422952636887757 0.042661263644695281
leaf_weight=21 371 51 213 54 373 21 62 53 20 106 41 1499 422 48 37 764 169 29 39 1063 30 34 87 32 21 120 198 20 158 30
leaf_count=21 371 51 213 54 373 21 62 53 20 106 41 1499 422 48 37 764 169 29 39 1063 30 34 87 32 21 120 198 20 158 30
internal_value=0 -0.000185579 0.000617558 -0.000751898 -0.00111503 -0.000110052 0.00178495 0.000852048 0.0185326 0.0238413 0.00245596 -0.00221213 0.0102684 0.0194307 0.000314162 -0.00633874 0.00328039 0.00861741 0.0161884 0.00595014 -0.00677061 -0.000166306 0.00792337 -0.0171985 0.00496101 0.00346337 0.00776384 -0.00275192 0.0169336 0.00953256
internal_weight=0 6165 5794 5074 5020 4647 3563 3375 188 168 62 2108 720 298 85 1084 320 269 208 1267 204 174 140 61 609 588 468 218 250 188
internal_count=6186 6165 5794 5074 5020 4647 3563 3375 188 168 62 2108 720 298 85 1084 320 269 208 1267 204 174 140 61 609 588 468 218 250 188
shrinkage=0.1


Tree=19
num_leaves=31
num_cat=0
split_feature=0 9 14 6 6 13 2 14 11 2 1 14 1 7 7 7 4 14 0 13 7 3 1 15 10 9 0 9 12 15
split_gain=5.60758 5.06044 5.97249 5.17713 5.39948 4.63736 5.45692 7.41115 5.02947 4.59565 5.42489 4.81613 4.78103 4.35277 4.81251 5.81152 4.35782 4.13418 5.43052 5.62503 3.84494 3.82123 3.80084 3.68171 3.59655 3.56079 3.8986 4.37663 3.54632 3.98608
threshold=42.500000000000007 22.500000000000004 43.500000000000007 1.5000000000000002 2.5000000000000004 2.5000000000000004 37.500000000000007 28.500000000000004 2.5000000000000004 19.500000000000004 6.5000000000000009 6.5000000000000009 8.5000000000000018 20.500000000000004 27.500000000000004 38.500000000000007 3.5000000000000004 11.500000000000002 37.500000000000007 13.500000000000002 85.500000000000014 4.5000000000000009 32.500000000000007 18.500000000000004 1.5000000000000002 14.500000000000002 17.500000000000004 9.5000000000000018 2.5000000000000004 8.5000000000000018
decision_type=2 2 2 2 2 2 2 2 2 2 2 2 2 2 2 2 2 2 2 2 2 2 2 2 2 2 2 2 2 2
left_child=1 3 -3 20 5 6 7 21 13 11 24 12 -6 16 -15 -16 17 18 19 23 -1 -5 -12 -7 -11 26 27 -13 -23 -30
right_child=-2 2 -4 4 9 8 -8 -9 -10 10 22 25 -14 14 15 -17 -18 -19 -20 -21 -22 28 -24 -25 -26 -27 -28 -29 29 -31
leaf_value=-0.0066384290372676199 0.0080569007367603373 -0.016592559698130671 0.019721501578505225 0.0384246069295653 0.044187065279274657 0.0044808359971890846 -0.015670255333819289 0.072003611693015473 -0.0016911008051204773 0.0025106024209076796 -0.0011082308452651866 0.012206099201471379 -0.0027680922406060357 0.052389753063519798 -0.028021318733692169 0.033150990489052561 0.031191385224942237 0.019212484483917557 0.049163102535974418 -0.02739450444395726 0.035544812679290771 0.019959925064596082 0.034356698440387849 -0.032470929417116892 -0.016671692423459863 -0.017615156529880154 0.015019873851777974 -0.034587937593460086 -0.042513858105825343 0.007482466531487611
leaf_weight=1212 758 351 52 58 57 384 47 26 1053 123 543 39 35 45 25 41 62 132 21 78 22 118 32 29 476 82 169 41 23 52
leaf_count=1212 758 351 52 58 57 384 47 26 1053 123 543 39 35 45 25 41 62 132 21 78 22 118 32 29 476 82 169 41 23 52
internal_value=0 -0.00112512 -0.0119069 -0.00026043 0.00157086 0.00479069 0.0158357 0.0211815 0.00287702 -0.00285263 -0.00607264 0.00608423 0.0263237 0.00876469 0.0271729 0.00997966 0.00587047 0.00343274 -0.000635473 -0.00276535 -0.00588638 0.015917 0.00086547 0.00188616 -0.0127328 0.000458756 0.00641081 -0.0117758 0.00915306 -0.00784974
internal_weight=0 5428 403 5025 3791 2194 324 277 1870 1597 1174 423 92 817 111 66 706 644 512 491 1234 251 575 413 599 331 249 80 193 75
internal_count=6186 5428 403 5025 3791 2194 324 277 1870 1597 1174 423 92 817 111 66 706 644 512 491 1234 251 575 413 599 331 249 80 193 75
shrinkage=0.1


Tree=20
num_leaves=31
num_cat=0
split_feature=5 2 7 5 11 2 8 0 13 9 1 3 8 9 15 14 14 2 14 9 10 0 1 9 5 6 3 15 15 3
split_gain=5.5789 5.93105 5.18571 4.52634 4.44515 4.13294 4.43968 4.11128 4.10734 4.0401 3.70921 5.48299 3.56853 4.16507 4.99878 4.11959 3.94872 5.28966 4.16829 3.47697 4.51568 4.13471 3.74053 6.02399 5.30893 5.49462 5.77969 4.66242 4.59143 5.83948
threshold=2.5000000000000004 47.500000000000007 8.5000000000000018 4.5000000000000009 1.5000000000000002 19.500000000000004 3.5000000000000004 43.500000000000007 1.5000000000000002 12.500000000000002 10.500000000000002 25.500000000000004 19.500000000000004 34.500000000000007 46.500000000000007 32.500000000000007 17.500000000000004 34.500000000000007 15.500000000000002 22.500000000000004 1.0000000180025095e-35 11.500000000000002 4.5000000000000009 3.5000000000000004 1.5000000000000002 3.5000000000000004 20.500000000000004 2.5000000000000004 3.5000000000000004 1.5000000000000002
decision_type=2 2 2 2 2 2 2 2 2 2 2 2 2 2 2 2 2 2 2 2 2 2 2 2 2 2 2 2 2 2
left_child=19 2 3 4 -2 8 9 -5 -4 -7 -6 -12 13 14 15 16 18 -18 -8 20 21 -1 23 -22 -24 28 -27 -25 29 -26
right_child=1 -3 5 7 10 6 12 -9 -10 -11 11 -13 -14 -15 -16 -17 17 -19 -20 -21 22 -23 24 27 25 26 -28 -29 -30 -31
leaf_value=-0.020036333373614722 0.02917580489928906 -0.018814127277287228 0.044484229697737583 -0.021606885018753033 -0.00479119026142618 -0.04853856464227041 0.0071104272225626418 0.019730036705732347 0.011779417637164879 0.0086502163183121462 0.014412629304331591 -0.025530564226210119 0.00058072638702902563 -0.031728326156735424 0.036337320204230326 0.028241799966148708 0.0020661410657649348 -0.043961135604802304 0.042678781151771546 -0.017160735406320207 -0.027907551868238314 0.030393569750918281 -0.014854689535719376 0.010314932446201127 0.068804988129572434 -0.025216796459295809 0.032953957468271254 -0.0094310251379681534 0.0020495237927687796 0.012611452027641494
leaf_weight=21 52 126 43 171 690 30 562 28 359 21 244 40 935 24 69 92 94 34 35 176 138 72 216 154 22 117 20 535 950 116
leaf_count=21 52 126 43 171 690 30 562 28 359 21 244 40 935 24 69 92 94 34 35 176 138 72 216 154 22 117 20 535 950 116
internal_value=0 0.00250405 0.00326649 -0.00198829 0.000688771 0.00606767 0.00411491 -0.0157906 0.0152777 -0.0249902 -0.000832097 0.00878683 0.00491945 0.00937736 0.0104908 0.00830796 0.00577842 -0.0101599 0.00919567 -0.0036016 -0.00259084 0.0190062 -0.00347643 -0.00883717 -0.00039987 0.0021489 -0.0167247 -0.00501756 0.00452545 0.0215698
internal_weight=0 3649 3523 1225 1026 2298 1896 199 402 51 974 284 1845 910 886 817 725 128 597 2537 2361 93 2268 827 1441 1225 137 689 1088 138
internal_count=6186 3649 3523 1225 1026 2298 1896 199 402 51 974 284 1845 910 886 817 725 128 597 2537 2361 93 2268 827 1441 1225 137 689 1088 138
shrinkage=0.1


Tree=21
num_leaves=31
num_cat=0
split_feature=11 0 3 2 14 1 7 9 12 8 13 3 0 1 12 0 13 2 7 1 11 9 15 2 14 15 10 7 13 7
split_gain=4.9712 4.71777 5.59336 5.49059 4.95029 5.16549 5.69341 4.61032 4.27018 4.10832 3.67612 5.35797 4.71565 4.94155 4.49397 4.55358 3.7707 3.5177 3.45386 3.41869 4.09719 4.39249 3.54022 5.0707 3.34137 3.54723 3.31838 3.68286 3.30053 3.25829
threshold=1.0000000180025095e-35 31.500000000000004 12.500000000000002 23.500000000000004 18.500000000000004 6.5000000000000009 8.5000000000000018 18.500000000000004 1.0000000180025095e-35 3.5000000000000004 4.5000000000000009 4.5000000000000009 6.5000000000000009 10.500000000000002 2.5000000000000004 25.500000000000004 10.500000000000002 9.5000000000000018 53.500000000000007 8.5000000000000018 2.5000000000000004 10.500000000000002 15.500000000000002 21.500000000000004 4.5000000000000009 37.500000000000007 1.5000000000000002 27.500000000000004 9.5000000000000018 8.5000000000000018
decision_type=2 2 2 2 2 2 2 2 2 2 2 2 2 2 2 2 2 2 2 2 2 2 2 2 2 2 2 2 2 2
left_child=-1 2 7 18 5 6 -5 8 28 -10 11 -11 -12 14 15 -14 -16 -4 -3 20 22 -22 23 -18 25 -7 27 29 -2 -6
right_child=1 3 17 4 26 24 -8 -9 9 10 12 -13 13 -15 16 -17 19 -19 -20 -21 21 -23 -24 -25 -26 -27 -28 -29 -30 -31
leaf_value=0.04857162804830642 0.036381280129073094 0.010214085770280738 0.026522860444825269 -0.027212382504692323 0.012037220941140103 0.021339902985427116 -0.0032436262896592669 -0.013045029752587867 -0.016788699425111606 0.020619924664664432 -0.027263917097678555 0.0012752323020249607 -0.0012972708285919259 0.010773718391841077 -0.020059830715896888 0.021129084875186287 0.029381395352853314 -0.0087253793064021659 0.041544975222725621 -0.03872952681520711 0.0020640290582302919 -0.038045218351640202 0.049457787550412691 -0.028244372170705065 -0.0022159010843903412 -0.0083210152706929622 0.0047546612038293903 -0.0012911835312843323 0.00090482461711634775 0.05823033895041492
leaf_weight=21 61 475 29 154 26 144 278 236 127 223 65 400 560 343 218 108 37 1195 38 23 97 38 26 26 510 56 554 35 46 37
leaf_count=21 61 475 29 154 26 144 278 236 127 223 65 400 560 343 218 108 37 1195 38 23 97 38 26 26 510 56 554 35 46 37
internal_value=0 -0.000165451 -0.00230462 0.00341188 0.000803125 -0.003166 -0.011788 0.000290985 0.00160345 0.000691489 0.00171736 0.00819958 -0.000903289 0.000257578 -0.00292604 0.00232855 -0.0104746 -0.00789025 0.0125349 -0.00201468 0.00175515 -0.00922598 0.0184119 0.00559933 0.00208008 0.0130348 0.00775519 0.0247173 0.0211297 0.0391665
internal_weight=0 6165 3858 2307 1794 1142 432 2634 2398 2291 2164 623 1541 1476 1133 668 465 1224 513 247 224 135 89 63 710 200 652 98 107 63
internal_count=6186 6165 3858 2307 1794 1142 432 2634 2398 2291 2164 623 1541 1476 1133 668 465 1224 513 247 224 135 89 63 710 200 652 98 107 63
shrinkage=0.1


Tree=22
num_leaves=31
num_cat=0
split_feature=5 2 0 7 12 8 5 12 2 15 15 8 14 0 9 15 1 9 4 0 13 2 1 8 9 14 14 7 7 2
split_gain=4.389 4.72018 3.91342 3.89653 3.87847 4.7805 4.24546 3.63872 3.6776 4.01113 6.96699 3.57861 3.33033 3.96843 3.93492 3.33989 5.76326 3.17608 2.9943 3.588 2.8924 3.83896 4.35587 3.73798 2.94925 4.36451 2.81906 7.00692 3.45886 3.29241
threshold=2.5000000000000004 47.500000000000007 3.5000000000000004 8.5000000000000018 1.5000000000000002 12.500000000000002 4.5000000000000009 6.5000000000000009 19.500000000000004 83.500000000000014 102.50000000000001 3.5000000000000004 1.0000000180025095e-35 41.500000000000007 7.5000000000000009 1.5000000000000002 4.5000000000000009 12.500000000000002 2.5000000000000004 26.500000000000004 1.5000000000000002 13.500000000000002 2.5000000000000004 16.500000000000004 7.5000000000000009 22.500000000000004 40.500000000000007 35.500000000000007 60.500000000000007 34.500000000000007
decision_type=2 2 2 2 2 2 2 2 2 2 2 2 2 2 2 2 2 2 2 2 2 2 2 2 2 2 2 2 2 2
left_child=26 2 -2 4 5 -4 12 8 20 11 -11 17 -6 15 -15 16 -14 -10 19 -7 -5 22 -22 -23 -25 -26 29 -28 -29 -1
right_child=1 -3 3 7 6 18 -8 -9 9 10 -12 -13 13 14 -16 -17 -18 -19 -20 -21 21 23 -24 24 25 -27 27 28 -30 -31
leaf_value=-0.0020608629034607404 -0.027813387207868624 -0.016796918331630648 -0.011043016683487665 0.038903125056198667 0.028599748407539566 -0.013064718652855268 -0.017038776587856852 0.046169819208708683 -0.042717139671246213 -0.052483681747407633 0.018326779827475548 0.0050335901018397772 -0.0094613934401422753 -0.018526713301738103 0.027776896036588228 -0.0060090754228568988 0.053923571339020364 0.0079889768645876932 0.060222065324584642 0.040490384142974331 -0.02594165528307156 0.030483698135330563 0.011575117281505041 0.025634690635913129 -0.035503748251545814 0.021989867479904838 0.024415022249405199 -0.048750409732262301 0.0068218045291446516 -0.011038955291074275
leaf_weight=1865 41 126 42 42 38 22 184 22 30 33 24 1754 32 24 78 707 26 21 24 29 49 126 84 37 31 23 104 24 21 523
leaf_count=1865 41 126 42 42 38 22 184 22 30 33 24 1754 32 24 78 707 26 21 24 29 49 126 84 37 31 23 104 24 21 523
internal_value=0 0.00222101 0.00290119 0.00326285 -0.0013327 0.0159685 -0.00319151 0.00569792 0.0053029 0.00344954 -0.0226688 0.00427433 -0.000376156 -0.00164615 0.0168819 -0.00411656 0.0189526 -0.0218382 0.031095 0.0173882 0.0141063 0.0111307 -0.00224685 0.0193299 0.00388609 -0.0110157 -0.00319451 0.0101504 -0.0228167 -0.00402717
internal_weight=0 3649 3523 3482 1206 117 1089 2276 2254 1862 57 1805 905 867 102 765 58 51 75 51 392 350 133 217 91 54 2537 149 45 2388
internal_count=6186 3649 3523 3482 1206 117 1089 2276 2254 1862 57 1805 905 867 102 765 58 51 75 51 392 350 133 217 91 54 2537 149 45 2388
shrinkage=0.1


Tree=23
num_leaves=31
num_cat=0
split_feature=7 15 15 11 2 0 4 9 14 11 1 8 10 1 8 2 11 14 2 14 15 13 0 15 2 0 10 13 7 8
split_gain=4.14812 4.28681 5.13595 5.8605 4.42704 4.19073 3.91137 3.74746 4.57685 3.65846 4.72263 3.54331 4.12409 5.05553 4.48794 3.54058 3.58487 5.79685 3.50819 3.39131 3.31662 3.30166 3.18918 3.55204 3.14179 3.20532 3.11473 3.06833 4.30034 3.0507
threshold=77.500000000000014 84.500000000000014 91.500000000000014 4.5000000000000009 45.500000000000007 41.500000000000007 1.0000000180025095e-35 22.500000000000004 43.500000000000007 1.5000000000000002 19.500000000000004 8.5000000000000018 3.5000000000000004 28.500000000000004 34.500000000000007 39.500000000000007 2.5000000000000004 14.500000000000002 17.500000000000004 42.500000000000007 17.500000000000004 64.500000000000014 33.500000000000007 50.500000000000007 7.5000000000000009 19.500000000000004 4.5000000000000009 21.500000000000004 89.500000000000014 9.5000000000000018
decision_type=2 2 2 2 2 2 2 2 2 2 2 2 2 2 2 2 2 2 2 2 2 2 2 2 2 2 2 2 2 2
left_child=1 4 -3 -4 5 6 22 9 29 10 -8 15 13 18 21 16 -7 -18 -13 -6 -17 -14 23 -1 -11 26 -26 28 -2 -9
right_child=27 2 3 -5 19 11 7 8 -10 24 -12 12 14 -15 -16 20 17 -19 -20 -21 -22 -23 -24 -25 25 -27 -28 -29 -30 -31
leaf_value=-0.010565878215975363 0.031270498037338258 -0.05219535398132661 0.011743083090654442 -0.048211593083713367 -0.013690350562241793 0.024624575245178353 0.006628328625644957 -0.029344519759927482 0.026796737611293794 0.020075459004957469 0.043361474218822665 0.050007572438981795 0.0042941657265996545 0.059460930426915484 -0.024485849482672559 -1.5108411510785422e-05 -0.032471515511979868 0.010273381488190757 0.011813418512994594 0.025271704792976381 -0.052587418630719189 0.047196929795401438 -0.033490546345710755 0.033604198098182679 -0.0033002390863096464 0.0017993596758744711 -0.027885097872327874 0.029638898556615102 -0.020646432844492107 -0.0070587850594646716
leaf_weight=203 27 34 56 23 323 59 210 91 30 79 42 27 123 30 49 24 49 90 220 24 24 21 55 20 1128 2762 54 81 39 189
leaf_count=203 27 34 56 23 323 59 210 91 30 79 42 27 123 30 49 24 49 90 220 24 24 21 55 20 1128 2762 54 81 39 189
internal_value=0 -0.000404014 -0.0196982 -0.00571208 -3.61032e-05 0.000645548 -0.000406101 0.000292235 -0.0103244 0.0010621 0.0127505 0.00778825 0.0128777 0.0206967 0.0016555 -0.00193541 0.00397146 -0.00479496 0.0159885 -0.0109956 -0.0263013 0.0105508 -0.0119236 -0.00660444 0.000329935 -6.55765e-05 -0.00442341 0.0165976 0.000592312 -0.0143016
internal_weight=0 6039 113 79 5926 5579 4863 4585 310 4275 252 716 470 277 193 246 198 139 247 347 48 144 278 223 4023 3944 1182 147 66 280
internal_count=6186 6039 113 79 5926 5579 4863 4585 310 4275 252 716 470 277 193 246 198 139 247 347 48 144 278 223 4023 3944 1182 147 66 280
shrinkage=0.1


Tree=24
num_leaves=31
num_cat=0
split_feature=11 5 1 15 2 0 3 6 2 9 15 12 15 9 14 7 8 4 14 7 13 14 12 0 7 12 2 1 13 0
split_gain=3.78498 3.55893 3.75519 4.69182 4.4772 3.90031 4.87572 5.33683 3.46632 3.58575 3.76291 3.38083 3.27809 5.23372 5.40873 4.38936 3.48068 5.8374 3.89845 3.27645 5.32217 5.27341 3.38277 3.14532 3.46178 3.57282 3.02782 2.89846 5.52106 4.32063
threshold=1.0000000180025095e-35 1.5000000000000002 2.5000000000000004 3.5000000000000004 39.500000000000007 31.500000000000004 11.500000000000002 3.5000000000000004 23.500000000000004 5.5000000000000009 9.5000000000000018 1.0000000180025095e-35 14.500000000000002 28.500000000000004 2.5000000000000004 17.500000000000004 41.500000000000007 4.5000000000000009 16.500000000000004 4.5000000000000009 27.500000000000004 13.500000000000002 1.5000000000000002 30.500000000000004 5.5000000000000009 2.5000000000000004 12.500000000000002 27.500000000000004 32.500000000000007 21.500000000000004
decision_type=2 2 2 2 2 2 2 2 2 2 2 2 2 2 2 2 2 2 2 2 2 2 2 2 2 2 2 2 2 2
left_child=-1 -2 11 4 23 6 7 27 9 -7 -11 -3 13 14 -10 19 17 18 -17 21 22 -16 -21 24 25 -4 -8 28 -5 -30
right_child=1 2 3 5 -6 8 26 -9 12 10 -12 -13 -14 -15 15 16 -18 -19 -20 20 -22 -23 -24 -25 -26 -27 -28 -29 29 -31
leaf_value=0.042382232986745386 -0.0094154119145931654 0.023039480853588024 0.042353328210966934 0.0035840884069430418 -0.013477251051910341 0.033936775276358702 0.02374665630715234 -0.014849260431670008 0.040471711683840977 -0.017009174379896613 0.014747926522849016 -0.0041517855803784214 -0.0014179751713633976 0.05108721405267716 -0.031786042331038294 -0.022433074883052281 0.023618593811988831 -0.055753062764803574 0.018150114940433969 0.059298453450202938 -0.025944597824760107 0.030038289725780487 0.018804230553618934 0.026090310486207097 0.00088863343648288564 -0.0029502165538293347 -0.0097814092865097998 -0.027459728185619627 0.072379065908136822 0.01139362185047223
leaf_weight=21 388 47 49 1015 63 71 28 168 42 47 181 1687 819 28 37 56 25 30 41 25 23 22 118 161 184 27 708 28 21 26
leaf_count=21 388 47 49 1015 63 71 28 168 42 47 181 1687 819 28 37 56 25 30 41 25 23 22 118 161 184 27 708 28 21 26
internal_value=0 -0.000144368 0.000478302 0.002148 0.0113856 0.000891745 -0.00204104 0.00174125 0.00462847 0.0143126 0.00820151 -0.00341477 0.00234131 0.00922913 0.00643194 0.00263971 -0.0104883 -0.0172023 -0.00527936 0.0115084 0.0187026 -0.0087329 0.0258836 0.0151062 0.00830448 0.0262586 -0.00850589 0.00429832 0.00513563 0.0386424
internal_weight=0 6165 5777 4043 484 3559 1994 1258 1565 299 228 1734 1266 447 419 377 152 127 97 225 166 59 143 421 260 76 736 1090 1062 47
internal_count=6186 6165 5777 4043 484 3559 1994 1258 1565 299 228 1734 1266 447 419 377 152 127 97 225 166 59 143 421 260 76 736 1090 1062 47
shrinkage=0.1


Tree=25
num_leaves=31
num_cat=0
split_feature=7 15 15 11 2 5 14 0 8 4 8 0 7 15 7 2 1 2 0 2 0 3 8 12 9 3 7 14 3 15
split_gain=3.31219 3.40347 4.10582 4.62973 3.29301 3.56119 3.12688 5.28994 4.85284 3.34669 5.15602 2.98196 2.91728 3.45558 4.45598 4.7178 4.26411 4.11107 3.76018 3.73224 3.58333 3.66447 3.52829 5.39675 3.58895 5.16667 5.3 3.92157 3.52487 3.30697
threshold=77.500000000000014 84.500000000000014 91.500000000000014 4.5000000000000009 45.500000000000007 2.5000000000000004 3.5000000000000004 44.500000000000007 33.500000000000007 3.5000000000000004 15.500000000000002 3.5000000000000004 8.5000000000000018 44.500000000000007 10.500000000000002 34.500000000000007 5.5000000000000009 43.500000000000007 10.500000000000002 27.500000000000004 12.500000000000002 2.5000000000000004 6.5000000000000009 2.5000000000000004 6.5000000000000009 5.5000000000000009 19.500000000000004 9.5000000000000018 12.500000000000002 21.500000000000004
decision_type=2 2 2 2 2 2 2 2 2 2 2 2 2 2 2 2 2 2 2 2 2 2 2 2 2 2 2 2 2 2
left_child=1 4 -3 -4 5 -1 7 8 9 -7 -11 -8 -13 14 29 16 18 -15 -16 -18 -17 -22 23 -20 25 -24 28 -26 -27 -14
right_child=-2 2 3 -5 -6 6 11 -9 -10 10 -12 12 13 17 15 20 19 -19 22 -21 21 -23 24 -25 27 26 -28 -29 -30 -31
leaf_value=-0.0023690638327248693 0.014831202553243054 -0.046608678426812683 0.010466683815632549 -0.042821795007456906 -0.0094853086499041023 0.0094054706613807132 -0.027909279921475579 0.057421097029810367 -0.014258496195842059 0.0071828559041023261 0.075032626163391847 -0.002477985030218443 0.019805172453092976 0.012163538350300356 0.030875046415762469 0.031769643085343496 0.0046552084302946706 0.060355738401412964 0.033020839095115662 0.024032530127847687 0.019263237714767456 -0.01384269404909453 -0.019446796503933994 -0.015804374217987062 -0.033880096562206745 0.071206265040065927 -0.0057441023064822684 -0.0066775626912238505 0.01380425974726677 -0.012561276716154977
leaf_weight=2385 147 34 56 23 347 272 34 23 78 24 21 982 215 154 33 21 268 20 56 158 37 347 55 38 80 23 41 157 20 37
leaf_count=2385 147 34 56 23 347 272 34 23 78 24 21 982 215 154 33 21 268 20 56 158 37 347 55 38 80 23 41 157 20 37
internal_value=0 -0.000361018 -0.0175528 -0.00504768 -3.31969e-05 0.000554701 0.00273791 0.0108012 0.00808658 0.0135847 0.0388461 0.00152378 0.00188874 0.00432517 0.00285751 0.00055372 0.00448027 0.0177029 -0.00175459 0.0118421 -0.00845312 -0.0106528 -0.00404561 0.013283 -0.00837776 0.00437948 0.01998 -0.0158599 0.0445077 0.015053
internal_weight=0 6039 113 79 5926 5579 3194 418 395 317 45 2776 2742 1760 1586 1334 929 174 503 426 405 384 470 94 376 139 84 237 43 252
internal_count=6186 6039 113 79 5926 5579 3194 418 395 317 45 2776 2742 1760 1586 1334 929 174 503 426 405 384 470 94 376 139 84 237 43 252
shrinkage=0.1


Tree=26
num_leaves=31
num_cat=0
split_feature=11 4 14 0 13 9 15 8 4 7 8 9 7 3 15 4 3 1 4 0 7 13 2 4 7 0 7 7 4 15
split_gain=3.06611 2.96636 3.68417 3.93832 3.25115 3.01571 2.99825 5.44608 3.75642 3.5947 3.40699 5.33755 3.95515 6.03475 5.02501 4.13801 4.14105 3.34809 4.26129 3.44625 3.32238 3.26083 3.20204 3.06524 3 2.9927 2.78741 3.67808 3.13441 3.20923
threshold=1.0000000180025095e-35 1.0000000180025095e-35 36.500000000000007 48.500000000000007 2.5000000000000004 22.500000000000004 2.5000000000000004 5.5000000000000009 1.5000000000000002 2.5000000000000004 5.5000000000000009 19.500000000000004 8.5000000000000018 11.500000000000002 28.500000000000004 2.5000000000000004 20.500000000000004 5.5000000000000009 2.5000000000000004 19.500000000000004 23.500000000000004 7.5000000000000009 17.500000000000004 2.5000000000000004 8.5000000000000018 20.500000000000004 3.5000000000000004 11.500000000000002 2.5000000000000004 15.500000000000002
decision_type=2 2 2 2 2 2 2 2 2 2 2 2 2 2 2 2 2 2 2 2 2 2 2 2 2 2 2 2 2 2
left_child=-1 -2 3 5 -4 6 7 8 -3 -9 11 12 13 -8 15 -14 20 19 21 22 -17 -19 -11 24 -24 -21 -6 28 29 -28
right_child=1 2 4 -5 26 -7 10 9 -10 17 -12 -13 14 -15 -16 16 -18 18 -20 25 -22 -23 23 -25 -26 -27 27 -29 -30 -31
leaf_value=0.038145731034733003 -0.0087985127842972535 -0.011165000109568887 0.029010878113599925 0.026441476052557984 -0.024832277822083443 -0.0091831681808245552 -0.038764607176184657 0.033770477771759032 0.033655426427721978 0.030510190980775016 0.00011386517959781632 0.029349248749869213 -0.010878540556276999 0.0043713890326519808 -0.030461748288227966 0.033616333643595377 -0.020496110823647731 0.044936070261999618 -0.0052728671234907563 -0.051617931506850505 -0.0048703907988965518 0.0084612923755980375 -0.013948914749281748 -0.033378798266251883 0.028077682717279957 -0.011758544290338764 0.031152753246591447 0.0021724781036376955 0.050255218992630649 -0.0064262976023283878
leaf_weight=21 371 23 65 54 29 388 100 33 100 35 3587 35 155 48 65 75 29 43 97 22 32 57 35 27 33 131 47 375 30 44
leaf_count=21 371 23 65 54 29 388 100 33 100 35 3587 35 155 48 65 75 29 43 97 22 32 57 35 27 33 131 47 375 30 44
internal_value=0 -0.000129937 0.000425127 -0.000423932 0.00791412 -0.000705627 -1.48911e-05 0.00637621 0.0252744 0.00184507 -0.00100004 -0.00841301 -0.0110354 -0.0247746 -0.0053236 0.000291449 0.013022 -0.000349805 0.00966029 -0.00731796 0.0221063 0.0241454 0.0046537 -0.00487238 0.00644635 -0.01749 0.00530214 0.00706403 0.0222238 0.0129827
internal_weight=0 6165 5794 5204 590 5150 4762 636 123 513 4126 539 504 148 356 291 136 480 197 283 107 100 130 95 68 153 525 496 121 91
internal_count=6186 6165 5794 5204 590 5150 4762 636 123 513 4126 539 504 148 356 291 136 480 197 283 107 100 130 95 68 153 525 496 121 91
shrinkage=0.1


Tree=27
num_leaves=31
num_cat=0
split_feature=11 15 15 0 14 1 5 9 1 15 8 5 14 5 4 0 7 9 13 8 9 14 6 15 12 9 6 8 13 2
split_gain=2.73926 4.6149 4.01935 2.98238 2.93088 2.69599 3.44839 5.48384 3.02588 2.59178 2.54964 4.73769 5.26167 4.40526 3.0218 2.9067 2.86197 3.82963 3.97024 2.72809 2.54153 4.16194 3.39455 2.98407 2.63266 2.89098 3.9715 3.03204 4.02654 4.50583
threshold=1.5000000000000002 29.500000000000004 23.500000000000004 42.500000000000007 3.5000000000000004 21.500000000000004 3.5000000000000004 8.5000000000000018 5.5000000000000009 12.500000000000002 8.5000000000000018 3.5000000000000004 16.500000000000004 4.5000000000000009 2.5000000000000004 47.500000000000007 15.500000000000002 11.500000000000002 10.500000000000002 6.5000000000000009 18.500000000000004 65.500000000000014 1.5000000000000002 1.0000000180025095e-35 1.5000000000000002 4.5000000000000009 3.5000000000000004 27.500000000000004 9.5000000000000018 30.500000000000004
decision_type=2 2 2 2 2 2 2 2 2 2 2 2 2 2 2 2 2 2 2 2 2 2 2 2 2 2 2 2 2 2
left_child=1 2 5 20 -3 6 7 9 -8 -1 11 12 15 14 -12 -5 -16 18 -18 -14 22 23 -2 -22 25 -24 27 28 -27 -30
right_child=3 4 -4 10 -6 -7 8 -9 -10 -11 13 -13 19 -15 16 -17 17 -19 -20 -21 21 -23 24 -25 -26 26 -28 -29 29 -31
leaf_value=-0.03201674405071471 -0.0052560792538669182 0.010219971975311638 0.047837070981040598 -0.035547442754109697 -0.02918877029872459 0.041318987786769873 0.04908810007956721 0.01589438797945672 0.00059594511985778815 0.0087023049592971809 0.0045109496783402011 0.02599157036646553 0.01845834277796023 -0.010539117387749932 0.044889004460789944 0.0032536177681042598 -0.028233468724835304 0.029037496075034142 0.018947233933778035 -0.018339342392724136 -0.044807476143945348 0.026777740333761485 -0.01181973753606572 -0.0073757534173653763 0.00023632748853446664 0.041610301528559178 -0.013506721514602041 0.00069780011971791586 -0.015286865168147618 0.035869983109560882
leaf_weight=54 1106 32 32 75 46 25 31 94 22 22 177 46 66 88 44 26 31 100 42 29 22 35 51 667 2965 86 43 60 36 33
leaf_count=54 1106 32 32 75 46 25 31 94 22 22 177 46 66 88 44 26 31 100 42 29 22 35 51 667 2965 86 43 60 36 33
internal_value=0 0.00849044 0.0144829 -0.000521547 -0.0130211 0.0101792 0.00668817 -0.000255182 0.0289593 -0.0202297 0.00548476 -0.00289026 -0.00966865 0.00968964 0.0142077 -0.0255591 0.0221171 0.0163254 -0.00108841 0.00722537 -0.00137354 -0.00686211 -0.000466295 -0.00857096 0.00115176 0.00993573 0.0142362 0.0197848 0.0271733 0.00917945
internal_weight=0 358 280 5828 78 248 223 170 53 76 724 242 196 482 394 101 217 173 73 95 5104 724 4380 689 3274 309 258 215 155 69
internal_count=6186 358 280 5828 78 248 223 170 53 76 724 242 196 482 394 101 217 173 73 95 5104 724 4380 689 3274 309 258 215 155 69
shrinkage=0.1


end of trees

feature_importances:
Column_2=116
Column_0=94
Column_7=77
Column_1=76
Column_14=67
Column_15=58
Column_3=50
Column_9=50
Column_8=48
Column_13=46
Column_5=36
Column_4=32
Column_6=25
Column_11=25
Column_12=21
Column_10=19

parameters:
[boosting: gbdt]
[objective: regression]
[metric: l2]
[tree_learner: serial]
[device_type: cpu]
[data: ]
[valid: ]
[num_iterations: 10000]
[learning_rate: 0.1]
[num_leaves: 31]
[num_threads: 0]
[deterministic: 0]
[force_col_wise: 0]
[force_row_wise: 0]
[histogram_pool_size: -1]
[max_depth: -1]
[min_data_in_leaf: 20]
[min_sum_hessian_in_leaf: 0.001]
[bagging_fraction: 1]
[pos_bagging_fraction: 1]
[neg_bagging_fraction: 1]
[bagging_freq: 0]
[bagging_seed: 3]
[feature_fraction: 1]
[feature_fraction_bynode: 1]
[feature_fraction_seed: 2]
[extra_trees: 0]
[extra_seed: 6]
[early_stopping_round: 10]
[first_metric_only: 0]
[max_delta_step: 0]
[lambda_l1: 0]
[lambda_l2: 0]
[min_gain_to_split: 0]
[drop_rate: 0.1]
[max_drop: 50]
[skip_drop: 0.5]
[xgboost_dart_mode: 0]
[uniform_drop: 0]
[drop_seed: 4]
[top_rate: 0.2]
[other_rate: 0.1]
[min_data_per_group: 100]
[max_cat_threshold: 32]
[cat_l2: 10]
[cat_smooth: 10]
[max_cat_to_onehot: 4]
[top_k: 20]
[monotone_constraints: ]
[monotone_constraints_method: basic]
[monotone_penalty: 0]
[feature_contri: ]
[forcedsplits_filename: ]
[refit_decay_rate: 0.9]
[cegb_tradeoff: 1]
[cegb_penalty_split: 0]
[cegb_penalty_feature_lazy: ]
[cegb_penalty_feature_coupled: ]
[path_smooth: 0]
[interaction_constraints: ]
[verbosity: 1]
[saved_feature_importance_type: 0]
[max_bin: 255]
[max_bin_by_feature: ]
[min_data_in_bin: 3]
[bin_construct_sample_cnt: 200000]
[data_random_seed: 1]
[is_enable_sparse: 1]
[enable_bundle: 1]
[use_missing: 1]
[zero_as_missing: 0]
[feature_pre_filter: 1]
[pre_partition: 0]
[two_round: 0]
[header: 0]
[label_column: ]
[weight_column: ]
[group_column: ]
[ignore_column: ]
[categorical_feature: ]
[forcedbins_filename: ]
[objective_seed: 5]
[num_class: 1]
[is_unbalance: 0]
[scale_pos_weight: 1]
[sigmoid: 1]
[boost_from_average: 1]
[reg_sqrt: 0]
[alpha: 0.9]
[fair_c: 1]
[poisson_max_delta_step: 0.7]
[tweedie_variance_power: 1.5]
[lambdarank_truncation_level: 30]
[lambdarank_norm: 1]
[label_gain: ]
[eval_at: ]
[multi_error_top_k: 1]
[auc_mu_weights: ]
[num_machines: 1]
[local_listen_port: 12400]
[time_out: 120]
[machine_list_filename: ]
[machines: ]
[gpu_platform_id: -1]
[gpu_device_id: -1]
[gpu_use_dp: 0]
[num_gpu: 1]

end of parameters

pandas_categorical:null
