tree
version=v3
num_class=1
num_tree_per_iteration=1
label_index=0
max_feature_idx=15
objective=regression
feature_names=Column_0 Column_1 Column_2 Column_3 Column_4 Column_5 Column_6 Column_7 Column_8 Column_9 Column_10 Column_11 Column_12 Column_13 Column_14 Column_15
feature_infos=[1:49] [0:96] [1:49] [0:79] [0:6] [0:8] [0:8] [0:248] [0:280] [0:296] [0:8] [0:8] [0:8] [0:212] [0:261] [0:291]
tree_sizes=2781 2773 2762 2766 2780 2751 2775 2782 2783 2779 2787 2771 2765 2770 2766 2762 2778 2775

Tree=0
num_leaves=31
num_cat=0
split_feature=0 2 2 10 3 0 13 0 1 11 3 13 9 0 4 1 11 14 2 4 4 8 15 13 7 7 9 7 6 8
split_gain=102.775 69.4334 44.432 33.5199 14.606 12.8688 12.7917 12.6325 12.5107 9.73196 9.57067 9.37462 8.77767 8.61275 10.8183 7.64421 7.38333 10.8231 7.35467 6.82018 6.6673 5.56882 5.50403 5.47689 6.45675 5.45271 5.32904 5.25 5.22025 5.03893
threshold=35.500000000000007 24.500000000000004 27.500000000000004 1.0000000180025095e-35 10.500000000000002 18.500000000000004 11.500000000000002 26.500000000000004 7.5000000000000009 2.5000000000000004 7.5000000000000009 10.500000000000002 10.500000000000002 40.500000000000007 1.0000000180025095e-35 5.5000000000000009 2.5000000000000004 9.5000000000000018 33.500000000000007 1.0000000180025095e-35 2.5000000000000004 10.500000000000002 5.5000000000000009 1.5000000000000002 10.500000000000002 1.0000000180025095e-35 6.5000000000000009 6.5000000000000009 2.5000000000000004 7.5000000000000009
decision_type=2 2 2 2 2 2 2 2 2 2 2 2 2 2 2 2 2 2 2 2 2 2 2 2 2 2 2 2 2 2
left_child=1 3 13 19 6 9 7 22 25 20 11 -4 -10 14 -2 -12 21 -18 -6 -1 26 -9 23 -3 -25 -7 27 -5 -22 -16
right_child=2 4 10 5 18 8 -8 16 12 -11 15 -13 -14 -15 29 -17 17 -19 -20 -21 28 -23 -24 24 -26 -27 -28 -29 -30 -31
leaf_value=-0.081115569281922484 -0.10098569862567368 -0.035858427623684484 -0.072544140937559232 -0.098258425970649002 -0.10443933032203599 -0.12553115252089575 -0.11421587232472707 -0.062258426924323318 -0.069758426725641171 -0.10669085817969826 -0.11402113739223033 -0.013883428174779097 -0.032901284834235468 -0.0051362564244166742 -0.056096264925402706 -0.069810150862201978 -0.11425842554679375 -0.046658427337582187 -0.1315257517777782 -0.020217887447135006 -0.074258426606431879 0.00097234063140255733 -0.10306678821260888 -0.11521494726058501 -0.062513746066495846 -0.074647878928772116 -0.10122872292166597 -0.031591761070045882 -0.021894791629958152 -0.012258428215757289
leaf_weight=21 22 25 63 21 199 22 235 30 120 185 59 48 140 221 37 116 45 50 202 148 45 26 287 46 47 493 101 27 33 90
leaf_count=21 22 25 63 21 199 22 235 30 120 185 59 48 140 221 37 116 45 50 202 148 45 26 287 46 47 493 101 27 33 90
internal_value=-0.0758427 -0.0849303 -0.040545 -0.0694531 -0.102537 -0.0753856 -0.0946554 -0.0863879 -0.0677939 -0.0896662 -0.0701465 -0.0471773 -0.0499123 -0.0176638 -0.036245 -0.0847156 -0.0617021 -0.0786795 -0.118084 -0.0277851 -0.0757915 -0.0329013 -0.0955918 -0.077411 -0.088581 -0.0768215 -0.0881913 -0.0607584 -0.0521046 -0.0250301
internal_weight=0 2548 656 1356 1192 1187 791 556 775 412 286 111 260 370 149 175 151 95 401 169 227 56 405 118 93 515 149 48 78 127
internal_count=3204 2548 656 1356 1192 1187 791 556 775 412 286 111 260 370 149 175 151 95 401 169 227 56 405 118 93 515 149 48 78 127
shrinkage=1


Tree=1
num_leaves=31
num_cat=0
split_feature=2 0 0 10 2 15 1 13 0 3 1 6 13 9 15 0 2 4 8 2 4 6 11 7 3 1 11 6 14 8
split_gain=86.8013 39.3859 38.2683 24.2661 22.7061 14.7821 13.072 11.8732 10.7023 9.8295 9.6094 8.07589 7.54183 9.82812 6.73271 7.0933 6.71596 6.69223 6.6846 6.51875 6.09383 5.99535 5.89862 5.83599 5.60363 5.58837 6.94961 5.56998 5.51867 5.41683
threshold=19.500000000000004 38.500000000000007 35.500000000000007 1.0000000180025095e-35 29.500000000000004 5.5000000000000009 20.500000000000004 11.500000000000002 18.500000000000004 10.500000000000002 3.5000000000000004 4.5000000000000009 11.500000000000002 5.5000000000000009 10.500000000000002 16.500000000000004 30.500000000000004 2.5000000000000004 3.5000000000000004 37.500000000000007 1.5000000000000002 3.5000000000000004 2.5000000000000004 2.5000000000000004 1.0000000180025095e-35 10.500000000000002 3.5000000000000004 3.5000000000000004 21.500000000000004 27.500000000000004
decision_type=2 2 2 2 2 2 2 2 2 2 2 2 2 2 2 2 2 2 2 2 2 2 2 2 2 2 2 2 2 2
left_child=1 3 4 -1 6 19 7 11 17 12 -7 14 13 -6 15 -2 -12 28 -10 -4 22 -17 -20 -15 -16 -11 29 -19 -5 -27
right_child=2 -3 5 8 9 10 -8 -9 18 25 16 -13 -14 23 24 21 -18 27 20 -21 -22 -23 -24 -25 -26 26 -28 -29 -30 -31
leaf_value=0.053881371055940423 -0.022814224056295448 0.068313620965395658 0.060797405809294006 -0.012494037845941979 -0.047938352089661823 -0.025203993626229177 0.039517374206007573 -0.03080880545434498 -0.025008883371072654 -0.053618354500845226 0.035189118180423973 0.042277631825870937 -0.038760231701713624 -0.034469843131524548 0.0099681685137194276 0.002233132009679172 0.0012581967881747655 -0.0053898996236372973 0.024184112853192271 -0.00020309605381705546 0.028935697597771117 0.047942028867621583 -0.02618783920517434 0.0020307196625347795 -0.030832482884007119 0.022545822403010202 -0.060976266680341777 0.051175884847287779 -0.060842065564517323 -0.037449343557711005
leaf_weight=137 111 175 86 127 65 77 57 210 34 198 100 36 165 54 43 386 140 49 47 22 271 31 46 232 155 34 33 27 29 27
leaf_count=137 111 175 86 127 65 77 57 210 34 198 100 36 165 54 43 386 140 49 47 22 271 31 46 232 155 34 33 27 29 27
internal_value=0 0.0255057 -0.0106217 0.0157386 -0.016878 0.0164199 -0.0070262 -0.0097556 0.00744407 -0.0294244 0.00553423 -0.00395354 -0.0211273 -0.0128383 -0.00624599 -0.000348839 0.0153961 -0.00962724 0.0173952 0.0483714 0.021356 0.00563116 -0.000731046 -0.00486099 -0.0219717 -0.0440864 -0.0240084 0.0147058 -0.0214818 -0.00400941
internal_weight=0 942 2262 767 1837 425 1029 972 630 808 317 762 516 351 726 528 240 232 398 108 364 417 93 286 198 292 94 76 156 61
internal_count=3204 942 2262 767 1837 425 1029 972 630 808 317 762 516 351 726 528 240 232 398 108 364 417 93 286 198 292 94 76 156 61
shrinkage=0.1


Tree=2
num_leaves=31
num_cat=0
split_feature=2 0 0 2 12 2 10 7 13 14 1 13 6 0 3 14 15 15 2 14 1 5 1 14 3 1 12 11 3 7
split_gain=70.3091 32.9018 32.3777 18.8711 16.1863 14.7191 13.4541 10.5367 8.5423 8.17064 7.11337 6.5441 6.9333 6.49846 6.24619 8.60804 6.12879 6.12277 5.93475 6.81946 5.92138 5.73753 5.89719 5.72181 5.7216 5.6925 5.11428 5.08202 5.08097 5.08032
threshold=19.500000000000004 30.500000000000004 27.500000000000004 40.500000000000007 1.5000000000000002 30.500000000000004 1.0000000180025095e-35 1.5000000000000002 12.500000000000002 13.500000000000002 18.500000000000004 8.5000000000000018 1.5000000000000002 40.500000000000007 7.5000000000000009 8.5000000000000018 5.5000000000000009 15.500000000000002 13.500000000000002 6.5000000000000009 7.5000000000000009 4.5000000000000009 9.5000000000000018 30.500000000000004 1.0000000180025095e-35 5.5000000000000009 2.5000000000000004 2.5000000000000004 9.5000000000000018 15.500000000000002
decision_type=2 2 2 2 2 2 2 2 2 2 2 2 2 2 2 2 2 2 2 2 2 2 2 2 2 2 2 2 2 2
left_child=1 6 5 4 -4 8 26 -6 10 20 17 12 -8 -3 15 27 -17 -2 25 -20 -5 22 -13 -18 -19 -14 -1 -9 -7 -10
right_child=2 13 3 9 7 28 11 14 29 -11 -12 21 18 -15 -16 16 23 24 19 -21 -22 -23 -24 -25 -26 -27 -28 -29 -30 -31
leaf_value=0.018932186989557176 -0.005609985331232234 0.036138181617959987 0.047086647908646063 -0.038147089257836345 -0.032807410533229511 -0.023908112961568952 -0.037545988212029147 0.02558085770684887 -0.040672045668890315 -0.049030191202958429 0.032127498785654705 -0.023556814816013072 -0.026578284864840304 0.064932263311412594 -0.00074811510636772912 0.076935762353241455 0.042551239667000709 -0.0013178273554771179 0.060462391493367219 0.01652896927750629 0.015604855512317859 0.040425277840007434 0.011813653671919409 -0.0062124156951904302 -0.056211821643673644 0.022403701227538441 0.066054212813283886 -0.019833989547831672 -0.043994649347749736 0.0032974396691177834
leaf_weight=42 645 172 122 32 60 324 24 44 129 72 45 159 46 144 213 32 77 31 51 115 57 22 67 35 49 49 51 56 206 33
leaf_count=42 645 172 122 32 60 324 24 44 129 72 45 159 46 144 213 32 77 31 51 115 57 22 67 35 49 49 51 56 206 33
internal_value=0 0.0229552 -0.00955957 0.00661398 0.0143233 -0.0184097 0.00967691 0.00659191 -0.0108431 -0.0239839 -0.00645186 0.00355315 0.0138894 0.0492595 0.0117647 0.0226877 0.03834 -0.00884644 0.0186191 0.0300266 -0.00372169 -0.00832525 -0.0130709 0.0273126 -0.0349404 -0.00131389 0.0447733 0.000148543 -0.0317153 -0.0317153
internal_weight=0 942 2262 800 639 1462 626 517 932 161 770 533 285 316 457 244 144 725 261 166 89 248 226 112 80 95 93 100 530 162
internal_count=3204 942 2262 800 639 1462 626 517 932 161 770 533 285 316 457 244 144 725 261 166 89 248 226 112 80 95 93 100 530 162
shrinkage=0.1


Tree=3
num_leaves=31
num_cat=0
split_feature=2 0 0 2 10 2 15 0 1 0 9 4 11 4 0 11 13 13 13 0 3 13 1 8 7 2 3 8 1 13
split_gain=56.9503 26.8219 26.6505 15.6633 10.8978 10.7257 10.697 9.60146 9.27077 7.42406 8.26049 7.26636 6.76493 6.31809 8.21397 6.12265 5.74051 5.42109 5.37238 5.26375 5.1927 4.97935 6.31582 5.99397 5.54805 5.40698 5.01786 4.88801 4.81674 5.71236
threshold=19.500000000000004 35.500000000000007 30.500000000000004 29.500000000000004 1.0000000180025095e-35 40.500000000000007 5.5000000000000009 23.500000000000004 3.5000000000000004 21.500000000000004 5.5000000000000009 1.0000000180025095e-35 2.5000000000000004 1.5000000000000002 7.5000000000000009 2.5000000000000004 1.0000000180025095e-35 11.500000000000002 3.5000000000000004 40.500000000000007 2.5000000000000004 12.500000000000002 5.5000000000000009 4.5000000000000009 12.500000000000002 13.500000000000002 7.5000000000000009 21.500000000000004 7.5000000000000009 8.5000000000000018
decision_type=2 2 2 2 2 2 2 2 2 2 2 2 2 2 2 2 2 2 2 2 2 2 2 2 2 2 2 2 2 2
left_child=2 3 4 7 -1 6 -3 17 18 -5 -11 -12 -10 15 -15 -6 -13 27 -9 -4 -14 22 23 -16 -25 -23 -24 -2 -7 -30
right_child=1 5 19 9 13 28 -8 8 12 10 11 16 20 14 21 -17 -18 -19 -20 -21 -22 25 26 24 -26 -27 -28 -29 29 -31
leaf_value=0.040295971465367147 -0.0037787733229805022 0.051086721902197985 0.032524363186513618 -0.034111948614660416 0.0075872306711971763 -0.049542213308400126 0.011196360080424003 0.025309465501619423 0.044109422213890977 -0.049589773229623248 -0.041244529313960318 0.037185231409966948 0.044398150444030761 -0.041559678727182851 -0.038230033636093147 -0.034519979238510135 -0.0076537373830687337 -0.028775763676084323 -0.031039909180253747 0.058439035175575152 -0.0086950966290065233 0.024195905707099223 0.052693146234982974 0.00086060926832001782 0.045117504823775523 -0.027556215570523193 0.011757542162525413 -0.029864269854074501 0.035843592652907742 -0.024365664422512055
leaf_weight=93 534 94 172 393 64 29 236 23 85 59 59 32 25 29 25 75 265 145 64 144 70 33 77 87 42 52 49 83 26 40
leaf_count=93 534 94 172 393 64 29 236 23 85 59 59 32 25 29 25 75 265 145 64 144 70 33 77 87 42 52 49 83 26 40
internal_value=0 -0.00860362 0.0206596 -0.0138413 0.00870922 0.0140355 0.0225591 -0.00565882 0.0106598 -0.0242618 -0.0149338 -0.00919028 0.0236144 0.00319783 0.00966462 -0.0151325 -0.0028226 -0.0113768 -0.0161429 0.0443336 0.00527681 0.0137345 0.0201698 0.00658479 0.0152698 -0.00746422 0.0367737 -0.00728784 -0.0155728 -0.000646866
internal_weight=0 2262 942 1837 626 425 330 1029 267 808 415 356 180 533 394 139 297 762 87 316 95 365 280 154 129 85 126 617 95 66
internal_count=3204 2262 942 1837 626 425 330 1029 267 808 415 356 180 533 394 139 297 762 87 316 95 365 280 154 129 85 126 617 95 66
shrinkage=0.1


Tree=4
num_leaves=31
num_cat=0
split_feature=2 0 0 2 1 10 2 15 0 9 11 3 10 9 15 0 4 12 14 0 7 8 12 14 2 12 0 0 8 5
split_gain=46.1298 21.7258 21.5869 12.7858 10.3823 8.82724 8.68781 8.66457 8.25507 7.79092 6.54638 5.77882 6.72166 7.62781 5.5117 5.49435 5.69621 5.18507 5.70202 4.97211 6.68634 4.90717 4.78153 4.41248 4.37357 7.26064 7.79494 4.26364 4.73082 4.26254
threshold=19.500000000000004 35.500000000000007 30.500000000000004 33.500000000000007 11.500000000000002 1.0000000180025095e-35 40.500000000000007 5.5000000000000009 17.500000000000004 10.500000000000002 3.5000000000000004 9.5000000000000018 1.5000000000000002 6.5000000000000009 10.500000000000002 18.500000000000004 1.0000000180025095e-35 1.5000000000000002 21.500000000000004 17.500000000000004 16.500000000000004 11.500000000000002 1.5000000000000002 18.500000000000004 22.500000000000004 2.5000000000000004 21.500000000000004 40.500000000000007 7.5000000000000009 3.5000000000000004
decision_type=2 2 2 2 2 2 2 2 2 2 2 2 2 2 2 2 2 2 2 2 2 2 2 2 2 2 2 2 2 2
left_child=2 3 5 4 14 -1 7 -3 -5 21 -11 12 13 -10 19 17 -17 -7 -19 -2 24 -6 -9 -8 25 26 -21 28 -4 -16
right_child=1 6 27 8 9 15 23 22 11 10 -12 -13 -14 -15 29 16 -18 18 -20 20 -22 -23 -24 -25 -26 -27 -28 -29 -30 -31
leaf_value=0.036266372280736127 -0.019854365059962641 0.04597804964856899 0.0044211635049783964 -0.043001111295450943 0.022710077464580536 0.034331196784973143 0.002074393874309102 0.051428924918174745 -0.033711296060810921 0.036962928597269386 -0.012380131312779019 -0.032386488931162374 -0.020374687991159806 0.03371816142912834 -0.031995980896447833 -0.037197540294040335 0.015654645534399162 -0.006011979537602713 -0.048883043308007093 0.0024317307869593306 0.038818928756211936 -0.02425488045770828 0.0051771740424689525 -0.042882755924673645 -0.014100592274491381 -0.031295878721608057 0.050298631597648968 0.052595132547948099 0.040339914523065096 -0.0077972845379578873
leaf_weight=93 208 94 53 178 32 25 61 25 23 116 35 143 136 62 190 22 279 169 38 150 38 73 211 34 246 45 44 144 119 118
leaf_count=93 208 94 53 178 32 25 61 25 23 116 35 143 136 62 190 22 279 169 38 150 38 73 211 34 246 45 44 144 119 118
internal_value=0 -0.00774326 0.0185937 -0.0124572 -0.00705989 0.00783829 0.0126319 0.0203032 -0.0253529 0.0109786 0.0255258 -0.0167227 -0.00658729 0.0154725 -0.0115044 0.00287805 0.0117917 -0.00868664 -0.013882 -0.00677668 -0.00157561 -0.00994175 0.0100767 -0.0140155 -0.00474054 0.00489366 0.0132881 0.0399002 0.0292719 -0.0227251
internal_weight=0 2262 942 1837 1295 626 425 330 542 256 151 364 221 85 1039 533 301 232 207 731 523 105 236 95 485 239 194 316 172 308
internal_count=3204 2262 942 1837 1295 626 425 330 542 256 151 364 221 85 1039 533 301 232 207 731 523 105 236 95 485 239 194 316 172 308
shrinkage=0.1


Tree=5
num_leaves=31
num_cat=0
split_feature=2 0 0 6 13 5 0 11 3 13 9 12 8 3 1 7 0 8 4 5 12 2 14 9 9 1 1 2 13 8
split_gain=37.4038 38.1103 13.6685 9.08997 10.7289 9.04131 7.91121 7.74583 7.2373 8.34257 6.99033 5.83799 5.82428 5.87634 5.69412 5.4278 5.39559 5.38732 5.0809 5.03262 4.89531 7.31213 4.51122 8.12154 5.69871 4.43304 4.10236 3.86193 4.4817 4.39897
threshold=24.500000000000004 30.500000000000004 35.500000000000007 2.5000000000000004 12.500000000000002 3.5000000000000004 6.5000000000000009 2.5000000000000004 10.500000000000002 2.5000000000000004 45.500000000000007 1.5000000000000002 4.5000000000000009 28.500000000000004 11.500000000000002 14.500000000000002 17.500000000000004 8.5000000000000018 1.5000000000000002 3.5000000000000004 2.5000000000000004 15.500000000000002 8.5000000000000018 5.5000000000000009 10.500000000000002 16.500000000000004 25.500000000000004 40.500000000000007 5.5000000000000009 8.5000000000000018
decision_type=2 2 2 2 2 2 2 2 2 2 2 2 2 2 2 2 2 2 2 2 2 2 2 2 2 2 2 2 2 2
left_child=1 3 8 6 5 10 -1 15 9 11 -5 -2 -4 27 19 20 -9 18 -11 -6 22 -22 -8 -24 -25 -3 -10 29 -29 -14
right_child=2 25 12 4 14 -7 7 16 26 17 -12 -13 13 -15 -16 -17 -18 -19 -20 -21 21 -23 23 24 -26 -27 -28 28 -30 -31
leaf_value=-0.060532459387412446 0.049519389662249336 0.028386133492254374 -0.03507540245209971 0.0067564424652381237 -0.046472758827386079 0.04541375071418529 -0.0034638803738814132 -0.041654793790408547 -0.030145639004411723 -0.030315443873405457 0.066449836038407831 0.00036942802626511149 -0.0049568551917408797 -0.022661007357680282 0.01976416299217626 0.03882630278424519 -0.0089098876415018274 -0.021317143494091115 0.012467395507016229 -0.0017207945914978675 0.031262202858924865 -0.0384140175874116 0.076919994300062022 -0.011480254159783418 0.041454713814186334 0.04953306498692224 0.0082994919021924345 0.033832831274379381 -0.020328749299049379 0.031244399632309003
leaf_weight=26 29 285 31 298 54 98 169 70 371 38 21 145 43 46 38 41 179 476 103 47 20 61 22 53 33 152 30 22 50 153
leaf_count=26 29 285 31 298 54 98 169 70 371 38 21 145 43 46 38 41 179 476 103 47 20 61 22 53 33 152 30 22 50 153
internal_value=0 0.0103748 -0.0112523 0.00136241 0.0108274 0.0188475 -0.00644553 -0.00427537 -0.0163257 -0.0107777 0.0106861 0.00856109 0.00627649 0.010359 -0.0132329 0.00436156 -0.0181153 -0.0162315 0.000937269 -0.0256476 0.000414484 -0.02121 0.00673789 0.0227018 0.008832 0.0357416 -0.0272694 0.0160266 -0.00377938 0.0233023
internal_weight=0 1667 1537 1230 556 417 674 648 1192 791 319 174 345 314 139 399 249 617 141 101 358 81 277 108 86 437 401 268 72 196
internal_count=3204 1667 1537 1230 556 417 674 648 1192 791 319 174 345 314 139 399 249 617 141 101 358 81 277 108 86 437 401 268 72 196
shrinkage=0.1


Tree=6
num_leaves=31
num_cat=0
split_feature=2 0 0 10 2 4 10 2 15 6 9 14 11 6 0 10 15 3 3 8 2 0 7 8 14 4 1 14 14 0
split_gain=31.1025 15.3264 14.7474 10.7261 10.6044 8.12739 8.18512 7.71584 7.5027 5.29484 5.58513 5.28609 5.2727 4.69929 5.16796 4.623 4.47801 11.2432 4.37618 4.22799 5.24801 4.4106 4.22142 5.23474 4.04456 5.20339 3.93131 3.86508 5.76512 5.61374
threshold=19.500000000000004 26.500000000000004 38.500000000000007 1.0000000180025095e-35 33.500000000000007 1.5000000000000002 1.0000000180025095e-35 30.500000000000004 5.5000000000000009 1.5000000000000002 45.500000000000007 13.500000000000002 2.5000000000000004 2.5000000000000004 13.500000000000002 1.0000000180025095e-35 15.500000000000002 1.0000000180025095e-35 7.5000000000000009 3.5000000000000004 10.500000000000002 18.500000000000004 4.5000000000000009 8.5000000000000018 25.500000000000004 2.5000000000000004 11.500000000000002 8.5000000000000018 16.500000000000004 31.500000000000004
decision_type=2 2 2 2 2 2 2 2 2 2 2 2 2 2 2 2 2 2 2 2 2 2 2 2 2 2 2 2 2 2
left_child=2 7 3 -1 5 6 -3 16 -8 12 19 22 -5 -9 -15 -16 26 -18 -13 -11 -21 -22 -6 -24 25 -17 -2 -7 -29 -30
right_child=1 4 -4 9 11 27 8 13 -10 10 -12 18 -14 14 15 24 17 -19 -20 20 21 -23 23 -25 -26 -27 -28 28 29 -31
leaf_value=0.034650080123521991 -0.0070120669205983484 0.049410045959732751 0.041462159786905567 0.0010836548275417752 -0.023260991963056421 0.008490083821629751 0.022491658610456131 -0.032873618764857365 -0.033281236707446087 -0.028851210574309033 0.051710090958155125 0.0054910792410373692 -0.065726996603466217 -0.036229400171173945 0.030567193223584085 -0.036250666568153782 0.014739727000800932 -0.044789998398886789 -0.033041717324938095 -0.013036160115842466 -0.0019454593658447266 0.019557640340378268 -0.026001505237637147 0.018666712800040841 0.0194218964287729 0.0058052100241184242 0.014517706571166048 0.050359177641397301 -0.017929486316793107 0.029291643248390911
leaf_weight=137 675 22 175 27 52 131 34 239 83 36 26 40 21 72 31 76 49 90 112 108 150 262 33 128 33 48 97 86 34 97
leaf_count=137 675 22 175 27 52 131 34 239 83 36 26 40 21 72 31 76 49 90 112 108 150 262 33 128 33 48 97 86 34 97
internal_value=0 -0.00635815 0.0152677 0.00929107 0.00423106 0.0138895 -0.00655112 -0.0127567 -0.0170737 0.00377649 0.00640927 -0.00865565 -0.028146 -0.0227519 -0.0134477 -0.00472285 -0.00728187 -0.0238047 -0.0229015 0.00429089 0.00658534 0.0117288 0.00151041 0.00951112 -0.0116909 -0.019971 -0.0043069 0.022054 0.0302423 0.0170358
internal_weight=0 2262 942 767 852 487 139 1410 117 630 582 365 48 499 260 188 911 139 152 556 520 412 213 161 157 124 772 348 217 131
internal_count=3204 2262 942 767 852 487 139 1410 117 630 582 365 48 499 260 188 911 139 152 556 520 412 213 161 157 124 772 348 217 131
shrinkage=0.1


Tree=7
num_leaves=31
num_cat=0
split_feature=0 2 2 10 8 11 12 7 7 3 13 15 8 6 11 4 1 8 4 1 0 8 13 14 15 13 3 3 11 4
split_gain=25.5072 17.8684 12.0896 9.79648 6.58396 6.30816 7.98226 7.15383 5.34367 5.31575 6.13636 5.74163 5.35689 6.01858 4.96977 6.48105 6.54996 9.01289 4.90239 6.74692 4.88142 4.78563 4.74248 5.15566 5.43559 5.14367 5.11207 4.30334 4.26159 4.14031
threshold=35.500000000000007 24.500000000000004 27.500000000000004 1.0000000180025095e-35 4.5000000000000009 2.5000000000000004 1.5000000000000002 9.5000000000000018 2.5000000000000004 10.500000000000002 2.5000000000000004 18.500000000000004 20.500000000000004 4.5000000000000009 3.5000000000000004 2.5000000000000004 7.5000000000000009 22.500000000000004 1.5000000000000002 15.500000000000002 18.500000000000004 33.500000000000007 5.5000000000000009 7.5000000000000009 8.5000000000000018 8.5000000000000018 10.500000000000002 28.500000000000004 3.5000000000000004 1.0000000180025095e-35
decision_type=2 2 2 2 2 2 2 2 2 2 2 2 2 2 2 2 2 2 2 2 2 2 2 2 2 2 2 2 2 2
left_child=1 3 -2 29 -4 6 7 -5 -3 10 11 -10 13 -12 15 -11 -17 -18 19 -7 21 -20 -8 24 -24 -25 -27 28 -6 -1
right_child=2 8 4 5 27 18 22 -9 9 14 12 -13 -14 -15 -16 16 17 -19 20 -21 -22 -23 23 25 -26 26 -28 -29 -30 -31
leaf_value=-0.015701876651673091 0.029520016236079707 -0.026899296233925642 -0.045836289800130409 0.0097505696510013784 0.024691158318519594 -0.032758574374020098 0.01355354333998727 0.074482907979719112 0.026854983945282143 -0.028129819523671579 -0.0066192527417263947 -0.016628304530273787 -0.024356050994889491 0.043495872846016519 -0.039683506753026829 -0.021548086820646777 0.065204385595936928 -0.020899195671081547 -0.0097739497236177045 0.026212179919947749 0.0057018566590089073 -0.063271546959877009 -0.034829822148399796 -0.017721643682682153 0.0062868697970521227 0.025581812172864395 -0.022147980119500841 -0.021959175897199056 -0.003666266053915024 0.031746278204829302
leaf_weight=21 370 237 26 38 125 124 244 31 98 116 306 44 174 26 97 43 31 20 102 23 260 20 87 66 51 113 28 43 92 148
leaf_count=21 370 237 26 38 125 124 244 31 98 116 306 44 174 26 97 43 31 20 102 23 260 20 87 66 51 113 28 43 92 148
internal_value=0 -0.00452728 0.0175846 0.00332419 0.00214374 0.00011701 0.00665344 0.0388332 -0.013459 -0.0101235 -0.00498828 0.0133813 -0.0101434 -0.00269457 -0.0209628 -0.0123156 0.00719983 0.0314383 -0.00801337 -0.0235319 -0.0020416 -0.018544 0.00288366 -0.00466258 -0.0196345 0.00531871 0.0161036 0.00694175 0.0126687 0.0258504
internal_weight=0 2548 656 1356 286 1187 658 69 1192 955 648 142 506 332 307 210 94 51 529 147 382 122 589 345 138 207 141 260 217 169
internal_count=3204 2548 656 1356 286 1187 658 69 1192 955 648 142 506 332 307 210 94 51 529 147 382 122 589 345 138 207 141 260 217 169
shrinkage=0.1


Tree=8
num_leaves=31
num_cat=0
split_feature=0 10 4 2 0 0 2 1 13 6 3 4 9 11 2 7 5 14 0 1 14 0 3 9 10 0 0 3 12 2
split_gain=21.8327 16.0759 14.1756 9.27435 9.1824 7.16666 6.71986 8.17902 6.24445 6.22657 7.63884 6.17273 6.0293 8.12655 5.35072 5.09462 5.39036 5.05619 6.1635 7.07383 4.51206 4.48796 5.43326 4.46572 4.41049 4.36271 4.84431 5.60685 4.3536 4.29314
threshold=40.500000000000007 1.0000000180025095e-35 1.0000000180025095e-35 39.500000000000007 5.5000000000000009 17.500000000000004 34.500000000000007 7.5000000000000009 11.500000000000002 3.5000000000000004 10.500000000000002 2.5000000000000004 10.500000000000002 3.5000000000000004 30.500000000000004 6.5000000000000009 2.5000000000000004 28.500000000000004 19.500000000000004 11.500000000000002 71.500000000000014 21.500000000000004 21.500000000000004 24.500000000000004 1.5000000000000002 32.500000000000007 25.500000000000004 2.5000000000000004 1.5000000000000002 13.500000000000002
decision_type=2 2 2 2 2 2 2 2 2 2 2 2 2 2 2 2 2 2 2 2 2 2 2 2 2 2 2 2 2 2
left_child=1 5 20 -2 -4 23 7 8 9 29 11 -11 15 17 -7 16 -9 18 19 -14 28 -8 -23 -1 -17 26 27 -26 -3 -6
right_child=3 2 4 -5 6 14 21 12 -10 10 -12 -13 13 -15 -16 24 -18 -19 -20 -21 -22 22 -24 -25 25 -27 -28 -29 -30 -31
leaf_value=-0.02026916661778012 0.030560790403531147 0.0060468757344830423 -0.045913238914645452 -0.0096440039050411167 -0.033458382512132331 0.032756191838790881 -0.028767895588980005 -0.0018736728167129777 -0.018884181769526734 0.014284243944444157 -0.029020187589857319 0.06503697497504099 -0.029135608480822656 -0.0063272225974810017 0.0035521027151044909 0.036492707615806939 -0.050975028011533953 -0.018923762203617533 0.042025707320994643 0.032402612554266096 0.017631183700128037 9.3984970905510666e-05 -0.044240459986031058 0.023082831757409231 0.035117835657937184 -0.042457752497423264 0.047176234424114227 -0.017619027238753106 -0.033624103932065261 -0.0024192956578693208
leaf_weight=74 299 31 49 71 48 202 136 59 245 76 27 35 31 101 91 42 36 22 166 47 22 203 32 35 28 21 24 72 257 622
leaf_count=74 299 31 49 71 48 202 136 59 245 76 27 35 31 101 91 42 36 22 166 47 22 203 32 35 28 21 24 72 257 622
internal_value=0 -0.00298269 -0.00604479 0.0228458 -0.00312671 0.0155422 -0.00211535 0.000542849 -0.00489941 -0.000658976 0.0186837 0.0302874 0.00937289 0.0178218 0.023686 -0.00162272 -0.0204805 0.0269912 0.0311311 0.00794511 -0.0260195 -0.0143101 -0.00594305 -0.0063488 0.00795743 -0.000307957 0.00683032 -0.00285271 -0.029354 -0.00464299
internal_weight=0 2834 2432 370 2122 402 2073 1702 1053 808 138 111 649 367 293 282 95 266 244 78 310 371 235 109 187 145 124 100 288 670
internal_count=3204 2834 2432 370 2122 402 2073 1702 1053 808 138 111 649 367 293 282 95 266 244 78 310 371 235 109 187 145 124 100 288 670
shrinkage=0.1


Tree=9
num_leaves=31
num_cat=0
split_feature=2 0 0 4 10 10 9 8 2 2 6 5 1 8 14 3 3 14 11 3 9 10 11 13 13 7 13 7 9 0
split_gain=19.4723 9.29321 8.60201 8.11186 7.08183 6.54395 6.84089 7.76354 6.39621 5.88662 4.59795 5.17395 4.88668 5.60085 4.5857 4.77158 6.06404 4.25334 4.20843 4.66977 3.70904 3.61771 4.40911 3.69758 6.34687 5.153 4.48932 3.80275 4.86357 3.65387
threshold=19.500000000000004 21.500000000000004 18.500000000000004 1.0000000180025095e-35 1.0000000180025095e-35 1.5000000000000002 10.500000000000002 3.5000000000000004 24.500000000000004 35.500000000000007 1.0000000180025095e-35 4.5000000000000009 4.5000000000000009 25.500000000000004 7.5000000000000009 16.500000000000004 1.5000000000000002 5.5000000000000009 3.5000000000000004 11.500000000000002 15.500000000000002 2.5000000000000004 1.5000000000000002 11.500000000000002 9.5000000000000018 9.5000000000000018 19.500000000000004 29.500000000000004 18.500000000000004 17.500000000000004
decision_type=2 2 2 2 2 2 2 2 2 2 2 2 2 2 2 2 2 2 2 2 2 2 2 2 2 2 2 2 2 2
left_child=2 9 -1 4 -3 -4 7 -7 -5 21 -10 12 -12 18 -13 16 -16 -15 -14 -20 -19 22 -2 24 27 -26 -25 28 -24 -23
right_child=1 3 5 8 -6 6 -8 -9 10 -11 11 14 13 17 15 -17 -18 20 19 -21 -22 29 23 26 25 -27 -28 -29 -30 -31
leaf_value=-0.0031933089922059261 0.029217322501871326 0.021972333703722272 0.028788368022943392 0.018584365325003138 -0.028111963566035444 -0.058930597357127981 0.022684289624347636 0.0031794744989146356 -0.040492537176167527 -0.027441450436504523 -0.016518392953812407 0.045739010184310203 0.017713834345340729 -0.055201105384723004 -0.023096286356449128 -0.021338055322044774 0.042647488129899859 -0.03550446938585352 0.0048361273432100151 -0.046752469824708029 0.011002267421560085 -0.0099294681222208084 -0.0091152793877608291 -0.039758879230135963 -0.0038933074992635978 0.06108634150945224 0.012711967121471058 -0.048757741706711905 0.020639809114592417 -0.038377603258885132
leaf_weight=265 36 35 309 246 146 23 184 161 27 196 178 43 214 23 20 38 47 27 74 23 47 124 429 63 23 26 22 21 63 71
leaf_count=265 36 35 309 246 146 23 184 161 27 196 178 43 214 23 20 38 47 27 74 23 47 124 429 63 23 26 22 21 63 71
internal_value=0 -0.00503085 0.0120804 0.00106355 -0.0184272 0.0180591 0.00905 -0.00458428 0.00456684 -0.0117721 3.55489e-05 0.00152636 -0.00269298 0.0033387 0.0182327 0.00696819 0.0230225 -0.0176406 0.00988208 -0.00739622 -0.00596641 -0.0082742 -0.00484434 -0.00673958 -0.00379957 0.0305857 -0.0261782 -0.00708394 -0.00530518 -0.0202875
internal_weight=0 2262 942 1188 181 677 368 184 1007 1074 761 734 586 408 148 105 67 97 311 97 74 878 683 647 562 49 85 513 492 195
internal_count=3204 2262 942 1188 181 677 368 184 1007 1074 761 734 586 408 148 105 67 97 311 97 74 878 683 647 562 49 85 513 492 195
shrinkage=0.1


Tree=10
num_leaves=31
num_cat=0
split_feature=0 2 10 2 9 7 11 12 7 1 11 8 9 3 7 2 14 0 4 6 13 13 14 13 15 1 5 13 13 5
split_gain=15.9254 11.8366 8.60705 6.64531 5.0393 4.73259 4.60306 5.78507 5.43667 4.48914 7.11877 5.50562 8.82124 5.02316 4.85051 4.64133 6.78109 4.45928 6.02057 4.88088 4.43102 4.22967 4.72942 5.35009 4.18093 3.97359 3.9368 4.551 3.77681 3.82478
threshold=40.500000000000007 24.500000000000004 1.0000000180025095e-35 39.500000000000007 43.500000000000007 4.5000000000000009 2.5000000000000004 1.5000000000000002 9.5000000000000018 3.5000000000000004 3.5000000000000004 16.500000000000004 6.5000000000000009 5.5000000000000009 10.500000000000002 30.500000000000004 3.5000000000000004 18.500000000000004 1.0000000180025095e-35 1.5000000000000002 1.5000000000000002 5.5000000000000009 7.5000000000000009 8.5000000000000018 4.5000000000000009 14.500000000000002 3.5000000000000004 11.500000000000002 12.500000000000002 2.5000000000000004
decision_type=2 2 2 2 2 2 2 2 2 2 2 2 2 2 2 2 2 2 2 2 2 2 2 2 2 2 2 2 2 2
left_child=1 2 -1 24 6 -3 7 8 -4 13 11 15 -13 -7 -15 -11 -17 -8 -19 -20 -14 -9 25 -24 -2 28 -21 -28 29 -23
right_child=3 5 4 -5 -6 9 17 21 -10 10 -12 12 20 14 -16 16 -18 18 19 26 -22 22 23 -25 -26 -27 27 -29 -30 -31
leaf_value=0.022565557357769661 0.046661795917394999 -0.018663077153168717 0.0087801347176233932 -0.007990114537762924 0.031056434259964873 -0.0018690564311467685 -0.02062840091306611 0.011624339198873889 0.065075434281908234 0.031895549793159013 -0.015661727159090765 -0.03971697561166905 0.051161565184593208 -0.052145606222061019 -0.015844747282209852 0.043308357397715255 -0.01263565528087127 -0.047634492699916549 -0.042158683745757396 -0.0018652787175747233 0.00070182761705633423 -0.033156205896745651 -0.019337633474549254 0.014793941031580103 0.019260881907410092 0.015908160576453577 0.0393037086352706 -0.0056703681747118633 -0.060114028277220559 0.0096227662129835662
leaf_weight=207 74 385 42 71 52 156 177 248 29 113 212 54 20 52 126 30 78 26 23 218 134 57 67 146 225 26 60 36 27 33
leaf_count=207 74 385 42 71 52 156 177 248 29 113 212 54 20 52 126 30 78 26 23 218 134 57 67 146 225 26 60 36 27 33
internal_value=0 -0.00254741 0.00366035 0.0195118 0.000571653 -0.00927553 -0.000733046 0.00477224 0.031774 -0.00556866 -0.000670608 0.00673759 -0.00493962 -0.0149688 -0.0264495 0.0177279 0.00290435 -0.00761466 -0.00126911 0.00230804 0.00725504 0.0015982 -0.00538631 0.00405772 0.0260424 -0.0194533 0.00556515 0.0224384 -0.0273114 -0.0174706
internal_weight=0 2834 1474 370 1267 1360 1215 675 71 975 641 429 208 334 178 221 108 540 363 337 154 604 356 213 299 143 314 96 117 90
internal_count=3204 2834 1474 370 1267 1360 1215 675 71 975 641 429 208 334 178 221 108 540 363 337 154 604 356 213 299 143 314 96 117 90
shrinkage=0.1


Tree=11
num_leaves=31
num_cat=0
split_feature=2 0 11 1 0 4 2 0 15 0 10 1 10 6 13 3 13 9 7 15 14 10 1 3 4 9 11 4 12 11
split_gain=13.3215 6.83684 6.24202 6.56626 5.96007 5.77881 5.26409 6.06086 4.75262 4.33358 4.06988 4.54957 4.0218 3.99486 3.83201 3.81077 4.90459 5.28507 3.79273 3.79272 3.61792 4.17537 4.7954 3.40713 3.61566 3.30381 3.06342 3.02883 5.93199 3.08679
threshold=19.500000000000004 26.500000000000004 2.5000000000000004 2.5000000000000004 38.500000000000007 1.5000000000000002 40.500000000000007 34.500000000000007 2.5000000000000004 7.5000000000000009 1.5000000000000002 7.5000000000000009 1.0000000180025095e-35 1.5000000000000002 4.5000000000000009 1.0000000180025095e-35 7.5000000000000009 6.5000000000000009 13.500000000000002 16.500000000000004 2.5000000000000004 1.0000000180025095e-35 17.500000000000004 7.5000000000000009 3.5000000000000004 45.500000000000007 2.5000000000000004 1.5000000000000002 3.5000000000000004 3.5000000000000004
decision_type=2 2 2 2 2 2 2 2 2 2 2 2 2 2 2 2 2 2 2 2 2 2 2 2 2 2 2 2 2 2
left_child=4 9 3 14 12 -5 7 8 -4 -2 11 -8 -1 26 -3 16 17 -11 -19 -17 -10 -22 -23 -21 -25 -15 -14 -18 29 -29
right_child=1 2 6 5 -6 -7 10 -9 20 15 -12 -13 13 25 -16 19 27 18 -20 23 21 22 -24 24 -26 -27 -28 28 -30 -31
leaf_value=0.021720753294708087 -0.028183128822197034 0.024629444661347765 0.032200544813404917 -0.009655946344137193 0.02664443588256836 0.032710718101624285 -0.035797899067401884 0.01287206617661384 0.021949778497219088 -0.037215613325436908 -0.035494291937196408 0.025775718092918398 -0.0026326687247664841 0.0034733068211365947 -0.023979396549138159 -0.0066303539800045153 -0.0060994965804589763 0.023603884908888078 -0.027863463901338127 -0.041661233345016105 0.016199858665466308 -0.038039623229008807 0.0084903668080057431 -0.022832358126737635 0.015014380917829626 0.039944067368140594 -0.053557857587223957 -0.00074623277846803059 0.074424363176027936 0.044639369032599713
leaf_weight=137 103 23 23 40 175 165 20 238 22 45 77 30 27 556 55 876 37 45 21 61 25 106 28 98 34 26 21 47 21 22
leaf_count=137 103 23 23 40 175 165 20 238 22 45 77 30 27 556 55 876 37 45 21 61 25 106 28 98 34 26 21 47 21 22
internal_value=0 -0.00416111 0.00291136 0.0150482 0.00999196 0.0244441 -0.00312506 0.00203074 -0.0106175 -0.00843469 -0.0210689 0.00114627 0.0061925 0.00281573 -0.00964602 -0.00687838 0.00456539 -0.0107897 0.00722791 -0.0094262 -0.0160584 -0.0213174 -0.0283169 -0.0221162 -0.013084 0.00510258 -0.0249124 0.017986 0.0278878 0.0137245
internal_weight=0 2262 852 283 942 205 569 442 204 1410 127 50 767 630 78 1307 238 111 66 1069 181 159 134 193 132 582 48 127 90 69
internal_count=3204 2262 852 283 942 205 569 442 204 1410 127 50 767 630 78 1307 238 111 66 1069 181 159 134 193 132 582 48 127 90 69
shrinkage=0.1


Tree=12
num_leaves=31
num_cat=0
split_feature=0 10 7 0 7 2 2 2 1 9 1 3 15 11 0 15 5 15 14 1 9 14 11 4 5 0 3 5 9 1
split_gain=10.878 9.05803 7.98732 4.99139 5.06228 5.30915 4.87595 4.34268 4.32224 4.06714 3.55997 4.16437 3.41495 3.31134 4.57313 4.03043 3.96414 4.54697 3.7514 3.72986 4.34974 3.24176 6.01971 4.543 4.04985 4.58751 4.38741 3.76301 3.5473 4.4203
threshold=40.500000000000007 1.0000000180025095e-35 1.0000000180025095e-35 8.5000000000000018 38.500000000000007 16.500000000000004 24.500000000000004 39.500000000000007 23.500000000000004 43.500000000000007 30.500000000000004 22.500000000000004 4.5000000000000009 2.5000000000000004 18.500000000000004 12.500000000000002 3.5000000000000004 15.500000000000002 4.5000000000000009 11.500000000000002 9.5000000000000018 3.5000000000000004 1.5000000000000002 2.5000000000000004 2.5000000000000004 25.500000000000004 5.5000000000000009 5.5000000000000009 8.5000000000000018 19.500000000000004
decision_type=2 2 2 2 2 2 2 2 2 2 2 2 2 2 2 2 2 2 2 2 2 2 2 2 2 2 2 2 2 2
left_child=1 3 -3 -1 8 -6 9 12 -5 13 11 21 -2 19 15 -15 18 -18 -16 -4 -21 23 -23 24 26 -26 -8 28 -24 -30
right_child=7 2 6 4 5 -7 10 -9 -10 -11 -12 -13 -14 14 16 -17 17 -19 -20 20 -22 22 27 -25 25 -27 -28 -29 29 -31
leaf_value=-0.028162461519241334 0.040040405134896977 -0.023601037248894199 0.001607980704487835 0.016280167774139393 0.024583721160888673 -0.037624335990232585 -0.0038970794280370081 -0.0061062596213649701 0.058117816514439063 0.029831171826440461 0.025605341023014441 -0.029073811678782754 0.015276416192452114 -0.011784750671315014 0.012304187706998877 -0.051824476353583795 0.0038992838095873597 0.049011784215127273 -0.014819402338528052 -0.001778947561979294 0.037420447321905602 0.042633426757085896 -0.024328967642904532 0.023844977815945943 -0.01325018185377121 0.0331973359391496 -0.062691211158579049 0.027135245998700458 -0.0041920250388964315 -0.032781352788682966
leaf_weight=29 74 199 529 289 23 34 30 71 27 49 31 92 225 133 74 31 80 31 164 48 69 21 198 75 50 37 22 24 382 63
leaf_count=29 74 199 529 289 23 34 30 71 27 49 31 92 225 133 74 31 80 31 164 48 69 21 198 75 50 37 22 24 382 63
internal_value=0 -0.00210538 -0.0044039 0.0118001 0.0149071 -0.0125228 -0.00269309 0.0161261 0.0198549 0.00161132 -0.007766 -0.00880675 0.0214053 0.000418247 -0.00557991 -0.0193532 0.000892367 0.0164983 -0.00638602 0.00518149 0.0213386 -0.0067396 -0.0100831 0.00400956 -0.006693 0.00650336 -0.0287715 -0.0117428 -0.013194 -0.0082395
internal_weight=0 2834 2432 402 373 57 2233 370 316 1208 1025 994 299 1159 513 164 349 111 238 646 117 902 688 214 139 87 52 667 643 445
internal_count=3204 2834 2432 402 373 57 2233 370 316 1208 1025 994 299 1159 513 164 349 111 238 646 117 902 688 214 139 87 52 667 643 445
shrinkage=0.1


Tree=13
num_leaves=31
num_cat=0
split_feature=2 0 4 10 0 10 11 8 2 2 5 1 8 3 14 15 1 6 11 7 8 0 15 3 0 1 7 11 1 14
split_gain=9.38035 4.96282 4.62037 4.44453 4.38324 3.75963 4.46636 4.73654 3.61359 3.58404 3.57376 3.52226 4.99076 3.66387 3.58413 3.17446 3.58853 3.10299 3.52983 3.02969 3.1168 2.95831 3.30269 2.94779 2.77309 4.24099 2.75612 2.68982 3.65435 3.00759
threshold=19.500000000000004 21.500000000000004 1.0000000180025095e-35 1.0000000180025095e-35 18.500000000000004 1.5000000000000002 4.5000000000000009 3.5000000000000004 24.500000000000004 35.500000000000007 4.5000000000000009 5.5000000000000009 25.500000000000004 5.5000000000000009 4.5000000000000009 36.500000000000007 6.5000000000000009 3.5000000000000004 2.5000000000000004 30.500000000000004 21.500000000000004 26.500000000000004 6.5000000000000009 3.5000000000000004 21.500000000000004 1.5000000000000002 10.500000000000002 4.5000000000000009 2.5000000000000004 37.500000000000007
decision_type=2 2 2 2 2 2 2 2 2 2 2 2 2 2 2 2 2 2 2 2 2 2 2 2 2 2 2 2 2 2
left_child=4 9 3 -3 -1 24 7 -7 19 27 11 13 14 21 17 16 -12 18 -13 20 26 -10 -23 -14 -6 -26 -4 29 -29 -2
right_child=1 2 8 -5 5 6 -8 -9 10 -11 15 12 23 -15 -16 -17 -18 -19 -20 -21 -22 22 -24 -25 25 -27 -28 28 -30 -31
leaf_value=-0.0025183064082883438 -0.0054371746457256703 0.018256992953164238 0.024897752425311944 -0.021420296597970678 0.046470269480267085 -0.035547761122385661 0.04092469666943406 0.0060952957976059836 -0.022672224324196577 -0.020644624394421676 0.046045307815074925 0.035569038110620836 -0.04388110170076634 -0.025328985050696286 0.0017623539461473531 -0.011251084544719795 0.0093615481257438658 0.056577778110901512 -0.01286163021017004 0.04336792451720084 -0.016057535849119488 0.043484621743361158 -0.0055889010429382331 -0.0061200943671994744 -0.009683541767299176 0.023071161151996682 -0.0010743248276412487 0.00096193353335062657 -0.056159093603491785 0.030484132468700409
leaf_weight=265 809 35 113 146 37 30 33 305 32 196 40 34 29 119 209 39 80 24 27 31 38 24 32 72 48 224 64 21 24 24
leaf_count=265 809 35 113 146 37 30 33 305 32 196 40 34 29 119 209 39 80 24 27 31 38 24 32 72 48 224 64 21 24 24
internal_value=0 -0.00349174 0.000961863 -0.0137479 0.00838464 0.0126524 0.00582377 0.00236607 0.00360582 -0.00841808 0.000199938 -0.00332191 0.0022154 -0.0138883 0.00880368 0.0135342 0.0215895 0.0261171 0.0141325 0.0141419 0.00992792 0.00158267 0.0154426 -0.0169624 0.0207849 0.0172909 0.0155067 -0.00568869 -0.0295026 -0.00440223
internal_weight=0 2262 1188 181 942 677 368 335 1007 1074 761 602 395 207 294 159 120 85 61 246 215 88 56 101 309 272 177 878 45 833
internal_count=3204 2262 1188 181 942 677 368 335 1007 1074 761 602 395 207 294 159 120 85 61 246 215 88 56 101 309 272 177 878 45 833
shrinkage=0.1


Tree=14
num_leaves=31
num_cat=0
split_feature=0 10 4 0 2 11 14 6 0 7 15 3 13 5 3 8 2 1 3 12 9 6 3 7 15 2 8 7 0 3
split_gain=7.86927 6.57657 6.4385 5.71683 4.06059 4.00568 4.25974 4.03975 3.66082 4.3668 4.31052 3.47449 5.01559 4.35242 4.25752 4.30019 4.09114 3.45893 3.40956 3.37885 3.41404 3.99852 4.53771 5.07077 3.3786 3.36132 3.57378 3.28132 3.2435 4.64126
threshold=40.500000000000007 1.0000000180025095e-35 1.5000000000000002 7.5000000000000009 16.500000000000004 1.5000000000000002 4.5000000000000009 1.0000000180025095e-35 8.5000000000000018 38.500000000000007 11.500000000000002 5.5000000000000009 2.5000000000000004 3.5000000000000004 2.5000000000000004 6.5000000000000009 13.500000000000002 23.500000000000004 19.500000000000004 2.5000000000000004 25.500000000000004 3.5000000000000004 1.0000000180025095e-35 1.5000000000000002 7.5000000000000009 42.500000000000007 45.500000000000007 2.5000000000000004 31.500000000000004 15.500000000000002
decision_type=2 2 2 2 2 2 2 2 2 2 2 2 2 2 2 2 2 2 2 2 2 2 2 2 2 2 2 2 2 2
left_child=1 8 19 -4 11 -6 -7 -8 -1 17 -11 13 -13 14 15 -5 -17 -10 28 20 21 22 27 -24 -15 -2 -27 -3 29 -9
right_child=25 2 3 4 5 6 7 18 9 10 -12 12 -14 24 -16 16 -18 -19 -20 -21 -22 -23 23 -25 -26 26 -28 -29 -30 -31
leaf_value=-0.02416613646622362 0.017126446853323683 0.050636998244694302 -0.027401316244351239 0.026349920779466629 0.024467688537480541 0.0073740671931600277 -0.03574328422546387 -0.0068077257501667947 0.014116308263222653 0.023248180888947988 -0.0337605331506994 0.036146500375535753 -0.013258313647536345 0.074604551299758584 0.041046972166408194 -0.048717844009399415 0.011153826827094669 0.0515431692202886 -0.02276861197922541 -0.018294483619300941 -0.029987996227519461 0.026453558914363386 -0.044793222397565842 -0.0032658922242688702 0.019789528033950114 -0.040732750838453124 0.017673877775669099 -0.0016548236565930503 0.011428819788353785 0.031538851784937309
leaf_weight=29 328 21 76 32 57 326 43 725 289 21 36 27 86 23 33 25 21 27 92 380 43 48 40 111 22 22 20 28 140 33
leaf_count=29 328 21 76 32 57 326 43 725 289 21 36 27 86 23 33 25 21 27 92 380 43 48 40 111 22 22 20 28 140 33
internal_value=0 -0.0017907 -0.00374923 -0.000573144 0.00063691 -0.00150272 -0.00259199 -0.00573713 0.0100579 0.0127188 -0.0127573 0.0118998 -0.00145362 0.0215725 0.0109372 -0.00180152 -0.0213851 0.0173142 -0.00443383 -0.0120847 -0.00397565 0.000534556 -0.00568601 -0.0142665 0.0478061 0.0137158 -0.0129201 0.020756 -0.00255544 -0.00513828
internal_weight=0 2834 2432 1761 1685 1416 1359 1033 402 373 57 269 113 156 111 78 46 316 990 671 291 248 200 151 45 370 42 49 898 758
internal_count=3204 2834 2432 1761 1685 1416 1359 1033 402 373 57 269 113 156 111 78 46 316 990 671 291 248 200 151 45 370 42 49 898 758
shrinkage=0.1


Tree=15
num_leaves=31
num_cat=0
split_feature=2 0 13 0 3 10 6 15 14 9 9 12 3 7 0 9 5 0 14 14 8 8 8 14 10 7 4 1 9 5
split_gain=6.87752 7.45911 4.24053 4.96105 4.175 4.63568 4.14266 4.94518 5.52688 4.54157 4.05618 4.04782 3.65982 3.37186 6.13732 4.20145 3.93556 4.80853 4.11129 3.32387 3.21655 6.43142 5.04376 4.58939 3.60263 3.56198 3.19988 3.05065 2.93715 3.12931
threshold=29.500000000000004 30.500000000000004 12.500000000000002 5.5000000000000009 11.500000000000002 3.5000000000000004 3.5000000000000004 8.5000000000000018 11.500000000000002 32.500000000000007 14.500000000000002 1.5000000000000002 9.5000000000000018 12.500000000000002 14.500000000000002 18.500000000000004 3.5000000000000004 11.500000000000002 23.500000000000004 9.5000000000000018 31.500000000000004 34.500000000000007 8.5000000000000018 9.5000000000000018 1.5000000000000002 4.5000000000000009 2.5000000000000004 6.5000000000000009 4.5000000000000009 4.5000000000000009
decision_type=2 2 2 2 2 2 2 2 2 2 2 2 2 2 2 2 2 2 2 2 2 2 2 2 2 2 2 2 2 2
left_child=1 2 3 -1 5 11 13 8 -8 12 -10 -4 19 14 -5 -16 17 -15 -18 -9 22 -22 23 24 -3 -25 -12 -17 -2 -30
right_child=28 20 4 6 -6 -7 7 9 10 -11 26 -13 -14 16 15 27 18 -19 -20 -21 21 -23 -24 25 -26 -27 -28 -29 29 -31
leaf_value=-0.035933336976802711 -0.019980541375321403 0.01246256118729001 0.026865236282348631 -0.023907078917209917 -0.031395559657264399 0.025107142667878758 0.052727006294510582 0.024348935144288202 0.046366752755074278 0.032221746527486377 -0.029805872532037588 -0.016166884340774054 -0.043238807717959092 0.042763646692037582 -0.0012313390356921664 0.006118672092755636 0.043913572864098985 -0.0060747117986754764 -0.0090312425792217262 -0.016943931782787497 -0.052499948889017101 0.0087876172939769358 0.026443785635143404 -0.019774203715117081 -0.040520837541782498 0.024224196342022525 0.023398128896951677 0.058308696604910351 -0.0075635990812527162 0.0067150524487862226
leaf_weight=33 142 21 25 117 74 44 55 35 21 36 26 174 24 24 587 24 55 126 20 44 20 119 253 23 33 92 20 21 721 195
leaf_count=33 142 21 25 117 74 44 55 35 21 36 26 174 24 24 587 24 55 126 20 44 20 119 253 23 33 92 20 21 721 195
internal_value=0 0.0032531 -0.000254381 0.00233184 -0.0105993 -0.00426623 0.00335431 0.0145426 0.0292352 0.00164699 0.00995092 -0.0107608 -0.00903934 0.000356203 -0.00286862 0.00102616 0.0110913 0.00173943 0.029795 0.00135038 0.0131628 -3.07376e-05 0.0175086 0.00413222 -0.0199162 0.0154245 -0.0066737 0.030474 -0.00659845 -0.00452393
internal_weight=0 2146 1585 1268 317 243 1235 261 122 139 67 199 103 974 749 632 225 150 75 79 561 139 422 169 54 115 46 45 1058 916
internal_count=3204 2146 1585 1268 317 243 1235 261 122 139 67 199 103 974 749 632 225 150 75 79 561 139 422 169 54 115 46 45 1058 916
shrinkage=0.1


Tree=16
num_leaves=31
num_cat=0
split_feature=0 10 4 0 14 11 14 7 10 14 4 0 15 15 13 11 15 5 1 13 11 4 3 6 14 13 14 0 15 5
split_gain=5.65954 4.88858 4.95462 4.20755 3.49013 3.50649 3.50423 5.05864 3.50795 3.48048 3.46707 3.18599 3.73777 3.37296 5.47722 3.1215 2.88521 3.24347 2.87609 2.86611 2.99446 2.86586 2.81783 2.77184 4.33847 2.75146 2.68725 3.34417 3.27269 3.23266
threshold=40.500000000000007 1.0000000180025095e-35 1.5000000000000002 5.5000000000000009 4.5000000000000009 1.5000000000000002 9.5000000000000018 4.5000000000000009 4.5000000000000009 60.500000000000007 2.5000000000000004 20.500000000000004 10.500000000000002 35.500000000000007 8.5000000000000018 2.5000000000000004 23.500000000000004 4.5000000000000009 23.500000000000004 1.5000000000000002 2.5000000000000004 2.5000000000000004 3.5000000000000004 2.5000000000000004 8.5000000000000018 5.5000000000000009 32.500000000000007 10.500000000000002 23.500000000000004 3.5000000000000004
decision_type=2 2 2 2 2 2 2 2 2 2 2 2 2 2 2 2 2 2 2 2 2 2 2 2 2 2 2 2 2 2
left_child=1 18 9 -4 -5 -6 15 10 11 16 -8 12 19 -13 -15 -7 17 -3 26 -9 21 -21 -22 -17 25 -25 27 -1 -29 -30
right_child=-2 2 3 4 5 6 7 8 -10 -11 -12 13 -14 14 -16 23 -18 -19 -20 20 22 -23 -24 24 -26 -27 -28 28 29 -31
leaf_value=-0.019031382746556226 0.011631705657251783 -0.012421914854520731 -0.034746892963136947 0.0083571977329020396 0.02322345765737387 -0.0036402661519445434 -0.034916751881440486 0.041041170060634617 -0.036411173286892119 0.020181755082947866 0.01149215197021311 0.014708404492099959 -0.019060233705922178 0.025142119228839879 -0.044465567515446593 -0.031825373414903879 -0.027269508366314872 0.0097778458486903804 0.034875558238280445 -0.0021609146420548601 0.010105025062435553 0.036798118608338495 -0.025175568195325987 -0.024921288179314657 -0.048866025209426879 0.016870789229869843 -0.010624222167126544 0.02043552202016569 0.012366345524787903 -0.036828942596912384
leaf_weight=34 370 453 35 408 52 314 60 20 21 35 22 329 95 20 26 96 106 77 38 41 38 35 56 23 20 50 77 197 34 22
leaf_count=34 370 453 35 408 52 314 60 20 21 35 22 329 95 20 26 96 106 77 38 41 38 35 56 23 20 50 77 197 34 22
internal_value=0 -0.00151861 -0.00320719 -0.000421038 0.000275025 -0.00222689 -0.00327225 0.000999459 0.00382491 -0.0105193 -0.0224656 0.00510515 -0.00286457 0.0111621 -0.0142014 -0.00975199 -0.0122088 -0.00919667 0.00869691 0.00523326 0.00102056 0.0157807 -0.0109132 -0.0199059 -0.00760184 0.00370342 0.00596397 0.0104145 0.0143716 -0.00696037
internal_weight=0 2834 2432 1761 1726 1318 1266 763 681 671 82 660 285 375 46 503 636 530 402 190 170 76 94 189 93 73 364 287 253 56
internal_count=3204 2834 2432 1761 1726 1318 1266 763 681 671 82 660 285 375 46 503 636 530 402 190 170 76 94 189 93 73 364 287 253 56
shrinkage=0.1


Tree=17
num_leaves=31
num_cat=0
split_feature=2 0 6 12 13 5 11 14 7 2 9 7 3 11 13 1 5 7 12 13 8 2 5 1 15 15 3 3 9 0
split_gain=5.40052 5.02712 2.85038 4.56659 4.48468 5.74515 3.15901 3.73986 3.02813 2.88885 2.77911 2.754 3.50197 2.72338 4.40637 2.68835 4.18691 2.49978 3.0724 4.77174 3.04817 3.98062 4.09735 7.38282 4.74373 4.86869 4.60664 5.53533 4.28066 3.97663
threshold=24.500000000000004 30.500000000000004 2.5000000000000004 2.5000000000000004 12.500000000000002 3.5000000000000004 2.5000000000000004 4.5000000000000009 18.500000000000004 19.500000000000004 43.500000000000007 13.500000000000002 3.5000000000000004 3.5000000000000004 5.5000000000000009 11.500000000000002 3.5000000000000004 50.500000000000007 1.0000000180025095e-35 9.5000000000000018 51.500000000000007 44.500000000000007 3.5000000000000004 3.5000000000000004 5.5000000000000009 8.5000000000000018 9.5000000000000018 8.5000000000000018 21.500000000000004 35.500000000000007
decision_type=2 2 2 2 2 2 2 2 2 2 2 2 2 2 2 2 2 2 2 2 2 2 2 2 2 2 2 2 2 2
left_child=1 2 3 6 5 10 -1 -8 -7 15 -4 12 -5 -9 -15 16 -6 18 19 -2 21 22 23 -20 29 -26 27 28 -25 -24
right_child=17 -3 4 11 9 8 7 13 -10 -11 -12 -13 -14 14 -16 -17 -18 -19 20 -21 -22 -23 24 26 25 -27 -28 -29 -30 -31
leaf_value=0.0079094968086121081 0.030761110037565233 0.013155276877315422 0.0020467684277006098 -0.048379710174742199 -0.032116563304474481 0.041788960365872638 0.010357713140547276 -0.032063923818724492 -0.00034015612168745562 -0.030422435800234477 0.038132727275724004 0.0010668461361239034 -0.013703648981295134 -0.029939836263656618 0.034239576309919355 0.027737425153072065 0.017857964038848879 0.011262842859189536 -0.020108766028274643 -0.014797860613236062 -0.019324971263001606 -0.026913252316023175 0.012406068700778334 -0.00321545691466799 -0.035427653970750601 0.003621282022398429 -0.013647046175442244 0.057280035529817856 0.025917685654625967 0.058166551232337951
leaf_weight=298 56 437 296 42 38 76 64 70 22 45 23 62 95 23 20 26 30 97 287 39 164 76 79 204 37 233 152 21 67 25
leaf_count=298 56 437 296 42 38 76 64 70 22 45 23 62 95 23 20 26 30 97 287 39 164 76 79 204 37 233 152 21 67 25
internal_value=0 0.00394222 0.00066896 -0.0037033 0.00596915 0.0111544 0.00162447 -0.00895709 0.0323314 -0.00958653 0.00464858 -0.0164204 -0.0243343 -0.0198965 -8.89467e-05 0.000388112 -0.010069 -0.00427565 -0.00532234 0.012058 -0.00654995 -0.00477594 -0.00325337 -0.00760897 0.00525984 -0.00172987 0.000470859 0.00781991 0.0039872 0.0234062
internal_weight=0 1667 1230 674 556 417 475 177 98 139 319 199 137 113 43 94 68 1537 1440 95 1345 1181 1105 731 374 270 444 292 271 104
internal_count=3204 1667 1230 674 556 417 475 177 98 139 319 199 137 113 43 94 68 1537 1440 95 1345 1181 1105 731 374 270 444 292 271 104
shrinkage=0.1


end of trees

feature_importances:
Column_0=73
Column_2=53
Column_3=41
Column_1=40
Column_13=37
Column_14=36
Column_7=32
Column_11=32
Column_8=29
Column_9=29
Column_15=29
Column_4=28
Column_10=27
Column_5=20
Column_6=19
Column_12=15

parameters:
[boosting: gbdt]
[objective: regression]
[metric: l2]
[tree_learner: serial]
[device_type: cpu]
[data: ]
[valid: ]
[num_iterations: 10000]
[learning_rate: 0.1]
[num_leaves: 31]
[num_threads: 0]
[deterministic: 0]
[force_col_wise: 0]
[force_row_wise: 0]
[histogram_pool_size: -1]
[max_depth: -1]
[min_data_in_leaf: 20]
[min_sum_hessian_in_leaf: 0.001]
[bagging_fraction: 1]
[pos_bagging_fraction: 1]
[neg_bagging_fraction: 1]
[bagging_freq: 0]
[bagging_seed: 3]
[feature_fraction: 1]
[feature_fraction_bynode: 1]
[feature_fraction_seed: 2]
[extra_trees: 0]
[extra_seed: 6]
[early_stopping_round: 10]
[first_metric_only: 0]
[max_delta_step: 0]
[lambda_l1: 0]
[lambda_l2: 0]
[min_gain_to_split: 0]
[drop_rate: 0.1]
[max_drop: 50]
[skip_drop: 0.5]
[xgboost_dart_mode: 0]
[uniform_drop: 0]
[drop_seed: 4]
[top_rate: 0.2]
[other_rate: 0.1]
[min_data_per_group: 100]
[max_cat_threshold: 32]
[cat_l2: 10]
[cat_smooth: 10]
[max_cat_to_onehot: 4]
[top_k: 20]
[monotone_constraints: ]
[monotone_constraints_method: basic]
[monotone_penalty: 0]
[feature_contri: ]
[forcedsplits_filename: ]
[refit_decay_rate: 0.9]
[cegb_tradeoff: 1]
[cegb_penalty_split: 0]
[cegb_penalty_feature_lazy: ]
[cegb_penalty_feature_coupled: ]
[path_smooth: 0]
[interaction_constraints: ]
[verbosity: 1]
[saved_feature_importance_type: 0]
[max_bin: 255]
[max_bin_by_feature: ]
[min_data_in_bin: 3]
[bin_construct_sample_cnt: 200000]
[data_random_seed: 1]
[is_enable_sparse: 1]
[enable_bundle: 1]
[use_missing: 1]
[zero_as_missing: 0]
[feature_pre_filter: 1]
[pre_partition: 0]
[two_round: 0]
[header: 0]
[label_column: ]
[weight_column: ]
[group_column: ]
[ignore_column: ]
[categorical_feature: ]
[forcedbins_filename: ]
[objective_seed: 5]
[num_class: 1]
[is_unbalance: 0]
[scale_pos_weight: 1]
[sigmoid: 1]
[boost_from_average: 1]
[reg_sqrt: 0]
[alpha: 0.9]
[fair_c: 1]
[poisson_max_delta_step: 0.7]
[tweedie_variance_power: 1.5]
[lambdarank_truncation_level: 30]
[lambdarank_norm: 1]
[label_gain: ]
[eval_at: ]
[multi_error_top_k: 1]
[auc_mu_weights: ]
[num_machines: 1]
[local_listen_port: 12400]
[time_out: 120]
[machine_list_filename: ]
[machines: ]
[gpu_platform_id: -1]
[gpu_device_id: -1]
[gpu_use_dp: 0]
[num_gpu: 1]

end of parameters

pandas_categorical:null
