tree
version=v3
num_class=1
num_tree_per_iteration=1
label_index=0
max_feature_idx=15
objective=regression
feature_names=Column_0 Column_1 Column_2 Column_3 Column_4 Column_5 Column_6 Column_7 Column_8 Column_9 Column_10 Column_11 Column_12 Column_13 Column_14 Column_15
feature_infos=[1:49] [0:76] [1:49] [0:71] [0:8] [0:8] [0:7] [0:181] [0:285] [0:282] [0:8] [0:9] [0:9] [0:202] [0:192] [0:297]
tree_sizes=2748 2765 2753 2768 2752 2751 2770 2760 2764 2754 2752 2788 2772 2771 2762 2766 2753 2763 2780 2769 2774

Tree=0
num_leaves=31
num_cat=0
split_feature=2 0 0 2 0 7 0 2 1 1 2 2 2 6 5 3 7 9 8 15 7 0 8 0 7 3 7 15 2 9
split_gain=55.5852 57.4225 24.0147 18.3564 17.7307 15.7161 12.834 11.2216 10.828 9.90342 7.86255 7.32078 7.04622 6.85462 6.82705 6.58998 7.69363 8.90688 6.39719 5.90625 6.48 5.78775 5.72375 5.57172 5.45888 5.32399 6.40917 6.09014 5.41736 5.1827
threshold=31.500000000000004 39.500000000000007 35.500000000000007 45.500000000000007 10.500000000000002 1.0000000180025095e-35 30.500000000000004 23.500000000000004 5.5000000000000009 1.0000000180025095e-35 21.500000000000004 45.500000000000007 15.500000000000002 1.0000000180025095e-35 2.5000000000000004 22.500000000000004 24.500000000000004 3.5000000000000004 4.5000000000000009 19.500000000000004 14.500000000000002 44.500000000000007 19.500000000000004 25.500000000000004 44.500000000000007 36.500000000000007 12.500000000000002 67.500000000000014 37.500000000000007 2.5000000000000004
decision_type=2 2 2 2 2 2 2 2 2 2 2 2 2 2 2 2 2 2 2 2 2 2 2 2 2 2 2 2 2 2
left_child=1 4 11 8 12 -6 7 14 -4 19 -3 13 -1 -2 29 16 17 -11 -9 20 -8 -12 -19 -15 -20 26 28 -28 -10 -7
right_child=2 10 3 -5 5 6 9 18 25 15 21 -13 -14 23 -16 -17 -18 22 24 -21 -22 -23 -24 -25 -26 -27 27 -29 -30 -31
leaf_value=-0.08619372474708141 -0.15369372291972849 -0.030860392835429226 -0.11566275051509137 -0.14664148433979246 -0.1598300864327476 -0.1274437236543296 -0.14019372331656993 -0.15047943732980584 -0.069050868058354892 -0.01869372653522075 -0.075949822555198221 -0.16580910725337861 -0.15065318245867493 -0.13338291262174654 -0.076539745764070188 -0.089193724634494861 -0.020193726495484315 -0.066456883138523618 -0.1088352335812485 -0.05619372554181 -0.080193724906027122 -0.043466453151694867 -0.11431872400202335 -0.10936204093550653 -0.05619372554181 -0.10869372415103495 -0.048896428410976127 -0.10762229560798955 -0.12080910844547149 -0.092518048903868347
leaf_weight=22 76 135 113 67 33 48 45 35 42 32 123 52 74 185 289 90 45 114 318 21 30 99 32 202 21 48 111 21 39 370
leaf_count=22 76 135 113 67 33 48 45 35 42 32 123 52 74 185 289 90 45 114 318 21 30 99 32 202 21 48 111 21 39 370
internal_value=-0.0957708 -0.0861937 -0.115566 -0.0984386 -0.0941987 -0.0915713 -0.0900595 -0.0957682 -0.0898034 -0.0749712 -0.0498912 -0.130233 -0.135881 -0.126237 -0.0883578 -0.0663535 -0.0571354 -0.0664746 -0.109777 -0.103069 -0.116194 -0.061464 -0.0769471 -0.120845 -0.105574 -0.0786075 -0.0718275 -0.0582392 -0.0939715 -0.0965287
internal_weight=0 1976 956 441 1619 1523 1490 1081 374 409 357 515 96 463 707 313 223 178 374 96 75 222 146 387 339 261 213 132 81 418
internal_count=2932 1976 956 441 1619 1523 1490 1081 374 409 357 515 96 463 707 313 223 178 374 96 75 222 146 387 339 261 213 132 81 418
shrinkage=1


Tree=1
num_leaves=31
num_cat=0
split_feature=2 0 0 2 0 7 0 7 3 1 2 5 2 13 2 2 9 9 1 9 0 0 12 1 6 1 14 13 8 14
split_gain=45.024 46.5122 19.4519 14.8687 14.3619 13.8996 12.8522 9.36424 8.81834 8.77064 7.85908 7.45743 6.36867 6.29761 6.98772 5.92983 6.58381 5.68216 6.17986 6.67627 5.63933 6.40735 6.32497 5.57619 8.23824 5.90999 5.3137 5.28489 6.0703 4.99644
threshold=31.500000000000004 39.500000000000007 35.500000000000007 45.500000000000007 10.500000000000002 9.5000000000000018 32.500000000000007 1.0000000180025095e-35 26.500000000000004 5.5000000000000009 24.500000000000004 2.5000000000000004 21.500000000000004 11.500000000000002 17.500000000000004 45.500000000000007 46.500000000000007 36.500000000000007 14.500000000000002 6.5000000000000009 23.500000000000004 21.500000000000004 1.5000000000000002 1.0000000180025095e-35 2.5000000000000004 1.5000000000000002 8.5000000000000018 19.500000000000004 3.5000000000000004 16.500000000000004
decision_type=2 2 2 2 2 2 2 2 2 2 2 2 2 2 2 2 2 2 2 2 2 2 2 2 2 2 2 2 2 2
left_child=1 4 15 9 13 7 11 -6 -8 -4 23 27 -3 14 -1 16 -2 18 19 -14 21 -13 -22 24 26 -25 -9 28 -7 -21
right_child=2 12 3 -5 5 6 8 10 -10 -11 -12 20 17 -15 -16 -17 -18 -19 -20 29 22 -23 -24 25 -26 -27 -28 -29 -30 -31
leaf_value=0.031582692975089664 -0.031235057796750749 0.058419368352603029 -0.017902752414213876 -0.045783610308348245 -0.057653352347287273 -0.061674270163411683 0.047133766144316719 -0.0019158195365558972 -0.0033006294071674346 0.015446958161348126 -0.020488562675622796 0.018082578160933085 0.05676976260931596 -0.065141243310201741 -0.042207408493215387 -0.063034472671838912 0.0098487055578897181 0.066649934568920655 0.046105948865816399 -0.025994910077845795 0.047888531684875495 0.065603429706473107 -0.0075663644948910022 0.05795110023539999 0.027617830038070681 0.0057906693509777486 -0.047509205732189246 0.026052611194005829 -0.0072798596871526625 0.021772420987850285
leaf_weight=21 420 135 113 67 33 23 151 44 45 261 195 112 23 42 33 52 43 37 74 47 25 38 116 23 35 391 61 41 190 41
leaf_count=21 420 135 113 67 33 23 151 44 45 261 195 112 23 42 33 52 43 37 74 47 25 38 116 23 35 391 61 41 190 41
internal_value=0 0.00861937 -0.0178158 -0.00240104 0.00141492 0.00377958 0.0135936 -0.00551987 0.0355544 0.00537071 -0.00322293 0.00569572 0.0412916 -0.0360994 -0.0135113 -0.0310156 -0.0274195 0.0308761 0.0237214 0.00879832 0.0166244 0.0301212 0.00226606 0.00285432 -0.0143981 0.00868847 -0.0284034 -0.0068249 -0.0131534 -0.00373968
internal_weight=0 1976 956 441 1619 1523 741 782 196 374 749 545 357 96 54 515 463 222 185 111 291 150 141 554 140 414 105 254 213 88
internal_count=2932 1976 956 441 1619 1523 741 782 196 374 749 545 357 96 54 515 463 222 185 111 291 150 141 554 140 414 105 254 213 88
shrinkage=0.1


Tree=2
num_leaves=31
num_cat=0
split_feature=2 0 0 2 7 6 12 0 15 7 8 7 0 15 11 2 4 0 2 1 1 13 3 14 14 11 1 3 9 3
split_gain=37.4859 33.4594 27.9397 19.0972 11.7234 10.8562 10.1706 8.05898 7.02274 8.07899 6.98834 6.18899 6.19949 6.87791 6.43241 6.15393 5.89556 5.42992 5.40378 4.32612 4.31193 5.6321 5.19804 5.24549 5.2144 5.20697 4.9993 4.90744 5.72974 4.62769
threshold=25.500000000000004 35.500000000000007 40.500000000000007 42.500000000000007 11.500000000000002 1.0000000180025095e-35 4.5000000000000009 28.500000000000004 1.0000000180025095e-35 1.5000000000000002 34.500000000000007 11.500000000000002 45.500000000000007 13.500000000000002 2.5000000000000004 45.500000000000007 2.5000000000000004 39.500000000000007 45.500000000000007 1.5000000000000002 2.5000000000000004 5.5000000000000009 3.5000000000000004 23.500000000000004 30.500000000000004 1.5000000000000002 17.500000000000004 16.500000000000004 20.500000000000004 29.500000000000004
decision_type=2 2 2 2 2 2 2 2 2 2 2 2 2 2 2 2 2 2 2 2 2 2 2 2 2 2 2 2 2 2
left_child=2 5 4 11 8 -2 -4 -6 -1 -10 16 12 14 -14 17 20 -5 -3 -18 -9 21 -7 26 25 -25 -24 -22 28 -27 -26
right_child=1 3 6 10 7 15 -8 19 9 -11 -12 -13 13 -15 -16 -17 18 -19 -20 -21 22 -23 23 24 29 27 -28 -29 -30 -31
leaf_value=0.03255550066630046 -0.048726655773713559 -0.017259956598281861 0.062320981389946406 -0.044341326951980592 0.0067447054817015867 -0.0021787343354060735 0.0064763089945149982 0.0096098885201571296 -0.043541119992733003 -0.0010407958270573035 -0.05914384500924931 0.024281478284290003 0.076278002560138711 0.00057072341442108152 -0.026614609886618224 -0.054842913692647766 0.032652047938770717 0.05398464905826942 -0.024305877185636954 0.041773815737788086 -0.0034410268068313602 -0.039013653544530479 0.017362189665436744 0.051673470512032506 -0.033136639930307868 -0.021259368849014807 0.052818586880510499 -0.040731762460440649 0.033031747083772316 0.023078227484667743
leaf_weight=57 142 20 135 35 249 58 43 57 48 656 43 318 20 30 85 44 36 23 31 157 56 146 32 20 32 167 22 121 22 27
leaf_count=57 142 20 135 35 249 58 43 57 48 656 43 318 20 30 85 44 36 23 31 157 56 146 32 20 32 167 22 121 22 27
internal_value=0 -0.0108238 0.011812 0.00659167 0.0064286 -0.023381 0.0488304 0.0189756 -0.00120509 -0.00393855 -0.025332 0.0159242 0.000993751 0.0308536 -0.0106703 -0.0185629 -0.011078 0.0208476 0.00629838 0.0332068 -0.0162922 -0.028541 -0.0112847 -0.0156778 0.00754695 -0.0210426 0.0124271 -0.025007 -0.0149398 -0.00741119
internal_weight=0 1530 1402 641 1224 889 178 463 761 704 145 496 178 50 128 747 102 43 67 214 703 204 499 421 79 342 78 310 189 59
internal_count=2932 1530 1402 641 1224 889 178 463 761 704 145 496 178 50 128 747 102 43 67 214 703 204 499 421 79 342 78 310 189 59
shrinkage=0.1


Tree=3
num_leaves=31
num_cat=0
split_feature=2 0 7 0 2 2 1 5 1 0 9 9 0 11 14 3 3 14 10 15 9 11 6 13 2 8 12 0 5 15
split_gain=30.7569 31.2844 14.862 12.5298 10.9877 10.2433 7.79354 7.59995 7.2931 7.05571 6.52317 5.8381 5.53137 5.38252 7.72237 5.70144 5.01462 7.07627 5.58675 4.86019 5.9665 4.81447 4.81289 5.12046 4.64535 4.43229 5.92129 7.61596 4.35446 6.30106
threshold=31.500000000000004 30.500000000000004 11.500000000000002 25.500000000000004 45.500000000000007 23.500000000000004 1.0000000180025095e-35 1.5000000000000002 18.500000000000004 10.500000000000002 3.5000000000000004 4.5000000000000009 45.500000000000007 2.5000000000000004 11.500000000000002 36.500000000000007 12.500000000000002 13.500000000000002 4.5000000000000009 1.0000000180025095e-35 1.5000000000000002 1.5000000000000002 1.5000000000000002 25.500000000000004 14.500000000000002 25.500000000000004 4.5000000000000009 26.500000000000004 1.5000000000000002 9.5000000000000018
decision_type=2 2 2 2 2 2 2 2 2 2 2 2 2 2 2 2 2 2 2 2 2 2 2 2 2 2 2 2 2 2
left_child=1 5 6 -2 8 19 -3 -4 11 -7 -8 -5 24 -10 -15 -16 -9 18 -18 -1 -21 -22 -11 -24 -12 26 27 -23 -13 -30
right_child=3 2 7 4 -6 9 10 16 13 22 12 28 -14 14 15 -17 17 -19 -20 20 21 25 23 -25 -26 -27 -28 -29 29 -31
leaf_value=0.033245518345099229 -0.033655879169236867 -0.020681811777161965 -0.010607324157442366 -0.034774847328662872 -0.040009568178135418 -0.058696955442428589 0.058822055260340379 0.051181619798435884 0.041978616267442703 -0.030109473890983143 0.040570758999540261 -0.047644599594853149 0.045197642530713761 -0.03762334636279515 0.028654477128694802 -0.023225848376750947 -0.0088885297683569103 0.040955071598732268 0.049411815404891972 -0.038682995353426258 0.029113031679124976 0.0018185656562990508 -0.009444180443402261 0.035669081551688062 -0.0052842837004434505 -0.02765082049369812 -0.040650515926295316 0.041372725919440939 0.018438504349726898 -0.011806283964245927
leaf_weight=52 256 81 35 80 92 35 30 170 48 104 26 22 35 35 87 28 65 169 22 35 67 494 248 28 147 50 29 54 104 204
leaf_count=52 256 81 35 80 92 35 30 170 48 104 26 22 35 35 87 28 65 169 22 35 67 494 248 28 147 50 29 54 104 204
internal_value=0 0.00712402 0.0227048 -0.014725 -0.00780165 -0.00303735 0.00611098 0.0341873 -0.00292808 -0.015733 0.0152295 -0.0105391 0.00894215 0.0128322 0.00350532 0.0160227 0.0378676 0.0290262 0.00585409 0.00370874 0.00160187 0.00363352 -0.0117758 -0.00486747 0.00160723 0.000910834 0.00338585 0.00571624 -0.00466381 -0.00159376
internal_weight=0 1976 780 956 700 1196 319 461 608 415 238 410 208 198 150 115 426 256 87 781 729 694 380 276 173 627 577 548 330 308
internal_count=2932 1976 780 956 700 1196 319 461 608 415 238 410 208 198 150 115 426 256 87 781 729 694 380 276 173 627 577 548 330 308
shrinkage=0.1


Tree=4
num_leaves=31
num_cat=0
split_feature=0 2 2 1 15 5 2 0 6 1 13 14 3 7 2 5 3 8 7 1 15 12 7 10 12 3 14 14 14 12
split_gain=25.7687 25.0817 20.3993 8.74041 9.4567 8.97913 7.58153 7.53067 8.05615 7.38121 7.05489 9.30882 6.68504 7.82031 6.44258 6.25687 6.17151 6.4578 6.23139 5.69038 8.79614 5.47408 4.8582 7.73435 4.78368 4.76792 4.3116 4.68819 4.26778 5.59441
threshold=40.500000000000007 25.500000000000004 42.500000000000007 5.5000000000000009 1.0000000180025095e-35 2.5000000000000004 45.500000000000007 35.500000000000007 1.5000000000000002 7.5000000000000009 30.500000000000004 41.500000000000007 14.500000000000002 12.500000000000002 21.500000000000004 3.5000000000000004 6.5000000000000009 18.500000000000004 23.500000000000004 8.5000000000000018 51.500000000000007 3.5000000000000004 10.500000000000002 3.5000000000000004 1.5000000000000002 24.500000000000004 46.500000000000007 13.500000000000002 28.500000000000004 2.5000000000000004
decision_type=2 2 2 2 2 2 2 2 2 2 2 2 2 2 2 2 2 2 2 2 2 2 2 2 2 2 2 2 2 2
left_child=1 3 14 10 -5 9 7 8 -3 -6 11 22 -9 25 -2 21 -7 -18 -19 28 -21 -4 -1 -24 -10 -14 27 -15 29 -16
right_child=2 6 15 4 5 16 -8 12 24 -11 -12 -13 13 26 19 -17 17 18 -20 20 -22 -23 23 -25 -26 -27 -28 -29 -30 -31
leaf_value=-0.0074544694106858066 0.048330559535364137 -0.032470205590480895 0.027995707771994852 0.075860616445541387 0.036874740246014719 0.0013062007185341657 -0.046887595454851792 0.029616256881116045 0.017815121119985216 -0.011362252726274379 -0.041732874876115378 0.06350734778072524 -0.065566300551096607 -0.0031732253338161267 0.029766134534563338 -0.045847674172658191 0.053488757212956754 -0.01417530823398281 0.049007622035289251 0.042151675854499145 -0.0080748436083509165 -0.038305541276931768 0.0012302582487096929 0.045137790478765968 -0.013965810257275002 -0.004275655204599554 -0.029893338951197543 0.048347625587925769 0.033455765663191327 -0.018260495496701591
leaf_weight=444 113 254 33 25 39 69 72 67 52 170 41 23 30 38 35 52 96 37 27 168 44 20 203 50 531 22 22 33 43 79
leaf_count=444 113 254 33 25 39 69 72 67 52 170 41 23 30 38 35 52 96 37 27 168 44 20 203 50 531 22 22 33 43 79
internal_value=0 -0.00469042 0.0187377 0.00520693 0.0160406 0.0126263 -0.0154972 -0.0133426 -0.0176068 -0.00236109 -0.0013844 0.000913217 0.00349279 -0.00857805 0.0274385 -0.0212032 0.0263047 0.0370853 0.01248 0.0210407 0.0317273 0.00297637 -0.0011523 0.00990764 -0.0111311 -0.0396356 0.00878748 0.0207731 0.0066104 -0.00351548
internal_weight=0 2345 587 1224 463 438 1121 1049 837 209 761 720 212 145 482 105 229 160 64 369 212 53 697 253 583 52 93 71 157 114
internal_count=2932 2345 587 1224 463 438 1121 1049 837 209 761 720 212 145 482 105 229 160 64 369 212 53 697 253 583 52 93 71 157 114
shrinkage=0.1


Tree=5
num_leaves=31
num_cat=0
split_feature=2 0 7 0 2 0 12 11 1 14 13 5 3 13 0 12 1 13 6 8 9 4 2 2 5 7 13 9 9 4
split_gain=21.1789 21.8714 12.3597 8.86327 7.29666 6.6689 6.37709 6.25184 7.91435 8.03296 6.57763 5.93812 6.12363 5.7624 5.52261 5.18729 7.61793 5.12202 10.0971 4.88246 4.80836 5.51609 4.76195 4.57972 4.46093 5.62351 4.33481 5.29691 4.16932 4.13126
threshold=31.500000000000004 28.500000000000004 11.500000000000002 25.500000000000004 45.500000000000007 10.500000000000002 4.5000000000000009 2.5000000000000004 3.5000000000000004 17.500000000000004 18.500000000000004 1.5000000000000002 1.5000000000000002 34.500000000000007 45.500000000000007 2.5000000000000004 15.500000000000002 1.5000000000000002 1.5000000000000002 17.500000000000004 5.5000000000000009 2.5000000000000004 24.500000000000004 14.500000000000002 2.5000000000000004 2.5000000000000004 11.500000000000002 7.5000000000000009 3.5000000000000004 4.5000000000000009
decision_type=2 2 2 2 2 2 2 2 2 2 2 2 2 2 2 2 2 2 2 2 2 2 2 2 2 2 2 2 2 2
left_child=1 5 6 29 7 26 14 15 10 -10 20 -4 -13 17 23 -5 19 18 -7 -17 -9 -22 24 -3 -19 -26 27 -1 -25 -2
right_child=3 2 11 4 -6 13 -8 8 9 -11 -12 12 -14 -15 -16 16 -18 22 -20 -21 21 -23 -24 28 25 -27 -28 -29 -30 -31
leaf_value=-0.043657666206359864 -0.023600386142205564 0.034400584559798955 -0.0091749651730060593 0.036199766118079423 -0.032642529127390491 -0.024265672704752755 -0.031515021853976775 -0.05237569922492618 -0.018308768436020497 0.012857007762520679 -0.066301662827792915 0.068384832888841632 0.027470481449685918 0.035638658011831886 0.044476180484420376 -0.0441549571784767 0.03604807991247911 -0.0071419955397907069 0.04374150096393023 0.0079466177736009884 -0.029328517686753049 0.044052345901727678 -0.016831814249356588 0.028170448988676072 -0.040527741312980654 0.014845646479550532 -0.052760582523686553 0.019153839144213449 -0.0071382993046997818 -0.063682396247469145
leaf_weight=25 227 42 40 64 92 34 45 21 153 180 38 40 428 41 38 37 39 380 61 35 21 20 246 40 20 221 42 29 204 29
leaf_count=25 227 42 40 64 92 34 45 21 153 180 38 40 428 41 38 37 39 380 61 35 21 20 246 40 20 221 42 29 204 29
internal_value=0 0.0059116 0.0176888 -0.012219 -0.00639606 -0.00348662 0.00375975 -0.00242455 -0.0088711 -0.0014624 -0.033542 0.0278066 0.0309674 -0.00107664 0.00865903 0.013526 0.000452913 -0.00264143 0.0194021 -0.0188278 -0.0134636 0.00646703 -0.00505681 0.0039001 -0.000392311 0.0102503 -0.0286659 -0.00992556 -0.00134998 -0.0281409
internal_weight=0 1976 877 956 700 1099 369 608 433 333 100 508 468 1003 324 175 111 962 95 72 62 41 867 286 621 241 96 54 244 256
internal_count=2932 1976 877 956 700 1099 369 608 433 333 100 508 468 1003 324 175 111 962 95 72 62 41 867 286 621 241 96 54 244 256
shrinkage=0.1


Tree=6
num_leaves=31
num_cat=0
split_feature=0 2 2 7 5 7 15 9 9 0 1 8 6 12 3 0 2 2 8 1 10 13 15 1 15 3 7 13 14 9
split_gain=18.729 17.0794 14.2519 6.64663 6.55157 10.0245 7.49037 6.14898 7.86028 7.56851 6.00268 5.51894 5.45978 5.99372 5.27916 4.82218 4.62784 4.59766 4.5807 4.49391 4.37589 7.54873 5.53087 4.33719 6.99257 4.28705 6.9698 4.27276 4.95776 4.23072
threshold=40.500000000000007 25.500000000000004 42.500000000000007 1.5000000000000002 2.5000000000000004 2.5000000000000004 1.0000000180025095e-35 31.500000000000004 21.500000000000004 30.500000000000004 5.5000000000000009 25.500000000000004 1.5000000000000002 1.5000000000000002 6.5000000000000009 35.500000000000007 21.500000000000004 23.500000000000004 18.500000000000004 21.500000000000004 2.5000000000000004 22.500000000000004 7.5000000000000009 8.5000000000000018 51.500000000000007 12.500000000000002 58.500000000000007 31.500000000000004 36.500000000000007 2.5000000000000004
decision_type=2 2 2 2 2 2 2 2 2 2 2 2 2 2 2 2 2 2 2 2 2 2 2 2 2 2 2 2 2 2
left_child=1 3 16 -1 7 -6 -7 8 9 17 27 -4 19 -14 -12 -11 -2 29 -16 -3 22 -22 -15 -18 -25 -23 -27 28 -8 -5
right_child=2 12 11 4 5 6 10 -9 -10 15 14 -13 13 20 18 -17 23 -19 -20 -21 21 25 -24 24 -26 26 -28 -29 -30 -31
leaf_value=-0.029804626486518167 0.040953867295674518 -0.028092528719803042 0.0020611638905572108 -0.028871782289610973 -0.053904077836445401 0.060575221644507515 0.0025910532477858893 -0.055739460885524755 0.056700959056615832 0.040948994042443454 0.002085652191247513 -0.044404406303709204 0.016670717719723196 -0.021845718788412904 0.049453636623443445 -0.0080195132891337072 0.0052264595866962603 -0.030725400500437795 0.013905082882966026 0.0076702594012022021 -0.03024772652016397 0.027013010397935529 0.0061608101611268029 0.036448920183327231 -0.0083332854746417575 -0.025282081487503924 0.031245813698604193 -0.040147080307915098 0.054564144611358646 0.0010865579236228511
leaf_weight=55 113 289 61 54 21 36 223 20 24 61 67 44 85 104 94 30 157 68 59 40 228 39 219 168 44 88 29 21 20 371
leaf_count=55 113 289 61 54 21 36 223 20 24 61 67 44 85 104 94 30 157 68 59 40 228 39 219 168 44 88 29 21 20 371
internal_value=0 -0.00399873 0.0159745 0.00416854 0.00576694 0.0138327 0.0165682 -0.00118145 0.000613217 -0.00169176 0.013295 -0.0174101 -0.0129164 -0.00841843 0.0254945 0.0248055 0.0232471 -0.00658274 0.0357454 -0.0237445 -0.0114348 -0.0186502 -0.00285677 0.0178247 0.0271545 -0.00169992 -0.0112709 0.00312878 0.00686867 -0.00271991
internal_weight=0 2345 587 1224 1169 541 520 628 608 584 484 105 1121 792 220 91 482 493 153 329 707 384 323 369 212 156 117 264 243 425
internal_count=2932 2345 587 1224 1169 541 520 628 608 584 484 105 1121 792 220 91 482 493 153 329 707 384 323 369 212 156 117 264 243 425
shrinkage=0.1


Tree=7
num_leaves=31
num_cat=0
split_feature=0 2 2 1 5 7 0 9 14 3 2 8 8 12 6 14 0 8 7 8 3 15 3 9 15 3 11 7 13 15
split_gain=15.1705 14.1833 11.5441 7.43429 7.40013 7.11478 6.75341 6.62432 6.11192 7.65601 5.91296 5.85003 5.42854 4.91816 4.73939 4.99082 6.14532 4.71283 4.24487 4.68741 6.60369 6.14967 5.81371 4.78959 4.15583 4.14129 5.10788 4.146 4.01598 4.19355
threshold=40.500000000000007 32.500000000000007 42.500000000000007 5.5000000000000009 1.5000000000000002 6.5000000000000009 35.500000000000007 49.500000000000007 41.500000000000007 28.500000000000004 14.500000000000002 7.5000000000000009 6.5000000000000009 1.0000000180025095e-35 1.5000000000000002 28.500000000000004 27.500000000000004 34.500000000000007 24.500000000000004 15.500000000000002 18.500000000000004 7.5000000000000009 9.5000000000000018 4.5000000000000009 16.500000000000004 16.500000000000004 2.5000000000000004 38.500000000000007 15.500000000000002 8.5000000000000018
decision_type=2 2 2 2 2 2 2 2 2 2 2 2 2 2 2 2 2 2 2 2 2 2 2 2 2 2 2 2 2 2
left_child=1 3 -2 5 11 10 13 25 9 14 -1 -5 -8 -6 28 16 24 -4 19 20 23 -22 -21 -15 -16 26 -3 -28 29 -7
right_child=2 7 17 4 6 8 12 -9 -10 -11 -12 -13 -14 18 15 -17 -18 -19 -20 22 21 -23 -24 -25 -26 -27 27 -29 -30 -31
leaf_value=0.016726192122414 0.02092237728319413 0.0084163233805238536 -0.0025821543053576824 -0.048693574494437175 0.049013101392322123 -0.018477981938765601 -0.0023463223377863567 0.014112544343585061 0.044951886534690857 -0.049719996510013464 -0.023908520811869775 0.0084035391316694373 0.047209364459628152 -0.0077982374338003303 0.0042386574691601021 -0.039063893755276996 0.027995639575416582 -0.049965960198435293 0.025811992949318321 -0.035590391250757074 0.015709015130996703 -0.058047985113584083 0.0043453544737344771 0.023990919658115933 -0.038753589863578485 -0.028447345574143041 -0.015494506494908395 -0.063820529133081436 -0.049343448238713401 0.027247292907149709
leaf_weight=42 482 89 76 38 27 78 30 63 30 31 243 34 84 65 356 24 114 29 84 65 20 26 83 175 24 287 158 20 28 27
leaf_count=42 482 89 76 38 27 78 30 63 30 31 243 34 84 65 356 24 114 29 84 65 20 26 83 175 24 287 158 20 28 27
internal_value=0 -0.00359886 0.0143771 0.0010483 0.00870844 -0.00456811 0.0120342 -0.0166139 0.000776489 -0.00116671 -0.0179202 -0.021731 0.0341684 0.00740424 0.00114535 0.00546881 0.00763235 -0.0156691 0.00523543 0.00125287 0.00872887 -0.0259797 -0.013194 0.0153814 0.00152336 -0.0201081 -0.0111442 -0.0209244 -0.0156934 -0.00672005
internal_weight=0 2345 587 1728 731 997 659 617 712 682 285 72 114 545 651 518 494 105 518 434 286 46 148 240 380 554 267 178 133 105
internal_count=2932 2345 587 1728 731 997 659 617 712 682 285 72 114 545 651 518 494 105 518 434 286 46 148 240 380 554 267 178 133 105
shrinkage=0.1


Tree=8
num_leaves=31
num_cat=0
split_feature=2 1 8 0 14 0 12 7 3 2 11 1 14 13 2 10 8 12 15 2 15 0 1 11 6 0 5 14 8 5
split_gain=12.6575 12.997 8.7642 7.49938 6.66597 5.94643 5.55586 6.0781 7.61776 4.89307 5.10489 5.59192 6.25049 5.11071 4.83869 4.79103 5.95739 4.67812 4.52485 4.20815 4.57328 4.20299 4.27457 5.63275 4.94218 3.98777 4.43183 4.51524 4.20801 3.88382
threshold=31.500000000000004 14.500000000000002 6.5000000000000009 10.500000000000002 37.500000000000007 25.500000000000004 3.5000000000000004 8.5000000000000018 28.500000000000004 45.500000000000007 2.5000000000000004 3.5000000000000004 17.500000000000004 18.500000000000004 34.500000000000007 4.5000000000000009 33.500000000000007 2.5000000000000004 24.500000000000004 20.500000000000004 43.500000000000007 41.500000000000007 1.0000000180025095e-35 1.5000000000000002 4.5000000000000009 23.500000000000004 3.5000000000000004 20.500000000000004 22.500000000000004 3.5000000000000004
decision_type=2 2 2 2 2 2 2 2 2 2 2 2 2 2 2 2 2 2 2 2 2 2 2 2 2 2 2 2 2 2
left_child=1 3 -3 -1 6 -2 21 -8 19 10 14 13 -13 -12 -7 16 17 -16 -19 -9 -21 22 29 -24 -25 -4 28 -28 -27 -5
right_child=5 2 25 4 -6 9 7 8 -10 -11 11 12 -14 -15 15 -17 -18 18 -20 20 -22 -23 23 24 -26 26 27 -29 -30 -31
leaf_value=-0.027971122490948647 -0.022487713687587532 -0.0059062954605273582 0.0073810964822769165 -0.014178639599182065 0.025147847614736641 -0.014856949772523798 -0.029882329054500747 0.026629522580366868 -0.05831484973430634 -0.026169846692810889 -0.010288844401797941 -0.01588245590333066 0.01160895581667622 -0.056863857570447422 0.050018410068569767 -0.015439135867815751 0.081593904495239261 -0.02739428063997856 0.032819363350669546 -0.020222049951553345 0.03155926155007404 0.028831291270832862 0.039283022036155066 0.0053953752417607685 -0.042783605510538281 0.059112111855578679 -0.0065086771547794341 0.03764744717966427 0.020975756645202639 0.012536591543278226
leaf_weight=87 256 92 64 233 117 46 115 65 20 92 62 153 180 38 33 26 20 26 24 66 23 62 48 661 22 93 40 55 42 71
leaf_count=87 256 92 64 233 117 46 115 65 20 92 62 153 180 38 33 26 20 26 24 66 23 62 48 661 22 93 40 55 42 71
internal_value=0 0.00457012 0.0210303 0.000574136 0.00222646 -0.00944619 0.000291534 -0.0120437 -0.000253852 -0.00467672 -0.00142447 -0.00724974 -0.00102223 -0.0279873 0.0129889 0.0229185 0.032601 0.0207954 0.00150827 0.00728654 -0.00684036 0.00354121 0.00202625 0.00617057 0.00384349 0.0294594 0.0356029 0.0190554 0.0472475 -0.00793923
internal_weight=0 1976 386 1590 1503 956 1386 289 174 700 608 433 333 100 175 129 103 83 50 154 89 1097 1035 731 683 294 230 95 135 304
internal_count=2932 1976 386 1590 1503 956 1386 289 174 700 608 433 333 100 175 129 103 83 50 154 89 1097 1035 731 683 294 230 95 135 304
shrinkage=0.1


Tree=9
num_leaves=31
num_cat=0
split_feature=0 2 2 15 13 7 2 1 3 4 7 0 9 8 13 0 3 9 14 0 0 7 15 7 2 9 3 9 0 14
split_gain=10.9665 10.5106 8.12953 5.70133 6.78207 5.70521 4.18773 4.80465 7.12043 7.34401 10.458 5.67425 4.43285 3.84758 3.68017 5.00602 4.24959 9.28627 5.38247 5.05992 3.99961 3.59106 3.58078 4.93877 3.95451 5.66077 3.38023 10.2984 4.9158 4.54595
threshold=40.500000000000007 25.500000000000004 42.500000000000007 1.0000000180025095e-35 9.5000000000000018 1.5000000000000002 45.500000000000007 20.500000000000004 10.500000000000002 4.5000000000000009 37.500000000000007 31.500000000000004 49.500000000000007 25.500000000000004 6.5000000000000009 36.500000000000007 4.5000000000000009 9.5000000000000018 4.5000000000000009 19.500000000000004 37.500000000000007 8.5000000000000018 12.500000000000002 25.500000000000004 17.500000000000004 6.5000000000000009 16.500000000000004 24.500000000000004 36.500000000000007 2.5000000000000004
decision_type=2 2 2 2 2 2 2 2 2 2 2 2 2 2 2 2 2 2 2 2 2 2 2 2 2 2 2 2 2 2
left_child=1 3 -2 4 -1 -5 7 12 -9 10 11 -10 26 -4 15 22 17 19 21 -16 -20 -18 24 -24 25 -7 27 28 29 -3
right_child=2 6 13 5 -6 14 -8 8 9 -11 -12 -13 -14 -15 16 -17 18 -19 20 -21 -22 -23 23 -25 -26 -27 -28 -29 -30 -31
leaf_value=0.0016989437739054363 0.017716441029891433 0.0059496425530489762 0.0032674709304434356 -0.032258903359373411 0.05829085439443589 0.010297034097754438 -0.033385156922870217 0.0451658098321212 -0.046355518798033402 -0.050457731551594213 0.055505747906863689 0.011492131765072163 0.021572345648056421 -0.035529472137039358 -0.064095338005008121 0.05341739726066589 0.0012660843761343706 0.027806166410446167 0.00091904289111858464 -0.017200910819596366 -0.032003660318328117 0.041708675829263839 -0.021247549276602898 0.034602449834346773 0.0062888360977172847 0.066131825447082515 -0.020751241055336801 0.045370511710643768 0.020658267653265665 -0.019839376095885194
leaf_weight=45 482 85 61 48 40 46 72 38 30 27 32 39 39 44 33 25 38 35 369 76 41 52 76 20 250 30 333 34 43 349
leaf_count=45 482 85 61 48 40 46 72 38 30 27 32 39 39 44 33 25 38 35 369 76 41 52 76 20 250 30 333 34 43 349
internal_value=0 -0.00305985 0.0122238 0.00334714 0.0283304 0.00148271 -0.0100555 -0.00845425 0.00715454 -0.00413006 0.00825457 -0.013659 -0.0113886 -0.0129903 0.00296722 0.00993847 -0.00187152 -0.0170083 0.00248788 -0.0313983 -0.00237323 0.0246329 0.00736271 -0.00961213 0.0123614 0.0323371 -0.0129117 -0.00780297 -0.0115931 -0.0147885
internal_weight=0 2345 587 1224 85 1139 1121 1049 166 128 101 69 883 105 1091 447 644 144 500 109 410 90 422 96 326 76 844 511 477 434
internal_count=2932 2345 587 1224 85 1139 1121 1049 166 128 101 69 883 105 1091 447 644 144 500 109 410 90 422 96 326 76 844 511 477 434
shrinkage=0.1


Tree=10
num_leaves=31
num_cat=0
split_feature=2 0 0 12 8 6 12 5 7 9 9 0 0 8 9 7 2 2 1 12 8 2 15 1 3 9 12 15 2 9
split_gain=9.20587 8.4245 7.7822 6.337 5.36446 4.87003 4.62714 4.35083 7.43207 4.16251 6.03136 4.04248 4.29688 3.91588 3.90565 3.68462 4.88964 3.64097 3.5393 3.53531 3.40791 3.34571 3.25772 3.20204 4.86131 4.66881 4.88709 3.07289 3.03387 3.02855
threshold=25.500000000000004 35.500000000000007 40.500000000000007 4.5000000000000009 61.500000000000007 1.0000000180025095e-35 1.0000000180025095e-35 2.5000000000000004 2.5000000000000004 31.500000000000004 21.500000000000004 30.500000000000004 35.500000000000007 21.500000000000004 27.500000000000004 11.500000000000002 45.500000000000007 15.500000000000002 13.500000000000002 5.5000000000000009 12.500000000000002 23.500000000000004 61.500000000000007 5.5000000000000009 35.500000000000007 26.500000000000004 2.5000000000000004 1.5000000000000002 17.500000000000004 2.5000000000000004
decision_type=2 2 2 2 2 2 2 2 2 2 2 2 2 2 2 2 2 2 2 2 2 2 2 2 2 2 2 2 2 2
left_child=2 5 6 20 15 -2 27 9 -9 10 11 21 -13 18 -6 -3 19 -15 -10 23 -4 29 -5 25 -25 26 -17 -1 -19 -8
right_child=1 4 3 22 14 -7 7 8 13 -11 -12 12 -14 17 -16 16 -18 28 -20 -21 -22 -23 -24 24 -26 -27 -28 -29 -30 -31
leaf_value=0.05656911994402225 -0.028640630967180492 -0.0049628538834811447 0.05353896100012983 -0.033708487127138219 0.0010131828486919404 -0.0084378077303230211 -0.027034745337786499 -0.027076214386357201 0.013633440617682799 -0.048908974528312686 0.046583087742328645 0.030719795974634465 -0.015262534926014563 0.022402625476441732 -0.05492898019460532 0.018856460625125516 -0.019299180640114679 -0.047858786582946782 0.043310232525286471 0.054535888270898308 0.021613999899174716 -0.029307418328065139 0.021475384235382082 0.026005433326360412 -0.015591895038431343 0.041613165736198429 -0.031679659605026243 0.0074667884111404422 -0.0040244122346242269 -0.001665672814585472
leaf_weight=26 142 201 61 23 24 747 54 54 318 20 24 59 31 41 26 31 45 20 46 22 74 65 20 189 33 20 50 25 75 366
leaf_count=26 142 201 61 23 24 747 54 54 318 20 24 59 31 41 26 31 45 20 46 22 74 65 20 189 33 20 50 25 75 366
internal_value=0 -0.00536388 0.00585359 0.0253906 0.00337485 -0.0116648 0.00301242 0.00173038 0.00816803 -0.00403126 -0.00253284 -0.0045829 0.0148814 0.0119744 -0.0280767 0.00603573 0.0117042 -0.00250367 0.0173838 0.0157482 0.0360394 -0.00819483 -0.00804157 0.0131063 0.019822 -0.00165514 -0.0123387 0.0324993 -0.0132527 -0.00492741
internal_weight=0 1530 1402 178 641 889 1224 1173 554 619 599 575 90 500 50 591 390 136 364 345 135 485 43 323 222 101 81 51 95 420
internal_count=2932 1530 1402 178 641 889 1224 1173 554 619 599 575 90 500 50 591 390 136 364 345 135 485 43 323 222 101 81 51 95 420
shrinkage=0.1


Tree=11
num_leaves=31
num_cat=0
split_feature=2 1 8 0 7 14 12 2 12 3 15 7 5 11 0 15 0 15 8 3 9 9 13 8 8 9 4 3 1 6
split_gain=7.81944 8.85342 6.74823 5.69404 5.02051 6.13619 4.74255 4.17572 4.68778 4.29609 5.53786 5.13438 4.99606 6.88407 6.2043 3.68714 5.23192 6.31244 3.53958 4.47179 3.4251 3.39157 3.30865 3.28113 4.08875 3.96175 3.43741 3.96669 4.99959 3.24799
threshold=31.500000000000004 14.500000000000002 6.5000000000000009 10.500000000000002 1.0000000180025095e-35 37.500000000000007 1.5000000000000002 29.500000000000004 1.0000000180025095e-35 28.500000000000004 7.5000000000000009 11.500000000000002 1.5000000000000002 1.5000000000000002 32.500000000000007 30.500000000000004 30.500000000000004 39.500000000000007 16.500000000000004 12.500000000000002 2.5000000000000004 4.5000000000000009 12.500000000000002 27.500000000000004 33.500000000000007 22.500000000000004 2.5000000000000004 14.500000000000002 5.5000000000000009 2.5000000000000004
decision_type=2 2 2 2 2 2 2 2 2 2 2 2 2 2 2 2 2 2 2 2 2 2 2 2 2 2 2 2 2 2
left_child=1 3 -3 -1 -5 7 -2 8 -6 11 -11 23 -13 -14 20 21 22 -18 19 -9 -15 -8 -17 25 -25 26 29 28 -28 -10
right_child=6 2 -4 4 5 -7 15 18 9 10 -12 12 13 14 -16 16 17 -19 -20 -21 -22 -23 -24 24 -26 -27 27 -29 -30 -31
leaf_value=-0.024579204190736531 0.012008614448813706 -0.0064591053711331413 0.024573687666735681 -0.034151946792477059 0.035708436515273119 0.025605385115853065 -0.029646225813133965 0.018986536361075737 -0.0028639677652092868 0.009295318603515625 -0.053962509862838251 -0.02579023205872738 0.057713039657648874 -0.032603344746998379 0.027442892674189895 -0.054634288325905805 0.04033623778301737 -0.0020087474236885707 -0.042169323334327116 -0.032967175543308261 0.0049118937023224368 -0.010569309348924251 -0.0064271110296249398 -0.060728830950600769 0.00096027769825675281 0.031137547621855867 -0.024929627776145935 -0.05827778428792954 0.021811081381405101 0.016754056619746344
leaf_weight=87 111 92 294 38 41 108 116 37 430 25 31 33 34 28 134 24 46 150 39 30 186 474 35 21 22 37 70 20 34 105
leaf_count=87 111 92 294 38 41 108 116 37 430 25 31 33 34 28 134 24 46 150 39 30 186 474 35 21 22 37 70 20 34 105
internal_value=0 0.00359204 0.0171773 0.000293993 0.00173376 0.00266458 -0.00742456 0.000838786 0.00245352 0.0013267 -0.0257224 0.00263931 0.0115403 0.0147652 0.0105692 -0.00997732 7.05216e-05 0.00792936 -0.0182181 -0.00427632 3.35783e-06 -0.01432 -0.0260368 -0.00235923 -0.029167 -0.000703008 -0.00249072 -0.0174924 -0.00964901 0.000986299
internal_weight=0 1976 386 1590 1503 1465 956 1357 1251 1210 56 1154 415 382 348 845 255 196 106 67 214 590 59 739 43 696 659 124 104 535
internal_count=2932 1976 386 1590 1503 1465 956 1357 1251 1210 56 1154 415 382 348 845 255 196 106 67 214 590 59 739 43 696 659 124 104 535
shrinkage=0.1


Tree=12
num_leaves=31
num_cat=0
split_feature=2 7 15 0 0 13 11 14 1 9 0 3 14 8 3 8 9 15 12 2 2 4 2 10 1 9 7 1 7 2
split_gain=6.68246 8.00229 6.79037 7.88897 4.81664 4.71227 4.68342 4.8524 4.61509 6.65933 4.38381 4.09515 4.71912 4.01268 3.98444 3.61092 3.51952 3.51354 4.31212 3.83219 3.36834 3.6809 3.30525 3.99048 4.69521 3.70363 4.22366 4.53691 3.29988 3.2165
threshold=43.500000000000007 12.500000000000002 11.500000000000002 45.500000000000007 32.500000000000007 9.5000000000000018 2.5000000000000004 20.500000000000004 10.500000000000002 4.5000000000000009 19.500000000000004 12.500000000000002 18.500000000000004 11.500000000000002 44.500000000000007 8.5000000000000018 7.5000000000000009 1.0000000180025095e-35 3.5000000000000004 25.500000000000004 14.500000000000002 3.5000000000000004 21.500000000000004 4.5000000000000009 5.5000000000000009 32.500000000000007 31.500000000000004 1.0000000180025095e-35 2.5000000000000004 20.500000000000004
decision_type=2 2 2 2 2 2 2 2 2 2 2 2 2 2 2 2 2 2 2 2 2 2 2 2 2 2 2 2 2 2
left_child=1 2 3 5 6 8 7 -3 10 -10 16 12 -12 -4 22 -2 -1 19 28 -7 -15 -22 -6 24 25 26 27 -24 -19 -18
right_child=15 4 13 -5 14 17 -8 -9 9 -11 11 -13 -14 20 -16 -17 29 18 -20 -21 21 -23 23 -25 -26 -27 -28 -29 -30 -31
leaf_value=-0.02866082787513733 0.009193205469992102 0.015839802599572517 -0.024758981570364939 0.049092205004258593 0.028175590575149619 0.042684076666831973 -0.0071775667001435783 -0.025710599776357413 -0.018741361379623414 0.041737225051246475 0.0081313565324564446 -0.014142292623336501 0.056087359650568526 0.031628039208325472 -0.026464829097191497 -0.023966352217125172 0.02261380633792362 0.018272365257143975 -0.039437966976525657 -0.014541628821329637 -0.0054334622047935077 -0.047319063673848694 0.02140345424413681 0.029998328096487305 0.014290261002959777 0.029611299335956576 -0.045606129339763102 -0.030786289995716466 -0.012877919367362751 -0.020681446231901646
leaf_weight=76 41 231 189 33 146 25 324 32 25 67 305 78 22 22 24 165 37 40 53 22 239 23 36 88 244 20 35 31 227 32
leaf_count=76 41 231 189 33 146 25 324 32 25 67 305 78 22 22 24 165 37 40 53 22 239 23 36 88 244 20 35 31 227 32
internal_value=0 0.00131237 -0.00353169 0.000978937 0.00737245 -0.000594639 0.000870057 0.0107842 0.00457232 0.0253028 0.00110467 0.00644663 0.0113578 -0.0134684 0.0134893 -0.0173666 -0.013816 -0.00963329 -0.0133831 0.0158976 -0.00595464 -0.00911044 0.0150875 0.0108785 0.00628138 -0.00973639 -0.0174516 -0.00274404 -0.00821121 0.00253485
internal_weight=0 2726 1515 1042 1211 1009 587 263 642 92 550 405 327 473 624 206 145 367 320 47 284 262 600 454 366 122 102 67 267 69
internal_count=2932 2726 1515 1042 1211 1009 587 263 642 92 550 405 327 473 624 206 145 367 320 47 284 262 600 454 366 122 102 67 267 69
shrinkage=0.1


Tree=13
num_leaves=31
num_cat=0
split_feature=0 2 7 8 3 2 8 6 2 13 1 9 9 2 3 15 9 1 1 6 15 13 13 9 5 10 0 13 13 1
split_gain=5.96097 6.57607 6.62904 5.4087 4.71063 4.40927 4.1775 3.79412 3.78112 4.29441 3.67321 3.61491 3.39978 3.37258 3.65873 3.61408 3.34188 3.56048 4.27946 5.68772 6.94319 3.44388 3.28314 3.94183 3.18499 3.65146 3.14921 4.72472 4.2713 5.55738
threshold=44.500000000000007 42.500000000000007 12.500000000000002 2.5000000000000004 21.500000000000004 21.500000000000004 46.500000000000007 1.0000000180025095e-35 36.500000000000007 13.500000000000002 4.5000000000000009 14.500000000000002 66.500000000000014 19.500000000000004 5.5000000000000009 7.5000000000000009 18.500000000000004 2.5000000000000004 1.0000000180025095e-35 2.5000000000000004 1.0000000180025095e-35 7.5000000000000009 8.5000000000000018 7.5000000000000009 3.5000000000000004 1.5000000000000002 20.500000000000004 3.5000000000000004 2.5000000000000004 9.5000000000000018
decision_type=2 2 2 2 2 2 2 2 2 2 2 2 2 2 2 2 2 2 2 2 2 2 2 2 2 2 2 2 2 2
left_child=1 2 4 -4 10 11 -6 -2 -9 -10 16 22 -3 14 15 -12 17 18 19 20 -1 -21 23 -5 26 -26 27 -15 -28 -30
right_child=7 12 3 5 6 -7 -8 8 9 -11 13 -13 -14 24 -16 -17 -18 -19 -20 21 -22 -23 -24 -25 25 -27 28 -29 29 -31
leaf_value=0.022212758046739244 -0.018973863701666555 -0.022693825370453776 -0.023902212214051633 0.041835351012371208 -0.024847997649165687 0.0034438089880162331 0.017547407304799114 0.026728087340492802 0.035444943482677148 -0.015251619599082254 0.018720268195166308 0.034635005170827383 0.020673556178808214 0.020318807959556581 0.028897224806926469 -0.030284955766465928 0.01286630209476229 -0.029882091694864735 0.013213088919844809 0.047627658058296551 -0.026721492833292428 -0.007714381684427677 -0.00064856307168977456 -0.0020333643212462919 0.016882265039852688 -0.031364351414865065 -0.023966699116157765 -0.01465074426987592 0.032737486250698569 0.00085516367840954635
leaf_weight=34 31 188 57 54 167 693 27 166 24 55 34 91 20 50 88 27 63 87 79 22 197 23 113 33 21 62 33 170 96 127
leaf_count=34 31 188 57 54 167 693 27 166 24 55 34 91 20 50 88 27 63 87 79 22 197 23 113 33 21 62 33 170 96 127
internal_value=0 -0.00145351 -3.08158e-06 0.00604672 -0.00447916 0.00778157 -0.0189476 0.0139874 0.018158 0.000149868 -0.00216517 0.0181117 -0.0185239 0.00248235 0.0158507 -0.00297057 -0.0086809 -0.0117521 -0.00730898 -0.0131831 -0.019519 0.0193417 0.0105936 0.0251955 -0.00108094 -0.0191574 0.00207104 -0.00670312 0.00961134 0.0145803
internal_weight=0 2656 2448 1041 1407 984 194 276 245 79 1213 291 208 708 149 61 505 442 355 276 231 45 200 87 559 83 476 220 256 223
internal_count=2932 2656 2448 1041 1407 984 194 276 245 79 1213 291 208 708 149 61 505 442 355 276 231 45 200 87 559 83 476 220 256 223
shrinkage=0.1


Tree=14
num_leaves=31
num_cat=0
split_feature=8 2 7 15 0 2 13 5 1 9 0 2 14 8 11 1 14 3 13 0 8 9 8 2 15 5 14 10 3 1
split_gain=5.48574 4.72508 5.29568 4.28326 5.33521 3.71446 3.38052 4.16745 3.974 4.92425 3.62337 4.57432 3.75259 3.46799 3.10401 4.65826 5.26516 4.49155 4.27087 4.76733 4.21219 4.44796 4.35714 3.95339 4.20654 3.77767 3.66391 5.25908 3.67787 3.10642
threshold=1.5000000000000002 45.500000000000007 12.500000000000002 11.500000000000002 45.500000000000007 21.500000000000004 9.5000000000000018 1.5000000000000002 10.500000000000002 4.5000000000000009 21.500000000000004 16.500000000000004 3.5000000000000004 14.500000000000002 2.5000000000000004 3.5000000000000004 14.500000000000002 16.500000000000004 17.500000000000004 30.500000000000004 9.5000000000000018 9.5000000000000018 11.500000000000002 40.500000000000007 27.500000000000004 3.5000000000000004 3.5000000000000004 2.5000000000000004 17.500000000000004 10.500000000000002
decision_type=2 2 2 2 2 2 2 2 2 2 2 2 2 2 2 2 2 2 2 2 2 2 2 2 2 2 2 2 2 2
left_child=-1 2 3 4 6 -4 7 -2 10 -10 11 -9 -12 -13 20 23 17 18 19 -17 21 -7 -22 24 25 -16 28 -28 -24 -19
right_child=1 -3 5 -5 -6 14 -8 8 9 -11 12 13 -14 -15 15 16 -18 29 -20 -21 22 -23 26 -25 -26 -27 27 -29 -30 -31
leaf_value=-0.042542581856250761 -0.035201059396450338 -0.019073885228453564 0.015043367309204598 -0.010386609427768029 0.039915825601886307 -0.035940443724393846 -0.0080012081211189856 0.02986740589141846 -0.013699757183591524 0.039195150069215083 0.050804336174674662 -0.0043286371917005571 0.0079353932987202662 -0.03792138687201909 -0.027148414154847464 -0.029189101167214224 0.012937373627609295 0.0025613446687829909 0.042961832384268449 0.023348910001016434 0.055970315275521113 0.01050174195190956 0.070078737288713458 -0.052676261216402058 0.030387403135714326 0.010808599156302376 -0.023542173348722006 0.020984087097975945 0.0094332760572433481 -0.036989420747000075
leaf_weight=30 26 119 339 489 34 32 368 35 24 66 23 252 182 35 90 39 277 29 24 31 29 58 20 24 23 37 42 72 20 63
leaf_count=30 26 119 339 489 34 32 368 35 24 66 23 252 182 35 90 39 277 29 24 31 29 58 20 24 23 37 42 72 20 63
internal_value=0 0.000439792 0.00127419 -0.00266197 0.000952715 0.00610851 -0.000357617 0.00401694 0.00566956 0.0250898 0.00235301 -0.00426306 0.0127451 -0.00842531 0.00278004 -0.00104338 0.00419897 -0.00881467 0.00655878 -0.00592227 0.0117014 -0.00601104 0.0204124 -0.0149929 -0.00896353 -0.0160901 0.0137164 0.00457968 0.039756 -0.0245223
internal_weight=0 2902 2783 1534 1045 1249 1011 643 617 90 527 322 205 287 910 637 463 186 94 70 273 90 183 174 150 127 154 114 40 92
internal_count=2932 2902 2783 1534 1045 1249 1011 643 617 90 527 322 205 287 910 637 463 186 94 70 273 90 183 174 150 127 154 114 40 92
shrinkage=0.1


Tree=15
num_leaves=31
num_cat=0
split_feature=9 0 14 15 11 1 2 9 2 15 5 12 2 6 7 8 3 15 9 0 13 15 4 15 13 14 0 8 7 2
split_gain=4.68287 4.93861 4.73825 4.79121 5.09181 4.5437 3.96807 6.62051 3.60307 3.51718 3.22013 5.06383 2.99116 4.23716 3.20187 3.78886 4.22887 3.49017 3.40503 4.40452 2.84045 3.99261 2.78338 2.73872 3.30605 2.63868 2.78274 4.07036 2.63041 3.16419
threshold=1.5000000000000002 40.500000000000007 68.500000000000014 12.500000000000002 2.5000000000000004 1.0000000180025095e-35 30.500000000000004 40.500000000000007 42.500000000000007 40.500000000000007 3.5000000000000004 3.5000000000000004 23.500000000000004 3.5000000000000004 14.500000000000002 14.500000000000002 8.5000000000000018 6.5000000000000009 7.5000000000000009 20.500000000000004 1.5000000000000002 8.5000000000000018 3.5000000000000004 1.0000000180025095e-35 10.500000000000002 9.5000000000000018 29.500000000000004 11.500000000000002 5.5000000000000009 42.500000000000007
decision_type=2 2 2 2 2 2 2 2 2 2 2 2 2 2 2 2 2 2 2 2 2 2 2 2 2 2 2 2 2 2
left_child=9 2 3 5 -5 12 20 -8 -3 25 11 -10 13 14 15 16 18 -16 19 -2 21 -7 -4 24 -22 26 27 -1 -6 -30
right_child=1 8 22 4 28 6 7 -9 10 -11 -12 -13 -14 -15 17 -17 -18 -19 -20 -21 23 -23 -24 -25 -26 -27 -28 -29 29 -31
leaf_value=0.0086490480945660524 -0.025587172333787128 0.01316766560270771 0.053091648101806645 0.0024862145961717119 -0.035491986519524031 0.010398730635643005 -0.01096340419866579 0.047769096493721012 0.034325017128139734 0.015982764959335326 -0.026072579439805479 -0.029818272143602373 -0.016897820356142453 0.043043592714128047 0.038145951367914682 -0.042299207083640565 -0.031809732945341812 -0.015105912387371063 0.033049232205923866 0.029877469349991193 0.0012074129922049386 0.062230571974878725 0.0048887850149818097 0.0052079321905534335 0.055028720140457156 -0.029981247771461057 0.025506893084162759 -0.049794832142916599 -0.0083279269021768309 -0.033731978360948892
leaf_weight=26 41 463 25 258 56 42 223 21 32 32 49 20 181 21 32 31 38 20 34 22 21 23 23 649 25 106 21 22 317 58
leaf_count=26 41 463 25 258 56 42 223 21 32 32 49 20 181 21 32 31 38 20 34 22 21 23 23 649 25 106 21 22 317 58
internal_value=0 0.00110148 -0.00107338 -0.00177913 -0.00862484 0.00153315 0.00518664 -0.00590856 0.00943459 -0.0145001 -0.00767843 0.00965452 -0.00720043 0.000143626 -0.00398894 -0.0107719 -0.00353234 0.0176645 0.0075454 -0.00621857 0.00874878 0.0287392 0.0299944 0.00687917 0.0304581 -0.0200742 -0.00485458 -0.0181377 -0.015276 -0.0122571
internal_weight=0 2725 2161 2113 689 1424 1004 244 564 207 101 52 420 239 218 166 135 52 97 63 760 65 48 695 46 175 69 48 431 375
internal_count=2932 2725 2161 2113 689 1424 1004 244 564 207 101 52 420 239 218 166 135 52 97 63 760 65 48 695 46 175 69 48 431 375
shrinkage=0.1


Tree=16
num_leaves=31
num_cat=0
split_feature=8 0 2 1 9 13 11 12 14 1 1 3 2 15 15 14 3 14 3 9 15 14 8 9 0 0 4 13 6 9
split_gain=4.42987 3.91338 3.98861 4.57597 4.04523 4.50769 3.93431 4.1466 4.05614 3.62136 3.72737 3.23573 3.22806 3.21781 3.92709 3.21667 5.53913 3.13721 3.04975 2.83647 4.15864 3.58061 4.2387 2.79239 2.77225 3.48619 4.8665 2.69296 3.8091 2.73127
threshold=1.5000000000000002 27.500000000000004 37.500000000000007 5.5000000000000009 15.500000000000002 35.500000000000007 2.5000000000000004 1.5000000000000002 14.500000000000002 12.500000000000002 3.5000000000000004 12.500000000000002 41.500000000000007 25.500000000000004 62.500000000000007 2.5000000000000004 8.5000000000000018 37.500000000000007 22.500000000000004 8.5000000000000018 10.500000000000002 8.5000000000000018 9.5000000000000018 1.5000000000000002 43.500000000000007 36.500000000000007 2.5000000000000004 1.5000000000000002 1.5000000000000002 8.5000000000000018
decision_type=2 2 2 2 2 2 2 2 2 2 2 2 2 2 2 2 2 2 2 2 2 2 2 2 2 2 2 2 2 2
left_child=-1 12 3 4 5 17 9 -8 18 10 -4 -6 27 -10 -15 16 -5 19 -9 21 -21 22 -3 -23 25 26 -13 28 -2 -29
right_child=1 2 6 15 11 -7 7 8 13 -11 -12 24 -14 14 -16 -17 -18 -19 -20 20 -22 23 -24 -25 -26 -27 -28 29 -30 -31
leaf_value=-0.038229773839314779 -0.014513201597664092 -0.0047523302957415588 0.018568487994132504 0.077057972252368934 0.030664101243019104 -0.047241575786700622 0.014851035296916962 -0.054780097726063848 -0.020800490442075228 0.032481514176596768 -0.032253599498007039 -0.02016722443311111 -0.023745340744654338 0.029865598678588869 -0.018725690451161615 0.0098647282802422354 0.011421012216144139 0.023424689350901425 -0.016953222738935594 -0.0025273408492406213 -0.042017712754507858 -0.042380728775804698 0.04852444066533021 -0.0014666233805642613 0.035470547527074812 -0.025939876653931361 0.043570264339447023 -0.0084235150238563278 0.02489200234413147 0.0013693497782555698
leaf_weight=30 36 32 31 20 59 26 50 39 76 46 27 23 75 39 29 637 36 37 47 60 48 22 28 69 20 44 25 609 77 535
leaf_count=30 36 32 31 20 59 26 50 39 76 46 27 23 75 39 29 637 36 37 47 60 48 22 28 69 20 44 25 609 77 535
internal_value=0 0.000395208 0.00377765 0.00664568 -0.000718809 -0.00731994 -0.0050804 -0.0112493 -0.0169233 0.0115281 -0.00509007 0.0117114 -0.0035916 -0.00666058 0.00914284 0.0118848 0.0348628 -0.00381331 -0.0341073 -0.00770446 -0.0200786 0.00114594 0.0201102 -0.0113579 0.00172738 -0.00560809 0.0130294 -0.00238911 0.0123381 -0.00384381
internal_weight=0 2902 1570 1186 493 322 384 280 230 104 58 171 1332 144 68 693 56 296 86 259 108 151 60 91 112 92 48 1257 113 1144
internal_count=2932 2902 1570 1186 493 322 384 280 230 104 58 171 1332 144 68 693 56 296 86 259 108 151 60 91 112 92 48 1257 113 1144
shrinkage=0.1


Tree=17
num_leaves=31
num_cat=0
split_feature=8 2 1 13 0 11 14 15 1 4 6 8 0 3 9 9 2 7 15 2 0 13 15 14 2 7 15 8 7 1
split_gain=3.5882 3.48525 3.54423 4.38444 3.22237 4.13235 3.67056 3.44788 4.0661 5.12954 8.66473 9.43672 4.60642 3.71849 6.31583 3.50724 5.17531 4.2967 6.10581 4.47593 4.00498 4.3108 2.7696 3.95426 2.84199 2.75099 3.55956 4.49824 3.99641 3.24465
threshold=1.5000000000000002 16.500000000000004 10.500000000000002 31.500000000000004 44.500000000000007 1.5000000000000002 7.5000000000000009 11.500000000000002 5.5000000000000009 1.5000000000000002 2.5000000000000004 16.500000000000004 13.500000000000002 13.500000000000002 22.500000000000004 8.5000000000000018 25.500000000000004 12.500000000000002 2.5000000000000004 20.500000000000004 30.500000000000004 7.5000000000000009 15.500000000000002 2.5000000000000004 42.500000000000007 13.500000000000002 4.5000000000000009 19.500000000000004 8.5000000000000018 4.5000000000000009
decision_type=2 2 2 2 2 2 2 2 2 2 2 2 2 2 2 2 2 2 2 2 2 2 2 2 2 2 2 2 2 2
left_child=-1 2 3 25 5 6 -3 8 13 10 11 -10 -11 14 15 20 17 18 -17 -20 21 -7 23 -9 -24 26 28 29 -2 -28
right_child=1 4 -4 -5 -6 7 -8 22 9 12 -12 -13 -14 -15 -16 16 -18 -19 19 -21 -22 -23 24 -25 -26 -27 27 -29 -30 -31
leaf_value=-0.034406796346108125 0.032535345137119295 0.0032462066979635331 0.025931392392764492 -0.039194328134710139 0.0098480474924848935 -0.0046192169480207493 0.036626999514798329 0.018661010265350341 0.045530592573100125 -0.031320990435779093 -0.061170672944613869 -0.041322519020600752 0.013765583838808713 -0.015562917563048277 0.053648375755264648 0.055022997182348501 -0.012604803710744001 0.056973271678995213 -0.03484628647565842 0.019512613704710299 0.022056020247308832 -0.031404212082133579 -0.0018286048422534594 -0.02290698821944092 -0.019150645357111227 0.021901263747104383 -0.042846127582150839 0.023728260397911073 -0.017107891105115413 0.00089601640190396987
leaf_weight=30 50 105 96 22 248 205 48 26 29 24 28 22 406 220 21 23 69 27 28 33 38 85 537 191 115 86 43 25 24 28
leaf_count=30 50 105 96 22 248 205 48 26 29 24 28 22 406 220 21 23 69 27 28 33 38 85 537 191 115 86 43 25 24 28
internal_value=0 0.000355687 0.00936561 0.00364505 -0.000977268 -0.00215476 0.0137186 -0.00329657 4.97119e-05 0.00694624 -0.0164745 0.00806454 0.0112491 -0.00463698 -9.3113e-05 -0.00231471 0.00890164 0.0222705 0.0111161 -0.00543901 -0.00847003 -0.01247 -0.00814078 -0.0179265 -0.00488387 0.00732655 -4.65332e-05 -0.0127509 0.0164348 -0.0255957
internal_weight=0 2902 374 278 2528 2280 153 2127 1258 509 79 51 430 749 529 508 180 111 84 61 328 290 869 217 652 256 170 96 74 71
internal_count=2932 2902 374 278 2528 2280 153 2127 1258 509 79 51 430 749 529 508 180 111 84 61 328 290 869 217 652 256 170 96 74 71
shrinkage=0.1


Tree=18
num_leaves=31
num_cat=0
split_feature=9 0 14 15 11 8 15 2 13 0 15 1 11 1 15 15 1 2 9 14 13 10 13 2 2 11 3 9 6 15
split_gain=3.12209 3.13212 3.84421 3.45601 3.99437 3.17049 5.51924 3.71843 5.44417 3.39302 3.3289 3.32659 3.09097 3.07348 2.99931 3.55061 3.54709 2.97191 4.97955 2.95069 3.62961 4.51266 2.97125 2.8725 3.49906 2.86318 2.82501 2.76426 4.06343 2.76016
threshold=1.5000000000000002 40.500000000000007 68.500000000000014 12.500000000000002 4.5000000000000009 6.5000000000000009 34.500000000000007 16.500000000000004 9.5000000000000018 21.500000000000004 25.500000000000004 7.5000000000000009 2.5000000000000004 1.0000000180025095e-35 51.500000000000007 58.500000000000007 8.5000000000000018 30.500000000000004 40.500000000000007 25.500000000000004 9.5000000000000018 4.5000000000000009 4.5000000000000009 21.500000000000004 34.500000000000007 2.5000000000000004 38.500000000000007 34.500000000000007 3.5000000000000004 40.500000000000007
decision_type=2 2 2 2 2 2 2 2 2 2 2 2 2 2 2 2 2 2 2 2 2 2 2 2 2 2 2 2 2 2
left_child=29 2 3 13 5 6 11 8 -7 10 -9 -5 -11 27 16 -16 19 -15 -19 20 22 -22 -3 -14 -25 -17 -18 28 -2 -1
right_child=1 14 -4 4 -6 7 -8 9 -10 12 -12 -13 23 17 15 25 26 18 -20 -21 21 -23 -24 24 -26 -27 -28 -29 -30 -31
leaf_value=-0.016777506947517395 -0.0069184603749728596 -0.0067756087549271128 0.027151095246275264 -0.0097803376913070672 -0.033392277691099384 -0.013841427862644196 0.022638083535891314 -0.0087749102711677553 0.043361643683619618 0.012650668476858445 -0.047299351682886487 -0.04497787592739895 -0.036539125750804771 0.0074324077054073942 -0.038928869090698384 0.028770032471844127 0.021583239367750827 -0.0096362369410660231 0.041300125774883095 0.018083059466802158 -0.036123921996668772 0.019085006862878801 0.04266219779849053 0.012252803308417999 -0.016290614193075158 -0.011029117890432769 -0.016640051205952962 -0.040344112230972812 0.03024127408862114 0.015164208877831698
leaf_weight=175 366 31 48 50 54 28 26 75 41 124 32 58 29 760 27 28 244 223 21 65 57 20 20 83 89 51 21 22 32 32
leaf_count=175 366 31 48 50 54 28 26 75 41 124 32 58 29 760 27 28 244 223 21 65 57 20 20 83 89 51 21 22 32 32
internal_value=0 0.000899379 -0.00083262 -0.00146831 -0.00728242 -0.00506206 -0.018725 -0.00140771 0.0201488 -0.00485077 -0.0202962 -0.0286827 0.000234358 0.00134484 0.00753564 -0.00762268 0.0110439 0.00434965 -0.00525237 0.00073179 -0.0080794 -0.0217839 0.0126118 -0.00742546 -0.00251676 0.00307691 0.0185542 -0.00583811 -0.00393074 -0.0118397
internal_weight=0 2725 2161 2113 689 635 134 501 69 432 107 108 325 1424 564 106 458 1004 244 193 128 77 51 201 172 79 265 420 398 207
internal_count=2932 2725 2161 2113 689 635 134 501 69 432 107 108 325 1424 564 106 458 1004 244 193 128 77 51 201 172 79 265 420 398 207
shrinkage=0.1


Tree=19
num_leaves=31
num_cat=0
split_feature=8 8 8 4 5 6 2 7 4 0 3 13 9 14 1 4 6 13 15 3 14 13 5 1 13 4 2 15 14 11
split_gain=2.84709 2.70702 4.39767 3.71724 5.15347 3.42695 3.13843 5.22391 3.98117 3.37247 5.15873 4.28523 5.44323 4.07818 4.33501 4.48803 3.86266 3.29788 4.36451 3.24418 3.14561 4.37912 3.51088 3.00364 2.73781 2.74944 2.60503 2.60289 4.35491 3.14002
threshold=1.5000000000000002 27.500000000000004 26.500000000000004 3.5000000000000004 1.5000000000000002 1.0000000180025095e-35 37.500000000000007 24.500000000000004 2.5000000000000004 32.500000000000007 14.500000000000002 1.5000000000000002 10.500000000000002 22.500000000000004 6.5000000000000009 2.5000000000000004 1.5000000000000002 2.5000000000000004 12.500000000000002 22.500000000000004 8.5000000000000018 3.5000000000000004 2.5000000000000004 6.5000000000000009 17.500000000000004 1.5000000000000002 15.500000000000002 16.500000000000004 28.500000000000004 3.5000000000000004
decision_type=2 2 2 2 2 2 2 2 2 2 2 2 2 2 2 2 2 2 2 2 2 2 2 2 2 2 2 2 2 2
left_child=-1 2 3 6 -5 -6 9 8 -8 11 13 12 16 14 15 24 -2 23 20 -10 21 -19 26 -13 25 -11 -22 -7 29 -29
right_child=1 -3 -4 4 5 27 7 -9 19 10 -12 17 -14 -15 -16 -17 -18 18 -20 -21 22 -23 -24 -25 -26 -27 -28 28 -30 -31
leaf_value=-0.030648347238699598 0.0012081749240557354 -0.0059290923138282138 0.036491666320297454 -0.01778423677361201 -0.0095718612105159442 0.022998463378723012 -0.028753592530565877 0.026398570040861765 -0.014830448176409747 0.0032598149445321831 -0.0024444797372116765 -0.04036914900593136 -0.026774588633667343 0.043045415714675309 0.02984529525825852 -0.032076628009478254 0.046769679565818949 0.049737298827279702 -0.017648851341265114 0.034379869344688598 0.012727090385225084 0.0038747722110182969 0.003982984769844009 0.0021539493249012874 -0.020848209261894228 0.045041120052337652 -0.020868511957192571 0.0041959411331585475 0.027723907253571919 -0.037109193435082066
leaf_weight=30 30 560 36 63 59 229 124 30 37 36 255 46 22 51 76 33 49 22 163 21 27 388 167 26 20 28 159 63 56 26
leaf_count=30 30 560 36 63 59 229 124 30 37 36 255 46 22 51 76 33 49 22 163 21 27 388 167 26 20 28 159 63 56 26
internal_value=0 0.000316833 0.00181031 0.00126888 0.0089386 0.0128267 -0.000832875 -0.0122653 -0.0186384 0.000683814 0.00750146 -0.00241173 0.017217 0.0178958 0.01125 -0.000828959 0.0294678 -0.00439821 -0.00279529 0.00298708 0.000377888 0.00633569 -0.00654194 -0.0250136 0.0114469 0.0215391 -0.0159917 0.0163601 0.00587617 -0.00787073
internal_weight=0 2902 2342 2306 496 433 1810 212 182 1598 499 1099 101 244 193 117 79 998 926 58 763 410 353 72 84 64 186 374 145 89
internal_count=2932 2902 2342 2306 496 433 1810 212 182 1598 499 1099 101 244 193 117 79 998 926 58 763 410 353 72 84 64 186 374 145 89
shrinkage=0.1


Tree=20
num_leaves=31
num_cat=0
split_feature=12 3 7 12 11 5 13 9 2 8 8 2 4 7 7 14 1 0 8 2 3 3 3 14 2 8 2 3 13 13
split_gain=2.63956 2.48267 2.48479 3.69038 3.36512 3.24834 3.07997 3.60341 3.01471 2.90652 3.71179 4.23087 3.43311 3.30553 3.1492 3.54819 3.11699 2.97834 3.89517 3.84153 3.77414 4.68779 3.62883 3.14366 5.16556 3.1377 3.10079 2.62131 4.62669 3.43177
threshold=6.5000000000000009 47.500000000000007 12.500000000000002 4.5000000000000009 1.5000000000000002 1.5000000000000002 17.500000000000004 10.500000000000002 10.500000000000002 30.500000000000004 6.5000000000000009 37.500000000000007 1.5000000000000002 21.500000000000004 27.500000000000004 9.5000000000000018 5.5000000000000009 35.500000000000007 20.500000000000004 37.500000000000007 13.500000000000002 32.500000000000007 35.500000000000007 5.5000000000000009 21.500000000000004 18.500000000000004 27.500000000000004 27.500000000000004 10.500000000000002 31.500000000000004
decision_type=2 2 2 2 2 2 2 2 2 2 2 2 2 2 2 2 2 2 2 2 2 2 2 2 2 2 2 2 2 2
left_child=1 2 3 5 6 -1 7 -4 -7 10 11 13 -12 -6 -15 -16 -11 18 20 -20 23 26 25 -14 -25 -19 -22 28 -18 -29
right_child=-2 -3 4 -5 9 8 -8 -9 -10 16 12 -13 17 14 15 -17 27 22 19 -21 21 -23 -24 24 -26 -27 -28 29 -30 -31
leaf_value=-0.021085708769850244 0.029510197440783183 -0.028004874149337413 0.02575714077268328 -0.018970780924428256 0.00060980146581476392 0.025648579644885934 0.036912229933120592 -0.022372639179229738 -0.00096530057918723516 -0.02535018371800854 -0.020209440588951112 0.018798325485304784 0.032375500765111712 -0.053536304058852027 -0.048005587510440664 -0.0021155336546519444 -0.039793427820716591 0.029338065916022588 0.042917666381055659 -0.0099391257017850884 -0.0026953373242307593 0.027947105529407663 -0.013129618673613577 0.025095338498552638 -0.019252963415507612 0.0035476282238960269 -0.035006895548466484 0.043661047632877648 0.0033330909907817842 -0.0056028718909909648
leaf_weight=78 30 32 35 128 110 44 54 28 1303 73 40 57 45 27 23 63 35 172 44 20 54 24 33 48 58 65 66 26 86 31
leaf_count=78 30 32 35 128 110 44 54 28 1303 73 40 57 45 27 23 63 35 172 44 20 54 24 33 48 58 65 66 26 86 31
internal_value=0 -0.000305067 3.78053e-06 -0.00270586 0.00319897 -0.00124487 0.0193874 0.00436613 -9.59533e-05 0.0016206 0.00415164 -0.00551537 0.00819763 -0.0117301 -0.0237424 -0.0143885 -0.00794896 0.0100041 0.00403656 0.0263999 -0.000815156 -0.0123977 0.0179388 0.0102305 0.000829287 0.0222647 -0.0204667 -0.000812505 -0.00914152 0.0168684
internal_weight=0 2902 2870 1553 1317 1425 117 63 1347 1200 949 280 669 223 113 86 251 629 359 64 295 144 270 151 106 237 120 178 121 57
internal_count=2932 2902 2870 1553 1317 1425 117 63 1347 1200 949 280 669 223 113 86 251 629 359 64 295 144 270 151 106 237 120 178 121 57
shrinkage=0.1


end of trees

feature_importances:
Column_2=85
Column_0=72
Column_9=52
Column_1=51
Column_15=49
Column_8=47
Column_3=45
Column_7=45
Column_13=40
Column_14=40
Column_12=23
Column_5=21
Column_6=19
Column_11=19
Column_4=14
Column_10=8

parameters:
[boosting: gbdt]
[objective: regression]
[metric: l2]
[tree_learner: serial]
[device_type: cpu]
[data: ]
[valid: ]
[num_iterations: 10000]
[learning_rate: 0.1]
[num_leaves: 31]
[num_threads: 0]
[deterministic: 0]
[force_col_wise: 0]
[force_row_wise: 0]
[histogram_pool_size: -1]
[max_depth: -1]
[min_data_in_leaf: 20]
[min_sum_hessian_in_leaf: 0.001]
[bagging_fraction: 1]
[pos_bagging_fraction: 1]
[neg_bagging_fraction: 1]
[bagging_freq: 0]
[bagging_seed: 3]
[feature_fraction: 1]
[feature_fraction_bynode: 1]
[feature_fraction_seed: 2]
[extra_trees: 0]
[extra_seed: 6]
[early_stopping_round: 10]
[first_metric_only: 0]
[max_delta_step: 0]
[lambda_l1: 0]
[lambda_l2: 0]
[min_gain_to_split: 0]
[drop_rate: 0.1]
[max_drop: 50]
[skip_drop: 0.5]
[xgboost_dart_mode: 0]
[uniform_drop: 0]
[drop_seed: 4]
[top_rate: 0.2]
[other_rate: 0.1]
[min_data_per_group: 100]
[max_cat_threshold: 32]
[cat_l2: 10]
[cat_smooth: 10]
[max_cat_to_onehot: 4]
[top_k: 20]
[monotone_constraints: ]
[monotone_constraints_method: basic]
[monotone_penalty: 0]
[feature_contri: ]
[forcedsplits_filename: ]
[refit_decay_rate: 0.9]
[cegb_tradeoff: 1]
[cegb_penalty_split: 0]
[cegb_penalty_feature_lazy: ]
[cegb_penalty_feature_coupled: ]
[path_smooth: 0]
[interaction_constraints: ]
[verbosity: 1]
[saved_feature_importance_type: 0]
[max_bin: 255]
[max_bin_by_feature: ]
[min_data_in_bin: 3]
[bin_construct_sample_cnt: 200000]
[data_random_seed: 1]
[is_enable_sparse: 1]
[enable_bundle: 1]
[use_missing: 1]
[zero_as_missing: 0]
[feature_pre_filter: 1]
[pre_partition: 0]
[two_round: 0]
[header: 0]
[label_column: ]
[weight_column: ]
[group_column: ]
[ignore_column: ]
[categorical_feature: ]
[forcedbins_filename: ]
[objective_seed: 5]
[num_class: 1]
[is_unbalance: 0]
[scale_pos_weight: 1]
[sigmoid: 1]
[boost_from_average: 1]
[reg_sqrt: 0]
[alpha: 0.9]
[fair_c: 1]
[poisson_max_delta_step: 0.7]
[tweedie_variance_power: 1.5]
[lambdarank_truncation_level: 30]
[lambdarank_norm: 1]
[label_gain: ]
[eval_at: ]
[multi_error_top_k: 1]
[auc_mu_weights: ]
[num_machines: 1]
[local_listen_port: 12400]
[time_out: 120]
[machine_list_filename: ]
[machines: ]
[gpu_platform_id: -1]
[gpu_device_id: -1]
[gpu_use_dp: 0]
[num_gpu: 1]

end of parameters

pandas_categorical:null
