tree
version=v3
num_class=1
num_tree_per_iteration=1
label_index=0
max_feature_idx=15
objective=regression
feature_names=Column_0 Column_1 Column_2 Column_3 Column_4 Column_5 Column_6 Column_7 Column_8 Column_9 Column_10 Column_11 Column_12 Column_13 Column_14 Column_15
feature_infos=[1:49] [0:64] [4:49] [0:63] [0:7] [0:8] [0:7] [0:196] [0:227] [0:283] [0:7] [0:7] [0:7] [0:202] [0:242] [0:219]
tree_sizes=2672 2720 2718 2716 2708 2712 2710 2715

Tree=0
num_leaves=31
num_cat=0
split_feature=0 2 0 3 2 9 3 2 7 15 7 6 2 4 12 2 13 7 0 4 4 15 6 1 11 0 14 10 2 2
split_gain=35.4537 15.9161 8.16634 6.17291 5.57991 5.73857 5.01963 4.38736 4.59606 5.31398 4.30243 4.12427 6.58563 4.00308 4.18532 6.28648 5.74891 3.33018 3.15904 2.97973 2.84367 2.68412 3.51502 2.56527 3.4513 2.48914 2.23539 1.54678 1.20763 1.02507
threshold=35.500000000000007 12.500000000000002 22.500000000000004 21.500000000000004 37.500000000000007 8.5000000000000018 13.500000000000002 43.500000000000007 12.500000000000002 5.5000000000000009 3.5000000000000004 2.5000000000000004 29.500000000000004 1.5000000000000002 2.5000000000000004 19.500000000000004 6.5000000000000009 8.5000000000000018 21.500000000000004 2.5000000000000004 2.5000000000000004 5.5000000000000009 2.5000000000000004 4.5000000000000009 2.5000000000000004 40.500000000000007 12.500000000000002 2.5000000000000004 23.500000000000004 23.500000000000004
decision_type=2 2 2 2 2 2 2 2 2 2 2 2 2 2 2 2 2 2 2 2 2 2 2 2 2 2 2 2 2 2
left_child=1 18 3 10 5 -2 -6 8 20 -10 -3 12 -11 -12 15 17 28 -15 -1 25 21 -4 -23 24 -16 -7 -22 -25 -17 -18
right_child=4 2 7 -5 6 19 -8 -9 9 11 13 -13 -14 14 23 16 29 -19 -20 -21 26 22 -24 27 -26 -27 -28 -29 -30 -31
leaf_value=-0.2489482133909946 -0.25888132316682805 -0.32118901176069248 -0.26621163947198856 -0.33503516478155126 -0.22703517121885289 -0.24503517014596929 -0.28537999532743707 -0.3069101664579319 -0.28738810879800786 -0.18836850685689915 -0.31915281278703678 -0.26580439967725744 -0.25888132316682805 -0.22867153475768165 -0.31155690531139946 -0.27819306290644685 -0.32720907829150064 -0.28253516791079508 -0.19594426398110637 -0.18576688099570798 -0.24503517014596929 -0.32082463931277516 -0.27503516835782993 -0.26753516880486478 -0.25677429988104516 -0.19789231581304539 -0.28594425861668837 -0.23503517074201574 -0.30373081882134884 -0.3057328409467106
leaf_weight=23 26 39 34 32 30 24 29 32 34 27 34 39 26 22 23 95 46 24 22 41 34 38 30 32 23 21 22 27 23 43
leaf_count=23 26 39 34 32 30 24 29 32 34 27 34 39 26 22 23 95 46 24 22 41 34 38 30 32 23 21 22 27 23 43
internal_value=-0.272261 -0.28086 -0.284201 -0.292659 -0.230825 -0.217714 -0.255713 -0.271807 -0.267852 -0.253607 -0.289513 -0.241122 -0.22296 -0.286362 -0.283247 -0.290213 -0.297644 -0.256774 -0.223035 -0.205268 -0.279212 -0.289153 -0.300623 -0.266464 -0.284166 -0.223035 -0.261107 -0.252662 -0.283171 -0.316833
internal_weight=0 824 779 463 171 112 59 316 284 126 431 92 53 392 358 253 207 46 45 86 158 102 68 105 46 45 56 59 118 89
internal_count=995 824 779 463 171 112 59 316 284 126 431 92 53 392 358 253 207 46 45 86 158 102 68 105 46 45 56 59 118 89
shrinkage=1


Tree=1
num_leaves=31
num_cat=0
split_feature=0 2 0 3 15 3 2 1 8 4 4 2 12 8 5 7 0 9 0 9 15 9 14 1 15 13 6 1 9 14
split_gain=28.7175 12.8921 6.66466 6.97487 5.24052 6.02913 4.83492 4.66266 4.81209 4.28082 3.23933 9.95001 4.72955 2.96418 6.62711 4.62484 2.55882 2.45693 2.17719 5.17408 2.57342 2.65613 2.52506 2.31725 1.89052 2.78371 1.57105 1.7575 1.55413 1.49376
threshold=35.500000000000007 12.500000000000002 25.500000000000004 21.500000000000004 3.5000000000000004 11.500000000000002 39.500000000000007 15.500000000000002 18.500000000000004 2.5000000000000004 2.5000000000000004 19.500000000000004 2.5000000000000004 40.000000000000007 3.5000000000000004 17.500000000000004 21.500000000000004 19.500000000000004 19.500000000000004 15.500000000000002 5.5000000000000009 8.5000000000000018 6.5000000000000009 4.5000000000000009 3.5000000000000004 11.500000000000002 2.5000000000000004 4.5000000000000009 13.500000000000002 13.500000000000002
decision_type=2 2 2 2 2 2 2 2 2 2 2 2 2 2 2 2 2 2 2 2 2 2 2 2 2 2 2 2 2 2
left_child=1 16 3 10 -2 9 -7 13 -9 17 18 -12 26 14 15 24 -1 -6 19 29 21 22 -20 -22 -4 -26 27 -13 -14 -3
right_child=4 2 7 -5 5 6 -8 8 -10 -11 11 12 28 -15 -16 -17 -18 -19 20 -21 23 -23 -24 -25 25 -27 -28 -29 -30 -31
leaf_value=0.020981778269228729 0.073778592422604566 -0.045360986715139349 0.0088257089257240302 -0.057398631022526674 0.0057099351882934574 0.027523234321011437 -0.031172342922376552 0.060473752251038182 -0.00036707428785470817 0.073685474255505742 0.050125377972920743 -0.038144052028656006 -0.0042528818954120978 -0.034541171126895483 0.049548462529977161 0.028503179108655016 0.068685337223789916 0.052107597532726473 -0.0031991335563361645 0.0042427173919147914 0.0031679239273071287 -0.034056589603424073 0.037508036792278293 -0.031659976494165118 -0.038034626447929529 0.0049863684745061962 -0.047605474858448425 -0.00095237957106696243 0.030546703508922031 -0.015020036399364473
leaf_weight=23 32 86 20 39 25 36 23 26 26 34 30 24 33 27 24 27 22 21 64 36 25 20 20 81 53 21 29 27 21 20
leaf_count=23 32 86 20 39 25 36 23 26 26 34 30 24 33 27 24 27 22 21 64 36 25 20 20 81 53 21 29 27 21 20
internal_value=0 -0.0077392 -0.0107455 -0.0166217 0.037293 0.0288934 0.00464191 0.00381386 0.0300533 0.0467789 -0.0135398 -0.00193191 -0.0135865 -0.00411901 0.0015458 -0.00797538 0.0443035 0.0268915 -0.018948 -0.028512 -0.0124808 -0.00130496 0.00649305 -0.0234458 -0.0184533 -0.025826 -0.0290216 -0.0184543 0.00928029 -0.0396363
internal_weight=0 824 779 555 171 139 59 224 52 80 516 164 134 172 145 121 45 46 352 142 210 104 84 106 94 74 80 51 54 106
internal_count=995 824 779 555 171 139 59 224 52 80 516 164 134 172 145 121 45 46 352 142 210 104 84 106 94 74 80 51 54 106
shrinkage=0.1


Tree=2
num_leaves=31
num_cat=0
split_feature=0 2 15 1 11 8 12 0 15 3 4 0 3 15 12 0 3 15 2 13 3 2 13 5 14 14 2 8 0 2
split_gain=23.2612 10.6772 7.43171 6.67685 6.6685 5.13192 4.41109 5.3575 4.24482 5.03936 6.11319 4.00703 3.32979 3.08129 3.00067 4.94792 2.998 2.88532 2.874 2.87353 2.75696 2.46815 2.22512 3.91081 2.14147 2.06274 2.05413 1.68613 1.49952 1.35153
threshold=35.500000000000007 17.500000000000004 18.500000000000004 7.5000000000000009 1.5000000000000002 17.500000000000004 3.5000000000000004 25.500000000000004 3.5000000000000004 19.500000000000004 2.5000000000000004 23.500000000000004 14.500000000000002 9.5000000000000018 2.5000000000000004 16.500000000000004 7.5000000000000009 9.5000000000000018 29.500000000000004 5.5000000000000009 4.5000000000000009 32.500000000000007 6.5000000000000009 2.5000000000000004 4.5000000000000009 8.5000000000000018 22.500000000000004 8.5000000000000018 27.500000000000004 29.500000000000004
decision_type=2 2 2 2 2 2 2 2 2 2 2 2 2 2 2 2 2 2 2 2 2 2 2 2 2 2 2 2 2 2
left_child=1 2 11 12 -5 6 7 19 -2 10 13 25 14 -10 17 -16 -9 22 26 -6 -7 -12 24 -24 -3 -1 -17 -26 -14 -21
right_child=8 3 -4 4 5 20 -8 16 9 -11 21 -13 28 -15 15 18 -18 -19 -20 29 -22 -23 23 -25 27 -27 -28 -29 -30 -31
leaf_value=0.015293734824215924 0.066400730423629289 -0.035915539979934692 0.070214229077100759 0.047390380501747133 0.0095053630215781084 0.0040751018307425757 0.037450294835226876 0.052324032187461858 -0.013481029997701231 -0.0088133972138166438 0.083146171878885344 0.037166405096650125 -0.048936070874333382 0.033128753546121957 -0.032930844671585982 0.0034598467250665033 0.00037984490394592289 -0.051941038944103103 -0.018332441931679138 -0.05017158366166629 -0.038036010400304257 0.036797484457492834 -0.040469835698604587 0.0026942427816062141 -0.0099302843213081374 -0.020663019021352133 0.042710325916608179 0.019356702327728272 -0.016897728897276379 -0.015594318509101868
leaf_weight=27 32 25 24 28 21 22 35 20 23 32 27 32 48 37 34 24 25 27 21 26 53 20 76 29 92 39 30 25 21 20
leaf_count=27 32 25 24 28 21 22 35 20 23 32 27 32 48 37 34 24 25 27 21 26 53 20 76 29 92 39 30 25 21 20
internal_value=0 -0.00696528 0.0203405 -0.0117107 0.00140271 -0.00439754 0.0064626 -0.00322105 0.0335637 0.0260041 0.0364168 0.00812651 -0.0189637 0.0152617 -0.0153207 -0.00128701 0.0234662 -0.0209034 0.0130582 -0.0211453 -0.0256834 0.0634233 -0.0175107 -0.0285483 -0.00934899 -0.00595344 0.0252657 -0.00367238 -0.0391853 -0.035138
internal_weight=0 824 122 702 250 222 147 112 171 139 107 98 452 60 383 109 45 274 75 67 75 47 247 105 142 66 54 117 69 46
internal_count=995 824 122 702 250 222 147 112 171 139 107 98 452 60 383 109 45 274 75 67 75 47 247 105 142 66 54 117 69 46
shrinkage=0.1


Tree=3
num_leaves=31
num_cat=0
split_feature=0 2 1 5 14 2 14 13 14 8 3 4 5 1 3 4 13 11 9 2 15 0 1 0 12 0 9 14 14 13
split_gain=18.8604 7.62108 7.38921 7.21356 6.31249 5.93053 10.6265 6.43153 4.99437 3.72816 3.51334 4.08088 3.9907 3.06805 4.22147 3.46289 2.77179 2.70682 2.70381 2.47406 2.4156 1.93714 1.88358 3.80242 1.84411 2.88134 2.98426 2.12844 1.4062 1.601
threshold=28.500000000000004 19.500000000000004 13.500000000000002 1.5000000000000002 19.500000000000004 30.500000000000004 5.5000000000000009 4.5000000000000009 4.5000000000000009 61.500000000000007 8.5000000000000018 2.5000000000000004 2.5000000000000004 7.5000000000000009 14.500000000000002 2.5000000000000004 17.500000000000004 2.5000000000000004 11.500000000000002 25.500000000000004 8.5000000000000018 19.500000000000004 17.500000000000004 36.500000000000007 2.5000000000000004 16.500000000000004 7.5000000000000009 2.5000000000000004 5.5000000000000009 4.5000000000000009
decision_type=2 2 2 2 2 2 2 2 2 2 2 2 2 2 2 2 2 2 2 2 2 2 2 2 2 2 2 2 2 2
left_child=1 2 4 -2 8 10 17 -8 -1 13 11 18 -12 14 24 19 20 -7 -5 -15 -17 -10 23 -9 27 -26 -27 -3 -29 -30
right_child=3 9 -4 5 -6 6 7 22 21 -11 12 -13 -14 15 -16 16 -18 -19 -20 -21 -22 -23 -24 -25 25 26 -28 28 29 -31
leaf_value=0.029285934437876162 -0.033248383551836014 -0.041954185419222891 0.053623089674980411 -0.021905167698860167 0.050051619708538053 0.070881296121157136 0.038000096380710606 -0.053785954602062702 -0.038263262311617537 -0.047993129762736238 0.018536106944084169 0.051105506760733471 0.072409366545352072 -0.041609128868138355 -0.047631675836651829 0.047960388889679545 -0.011762995819250742 0.023221449147571217 0.024965320527553559 0.00011619865894317628 0.0048541156145242544 -0.0061545094146448027 -0.0012657455859645722 0.0017969980835914612 -0.029038729575964123 0.036116975087385914 -0.0098227491301874966 -0.0056998659720581572 -0.0059014874346116014 -0.033062429477771126
leaf_weight=23 24 34 31 20 20 26 24 32 42 33 20 35 44 27 43 26 30 22 32 30 26 34 31 20 26 26 31 89 34 60
leaf_count=23 24 34 31 20 20 26 24 32 42 33 20 35 44 27 43 26 30 22 32 30 26 34 31 20 26 26 31 89 34 60
internal_value=0 -0.00969863 0.0101374 0.0195442 -0.00119077 0.0236848 0.00994412 -0.00759296 -0.0115428 -0.0154761 0.0377895 0.0247067 0.055574 -0.0132499 -0.0183287 -0.000717074 0.0124425 0.0490372 0.00693821 -0.0196484 0.0264073 -0.0238988 -0.0207765 -0.0324079 -0.0141287 -0.00145146 0.0111322 -0.0189775 -0.0147087 -0.0232383
internal_weight=0 665 150 330 119 306 155 107 99 515 151 87 64 482 343 139 82 48 52 57 52 76 83 52 300 83 57 217 183 94
internal_count=995 665 150 330 119 306 155 107 99 515 151 87 64 482 343 139 82 48 52 57 52 76 83 52 300 83 57 217 183 94
shrinkage=0.1


Tree=4
num_leaves=31
num_cat=0
split_feature=0 2 1 4 9 14 15 2 4 3 8 10 6 15 13 7 5 7 0 8 12 13 15 8 8 12 13 14 3 0
split_gain=15.8745 7.46586 3.98451 4.05593 3.54839 4.56786 3.29768 4.16318 5.09914 4.53681 3.24353 3.47369 3.09682 3.0136 2.89018 2.57584 2.47723 4.73521 1.93427 3.24548 1.91101 2.62083 4.25984 1.64869 3.27081 1.6396 3.43009 2.85417 2.22952 1.46986
threshold=35.500000000000007 12.500000000000002 12.500000000000002 4.5000000000000009 43.500000000000007 29.500000000000004 3.5000000000000004 37.500000000000007 2.5000000000000004 13.500000000000002 58.500000000000007 1.5000000000000002 2.5000000000000004 18.500000000000004 28.500000000000004 22.500000000000004 2.5000000000000004 6.5000000000000009 24.500000000000004 8.5000000000000018 3.5000000000000004 8.5000000000000018 7.5000000000000009 8.5000000000000018 12.500000000000002 2.5000000000000004 6.5000000000000009 5.5000000000000009 5.5000000000000009 21.500000000000004
decision_type=2 2 2 2 2 2 2 2 2 2 2 2 2 2 2 2 2 2 2 2 2 2 2 2 2 2 2 2 2 2
left_child=1 29 4 10 5 14 -2 8 12 -9 11 -4 -8 23 16 -10 17 -3 20 -20 21 22 -18 -13 -25 26 -19 -28 -27 -1
right_child=6 2 3 -5 -6 -7 7 9 15 -11 -12 13 -14 -15 -16 -17 18 25 19 -21 -22 -23 -24 24 -26 28 27 -29 -30 -31
leaf_value=0.016174126967139865 0.056669756211340433 -0.03804504982630412 -0.020088930726051332 -0.032308145523071291 -0.046072071174095425 0.029172507992812565 -0.014668388470359471 0.028665120899677279 0.084316238619032369 -0.032204122304916385 -0.019013348941145272 0.03526528015218932 0.035705463932110715 0.056506005674600603 -0.047749486565589909 0.034171316921710972 0.015436776621001109 -0.0026886222776302624 0.03647884716590246 -0.0072704335817923918 0.018081875642140709 -0.038110989422509171 -0.03810156013654626 -0.023780322616750546 0.026983874638875329 0.03054804097522389 -0.0053169835358858114 -0.04313828827075239 -0.011363680760065714 0.052329197322780442
leaf_weight=23 32 75 20 25 29 28 23 24 21 25 29 29 26 24 22 20 42 121 30 39 21 33 23 22 30 22 32 53 30 22
leaf_count=23 32 75 20 25 29 28 23 24 21 25 29 29 26 24 22 20 42 121 30 39 21 33 23 22 30 22 32 53 30 22
internal_value=0 -0.00575404 -0.00804182 0.00505205 -0.0119482 -0.0102151 0.0277271 0.021064 0.0338337 -0.00239062 0.011117 0.0181073 0.0120606 0.0253827 -0.0122461 0.0598553 -0.0107469 -0.015928 -0.00156977 0.011751 -0.00929357 -0.0151597 -0.00350756 0.016161 0.00550671 -0.00949864 -0.0135039 -0.0288997 0.0063682 0.0338499
internal_weight=0 824 779 179 600 571 171 139 90 49 154 125 49 105 543 41 521 333 188 69 119 98 65 81 52 258 206 85 52 45
internal_count=995 824 779 179 600 571 171 139 90 49 154 125 49 105 543 41 521 333 188 69 119 98 65 81 52 258 206 85 52 45
shrinkage=0.1


Tree=5
num_leaves=31
num_cat=0
split_feature=0 2 15 11 1 7 7 8 14 5 15 3 9 2 1 0 7 3 9 12 2 4 8 13 13 8 3 2 2 9
split_gain=12.8583 6.48616 4.67672 4.30392 4.63198 3.86208 3.19056 3.13745 2.85935 5.14812 2.67112 3.47117 3.28503 3.04518 2.39488 2.75596 5.6908 3.01251 2.79818 3.22117 2.93572 2.69469 2.46772 2.07218 2.01383 1.83069 1.46783 2.86431 2.18863 0.921392
threshold=35.500000000000007 17.500000000000004 18.500000000000004 1.5000000000000002 10.500000000000002 14.500000000000002 7.5000000000000009 82.500000000000014 29.500000000000004 3.5000000000000004 3.5000000000000004 11.500000000000002 9.5000000000000018 39.500000000000007 1.5000000000000002 25.500000000000004 13.500000000000002 11.500000000000002 12.500000000000002 2.5000000000000004 24.500000000000004 2.5000000000000004 8.5000000000000018 6.5000000000000009 8.5000000000000018 7.5000000000000009 5.5000000000000009 26.500000000000004 23.500000000000004 8.5000000000000018
decision_type=2 2 2 2 2 2 2 2 2 2 2 2 2 2 2 2 2 2 2 2 2 2 2 2 2 2 2 2 2 2
left_child=1 2 5 4 -3 6 -1 8 14 -10 -2 12 -12 -13 26 17 21 18 20 -20 23 -17 -18 -16 -22 -14 28 -28 -5 -25
right_child=10 3 -4 7 -6 -7 -8 -9 9 -11 11 13 25 -15 15 16 22 -19 19 -21 24 -23 -24 29 -26 -27 27 -29 -30 -31
leaf_value=4.7662428447178437e-05 0.051002780348062521 -0.013257102597327458 0.055667493492364883 -0.045523502191771634 0.051052300135294597 -0.02144646556539969 0.044489831502238911 -0.041980095928715128 -0.016061223699496346 0.049666228213093501 -0.0025696688890457157 0.018715329799387191 0.024916893685305561 -0.027866617233856868 0.0016059096171477131 -0.028480760027200749 0.06116582334041596 -0.038582846836039901 -0.014661197817843894 0.036265562198780202 -0.047231080134709676 0.010673225112259389 0.011489656269550324 -0.012308806722814387 -0.0088282659649848941 0.060028005188161683 0.01167555038006075 -0.027013380885124207 -0.012064514703610365 -0.039510020911693575
leaf_weight=35 32 21 24 46 24 33 30 31 26 22 20 36 27 23 107 39 20 38 23 27 36 32 20 33 22 33 31 50 34 20
leaf_count=35 32 21 24 46 24 33 30 31 26 22 20 36 27 23 107 39 20 38 23 27 36 32 20 33 22 33 31 50 34 20
internal_value=0 -0.00517864 0.0161037 -0.00887727 0.0210412 0.00641459 0.0205594 -0.0109265 -0.00938869 0.0140639 0.0249544 0.0189576 0.0325286 0.000556266 -0.0113363 -0.00733665 0.00616129 -0.012233 -0.00849678 0.0128393 -0.0133904 -0.0108339 0.0363277 -0.00640349 -0.0326645 0.044228 -0.0216957 -0.0122065 -0.0313034 -0.0225734
internal_weight=0 824 122 702 45 98 65 657 626 48 171 139 80 59 578 417 111 306 268 50 218 71 40 160 58 60 161 81 80 53
internal_count=995 824 122 702 45 98 65 657 626 48 171 139 80 59 578 417 111 306 268 50 218 71 40 160 58 60 161 81 80 53
shrinkage=0.1


Tree=6
num_leaves=31
num_cat=0
split_feature=0 5 2 1 14 14 15 3 3 2 14 1 3 4 3 13 9 12 11 7 7 8 9 1 13 1 7 8 0 0
split_gain=10.4215 5.39553 4.60495 4.77868 4.37902 4.20755 3.91425 5.56901 5.803 6.16598 4.37852 3.31801 3.18402 2.85651 2.77947 2.66034 2.63384 2.51116 2.72556 2.97248 2.58444 3.89122 2.35583 2.17339 1.97025 3.0781 1.92465 1.79996 1.55573 1.52991
threshold=28.500000000000004 1.5000000000000002 19.500000000000004 13.500000000000002 19.500000000000004 4.5000000000000009 3.5000000000000004 6.5000000000000009 8.5000000000000018 30.500000000000004 5.5000000000000009 17.500000000000004 4.5000000000000009 2.5000000000000004 11.500000000000002 9.5000000000000018 37.500000000000007 2.5000000000000004 2.5000000000000004 14.500000000000002 4.5000000000000009 7.5000000000000009 12.500000000000002 13.500000000000002 21.500000000000004 10.500000000000002 10.500000000000002 14.500000000000002 22.500000000000004 19.500000000000004
decision_type=2 2 2 2 2 2 2 2 2 2 2 2 2 2 2 2 2 2 2 2 2 2 2 2 2 2 2 2 2 2
left_child=2 -2 3 4 5 -1 12 11 -9 15 -11 13 -3 -8 17 -10 23 18 22 -20 -19 -22 -4 -12 25 28 -23 -28 -16 -7
right_child=1 6 14 -5 -6 29 7 8 9 10 16 -13 -14 -15 24 -17 -18 20 19 -21 21 26 -24 -25 -26 -27 27 -29 -30 -31
leaf_value=0.027952564928842627 -0.031129790470004082 0.016913234239274804 -0.011148876640838006 0.043180148255440504 0.041779088079929354 -0.033628982092653005 0.0032639567916457717 -0.045169428803704004 0.016224069710307081 0.027722715692860739 -0.025032914257966554 0.062156407109328682 0.069075354099273678 0.048141434529553294 -0.017293079746396919 0.060738068908452993 -0.048709635649408611 -0.027109955251216889 -0.044932544296202456 -0.0015191155175367991 0.040298986627209571 0.018011532261453824 0.022284194082021716 0.018814716190099719 -0.047140154739220938 0.0093309443572471892 -0.035396991805596786 0.0050545659932223243 -0.049413078904151919 -0.0050941261298516225
leaf_weight=23 24 22 173 31 20 42 37 22 29 28 26 28 25 23 38 25 21 22 46 24 31 29 24 20 30 29 22 22 25 34
leaf_count=23 24 22 173 31 20 42 37 22 29 28 26 28 25 23 38 25 21 22 46 24 31 29 24 20 30 29 22 22 25 34
internal_value=0 0.014528 -0.0072094 0.00820972 -0.000900225 -0.00952231 0.018109 0.0132911 0.0027719 0.00985048 -0.00548661 0.0337318 0.044659 0.020467 -0.0117004 0.0368324 -0.0193651 -0.00760723 -0.0130985 -0.0300479 0.00402897 0.0106161 -0.00707581 -0.00596873 -0.0248858 -0.017629 -0.00198903 -0.0151712 -0.0300391 -0.0208634
internal_weight=0 330 665 150 119 99 306 259 171 149 95 88 47 60 515 54 67 393 267 70 126 104 197 46 122 92 73 44 63 76
internal_count=995 330 665 150 119 99 306 259 171 149 95 88 47 60 515 54 67 393 267 70 126 104 197 46 122 92 73 44 63 76
shrinkage=0.1


Tree=7
num_leaves=31
num_cat=0
split_feature=0 2 15 1 11 12 8 9 13 15 2 9 1 3 5 9 12 0 11 9 15 15 9 0 13 8 3 8 9 13
split_gain=8.92286 4.52534 3.62753 3.16416 3.64907 3.12786 2.90046 3.59744 2.30628 2.27307 2.10218 3.06194 2.28265 1.74367 1.70895 1.87873 2.20783 2.97094 2.3895 1.70533 1.66085 2.36875 1.51021 3.24072 1.79421 1.50664 1.22346 1.05063 0.965654 1.66135
threshold=35.500000000000007 17.500000000000004 6.5000000000000009 7.5000000000000009 1.5000000000000002 2.5000000000000004 17.500000000000004 20.500000000000004 22.500000000000004 18.500000000000004 37.500000000000007 7.5000000000000009 12.500000000000002 4.5000000000000009 3.5000000000000004 22.500000000000004 2.5000000000000004 18.500000000000004 2.5000000000000004 9.5000000000000018 18.500000000000004 5.5000000000000009 14.500000000000002 26.500000000000004 5.5000000000000009 16.500000000000004 19.500000000000004 7.5000000000000009 11.500000000000002 6.5000000000000009
decision_type=2 2 2 2 2 2 2 2 2 2 2 2 2 2 2 2 2 2 2 2 2 2 2 2 2 2 2 2 2 2
left_child=1 2 19 8 -5 -4 7 22 14 -7 11 -2 -12 -8 15 16 18 -18 28 -1 21 -13 23 24 -6 -16 -15 -19 29 -3
right_child=10 3 5 4 6 9 13 -9 -10 -11 12 20 -14 26 25 -17 17 27 -20 -21 -22 -23 -24 -25 -26 -27 -28 -29 -30 -31
leaf_value=-0.028132427257040273 -0.0028259600202242535 -0.0053889857452423849 0.054872682490027871 0.03564276940056256 0.013290709257125855 -0.0047030036487886989 0.0049971346150745055 0.035153788421303032 -0.035321131646633148 0.038538030087947844 -0.02195567846298218 0.02251980577905973 0.019596957243405856 -0.043975635102161993 0.024558327794075015 -0.033867098028595381 -0.021568113455065974 0.036671841144561769 -0.035460365017255149 0.010811039331284437 0.017359465360641479 0.063078003790643475 -0.025673461089963504 0.028071040456945247 -0.023548964659372965 -0.010906025249025097 -0.013583333293596903 0.0068486156287016695 0.010849571377038956 -0.025182133500392626
leaf_weight=23 24 122 26 28 20 31 22 32 40 20 20 24 39 26 25 37 27 21 45 22 28 36 23 33 39 23 27 27 20 65
leaf_count=23 24 122 26 28 20 31 22 32 40 20 20 24 39 26 25 37 27 21 45 22 28 36 23 33 39 23 27 27 20 65
internal_value=0 -0.00431395 0.0134627 -0.00740334 0.00162399 0.0266449 -0.00266666 0.00549783 -0.0123963 0.0122543 0.0207877 0.028835 0.00551132 -0.0186691 -0.0101706 -0.0125094 -0.0100928 0.0049691 -0.0145755 -0.0090934 0.0374699 0.0468547 -0.00275427 0.00297553 -0.0110609 0.00756499 -0.0284928 0.0198963 -0.0100353 -0.012269
internal_weight=0 824 122 702 250 77 222 147 452 51 171 112 59 75 412 364 327 75 252 45 88 60 115 92 59 48 53 48 207 187
internal_count=995 824 122 702 250 77 222 147 452 51 171 112 59 75 412 364 327 75 252 45 88 60 115 92 59 48 53 48 207 187
shrinkage=0.1


end of trees

feature_importances:
Column_2=29
Column_0=28
Column_3=21
Column_15=20
Column_9=19
Column_1=17
Column_8=17
Column_13=17
Column_14=16
Column_4=12
Column_7=12
Column_12=11
Column_5=8
Column_11=7
Column_6=4
Column_10=2

parameters:
[boosting: gbdt]
[objective: regression]
[metric: l2]
[tree_learner: serial]
[device_type: cpu]
[data: ]
[valid: ]
[num_iterations: 10000]
[learning_rate: 0.1]
[num_leaves: 31]
[num_threads: 0]
[deterministic: 0]
[force_col_wise: 0]
[force_row_wise: 0]
[histogram_pool_size: -1]
[max_depth: -1]
[min_data_in_leaf: 20]
[min_sum_hessian_in_leaf: 0.001]
[bagging_fraction: 1]
[pos_bagging_fraction: 1]
[neg_bagging_fraction: 1]
[bagging_freq: 0]
[bagging_seed: 3]
[feature_fraction: 1]
[feature_fraction_bynode: 1]
[feature_fraction_seed: 2]
[extra_trees: 0]
[extra_seed: 6]
[early_stopping_round: 10]
[first_metric_only: 0]
[max_delta_step: 0]
[lambda_l1: 0]
[lambda_l2: 0]
[min_gain_to_split: 0]
[drop_rate: 0.1]
[max_drop: 50]
[skip_drop: 0.5]
[xgboost_dart_mode: 0]
[uniform_drop: 0]
[drop_seed: 4]
[top_rate: 0.2]
[other_rate: 0.1]
[min_data_per_group: 100]
[max_cat_threshold: 32]
[cat_l2: 10]
[cat_smooth: 10]
[max_cat_to_onehot: 4]
[top_k: 20]
[monotone_constraints: ]
[monotone_constraints_method: basic]
[monotone_penalty: 0]
[feature_contri: ]
[forcedsplits_filename: ]
[refit_decay_rate: 0.9]
[cegb_tradeoff: 1]
[cegb_penalty_split: 0]
[cegb_penalty_feature_lazy: ]
[cegb_penalty_feature_coupled: ]
[path_smooth: 0]
[interaction_constraints: ]
[verbosity: 1]
[saved_feature_importance_type: 0]
[max_bin: 255]
[max_bin_by_feature: ]
[min_data_in_bin: 3]
[bin_construct_sample_cnt: 200000]
[data_random_seed: 1]
[is_enable_sparse: 1]
[enable_bundle: 1]
[use_missing: 1]
[zero_as_missing: 0]
[feature_pre_filter: 1]
[pre_partition: 0]
[two_round: 0]
[header: 0]
[label_column: ]
[weight_column: ]
[group_column: ]
[ignore_column: ]
[categorical_feature: ]
[forcedbins_filename: ]
[objective_seed: 5]
[num_class: 1]
[is_unbalance: 0]
[scale_pos_weight: 1]
[sigmoid: 1]
[boost_from_average: 1]
[reg_sqrt: 0]
[alpha: 0.9]
[fair_c: 1]
[poisson_max_delta_step: 0.7]
[tweedie_variance_power: 1.5]
[lambdarank_truncation_level: 30]
[lambdarank_norm: 1]
[label_gain: ]
[eval_at: ]
[multi_error_top_k: 1]
[auc_mu_weights: ]
[num_machines: 1]
[local_listen_port: 12400]
[time_out: 120]
[machine_list_filename: ]
[machines: ]
[gpu_platform_id: -1]
[gpu_device_id: -1]
[gpu_use_dp: 0]
[num_gpu: 1]

end of parameters

pandas_categorical:null
