tree
version=v3
num_class=1
num_tree_per_iteration=1
label_index=0
max_feature_idx=15
objective=regression
feature_names=Column_0 Column_1 Column_2 Column_3 Column_4 Column_5 Column_6 Column_7 Column_8 Column_9 Column_10 Column_11 Column_12 Column_13 Column_14 Column_15
feature_infos=[1:49] [0:94] [1:49] [0:61] [0:8] [0:8] [0:8] [0:230] [0:280] [18:256] [0:8] [0:8] [0:9] [0:311] [0:212] [0:295]
tree_sizes=2741 2864 2860 2850 2857 2840 2855 2835 2855 2857 2857 2846 2844 2848 2839 2851 2837 2840 2832 2852 2825 2842 2824 2829 2843 2824 2837 2812

Tree=0
num_leaves=31
num_cat=0
split_feature=2 0 1 1 0 0 0 2 1 12 7 4 5 9 7 10 12 4 1 12 13 15 2 15 5 14 9 12 14 1
split_gain=382.805 233.548 100.797 52.4408 26.075 25.1809 23.1411 21.3101 17.8344 15.4113 14.2905 13.3732 12.7163 13.0901 12.4285 10.8961 10.7621 9.62059 9.45578 9.37952 9.36797 9.2874 8.79686 8.79558 8.67066 8.49505 8.24579 8.25958 8.02552 7.88408
threshold=12.500000000000002 25.500000000000004 6.5000000000000009 15.500000000000002 35.500000000000007 20.500000000000004 11.500000000000002 34.500000000000007 1.0000000180025095e-35 1.5000000000000002 2.5000000000000004 2.5000000000000004 1.5000000000000002 21.500000000000004 4.5000000000000009 1.0000000180025095e-35 1.0000000180025095e-35 2.5000000000000004 25.500000000000004 1.0000000180025095e-35 1.5000000000000002 1.5000000000000002 42.500000000000007 10.500000000000002 1.5000000000000002 26.500000000000004 20.500000000000004 2.5000000000000004 7.5000000000000009 4.5000000000000009
decision_type=2 2 2 2 2 2 2 2 2 2 2 2 2 2 2 2 2 2 2 2 2 2 2 2 2 2 2 2 2 2
left_child=-1 3 8 5 12 7 -5 9 15 -2 -7 24 13 -4 -14 -3 -10 -17 28 -16 -8 -19 -22 -9 -11 -24 -12 -28 -6 -13
right_child=1 2 4 6 18 10 20 23 16 11 26 29 14 -15 19 17 -18 21 -20 -21 22 -23 25 -25 -26 -27 27 -29 -30 -31
leaf_value=0.27917498501256999 0.2178983888620703 0.23486729241143944 0.168720438826513 0.17148267660704433 0.22260956409461227 0.16620946704360295 0.2527749848377297 0.17883336944582914 0.25053862125428777 0.14355854575825344 0.1927143102843345 0.18391655741875482 0.20556387342774915 0.23162781488635678 0.25562358301528898 0.18497949566693342 0.20933677671769826 0.24388086713176749 0.25188775082100523 0.22499851407625138 0.2201683621052283 0.19875831782022349 0.17342498431221542 0.15691083328053684 0.17910505427990298 0.24488927049979042 0.21988444408439792 0.19755264405043776 0.23900291998276693 0.20297215432273377
leaf_weight=758 141 65 88 117 428 145 75 322 66 73 890 445 324 53 107 665 1607 51 376 1530 604 432 80 424 1144 21 296 376 988 424
leaf_count=758 141 65 88 117 428 145 75 322 66 73 890 445 324 53 107 665 1607 51 376 1530 604 432 80 424 1144 21 296 376 988 424
internal_value=0.210194 0.205963 0.218432 0.190805 0.228928 0.18656 0.212954 0.181001 0.204269 0.185902 0.19624 0.183739 0.221373 0.192366 0.223459 0.195036 0.210962 0.192781 0.237791 0.227 0.219175 0.203523 0.215601 0.166373 0.176973 0.188284 0.199028 0.207389 0.234048 0.193214
internal_weight=0 12357 6780 5577 3894 4680 897 2973 2886 2227 1707 2086 2102 141 1961 1213 1673 1148 1792 1637 780 483 705 746 1217 101 1562 672 1416 869
internal_count=13115 12357 6780 5577 3894 4680 897 2973 2886 2227 1707 2086 2102 141 1961 1213 1673 1148 1792 1637 780 483 705 746 1217 101 1562 672 1416 869
shrinkage=1


Tree=1
num_leaves=31
num_cat=0
split_feature=2 0 1 1 0 12 0 15 13 7 1 7 1 0 12 5 9 0 10 13 7 4 7 3 14 3 5 2 13 15
split_gain=310.072 189.174 81.6452 44.8126 21.1471 15.9061 15.6286 14.5557 12.9578 12.7239 12.5628 12.2325 11.505 17.6662 10.8728 9.98503 10.2664 8.67588 8.13765 8.43394 8.75199 8.10195 7.94021 7.82254 7.52092 7.41127 7.40324 8.69781 10.8658 8.08051
threshold=12.500000000000002 25.500000000000004 6.5000000000000009 8.5000000000000018 37.500000000000007 1.5000000000000002 18.500000000000004 13.500000000000002 22.500000000000004 3.5000000000000004 1.5000000000000002 13.500000000000002 17.500000000000004 13.500000000000002 1.0000000180025095e-35 2.5000000000000004 21.500000000000004 8.5000000000000018 1.0000000180025095e-35 34.500000000000007 24.500000000000004 1.0000000180025095e-35 39.500000000000007 9.5000000000000018 9.5000000000000018 22.500000000000004 2.5000000000000004 28.500000000000004 5.5000000000000009 24.500000000000004
decision_type=2 2 2 2 2 2 2 2 2 2 2 2 2 2 2 2 2 2 2 2 2 2 2 2 2 2 2 2 2 2
left_child=-1 3 5 6 9 -3 7 8 21 -4 18 -8 26 -14 -11 16 -16 -9 -7 20 -20 -2 -19 -23 -6 -15 -5 -28 -29 -30
right_child=1 2 4 12 24 10 11 17 -10 14 -12 -13 13 25 15 -17 -18 22 19 -21 -22 23 -24 -25 -26 -27 27 28 29 -31
leaf_value=0.062082499265670776 -0.053472095809570734 0.019095645270875244 -0.0095704335903486829 -0.018551190995118198 0.017253222052742097 0.019129025410203376 -0.023867429864939546 -0.072902186512947095 -0.053691345581905449 0.039417991645975051 -0.00076126251732749027 -0.00621839810187131 -0.02716592979088104 0.017733242806567941 -0.0064016811628756767 0.017332525506019592 0.016897591844766954 -0.043401190150337873 -0.023508445099412398 0.0093943806834842856 -0.0016381729750529581 -0.0098989730685707031 -1.3857445818312626e-06 -0.027384945518192164 0.032134888039991545 -0.014066945752878299 0.0072550014213279453 0.011108798307499716 -0.017084532429525002 -0.061024046843906624
leaf_weight=758 73 244 263 680 548 68 1096 90 139 153 1334 612 139 465 471 1250 316 409 895 115 230 492 47 533 893 87 351 112 199 53
leaf_count=758 73 244 263 680 548 68 1096 90 139 153 1334 612 139 465 471 1250 316 409 895 115 230 492 47 533 893 87 351 112 199 53
internal_value=0 -0.00380825 0.00741347 -0.0174506 0.0168606 -0.0053333 -0.0243798 -0.0309284 -0.0249257 0.0112124 -0.00758942 -0.0175435 -0.00585434 0.00469764 0.0137082 0.0117772 0.00295355 -0.0445281 -0.0145533 -0.0164004 -0.0190372 -0.0212841 -0.038928 -0.0189917 0.0264755 0.0127213 -0.0110812 -0.00397679 -0.0148074 -0.0263258
internal_weight=0 12357 6780 5577 3894 2886 3491 1783 1237 2453 2642 1708 2086 691 2190 2037 787 546 1308 1240 1125 1098 456 1025 1441 552 1395 715 364 252
internal_count=13115 12357 6780 5577 3894 2886 3491 1783 1237 2453 2642 1708 2086 691 2190 2037 787 546 1308 1240 1125 1098 456 1025 1441 552 1395 715 364 252
shrinkage=0.1


Tree=2
num_leaves=31
num_cat=0
split_feature=2 0 1 1 0 0 12 1 12 7 1 13 2 0 15 9 4 0 8 0 5 4 1 8 1 0 13 7 13 6
split_gain=251.158 153.231 66.1326 36.2982 18.0301 13.0926 12.8839 11.7811 11.6936 10.6935 10.4786 9.49295 9.67756 16.8437 9.13099 9.20373 8.45293 9.29769 9.01475 8.35898 7.77676 7.70506 7.68464 7.67782 7.45506 7.68538 7.32539 7.15462 7.07827 7.0601
threshold=12.500000000000002 25.500000000000004 6.5000000000000009 8.5000000000000018 32.500000000000007 5.5000000000000009 1.5000000000000002 18.500000000000004 1.0000000180025095e-35 2.5000000000000004 1.0000000180025095e-35 1.5000000000000002 34.500000000000007 13.500000000000002 18.500000000000004 19.500000000000004 1.0000000180025095e-35 44.500000000000007 9.5000000000000018 18.500000000000004 1.5000000000000002 2.5000000000000004 15.500000000000002 4.5000000000000009 17.500000000000004 9.5000000000000018 2.5000000000000004 6.5000000000000009 11.500000000000002 4.5000000000000009
decision_type=2 2 2 2 2 2 2 2 2 2 2 2 2 2 2 2 2 2 2 2 2 2 2 2 2 2 2 2 2 2
left_child=-1 3 6 5 7 -2 -3 14 -7 26 21 22 24 -14 15 27 18 23 -6 20 -11 -8 -5 -18 -13 -26 -10 -4 -22 -21
right_child=1 2 4 11 16 8 10 -9 9 19 -12 12 13 -15 -16 -17 17 -19 -20 29 28 -23 -24 -25 25 -27 -28 -29 -30 -31
leaf_value=0.055874246358871463 -0.051903067486626764 0.017186081250671482 -0.024478694727254471 -0.0017349868630751584 -0.050913591276515617 0.017829498222896031 -0.021002549701544835 0.020419570297946759 -0.0055702003778195855 -0.049294011040431698 -0.0014113032554763424 -0.0075083568692207343 -0.052612982070551512 -0.0099564969423227012 -0.0144292433052621 0.015820135225306502 0.0031377153737204414 0.035669115751981735 0.014157133301099143 -0.01714029445314301 -0.017227619864538423 -0.0041467214341497525 0.037255389101049877 0.021472942940775456 -0.033379044815113668 0.014032406593697512 -0.047333102272588669 0.0053894213910372756 -0.032175589824091765 0.0038956973928114327
leaf_weight=758 140 244 129 117 33 77 667 442 51 123 1518 876 113 512 282 455 266 400 60 1346 818 457 89 1615 38 341 238 212 517 181
leaf_count=758 140 244 129 117 33 77 667 442 51 123 1518 876 113 512 282 455 266 400 60 1346 818 457 89 1615 38 341 238 212 517 181
internal_value=0 -0.00342742 0.00667213 -0.0157055 0.0151746 -0.0219418 -0.00479997 0.00667064 -0.02069 -0.021596 -0.00683047 -0.0052689 -0.00750195 -0.0176688 0.00103332 0.00651127 0.0206194 0.0218242 -0.00893248 -0.0198177 -0.0252333 -0.0141492 0.0151104 0.0188801 -0.00243878 0.00927875 -0.0399632 -0.00590966 -0.0230165 -0.0146468
internal_weight=0 12357 6780 5577 3894 3491 2886 1520 3351 3274 2642 2086 1880 625 1078 796 2374 2281 93 2985 1458 1124 206 1881 1255 379 289 341 1335 1527
internal_count=13115 12357 6780 5577 3894 3491 2886 1520 3351 3274 2642 2086 1880 625 1078 796 2374 2281 93 2985 1458 1124 206 1881 1255 379 289 341 1335 1527
shrinkage=0.1


Tree=3
num_leaves=31
num_cat=0
split_feature=2 0 1 1 0 1 2 12 0 7 7 12 12 4 7 3 14 8 5 1 5 9 6 2 13 2 15 0 15 5
split_gain=203.438 124.117 53.5674 29.6515 16.407 15.5759 15.267 13.3383 12.0567 11.095 11.0885 12.4988 10.2871 9.48311 9.38935 8.90062 8.89802 8.50678 8.21388 8.09686 8.02122 7.61674 7.52673 10.46 7.1928 7.83922 6.88739 6.88073 7.61029 6.79492
threshold=12.500000000000002 25.500000000000004 6.5000000000000009 14.500000000000002 20.500000000000004 20.500000000000004 34.500000000000007 1.5000000000000002 11.500000000000002 5.5000000000000009 1.5000000000000002 1.5000000000000002 1.5000000000000002 2.5000000000000004 2.5000000000000004 22.500000000000004 29.500000000000004 13.500000000000002 2.5000000000000004 1.0000000180025095e-35 1.5000000000000002 19.500000000000004 4.5000000000000009 22.500000000000004 3.5000000000000004 42.500000000000007 10.500000000000002 34.500000000000007 18.500000000000004 3.5000000000000004
decision_type=2 2 2 2 2 2 2 2 2 2 2 2 2 2 2 2 2 2 2 2 2 2 2 2 2 2 2 2 2 2
left_child=-1 3 10 4 6 7 12 -4 -5 -9 -3 -12 -2 22 21 24 19 18 -15 -13 -7 -6 -14 -24 -10 -26 -8 28 -11 -21
right_child=1 2 5 8 14 20 26 9 15 27 11 16 13 17 -16 -17 -18 -19 -20 29 -22 -23 23 -25 25 -27 -28 -29 -30 -31
leaf_value=0.050286823511123659 0.0090755951313572069 -0.029252080300024581 0.025590476104422024 -0.026228551264409417 -0.063003806556974143 -0.0047355851629278167 -0.023553898980055141 -0.005595948420956386 0.028217504985870858 0.011263979054975276 0.019684888927947057 -0.014602624161319386 -0.028590081624966387 -0.03376798570648698 -0.0073990401536226276 -0.01952717574313283 0.010030197740803534 -0.0017409151490285714 -0.0051853373213562861 -0.0068201059186258801 0.026257284075256872 -0.015613923091874565 0.03008562423966148 -0.025039392644944397 0.0086010642736243856 -0.023509006947278976 -0.043515286644177482 0.017104246308772376 -0.0075526704826023644 0.0092909834554066525
leaf_weight=758 131 168 443 143 56 91 301 561 155 613 227 879 1039 242 1500 128 347 424 172 895 1014 86 55 92 559 88 406 841 331 370
leaf_count=758 131 168 443 143 56 91 301 561 155 613 227 879 1039 242 1500 128 347 424 172 895 1014 86 55 92 559 88 406 841 331 370
internal_value=0 -0.00308468 0.00600491 -0.014135 -0.0176939 0.0136571 -0.0222655 0.00967616 0.000804058 0.00667103 -0.00431997 -0.00277891 -0.0180821 -0.0198399 -0.00972568 0.00496069 -0.004826 -0.0116968 -0.0218931 -0.00723043 0.0237049 -0.0343029 -0.0255936 -0.00441439 0.00886897 0.0042337 -0.0350169 0.0105264 0.00466619 -0.00210777
internal_weight=0 12357 6780 5577 4504 3894 2862 2789 1073 2346 2886 2718 2155 2024 1642 930 2491 838 414 2144 1105 142 1186 147 802 647 707 1785 944 1265
internal_count=13115 12357 6780 5577 4504 3894 2862 2789 1073 2346 2886 2718 2155 2024 1642 930 2491 838 414 2144 1105 142 1186 147 802 647 707 1785 944 1265
shrinkage=0.1


Tree=4
num_leaves=31
num_cat=0
split_feature=2 0 1 1 1 7 13 0 12 5 12 7 5 0 15 0 3 12 0 3 12 15 7 15 13 7 4 9 2 5
split_gain=164.785 100.535 44.2421 25.5695 15.9989 15.5898 11.1059 10.0261 9.8233 8.93541 8.86253 8.78484 8.68715 7.89364 7.59668 8.14758 8.28354 7.55674 7.3529 7.33763 7.17953 10.2169 7.96908 11.9551 7.04083 6.66861 6.62536 6.75906 6.42298 6.34362
threshold=12.500000000000002 25.500000000000004 4.5000000000000009 8.5000000000000018 18.500000000000004 4.5000000000000009 4.5000000000000009 5.5000000000000009 1.0000000180025095e-35 1.5000000000000002 1.0000000180025095e-35 13.500000000000002 2.5000000000000004 34.500000000000007 3.5000000000000004 6.5000000000000009 19.500000000000004 3.5000000000000004 47.500000000000007 31.500000000000004 2.5000000000000004 5.5000000000000009 33.500000000000007 7.5000000000000009 1.5000000000000002 8.5000000000000018 2.5000000000000004 18.500000000000004 29.500000000000004 4.5000000000000009
decision_type=2 2 2 2 2 2 2 2 2 2 2 2 2 2 2 2 2 2 2 2 2 2 2 2 2 2 2 2 2 2
left_child=-1 3 18 7 5 6 -4 -2 -7 25 -9 -12 -10 -14 -5 -16 24 -8 20 -13 21 -3 -22 -24 -17 -6 27 28 -26 -15
right_child=1 2 4 14 9 8 17 10 12 -11 11 19 13 29 15 16 -18 -19 -20 -21 22 -23 23 -25 26 -27 -28 -29 -30 -31
leaf_value=0.045258143544197084 -0.044174488229410995 0.011275561038692693 0.015253302236882652 0.013840172346248184 0.036529616438425505 0.03315242764639989 -0.0078319727192519405 0.016673817882290134 0.00049285423499587609 0.022158290141746636 -0.021620192769716134 -0.0095116657995163133 0.0063350948779540665 0.023988072750629155 -0.037860134360078096 0.018692315121491752 -0.018821360322076885 -0.037644408164279802 0.0348483620654969 -0.054739890670454185 -0.015343309555381428 -0.011054376212253206 -0.050809582245760959 0.019565481547680168 -0.013420429754824865 -0.021507419950990793 0.0028300998296056476 -0.0056762714773930349 -0.057380119047381661 -0.0017316024484378949
leaf_weight=758 140 401 164 215 26 177 353 77 838 1284 2062 1175 845 667 77 156 335 112 42 37 1084 419 29 144 84 83 700 464 55 112
leaf_count=758 140 401 164 215 26 177 353 77 838 1284 2062 1175 845 667 77 156 335 112 42 37 1084 419 29 144 84 83 700 464 55 112
internal_value=0 -0.00277621 0.00540442 -0.0127215 0.0108511 0.00702599 -0.00712133 -0.0179556 0.010398 0.0198248 -0.0168602 -0.0176489 0.00876209 0.0130291 -0.00396198 -0.00600766 -0.00464052 -0.0150126 -0.00657614 -0.0108924 -0.00741381 -0.000134492 -0.0121624 0.00776851 -0.00138447 -0.00766372 -0.00378814 -0.011471 -0.0308146 0.0202903
internal_weight=0 12357 6780 5577 4661 3268 629 3491 2639 1393 3351 3274 2462 1624 2086 1871 1794 465 2119 1212 2077 820 1257 173 1459 109 1303 603 139 779
internal_count=13115 12357 6780 5577 4661 3268 629 3491 2639 1393 3351 3274 2462 1624 2086 1871 1794 465 2119 1212 2077 820 1257 173 1459 109 1303 603 139 779
shrinkage=0.1


Tree=5
num_leaves=31
num_cat=0
split_feature=2 0 1 1 0 0 5 0 2 7 2 13 1 9 7 9 7 15 3 7 3 7 5 15 1 6 3 13 10 2
split_gain=133.476 81.4332 35.8361 21.1996 13.9487 12.4031 12.3124 11.907 12.2935 8.86382 9.35609 8.64154 8.48262 8.27215 7.46992 7.27139 6.90757 6.8858 8.90672 6.86934 6.81001 6.72267 6.72165 8.59729 7.58865 8.70681 10.6909 7.98671 6.70839 6.67875
threshold=12.500000000000002 25.500000000000004 4.5000000000000009 15.500000000000002 44.500000000000007 9.5000000000000018 2.5000000000000004 20.500000000000004 34.500000000000007 28.500000000000004 19.500000000000004 26.500000000000004 20.500000000000004 22.500000000000004 2.5000000000000004 22.500000000000004 2.5000000000000004 7.5000000000000009 11.500000000000002 2.5000000000000004 22.500000000000004 1.5000000000000002 2.5000000000000004 22.500000000000004 5.5000000000000009 2.5000000000000004 10.500000000000002 7.5000000000000009 1.0000000180025095e-35 27.500000000000004
decision_type=2 2 2 2 2 2 2 2 2 2 2 2 2 2 2 2 2 2 2 2 2 2 2 2 2 2 2 2 2 2
left_child=-1 3 16 7 6 -5 15 8 9 10 -2 29 14 19 -8 -4 -3 18 -15 -9 -17 -12 -23 24 25 -24 -27 -28 -18 -11
right_child=1 2 4 5 -6 -7 12 13 -10 11 21 -13 -14 17 -16 20 28 -19 -20 -21 -22 22 23 -25 -26 26 27 -29 -30 -31
leaf_value=0.04073232710361481 -0.0045467302026484793 -0.024216766306694518 -0.0042180289338518686 -0.036015039682388304 0.026120986587711489 0.0062112005488736046 -0.010902747738431072 -0.036589999742878292 -0.029081027507101592 -0.00075148785555804228 -0.049654839731551506 -0.036883287802338599 0.022935662586077127 0.036488355164016995 0.010910649641197262 0.015387800543963374 0.022836599024859343 -0.0063811148614524964 -0.006161425305509019 -0.0096027081158142 -0.014111722205814562 -0.02603105123021773 0.005628225647884867 -0.043979354647846969 0.0038001012465136634 -0.0088524314133744501 -0.073898422910321157 -0.024775447140277271 -0.0054249757416728267 0.039438458698899004
leaf_weight=758 506 188 1001 76 469 821 171 103 746 108 74 40 565 112 1916 444 88 286 87 1119 95 672 115 77 283 152 62 71 1843 67
leaf_count=758 506 188 1001 76 469 821 171 103 746 108 74 40 565 112 1916 444 88 286 87 1119 95 672 115 77 283 152 62 71 1843 67
internal_value=0 -0.00249859 0.00486398 -0.0114493 0.00976596 0.0026335 0.00793617 -0.0141485 -0.0179706 -0.0142488 -0.0163112 0.00505063 0.012066 -0.00749183 0.00912335 0.000824236 -0.00591853 0.00355805 0.0178425 -0.0118774 0.0101884 -0.0202639 -0.0187451 -0.0123027 -0.00873156 -0.0175977 -0.0269696 -0.0476749 -0.00413703 0.0146355
internal_weight=0 12357 6780 5577 4661 897 4192 4680 2973 2227 2012 215 2652 1707 2087 1540 2119 485 199 1222 539 1506 1432 760 683 400 285 133 1931 175
internal_count=13115 12357 6780 5577 4661 897 4192 4680 2973 2227 2012 215 2652 1707 2087 1540 2119 485 199 1222 539 1506 1432 760 683 400 285 133 1931 175
shrinkage=0.1


Tree=6
num_leaves=31
num_cat=0
split_feature=2 0 1 1 12 10 0 2 0 7 5 14 3 15 7 1 5 12 3 5 12 4 3 14 9 15 1 14 3 15
split_gain=108.115 67.0941 31.3162 22.9406 21.4081 15.4685 16.1425 11.5445 11.1449 9.14933 8.79006 8.64667 8.02883 7.97345 7.34826 9.67106 7.16097 6.8092 6.66452 6.53323 6.44588 6.36763 6.15647 7.61415 6.46419 6.15828 6.19919 7.35544 9.91576 9.36002
threshold=12.500000000000002 32.500000000000007 16.500000000000004 1.5000000000000002 1.0000000180025095e-35 1.0000000180025095e-35 20.500000000000004 34.500000000000007 11.500000000000002 2.5000000000000004 2.5000000000000004 10.500000000000002 15.500000000000002 8.5000000000000018 5.5000000000000009 13.500000000000002 1.5000000000000002 1.5000000000000002 36.500000000000007 1.5000000000000002 1.5000000000000002 2.5000000000000004 3.5000000000000004 9.5000000000000018 18.500000000000004 2.5000000000000004 7.5000000000000009 7.5000000000000009 32.500000000000007 36.500000000000007
decision_type=2 2 2 2 2 2 2 2 2 2 2 2 2 2 2 2 2 2 2 2 2 2 2 2 2 2 2 2 2 2
left_child=-1 2 4 10 16 12 7 17 -4 13 -3 -9 -6 -8 15 -5 -2 -7 -10 -16 -21 -19 23 24 -11 -24 -27 29 -29 -28
right_child=1 3 8 14 5 6 9 11 18 22 -12 -13 -14 -15 19 -17 -18 21 -20 20 -22 -23 25 -25 -26 26 27 28 -30 -31
leaf_value=0.036659094691276553 -0.026419029571115971 -0.02699283624099473 -0.02430689245740944 -0.0073879062781086226 0.016568288714327712 0.014446535333991052 -0.0058833374016320529 -0.01978732825989616 0.010513304447891884 -0.036391910959462648 -0.0013024257156707098 -0.04258292252695009 -0.026911310195922852 -0.038297203958034515 -0.0088312994915506118 0.018458802542039032 0.02403035038530571 -0.020071015252278387 -0.03572093416005373 0.027023127908228663 0.013287568704191462 -0.0086928056819098338 0.0052258948358103116 0.016875402411157616 0.0010476993268759792 -0.013323184779398778 -0.017629967984699069 0.006904223396648629 -0.061600187691775235 0.052670765817165378
leaf_weight=758 32 177 107 385 282 80 134 408 1213 61 538 281 50 175 115 232 233 1173 32 409 2075 847 313 239 189 1644 357 534 22 20
leaf_count=758 32 177 107 385 282 80 134 408 1213 61 538 281 50 175 115 232 233 1173 32 409 2075 847 313 239 189 1644 357 534 22 20
internal_value=0 -0.00224873 -0.00728173 0.00853936 -0.00994693 -0.0110322 -0.0121113 -0.0178521 0.00666326 -0.00776993 -0.00766215 -0.0290842 0.0100202 -0.0242407 0.0121414 0.00233079 0.0179383 -0.0141668 0.00932495 0.0144704 0.0155492 -0.0153001 -0.00626372 0.00411315 -0.00808757 -0.00801953 -0.00962831 -0.00311772 0.00419362 -0.0139005
internal_weight=0 12357 8426 3931 7074 6809 6477 2789 1352 3688 715 689 332 309 3216 617 265 2100 1245 2599 2484 2020 3379 489 250 2890 2577 933 556 377
internal_count=13115 12357 8426 3931 7074 6809 6477 2789 1352 3688 715 689 332 309 3216 617 265 2100 1245 2599 2484 2020 3379 489 250 2890 2577 933 556 377
shrinkage=0.1


Tree=7
num_leaves=31
num_cat=0
split_feature=2 0 1 1 7 5 5 6 12 1 11 13 7 0 0 2 0 2 5 13 9 15 3 2 14 0 9 7 7 15
split_gain=87.5735 54.4739 25.4271 15.5426 11.4937 9.30057 8.90335 9.95663 8.99067 8.2431 7.74995 7.68754 7.55287 6.92779 6.83104 6.57638 6.57083 5.97194 5.86884 5.75146 5.66432 5.65403 6.31258 5.92913 7.95318 6.18185 5.6334 9.41452 5.4677 5.40302
threshold=12.500000000000002 25.500000000000004 10.500000000000002 8.5000000000000018 4.5000000000000009 1.5000000000000002 1.5000000000000002 4.5000000000000009 1.5000000000000002 4.5000000000000009 2.5000000000000004 1.5000000000000002 12.500000000000002 7.5000000000000009 13.500000000000002 20.500000000000004 34.500000000000007 13.500000000000002 2.5000000000000004 4.5000000000000009 23.500000000000004 3.5000000000000004 19.500000000000004 22.500000000000004 6.5000000000000009 6.5000000000000009 20.500000000000004 29.500000000000004 1.5000000000000002 49.500000000000007
decision_type=2 2 2 2 2 2 2 2 2 2 2 2 2 2 2 2 2 2 2 2 2 2 2 2 2 2 2 2 2 2
left_child=-1 3 4 6 18 -4 14 12 -9 -6 -10 -12 13 -8 -2 -13 19 -15 -3 20 -7 -5 23 -23 25 -25 -26 -28 -20 -11
right_child=1 2 5 21 9 16 7 8 10 29 11 15 -14 17 -16 -17 -18 -19 28 -21 -22 22 -24 24 26 -27 27 -29 -30 -31
leaf_value=0.032993185520172122 -0.055003277744565697 -0.025460031628608704 -0.0096271579834952287 0.01284296565277632 -0.0032088996617394665 0.012001368795202373 -0.045152078552560496 0.046655699326878505 0.018622100811738235 0.0056106490033358946 0.035141153582211197 0.018147101595595079 -0.0078255367126801745 0.029840170233337966 -0.019632297720855629 -0.028526234349644766 0.017333707850525987 -0.017586561932066081 -0.02289881527423859 0.0037911420265224084 0.045151313438135034 0.009538051348714648 -0.016388724603823256 -0.067117897759784356 -0.0073514497023012132 -0.01276067905040759 0.017437472999295264 -0.028292065071609786 0.00061281481287953413 0.033922867749778318
leaf_weight=758 84 240 201 215 1779 213 91 42 117 1331 29 37 1150 27 156 164 1422 1594 140 978 68 369 350 22 351 427 299 53 337 71
leaf_count=758 84 240 201 215 1779 213 91 42 117 1331 29 37 1150 27 156 164 1422 1594 140 978 68 369 350 22 351 427 299 53 337 71
internal_value=0 -0.00202386 0.0039979 -0.00934455 -0.00126784 0.01112 -0.0134253 -0.0120532 0.00295774 0.00131017 -0.00233136 -0.0129903 -0.0140935 -0.0183038 -0.0320121 -0.0199346 0.0126754 -0.0167966 -0.0127053 0.00741407 0.0200234 -0.0025152 -0.00428004 -0.00149369 -0.00502729 -0.0154241 0.00161304 0.0105521 -0.00628787 0.00704443
internal_weight=0 12357 6780 5577 3898 2882 3491 3251 389 3181 347 230 2862 1712 240 201 2681 1621 717 1259 281 2086 1871 1521 1152 449 703 352 477 1402
internal_count=13115 12357 6780 5577 3898 2882 3491 3251 389 3181 347 230 2862 1712 240 201 2681 1621 717 1259 281 2086 1871 1521 1152 449 703 352 477 1402
shrinkage=0.1


Tree=8
num_leaves=31
num_cat=0
split_feature=2 0 1 2 9 1 12 4 5 5 0 6 15 3 14 14 1 11 7 10 10 7 1 15 6 12 7 2 7 12
split_gain=70.9346 45.8675 27.1983 12.3203 12.2349 12.0797 11.8249 10.3886 8.79636 8.47493 8.74124 8.36349 8.26902 8.11383 8.02401 8.0155 7.59584 7.44476 7.03328 6.87738 6.73719 6.98885 6.23134 6.55938 5.74777 6.70546 7.68155 6.5269 6.10347 5.923
threshold=12.500000000000002 20.500000000000004 7.5000000000000009 34.500000000000007 20.500000000000004 14.500000000000002 1.0000000180025095e-35 1.5000000000000002 1.5000000000000002 2.5000000000000004 47.500000000000007 5.5000000000000009 4.5000000000000009 26.500000000000004 69.500000000000014 9.5000000000000018 22.500000000000004 2.5000000000000004 4.5000000000000009 1.0000000180025095e-35 1.5000000000000002 8.5000000000000018 1.0000000180025095e-35 7.5000000000000009 1.5000000000000002 3.5000000000000004 19.500000000000004 19.500000000000004 1.5000000000000002 1.5000000000000002
decision_type=2 2 2 2 2 2 2 2 2 2 2 2 2 2 2 2 2 2 2 2 2 2 2 2 2 2 2 2 2 2
left_child=-1 3 6 5 7 19 -3 8 -4 14 20 15 -10 -7 18 -6 -14 22 -8 -2 -11 -22 23 -5 -21 27 -27 29 -29 -26
right_child=1 2 4 17 11 13 9 -9 12 10 -12 -13 16 -15 -16 -17 -18 -19 -20 24 21 -23 -24 -25 25 26 -28 28 -30 -31
leaf_value=0.029693865776062013 0.013449850624257867 0.024790915698869855 -0.077877525985240947 0.0033516943454742435 0.0064821466403804963 0.011757018971950452 -0.025181541918765888 0.0051098420276298184 0.027065294121320433 0.008270352380256538 0.039511931994382077 -0.013660125383015337 -0.022303099700584715 -0.044996100664138797 -0.072455990882146923 0.018829433166708785 0.027400744897978647 -0.026608416138134073 -0.0066742220049330952 0.015336513764237706 -0.011908049454536412 -0.00035895867051778142 0.0034612614219471562 -0.061182679567072129 0.044318685332934066 -0.029975215551700997 0.0028455149721015585 -0.048966434280923073 -0.012170421098403682 -0.0021023570764355545
leaf_weight=758 110 141 20 28 876 376 253 1887 52 497 51 116 253 27 21 1315 35 694 1090 73 827 1430 177 36 30 376 88 47 1103 328
leaf_count=758 110 141 20 28 876 376 253 1887 52 497 51 116 253 27 21 1315 35 694 1090 73 827 1430 177 36 30 376 88 47 1103 328
internal_value=0 -0.00182147 0.00200308 -0.0115268 0.00739195 -0.00793624 -0.00369088 0.00213995 -0.0134273 -0.00465416 -0.00151009 0.0125074 -0.00963607 0.0079547 -0.0111198 0.0138928 -0.0162627 -0.0213501 -0.0101607 -0.010908 -0.00226975 -0.00459073 -0.00620782 -0.0329489 -0.0122182 -0.0132382 -0.0237506 -0.0100036 -0.0136743 0.00178767
internal_weight=0 12357 8864 3493 4554 2558 4310 2247 360 4169 2805 2307 340 403 1364 2191 288 935 1343 2155 2754 2257 241 64 2045 1972 464 1508 1150 358
internal_count=13115 12357 8864 3493 4554 2558 4310 2247 360 4169 2805 2307 340 403 1364 2191 288 935 1343 2155 2754 2257 241 64 2045 1972 464 1508 1150 358
shrinkage=0.1


Tree=9
num_leaves=31
num_cat=0
split_feature=2 0 1 1 12 10 5 11 12 0 3 15 0 7 3 5 0 14 8 15 14 9 1 13 14 8 5 13 3 0
split_gain=57.457 40.2112 19.6777 14.3777 14.3713 11.0616 10.9826 9.27811 8.4001 8.1622 7.77303 7.38017 7.06399 6.66994 6.63223 6.29809 6.28028 6.23884 6.72093 7.99148 6.22569 6.215 6.38314 6.96208 6.2796 6.20941 6.18143 7.11376 6.22407 6.16002
threshold=12.500000000000002 32.500000000000007 16.500000000000004 1.5000000000000002 1.0000000180025095e-35 1.0000000180025095e-35 1.5000000000000002 1.5000000000000002 2.5000000000000004 11.500000000000002 14.500000000000002 19.500000000000004 13.500000000000002 4.5000000000000009 17.500000000000004 2.5000000000000004 44.500000000000007 7.5000000000000009 7.5000000000000009 18.500000000000004 11.500000000000002 39.500000000000007 1.5000000000000002 27.500000000000004 7.5000000000000009 54.500000000000007 2.5000000000000004 13.500000000000002 6.5000000000000009 23.500000000000004
decision_type=2 2 2 2 2 2 2 2 2 2 2 2 2 2 2 2 2 2 2 2 2 2 2 2 2 2 2 2 2 2
left_child=-1 2 4 15 -2 14 10 25 11 -4 -7 20 -12 -10 -6 -3 17 18 19 -5 21 22 23 24 -9 -8 -24 -28 -29 -22
right_child=1 3 9 16 5 6 7 8 13 -11 12 -13 -14 -15 -16 -17 -18 -19 -20 -21 29 -23 26 -25 -26 -27 27 28 -30 -31
leaf_value=0.026724481582641603 0.015198906648833797 -0.022476543241974997 -0.020985456103476408 4.5677865614913444e-05 0.014270663918074918 -0.014361335069362846 0.012721897393679446 -0.012499670082031461 -0.021751530162919586 0.0077961827569218538 -0.079870451751508212 -0.026758516776478954 -0.030635681760311131 -0.010343709384169536 -0.030643864741196503 -0.00073053588100525533 0.019346953061742521 0.010941234730466173 0.0072331727830583174 -0.033881586037793204 -0.0043434539011546541 0.031463984189889375 -0.013200664777853869 0.036768262726919992 -0.038663462757253325 -0.044967468678951267 0.012293445264188628 -0.037172425696344089 0.0033538002311513668 0.011732860589421952
leaf_weight=758 265 177 107 213 295 265 278 244 634 1245 38 144 125 2675 37 538 545 1796 559 103 546 39 410 21 147 20 313 66 89 423
leaf_count=758 265 177 107 213 295 265 278 244 634 1245 38 144 125 2675 37 538 545 1796 559 103 546 39 410 21 147 20 313 66 89 423
internal_value=0 -0.00163933 -0.00553567 0.0067124 -0.00764835 -0.00853754 -0.00945007 -0.00835474 -0.00924625 0.00551835 -0.0249306 -0.00479742 -0.0421137 -0.0125294 0.00926513 -0.00611381 0.009564 0.00756785 0.000643737 -0.0110129 -0.00342126 -0.00786572 -0.00905475 -0.0193236 -0.0223362 0.00885013 -0.00423612 0.00361743 -0.0139025 0.00267438
internal_weight=0 12357 8426 3931 7074 6809 6477 6049 5751 1352 428 2442 163 3309 332 715 3216 2671 875 316 2298 1329 1290 412 391 298 878 468 155 969
internal_count=13115 12357 8426 3931 7074 6809 6477 6049 5751 1352 428 2442 163 3309 332 715 3216 2671 875 316 2298 1329 1290 412 391 298 878 468 155 969
shrinkage=0.1


Tree=10
num_leaves=31
num_cat=0
split_feature=2 0 1 1 12 10 5 9 11 12 0 0 3 6 3 6 7 15 4 15 15 15 14 9 1 5 0 13 14 3
split_gain=46.5402 32.5711 15.9754 11.6459 11.3052 9.2768 9.24579 7.72462 7.50987 7.18411 7.03308 6.68007 6.22516 5.99656 5.8779 5.85501 6.38233 5.82584 6.20669 5.59835 5.56053 5.38984 5.3556 5.22706 5.91311 9.359 8.96803 6.25672 6.23604 5.44679
threshold=12.500000000000002 32.500000000000007 17.500000000000004 1.5000000000000002 1.0000000180025095e-35 1.0000000180025095e-35 1.5000000000000002 18.500000000000004 1.5000000000000002 2.5000000000000004 9.5000000000000018 5.5000000000000009 36.500000000000007 3.5000000000000004 14.500000000000002 1.5000000000000002 1.5000000000000002 3.5000000000000004 1.0000000180025095e-35 16.500000000000004 40.500000000000007 18.500000000000004 7.5000000000000009 23.500000000000004 1.5000000000000002 2.5000000000000004 15.500000000000002 31.500000000000004 12.500000000000002 13.500000000000002
decision_type=2 2 2 2 2 2 2 2 2 2 2 2 2 2 2 2 2 2 2 2 2 2 2 2 2 2 2 2 2 2
left_child=-1 2 4 -3 -2 -6 7 -7 13 21 -4 19 20 -8 -9 -13 -17 -5 -19 -11 -12 23 -20 24 26 -26 -10 -27 -28 -30
right_child=1 3 10 17 5 6 8 14 9 11 12 15 -14 -15 -16 16 -18 18 22 -21 -22 -23 -24 -25 25 27 28 -29 29 -31
leaf_value=0.024052032828330995 0.012962421891944751 -0.0055024314864532096 -0.027547407944997156 0.020466227013343687 0.0085539195282368363 -0.0490357269500864 -0.0018011745938844089 -0.0057071099260991272 -0.038070717178472956 -0.022875268343422149 0.0060188057983846391 0.011661781466983517 -0.036592665987630051 0.0279742089509964 -0.032213294782020431 -0.034338829199904983 -0.01034026007168912 -0.01480044571142043 0.0016940320357932315 -0.077801463603973386 0.02687074372897277 -0.021071657684000059 0.011155374772173796 0.0066326812970625513 -0.011309116777715811 0.0081193092568167327 -0.015990492528615959 -0.033550820382017836 0.022942105710506439 -0.01441748645156622
leaf_weight=758 280 715 60 367 341 87 209 220 119 72 941 116 31 100 135 115 3047 124 887 25 148 174 1838 467 548 696 293 38 100 64
leaf_count=758 280 715 60 367 341 87 209 220 119 72 941 116 31 100 135 115 3047 124 887 25 148 174 1838 467 548 696 293 38 100 64
internal_value=0 -0.00147539 -0.00498211 0.00604116 -0.00673925 -0.00753116 -0.00835909 -0.0223314 -0.00736026 -0.00815959 0.00580792 -0.0111689 0.00759482 0.00783487 -0.0157869 -0.0104036 -0.0112131 0.0086076 0.00708 -0.0370315 0.00885268 -0.00409541 0.00807566 -0.00282493 -0.00520206 -0.00142066 -0.0136183 0.005962 -0.00725103 0.00836275
internal_weight=0 12357 8426 3931 7246 6966 6625 442 6183 5874 1180 3375 1120 309 355 3278 3162 3216 2849 97 1089 2499 2725 2325 1858 1282 576 734 457 164
internal_count=13115 12357 8426 3931 7246 6966 6625 442 6183 5874 1180 3375 1120 309 355 3278 3162 3216 2849 97 1089 2499 2725 2325 1858 1282 576 734 457 164
shrinkage=0.1


Tree=11
num_leaves=31
num_cat=0
split_feature=2 0 12 1 7 5 2 1 15 1 4 2 11 5 14 15 9 15 12 3 8 1 0 3 15 14 9 6 15 6
split_gain=38.4358 28.067 17.3861 14.5461 11.267 9.38236 9.32104 8.6333 7.11165 7.03175 6.59624 6.57878 5.99704 5.63132 6.1196 5.54532 6.59944 5.54499 5.32879 9.02623 5.67656 6.97886 5.15378 5.08112 4.89075 4.82204 4.82093 5.96357 5.32846 5.46348
threshold=13.500000000000002 20.500000000000004 1.0000000180025095e-35 17.500000000000004 2.5000000000000004 2.5000000000000004 34.500000000000007 13.500000000000002 5.5000000000000009 5.5000000000000009 1.0000000180025095e-35 20.500000000000004 2.5000000000000004 1.5000000000000002 36.500000000000007 11.500000000000002 19.500000000000004 44.500000000000007 3.5000000000000004 12.500000000000002 9.5000000000000018 3.5000000000000004 33.500000000000007 6.5000000000000009 17.500000000000004 6.5000000000000009 20.500000000000004 3.5000000000000004 27.500000000000004 5.5000000000000009
decision_type=2 2 2 2 2 2 2 2 2 2 2 2 2 2 2 2 2 2 2 2 2 2 2 2 2 2 2 2 2 2
left_child=-1 6 15 4 8 10 7 13 -4 22 -6 -5 -8 18 -15 -3 -17 26 19 20 21 -2 23 24 -7 -11 27 -13 29 -28
right_child=1 2 3 11 5 9 12 -9 -10 25 -12 17 -14 14 -16 16 -18 -19 -20 -21 -22 -23 -24 -25 -26 -27 28 -29 -30 -31
leaf_value=0.019698237698124753 0.025181304556982861 0.024211083214526505 0.00278220405368685 0.026039483595867548 -0.041745712161064152 -0.001367217063670978 -0.0040893813633819829 0.0067226522025607893 -0.022149285152280596 -0.00097834767455264081 -0.004979235174858123 -0.0086935330814910377 -0.022399287734862407 -0.0086484946546644976 0.014779804033391616 -0.045736788786374605 0.014580334226290384 0.020856146573495236 -0.05777868352285246 -0.049033847998599618 0.041804256183760512 -0.055413200909441164 0.0045695864473177935 -0.0096328242623132734 0.028803500620757833 0.0098889643825348546 0.016289194818784502 0.017070199418486209 -0.0076059806884990798 -0.032539184639851254
leaf_weight=921 21 421 159 196 50 256 241 441 408 579 2028 424 694 1767 119 26 60 227 41 49 28 22 792 903 68 1385 507 114 144 24
leaf_count=921 21 421 159 196 50 256 241 441 408 579 2028 424 694 1767 119 26 60 227 41 49 28 22 792 903 68 1385 507 114 144 24
internal_value=0 -0.00148779 0.00150933 0.000406558 -0.00167783 -0.000416783 -0.00916751 -0.00596855 -0.0151579 0.00242507 -0.0058639 0.00885113 -0.0176798 -0.00870271 -0.00717025 0.0194843 -0.00365508 0.0065116 -0.0266543 -0.0160202 0.00676389 -0.0160531 -0.00171902 -0.00577817 0.00496491 0.00668521 0.00382718 -0.0032343 0.00945544 0.0140823
internal_weight=0 12194 8771 8264 6628 6061 3423 2488 567 3983 2078 1636 935 2047 1886 507 86 1440 161 120 71 43 2019 1227 324 1964 1213 538 675 531
internal_count=13115 12194 8771 8264 6628 6061 3423 2488 567 3983 2078 1636 935 2047 1886 507 86 1440 161 120 71 43 2019 1227 324 1964 1213 538 675 531
shrinkage=0.1


Tree=12
num_leaves=31
num_cat=0
split_feature=2 0 1 1 12 15 9 0 10 14 13 0 7 14 2 4 5 1 13 5 13 4 0 7 3 14 14 15 11 14
split_gain=31.1489 22.4199 10.6289 8.78541 8.68671 9.91554 10.015 7.19377 6.18886 6.45443 5.89872 7.99652 5.63286 6.60348 5.28825 7.09824 5.39724 5.24074 6.35642 6.22757 6.13053 5.52602 5.61728 6.88991 5.25874 6.58791 5.91302 5.19285 5.07615 5.85217
threshold=12.500000000000002 32.500000000000007 16.500000000000004 1.5000000000000002 2.5000000000000004 18.500000000000004 21.500000000000004 19.500000000000004 1.0000000180025095e-35 9.5000000000000018 1.5000000000000002 11.500000000000002 1.5000000000000002 3.5000000000000004 24.500000000000004 2.5000000000000004 1.5000000000000002 1.5000000000000002 29.500000000000004 2.5000000000000004 31.500000000000004 1.0000000180025095e-35 27.500000000000004 3.5000000000000004 14.500000000000002 12.500000000000002 3.5000000000000004 5.5000000000000009 2.5000000000000004 42.500000000000007
decision_type=2 2 2 2 2 2 2 2 2 2 2 2 2 2 2 2 2 2 2 2 2 2 2 2 2 2 2 2 2 2
left_child=-1 2 4 -3 5 6 17 28 9 -6 -4 -12 13 -10 15 -5 -16 18 24 21 -21 -19 -23 -24 25 -2 -26 -9 -8 -30
right_child=1 3 10 14 8 -7 7 27 12 -11 11 -13 -14 -15 16 -17 -18 19 -20 20 -22 22 23 -25 26 -27 -28 -29 29 -31
leaf_value=0.019677005708217621 -0.018133571579799817 -0.0049969927872811166 0.024702392625808717 0.0052343444832673308 -0.014492706954479219 -0.022033539835380332 0.011466018767917857 0.024157085835933689 0.020953856447401147 0.021555991573188143 -0.02596745873752393 0.0042381556763876459 -0.0088739680494990415 -0.035703222919255498 -0.02000510422956376 0.023912800650815576 0.0057984379830420098 -0.056239628014357196 0.035858084834538971 0.0074531526097229546 -0.033788544410153436 -0.011015079534847741 -0.03788582980632782 0.023871310630647263 0.013185420963499282 0.0097632589213775874 -0.037985717775165177 0.0056721192191947593 -0.019434070453963469 0.036366325900668191
leaf_weight=758 236 715 125 423 80 223 136 300 24 131 95 1132 3582 144 84 392 2317 23 26 700 38 503 22 101 27 132 138 308 179 21
leaf_count=758 236 715 125 423 80 223 136 300 24 131 95 1132 3582 144 84 392 2317 23 26 700 38 503 22 101 27 132 138 308 179 21
internal_value=0 -0.00120702 -0.0041164 0.00502917 -0.00566911 -0.00171628 -0.000148552 0.00830351 -0.00877569 0.00788824 0.00400775 0.0018995 -0.00971331 -0.0276094 0.00725824 0.0142183 0.00489569 -0.00424863 -0.0124231 -0.000954103 0.0053296 -0.00809951 -0.00633078 0.0128253 -0.0147782 -0.0081271 -0.0296123 0.014793 -0.00343937 -0.013575
internal_weight=0 12357 8426 3931 7074 3113 2890 944 3961 211 1352 1227 3750 168 3216 815 2401 1946 559 1387 738 649 626 123 533 368 165 608 336 200
internal_count=13115 12357 8426 3931 7074 3113 2890 944 3961 211 1352 1227 3750 168 3216 815 2401 1946 559 1387 738 649 626 123 533 368 165 608 336 200
shrinkage=0.1


Tree=13
num_leaves=31
num_cat=0
split_feature=2 0 12 1 7 10 15 0 5 8 1 2 15 7 9 6 11 0 7 9 2 13 2 14 2 7 13 15 2 9
split_gain=26.3442 20.68 14.4886 10.8509 8.85909 9.06634 7.6518 7.18101 6.77887 8.20145 8.29942 6.80842 6.56255 6.2448 6.17482 7.05419 6.02763 5.33998 5.22261 8.68025 5.03923 4.99963 4.93645 7.4369 8.59455 6.56955 6.31758 4.8204 4.7084 5.84674
threshold=16.500000000000004 20.500000000000004 1.0000000180025095e-35 25.500000000000004 2.5000000000000004 1.5000000000000002 8.5000000000000018 7.5000000000000009 2.5000000000000004 28.500000000000004 5.5000000000000009 41.500000000000007 2.5000000000000004 10.500000000000002 18.500000000000004 2.5000000000000004 4.5000000000000009 27.500000000000004 4.5000000000000009 20.500000000000004 31.500000000000004 1.5000000000000002 34.500000000000007 16.500000000000004 26.500000000000004 2.5000000000000004 1.5000000000000002 37.500000000000007 44.500000000000007 20.500000000000004
decision_type=2 2 2 2 2 2 2 2 2 2 2 2 2 2 2 2 2 2 2 2 2 2 2 2 2 2 2 2 2 2
left_child=-1 7 -3 4 6 28 14 -2 12 10 13 -11 -7 27 -4 -16 -13 -15 19 20 -14 -8 23 -9 -25 -26 -24 -10 29 -6
right_child=1 2 3 -5 5 8 21 22 9 11 -12 16 18 17 15 -17 -18 -19 -20 -21 -22 -23 26 24 25 -27 -28 -29 -30 -31
leaf_value=0.0121492157016189 -0.022835266098143563 0.017700676384402987 0.039682930537632534 0.012816438301285702 -0.0014732330864921041 0.01315826492924844 0.0067627894878387459 -0.007910920557713955 -0.013424963625778717 -0.0035708574098781893 0.0079118775588475423 -0.01732618400431055 -0.053993226465056922 -0.0088044747654833326 -0.037519892820945158 0.0053339612119051878 -0.065296713330528958 0.0083989284171240176 -0.0062993693953706728 -0.00057031016600759404 -0.0074356123805046082 -0.027433761061500694 0.017859704395135245 -0.0048100520136221403 -0.033932064175605778 0.026124687777722585 -0.01582028558093709 0.029949647629702533 0.029562426062040431 0.013459264954267922
leaf_weight=1571 315 487 35 603 518 155 50 1498 502 509 1598 127 85 269 52 147 33 548 1562 95 32 295 60 318 20 204 776 27 93 531
leaf_count=1571 315 487 35 603 518 155 50 1498 502 509 1598 127 85 269 52 147 33 548 1562 95 32 295 60 318 20 204 776 27 93 531
internal_value=0 -0.00165336 0.000962649 -7.36358e-05 -0.00114382 -0.000115899 -0.0130101 -0.00850123 -0.00178775 0.000767759 0.00303896 -0.00922688 -0.0065742 -0.00274627 0.000948549 -0.00586403 -0.0272201 0.00273465 -0.00829829 -0.0230261 -0.0412595 -0.0224777 -0.00693127 -0.0042791 0.00575867 0.0207625 -0.0134031 -0.0112111 0.00799741 0.00608554
internal_weight=0 11544 8353 7866 7263 6684 579 3191 5542 3613 2944 669 1929 1346 234 199 160 817 1774 212 117 345 2876 2040 542 224 836 529 1142 1049
internal_count=13115 11544 8353 7866 7263 6684 579 3191 5542 3613 2944 669 1929 1346 234 199 160 817 1774 212 117 345 2876 2040 542 224 836 529 1142 1049
shrinkage=0.1


Tree=14
num_leaves=31
num_cat=0
split_feature=2 1 4 0 10 12 15 9 0 5 13 0 15 1 8 13 14 6 0 5 13 0 9 7 14 3 11 1 6 13
split_gain=22.0653 16.7336 10.6703 11.284 8.64394 7.90427 9.11234 7.96051 6.93597 6.82209 7.33591 7.23834 6.91036 6.60755 6.64293 6.94966 7.31934 6.68573 6.58262 6.4006 6.26062 7.69008 5.4572 5.42983 5.55377 5.33113 5.4207 5.11895 4.92096 9.34808
threshold=13.500000000000002 13.500000000000002 1.0000000180025095e-35 43.500000000000007 1.0000000180025095e-35 2.5000000000000004 18.500000000000004 23.500000000000004 17.500000000000004 2.5000000000000004 42.500000000000007 10.500000000000002 43.500000000000007 1.5000000000000002 13.500000000000002 30.500000000000004 11.500000000000002 4.5000000000000009 14.500000000000002 1.5000000000000002 3.5000000000000004 35.500000000000007 69.500000000000014 5.5000000000000009 18.500000000000004 16.500000000000004 2.5000000000000004 1.0000000180025095e-35 3.5000000000000004 1.5000000000000002
decision_type=2 2 2 2 2 2 2 2 2 2 2 2 2 2 2 2 2 2 2 2 2 2 2 2 2 2 2 2 2 2
left_child=-1 2 8 4 25 6 7 13 -2 10 11 -7 -11 14 15 16 17 -6 -16 -15 -3 -22 -9 -20 -25 -4 -27 -12 29 -10
right_child=1 20 3 -5 5 9 -8 22 28 12 27 -13 -14 19 18 -17 -18 -19 23 -21 21 -23 -24 24 -26 26 -28 -29 -30 -31
leaf_value=0.01492498385822087 -0.035767190493103389 0.014578551730097098 0.016552272303976288 0.013206204408886792 -0.022227568158479497 -0.036545719452730316 -0.020637000665284587 0.012206190089473811 0.038060589631398523 -0.005377651605001782 -0.016031490201535433 -0.011555831625597228 0.013653324321272293 -0.024675173971844818 -0.051541714590103906 0.055056198090314867 0.010070062660228063 0.035663585229353471 -0.047048800878035722 0.0032096381190167759 -0.00076185783071536825 0.010208714870867393 -0.033649629354476927 0.004751408200304048 -0.04217680096626282 0.013660318201238459 -0.057369519415355869 0.043451114801260148 0.0024361066279872771 -0.023532778510810638
leaf_weight=921 138 551 309 435 214 127 207 669 27 2438 23 1327 207 87 61 20 177 22 39 1529 1895 964 27 119 32 22 21 39 186 282
leaf_count=921 138 551 309 435 214 127 207 669 27 2438 23 1327 207 87 61 20 177 22 39 1529 1895 964 27 119 32 22 21 39 186 282
internal_value=0 -0.00112727 -0.00343536 -0.00246409 -0.00334753 -0.00407929 -0.000345122 0.00105689 -0.0159421 -0.00695374 -0.0123021 -0.0137386 -0.00388827 -0.00177868 -0.0100172 -0.00251403 -0.00530194 -0.0168309 -0.0229609 0.00170841 0.00481826 0.00293721 0.0104273 -0.013785 -0.00519364 0.0119614 -0.0210287 0.021385 -0.0104151 -0.0181508
internal_weight=0 12194 8784 8151 7716 7364 3203 2996 633 4161 1516 1454 2645 2300 684 433 413 236 251 1616 3410 2859 696 190 151 352 43 62 495 309
internal_count=13115 12194 8784 8151 7716 7364 3203 2996 633 4161 1516 1454 2645 2300 684 433 413 236 251 1616 3410 2859 696 190 151 352 43 62 495 309
shrinkage=0.1


Tree=15
num_leaves=31
num_cat=0
split_feature=2 0 12 5 4 1 11 14 3 0 15 3 12 1 13 8 0 11 4 13 1 5 3 2 7 8 3 0 15 15
split_gain=18.4931 14.4781 11.2045 8.21511 8.2394 8.07917 6.0126 8.18664 10.8986 7.74035 7.08655 7.30125 6.97559 6.01491 6.46445 10.4489 5.96917 5.2799 4.98231 6.83696 6.31951 6.02327 7.82679 5.71973 6.19936 5.11831 5.98325 7.33859 4.80216 5.00524
threshold=16.500000000000004 20.500000000000004 1.0000000180025095e-35 2.5000000000000004 1.0000000180025095e-35 25.500000000000004 3.5000000000000004 29.500000000000004 1.5000000000000002 28.500000000000004 17.500000000000004 6.5000000000000009 4.5000000000000009 6.5000000000000009 38.500000000000007 45.500000000000007 3.5000000000000004 4.5000000000000009 2.5000000000000004 23.500000000000004 15.500000000000002 2.5000000000000004 2.5000000000000004 34.500000000000007 6.5000000000000009 10.500000000000002 20.500000000000004 16.500000000000004 72.500000000000014 2.5000000000000004
decision_type=2 2 2 2 2 2 2 2 2 2 2 2 2 2 2 2 2 2 2 2 2 2 2 2 2 2 2 2 2 2
left_child=-1 16 -3 4 -4 6 13 8 -8 -10 11 -11 -9 14 15 -5 -2 -12 20 21 -18 25 -23 -22 -25 -20 -27 -28 29 -6
right_child=1 2 3 5 28 -7 7 12 9 10 17 -13 -14 -15 -16 -17 18 -19 19 -21 23 22 -24 24 -26 26 27 -29 -30 -31
leaf_value=0.010179128597907244 -0.032797831229188223 0.01552289717618445 -0.029581016540527347 -0.00047043837268244138 0.01112971148155268 0.016759016843481436 0.016569496968696858 0.0028180391527712345 -0.025845097982348852 -0.023000328728322236 -0.011588787681916181 0.0097698002536263737 0.042965066991746431 0.0082679989178975431 0.023981215673334458 -0.045223452206011178 -0.012344480874663633 -0.046992497252566476 -0.017013993570881507 -0.015780898426969846 0.021546001042480823 0.038597196984935453 0.0038870439031406454 -0.062418087422847747 0.011636260266487416 0.0073276895942496617 -0.061989614566167195 0.01059642296570998 0.031523378613667614 -0.0051136067638902294
leaf_weight=1571 88 487 125 1540 206 358 145 440 308 89 170 288 48 1500 102 54 1440 56 248 300 108 74 532 20 26 299 30 26 39 2398
leaf_count=1571 88 487 125 1540 206 358 145 440 308 89 170 288 48 1500 102 54 1440 56 248 300 108 74 532 20 26 299 30 26 39 2398
internal_value=0 -0.00138526 0.000803609 -0.000107692 -0.00449347 0.0022736 0.00117955 -0.00394459 -0.00889462 -0.0129476 -0.00635987 0.00203362 0.00676693 0.00365505 -0.000424798 -0.00198654 -0.007115 -0.0203614 -0.00638664 -0.00226829 -0.0102854 0.00108472 0.00812558 0.0089685 -0.0205613 -0.00599117 0.00170929 -0.028289 -0.00330696 -0.00382861
internal_weight=0 11544 8353 7866 2768 5098 4740 1544 1056 911 603 377 488 3196 1696 1594 3191 226 3103 1509 1594 1209 606 154 46 603 355 56 2643 2604
internal_count=13115 11544 8353 7866 2768 5098 4740 1544 1056 911 603 377 488 3196 1696 1594 3191 226 3103 1509 1594 1209 606 154 46 603 355 56 2643 2604
shrinkage=0.1


Tree=16
num_leaves=31
num_cat=0
split_feature=2 12 0 2 4 5 7 1 3 5 8 14 2 2 2 7 7 0 13 8 9 1 14 9 9 7 0 15 1 6
split_gain=15.7321 11.7824 10.0854 8.5487 7.85685 7.29358 10.3661 7.12205 7.07617 6.3828 7.333 5.77128 5.87865 5.74504 5.71186 5.86709 5.5937 5.4388 6.16328 5.59932 5.45286 5.39488 5.22004 5.03168 6.83885 8.21213 7.85107 4.92679 4.90266 5.1977
threshold=12.500000000000002 1.5000000000000002 20.500000000000004 21.500000000000004 2.5000000000000004 2.5000000000000004 4.5000000000000009 25.500000000000004 22.500000000000004 1.5000000000000002 14.500000000000002 4.5000000000000009 41.500000000000007 15.500000000000002 34.500000000000007 62.500000000000007 45.500000000000007 46.500000000000007 87.500000000000014 34.500000000000007 18.500000000000004 17.500000000000004 14.500000000000002 31.500000000000004 25.500000000000004 16.500000000000004 14.500000000000002 3.5000000000000004 5.5000000000000009 5.5000000000000009
decision_type=2 2 2 2 2 2 2 2 2 2 2 2 2 2 2 2 2 2 2 2 2 2 2 2 2 2 2 2 2 2
left_child=-1 9 14 4 -4 6 11 17 -8 -2 -11 12 -5 -12 15 -3 -9 18 20 -19 -7 -10 -23 24 26 -26 -16 -13 -22 -30
right_child=1 2 3 5 -6 7 8 16 21 10 13 27 -14 -15 23 -17 -18 19 -20 -21 28 22 -24 -25 25 -27 -28 -29 29 -31
leaf_value=0.013983972370624542 -0.013672182587690132 -0.0047613621450125661 0.00043735807373779055 -0.012255778109155051 0.015204972148222744 -0.0081097909128198375 -0.00039079456213623917 0.023840415340414797 -0.02811221747066487 0.017495381190446007 0.047031077636139736 0.0030462217330932619 0.047042354799452284 0.00080974167857500174 -0.026394574723878884 0.038351926719769835 -0.01021811293978845 0.02629368470516056 -0.053820129822600975 -0.029417992205846878 -0.003284181751533056 0.024933174641236015 -0.028684026797612512 -0.028911973518886788 -0.0044037978286328525 0.068779104429742569 -0.0033433464431572102 -0.032771184784537964 0.0059603762107067991 -0.033017232758658276
leaf_weight=758 129 2320 831 82 636 784 1504 217 176 627 28 45 21 679 259 32 62 128 22 21 1274 46 30 174 46 23 344 262 1520 35
leaf_count=758 129 2320 831 82 636 784 1504 217 176 627 28 45 21 679 259 32 62 128 22 21 1274 46 30 174 46 23 344 262 1520 35
internal_value=0 -0.000857801 -0.00198939 -2.80256e-05 0.00683968 -0.00164545 -0.00633202 0.000852981 -0.00298924 0.00756841 0.00962241 -0.0206489 -0.000165868 0.00264029 -0.00670943 -0.00417479 0.0162719 -0.000283875 -0.00105144 0.0184417 -0.000730129 -0.0184974 0.00376849 -0.0137561 -0.00983179 0.0199905 -0.0132443 -0.0275211 0.001315 0.00508307
internal_weight=0 12357 10894 7696 1467 6229 2166 4063 1756 1463 1334 410 103 707 3198 2352 279 3784 3635 149 3613 252 76 846 672 69 603 307 2829 1555
internal_count=13115 12357 10894 7696 1467 6229 2166 4063 1756 1463 1334 410 103 707 3198 2352 279 3784 3635 149 3613 252 76 846 672 69 603 307 2829 1555
shrinkage=0.1


Tree=17
num_leaves=31
num_cat=0
split_feature=2 0 1 5 9 6 0 2 14 13 2 9 11 10 0 9 7 7 7 13 4 14 7 7 15 12 3 9 15 15
split_gain=12.743 10.4633 9.06741 7.19172 6.72917 8.81075 7.65469 6.02097 6.63842 7.27478 6.10862 6.16254 6.01228 6.12532 8.30746 6.70609 6.00012 5.58252 6.16263 5.32856 5.22289 4.91192 6.54745 6.43545 8.87668 4.85442 4.77667 4.44279 4.63604 4.34644
threshold=12.500000000000002 44.500000000000007 6.5000000000000009 1.5000000000000002 19.500000000000004 5.5000000000000009 33.500000000000007 21.500000000000004 58.500000000000007 96.500000000000014 25.500000000000004 27.500000000000004 1.5000000000000002 1.5000000000000002 15.500000000000002 25.500000000000004 13.500000000000002 57.500000000000007 4.5000000000000009 5.5000000000000009 1.0000000180025095e-35 47.500000000000007 19.500000000000004 9.5000000000000018 27.500000000000004 2.5000000000000004 19.500000000000004 47.500000000000007 8.5000000000000018 3.5000000000000004
decision_type=2 2 2 2 2 2 2 2 2 2 2 2 2 2 2 2 2 2 2 2 2 2 2 2 2 2 2 2 2 2
left_child=-1 2 3 -2 6 7 17 -6 9 10 11 25 -5 14 15 16 -14 18 -4 -8 -3 22 23 -21 -25 -9 -16 28 -7 -15
right_child=1 20 4 12 5 27 19 8 -10 -11 -12 -13 13 29 26 -17 -18 -19 -20 21 -22 -23 -24 24 -26 -27 -28 -29 -30 -31
leaf_value=0.01258557438850403 -0.019588958594488771 -0.028960934678713482 -0.01757895085906637 0.011604715434331744 0.013829538710950093 -0.034628593921661378 0.022355262944533393 -0.0021537780417183231 0.026911249650376185 -0.052734092498819031 0.0045958197192759349 0.014769800696321715 -0.043894986453510469 0.0003849143856379076 0.010358670807024193 0.018521412407479634 0.00042571288843949636 -0.048526881394847753 -0.0025494308079495754 0.0082597283481740634 0.013790938599759162 -0.047403648048639301 0.019940818512910293 -0.010668456440880186 -0.081889168847174884 -0.025548847101546909 -0.013353665587828332 -0.035353990432656843 0.013937698487649886 -0.0075068451990125858
leaf_weight=758 292 30 345 252 627 30 159 173 112 24 2352 93 84 883 684 41 48 31 1304 147 602 20 152 105 21 182 97 81 57 3329
leaf_count=758 292 30 345 252 627 30 159 173 112 24 2352 93 84 883 684 41 48 31 1304 147 602 20 152 105 21 182 97 81 57 3329
internal_value=0 -0.000772021 -0.00144761 -0.00430181 0.00126187 0.00387884 -0.00301304 0.00493405 0.00303437 0.00208741 0.00255731 -0.00814487 -0.00347792 -0.00421366 0.00302165 -0.0168056 -0.0277784 -0.00648424 -0.00569387 0.00664195 0.0117616 0.00102753 0.00330664 -0.00595487 -0.0225386 -0.0141479 0.0074136 -0.0185005 -0.0028093 -0.00585242
internal_weight=0 12357 11725 5710 6015 3731 2284 3563 2936 2824 2800 448 5418 5166 954 173 132 1680 1649 604 632 445 425 273 126 355 781 168 87 4212
internal_count=13115 12357 11725 5710 6015 3731 2284 3563 2936 2824 2800 448 5418 5166 954 173 132 1680 1649 604 632 445 425 273 126 355 781 168 87 4212
shrinkage=0.1


Tree=18
num_leaves=31
num_cat=0
split_feature=2 5 8 12 1 6 10 14 2 8 13 7 8 1 6 2 1 7 15 0 8 5 2 14 14 1 13 9 15 2
split_gain=10.9377 8.21661 10.2827 9.06192 8.28662 6.39706 6.02657 5.90592 5.62875 7.87677 8.3621 5.16357 5.12717 5.11379 5.89131 5.17838 5.06128 5.33365 7.07057 7.00559 5.44959 5.6942 5.68372 4.76632 4.69502 6.41201 4.60038 4.48746 5.19881 6.5451
threshold=21.500000000000004 1.5000000000000002 19.500000000000004 1.5000000000000002 25.500000000000004 3.5000000000000004 1.0000000180025095e-35 28.500000000000004 26.500000000000004 50.500000000000007 11.500000000000002 2.5000000000000004 18.500000000000004 1.5000000000000002 3.5000000000000004 20.500000000000004 6.5000000000000009 47.500000000000007 6.5000000000000009 5.5000000000000009 6.5000000000000009 2.5000000000000004 29.500000000000004 11.500000000000002 17.500000000000004 11.500000000000002 5.5000000000000009 20.500000000000004 4.5000000000000009 36.500000000000007
decision_type=2 2 2 2 2 2 2 2 2 2 2 2 2 2 2 2 2 2 2 2 2 2 2 2 2 2 2 2 2 2
left_child=13 2 6 12 7 -4 -2 8 -5 16 -11 -9 -3 15 -15 -1 17 18 19 -10 22 -22 -20 -8 25 -25 -26 28 -14 -30
right_child=1 3 5 4 -6 -7 23 11 9 10 -12 -13 27 14 -16 -17 -18 -19 20 -21 21 -23 -24 24 26 -27 -28 -29 29 -31
leaf_value=0.0013848711357233546 0.026493094717302629 0.013253202993199573 -0.0030812215237390429 -0.0093736068885126762 0.010871869831956843 0.075942517220973976 -0.026839150674046037 -0.01700043352890988 -0.050356731176376346 0.00291855934829939 -0.037945261140984878 0.0072994872996482649 0.0078125057220458979 0.0032595710951982618 0.013441840678453446 -0.022346542182477933 0.0017085345182644676 0.018020294703543185 0.024168725013732913 0.0033623207170689418 -0.022904748341692892 -0.0082059095592741018 -0.0054561602609122508 -0.015455577505959406 -0.055333149646009716 0.039214308160107313 -0.010014944257480759 0.0076441747730948391 -0.051216908295949305 -0.0026337791953170509
leaf_weight=857 31 651 21 1469 465 20 313 98 25 84 124 812 75 1362 975 103 2424 100 85 839 367 935 272 45 28 41 112 271 54 57
leaf_count=857 31 651 21 1469 465 20 313 98 25 84 124 812 75 1362 975 103 2424 100 85 839 367 935 272 45 28 41 112 271 54 57
internal_value=0 -0.0016735 -0.0129033 -0.000928265 -0.00208866 0.0354669 -0.0163826 -0.00287811 -0.00390134 -0.0023716 -0.0214426 0.00468257 0.00755371 0.00498346 0.00750763 -0.00116131 -0.00158564 -0.00462989 -0.00552764 0.00180795 -0.00934798 -0.0123491 0.00159738 -0.0188486 -0.00778193 0.010608 -0.0190786 -0.000565272 -0.0125263 -0.0262688
internal_weight=0 9818 611 9207 8099 41 570 7634 6724 5255 208 910 1108 3297 2337 960 5047 2623 2523 864 1659 1302 357 539 226 86 140 457 186 111
internal_count=13115 9818 611 9207 8099 41 570 7634 6724 5255 208 910 1108 3297 2337 960 5047 2623 2523 864 1659 1302 357 539 226 86 140 457 186 111
shrinkage=0.1


Tree=19
num_leaves=31
num_cat=0
split_feature=2 0 4 9 7 13 1 15 8 15 0 2 15 13 15 15 1 7 10 1 2 3 15 1 2 11 0 9 7 12
split_gain=9.16982 7.94862 6.89327 7.63912 7.70551 7.58554 7.07601 6.14227 6.66537 5.97057 6.5369 5.79024 7.19088 5.15298 6.26315 5.71578 5.59571 5.11122 5.70237 5.38879 8.05494 7.31961 9.47481 5.59377 5.25627 5.38573 7.76947 5.06448 5.00628 5.04761
threshold=12.500000000000002 44.500000000000007 2.5000000000000004 20.500000000000004 7.5000000000000009 1.0000000180025095e-35 24.500000000000004 45.500000000000007 90.500000000000014 1.5000000000000002 22.500000000000004 21.500000000000004 12.500000000000002 1.0000000180025095e-35 32.500000000000007 37.500000000000007 16.500000000000004 39.500000000000007 1.5000000000000002 4.5000000000000009 39.500000000000007 15.500000000000002 17.500000000000004 1.0000000180025095e-35 33.500000000000007 3.5000000000000004 18.500000000000004 27.500000000000004 33.500000000000007 5.5000000000000009
decision_type=2 2 2 2 2 2 2 2 2 2 2 2 2 2 2 2 2 2 2 2 2 2 2 2 2 2 2 2 2 2
left_child=-1 2 3 4 6 -6 9 8 11 10 -2 -4 -13 -5 16 -16 -15 18 -14 20 21 22 23 -20 -19 26 -26 -27 29 -7
right_child=1 -3 7 13 5 28 -8 -9 -10 -11 -12 12 17 14 15 -17 -18 24 19 -21 -22 -23 -24 -25 25 27 -28 -29 -30 -31
leaf_value=0.010676236465416045 -0.018937624388552728 0.01026924342577216 0.0075032062047431548 0.016794495836964678 0.026611175448044967 -0.00390955900788632 0.031891204002830721 0.013754287783218466 -0.055832233315422419 -0.014696995107314766 0.03017673892900348 0.0027376525898537185 0.0051262656313544111 -0.00095279463744234487 -0.035420239659456107 -0.0054582540437860313 0.014168633569018506 0.022697697377811046 -0.002934196373311485 -0.007025193036375884 -0.04965904268282878 -0.03581571048018576 0.024108038172125819 -0.060917904866593223 -0.031296732936586656 -0.041224103244868193 0.02351789725850327 0.0083289398388429123 0.03030897506645748 -0.047542898632861957
leaf_weight=758 47 632 992 175 87 1468 36 368 21 1427 64 2355 279 2100 91 212 277 118 41 1002 79 87 80 28 35 55 99 33 42 27
leaf_count=758 47 632 992 175 87 1468 36 368 21 1427 64 2355 279 2100 91 212 277 118 41 1002 79 87 80 28 35 55 99 33 42 27
internal_value=0 -0.000654899 -0.00124373 -0.00359087 -0.00694748 -0.00211499 -0.0119335 0.00126107 0.000394271 -0.0129593 0.00938057 0.000617772 -0.000974013 0.000168998 -0.000916623 -0.0144567 0.000809357 -0.00548898 -0.00786053 -0.0106117 -0.0220203 -0.0127683 0.000688857 -0.0264638 0.00564336 -0.00342155 0.00920064 -0.0226417 -0.003741 -0.00469759
internal_weight=0 12357 11725 6053 3198 1624 1574 5672 5304 1538 111 5283 4291 2855 2680 303 2377 1936 1596 1317 315 236 149 69 340 222 134 88 1537 1495
internal_count=13115 12357 11725 6053 3198 1624 1574 5672 5304 1538 111 5283 4291 2855 2680 303 2377 1936 1596 1317 315 236 149 69 340 222 134 88 1537 1495
shrinkage=0.1


Tree=20
num_leaves=31
num_cat=0
split_feature=2 5 8 12 1 6 10 13 5 8 9 13 9 4 2 8 9 14 2 3 14 14 2 14 13 2 15 2 15 7
split_gain=7.54664 6.65799 8.27724 6.81919 6.16636 5.11477 4.81751 4.62401 6.36608 6.79963 8.29269 6.62586 6.62214 5.63766 6.35993 6.78011 5.48644 5.48191 8.36423 7.90652 6.5882 5.41293 5.36968 5.22903 6.41631 5.20331 4.9779 4.91619 4.87969 4.4273
threshold=21.500000000000004 1.5000000000000002 19.500000000000004 1.5000000000000002 25.500000000000004 3.5000000000000004 1.0000000180025095e-35 15.500000000000002 3.5000000000000004 10.500000000000002 23.500000000000004 34.500000000000007 21.500000000000004 1.5000000000000002 26.500000000000004 2.5000000000000004 54.500000000000007 6.5000000000000009 24.500000000000004 4.5000000000000009 7.5000000000000009 49.500000000000007 38.500000000000007 3.5000000000000004 24.500000000000004 42.500000000000007 20.500000000000004 31.500000000000004 13.500000000000002 6.5000000000000009
decision_type=2 2 2 2 2 2 2 2 2 2 2 2 2 2 2 2 2 2 2 2 2 2 2 2 2 2 2 2 2 2
left_child=-1 2 6 -3 7 -4 -2 13 11 -10 12 17 25 -5 15 -15 -16 18 -9 22 -19 -17 -20 28 26 29 -25 -22 -21 -11
right_child=1 3 5 4 -6 -7 -8 8 9 10 -12 -13 -14 14 16 21 -18 20 19 23 27 -23 -24 24 -26 -27 -28 -29 -30 -31
leaf_value=0.0041394701119639998 0.023713844822299098 0.0066386499896053802 -0.0025698670319148475 -0.0069796134948360219 0.0094543167596222253 0.068091195672750474 -0.016825212401394941 0.027539193914050148 0.006426081266896479 -0.036878458081799396 -0.0037500028878673635 0.0097674566626209155 -0.056235553537096299 0.040672485828399663 0.0038276612294484134 -0.0088134805199636575 -0.020824285957121082 0.028764854177184732 -0.055321994647383688 0.015151256537929023 -0.013266006414386562 0.040300898059554724 0.0014952395643506732 -0.057716622352600104 0.0040066277203352554 -0.045302821610655103 -0.0029995865148046744 0.0040396048096122796 -0.020766808621345029 -0.0074507391857869427
leaf_weight=3297 31 1108 21 1147 465 20 539 42 145 68 267 351 63 30 3086 921 93 69 80 97 297 23 21 60 46 70 23 367 62 206
leaf_count=3297 31 1108 21 1147 465 20 539 42 145 68 267 351 63 30 3086 921 93 69 80 97 297 23 21 60 46 70 23 367 62 206
internal_value=0 -0.00139008 -0.0114989 -0.000719238 -0.00172585 0.0318989 -0.0146205 -0.00240685 -0.00611554 -0.0132187 -0.0174449 -0.00227563 -0.0264291 -0.000773629 0.000940377 -0.00612949 0.00310648 -0.00590718 -0.0148568 -0.0194342 -0.000644876 -0.00761684 -0.0435085 -0.0109915 -0.025951 -0.0209703 -0.0425541 -0.00370101 0.00114547 -0.014754
internal_weight=0 9818 611 9207 8099 41 570 7634 2334 819 674 1515 407 5300 4153 974 3179 1164 431 389 733 944 101 288 129 344 83 664 159 274
internal_count=13115 9818 611 9207 8099 41 570 7634 2334 819 674 1515 407 5300 4153 974 3179 1164 431 389 733 944 101 288 129 344 83 664 159 274
shrinkage=0.1


Tree=21
num_leaves=31
num_cat=0
split_feature=2 1 15 15 0 8 6 3 8 15 2 11 5 13 1 9 0 7 12 7 0 13 8 2 15 9 1 3 13 14
split_gain=6.80137 7.0052 12.3513 7.08421 7.0601 6.78763 5.51285 7.69858 7.00934 9.74499 7.38446 7.51905 6.62114 6.01025 8.23696 5.65385 6.29883 6.36861 4.97767 4.96114 5.17993 4.8879 4.85572 4.72894 4.72892 7.10536 4.61746 6.77356 4.78965 4.57677
threshold=12.500000000000002 1.5000000000000002 3.5000000000000004 49.500000000000007 36.500000000000007 28.500000000000004 3.5000000000000004 14.500000000000002 8.5000000000000018 11.500000000000002 34.500000000000007 2.5000000000000004 3.5000000000000004 8.5000000000000018 2.5000000000000004 22.500000000000004 27.500000000000004 7.5000000000000009 4.5000000000000009 9.5000000000000018 14.500000000000002 22.500000000000004 35.500000000000007 46.500000000000007 25.500000000000004 23.500000000000004 5.5000000000000009 11.500000000000002 9.5000000000000018 7.5000000000000009
decision_type=2 2 2 2 2 2 2 2 2 2 2 2 2 2 2 2 2 2 2 2 2 2 2 2 2 2 2 2 2 2
left_child=-1 19 -3 4 6 21 8 13 15 18 12 -12 -11 24 -15 16 -4 26 22 -2 -21 -6 -10 -9 -8 -26 -18 28 -28 -29
right_child=1 2 3 -5 5 -7 7 23 9 10 11 -13 -14 14 -16 -17 17 -19 -20 20 -22 -23 -24 -25 25 -27 27 29 -30 -31
leaf_value=0.0091946656891884471 -0.00930317400777168 0.010906083170033743 -0.022594019915575185 0.011031401491165162 0.010301361155874766 -0.010091537520999 0.0078117246783915018 -0.0067715621481216712 0.0080276215064380829 -0.0078693679825137166 0.000816097070357043 -0.024652209475951019 0.011299586056292742 0.046562499829701016 -0.0030006784596043326 0.0011766064925627275 -0.055375173687934875 0.0025524201632385526 -0.032383884106363572 -0.012728007433975876 0.0011252665893900008 -0.0034321042295743735 -0.015418847043489673 -0.053024294972419742 0.048741889993349719 0.00036226978488996918 -0.0088284782874278531 -0.013938065550544047 -0.061028859205543996 0.051328774860927046
leaf_weight=758 1317 1076 514 500 1111 273 588 568 988 582 167 379 261 35 799 275 34 284 35 327 1546 338 97 23 75 51 39 22 32 21
leaf_count=758 1317 1076 514 500 1111 273 588 568 988 582 167 379 261 35 799 275 34 284 35 327 1546 338 97 23 75 51 39 22 32 21
internal_value=0 -0.000564017 0.000840528 -0.000498063 -0.00125748 0.00437269 -0.0029094 0.0011378 -0.00523031 -0.00220624 -0.0078025 -0.0168625 -0.0019345 0.00484468 -0.000920689 -0.0114444 -0.0151133 -0.00621258 0.00473413 -0.00460021 -0.00129332 0.00709783 0.00593149 -0.00857158 0.011579 0.0291597 -0.0230319 -0.0133857 -0.0323554 0.0179364
internal_weight=0 12357 9167 8091 7591 1722 5869 2139 3730 2509 1389 546 843 1548 834 1221 946 432 1120 3190 1873 1449 1085 591 714 126 148 114 71 43
internal_count=13115 12357 9167 8091 7591 1722 5869 2139 3730 2509 1389 546 843 1548 834 1221 946 432 1120 3190 1873 1449 1085 591 714 126 148 114 71 43
shrinkage=0.1


Tree=22
num_leaves=31
num_cat=0
split_feature=5 2 5 7 1 13 9 8 14 8 7 8 8 13 9 15 14 7 1 7 6 0 13 13 4 0 10 0 15 0
split_gain=5.81792 5.75661 5.49602 7.20446 6.19688 6.62635 6.13054 6.07809 9.29469 5.43085 5.36736 7.34293 5.03938 5.71761 5.95686 4.72179 5.53102 5.02544 5.65648 4.46542 4.39942 4.9367 4.39027 4.63055 5.24582 4.90431 4.34619 6.88012 6.2254 4.66803
threshold=1.0000000180025095e-35 21.500000000000004 2.5000000000000004 4.5000000000000009 5.5000000000000009 5.5000000000000009 18.500000000000004 16.500000000000004 38.500000000000007 30.500000000000004 13.500000000000002 8.5000000000000018 6.5000000000000009 5.5000000000000009 21.500000000000004 5.5000000000000009 33.500000000000007 44.500000000000007 28.500000000000004 8.5000000000000018 2.5000000000000004 29.500000000000004 32.500000000000007 41.500000000000007 3.5000000000000004 32.500000000000007 1.5000000000000002 14.500000000000002 11.500000000000002 23.500000000000004
decision_type=2 2 2 2 2 2 2 2 2 2 2 2 2 2 2 2 2 2 2 2 2 2 2 2 2 2 2 2 2 2
left_child=-1 -2 3 -3 12 -6 7 10 -9 26 11 -7 13 14 20 -8 17 18 22 -13 -4 -22 -17 24 -24 -25 27 28 -5 -29
right_child=1 2 4 9 5 6 15 8 -10 -11 -12 19 -14 -15 -16 16 -18 -19 -20 -21 21 -23 23 25 -26 -27 -28 29 -30 -31
leaf_value=-0.037158884090327082 0.0037438147927768926 -0.013642345904940512 -0.055764648271724587 0.0072236178777156726 0.01083649807905341 -0.040634728910831308 0.012909539418232039 -0.013061341233551502 -0.074946368182146991 0.020259225084668115 0.018545401755687412 -0.01058949626098245 -0.0050862916332656679 0.014294119434311026 0.012896423339843749 0.0012146007196164469 0.015692371505874773 -0.020339589814345041 0.024619740051227613 0.034495788216590884 -0.034969753930062956 0.023942465186119082 -0.057469196790872625 -0.023783410354094075 -0.00056946036907342768 0.018843279919534359 -0.0046450245760295298 0.025234488604797257 -0.048585379196376337 0.0031185040204348077
leaf_weight=42 3282 656 32 39 907 52 414 240 27 105 113 59 2097 310 70 1065 222 126 91 35 33 25 43 55 26 53 2428 144 41 283
leaf_count=42 3282 656 32 39 907 52 414 240 27 105 113 59 2097 310 70 1065 222 126 91 35 33 25 43 55 26 53 2428 144 41 283
internal_value=0 0.000119381 -0.00109555 -0.00413806 0.000749422 0.00346929 0.000919863 -0.00873209 -0.0193194 -0.00208713 0.00218223 -0.0104824 -0.00298868 0.00637025 -0.00898225 0.00334322 0.000987204 -0.00125032 0.000554067 0.00619758 -0.025999 -0.00957656 -0.0012092 -0.0157931 -0.0360287 -0.00286476 -0.00288657 0.00553456 -0.0213785 0.0105768
internal_weight=0 13073 9791 3696 6095 3528 2621 526 267 3040 259 146 2567 470 160 2095 1681 1459 1333 94 90 58 1242 177 69 108 2935 507 80 427
internal_count=13115 13073 9791 3696 6095 3528 2621 526 267 3040 259 146 2567 470 160 2095 1681 1459 1333 94 90 58 1242 177 69 108 2935 507 80 427
shrinkage=0.1


Tree=23
num_leaves=31
num_cat=0
split_feature=9 5 2 0 7 7 13 12 0 14 2 15 8 6 1 7 7 3 13 6 9 2 10 1 1 0 13 0 1 13
split_gain=5.2031 7.22779 5.44645 5.52597 5.30118 5.24106 5.21915 6.05325 5.10144 6.29331 4.78629 6.49806 6.64692 5.36425 5.08013 5.02964 5.2689 4.62901 4.49391 4.30147 4.08788 4.46424 4.15257 5.12656 3.96425 4.81016 4.18092 6.33512 4.76808 3.70173
threshold=19.500000000000004 1.5000000000000002 20.500000000000004 20.500000000000004 11.500000000000002 7.5000000000000009 43.500000000000007 2.5000000000000004 31.500000000000004 1.5000000000000002 46.500000000000007 38.500000000000007 16.500000000000004 1.5000000000000002 1.0000000180025095e-35 57.500000000000007 47.500000000000007 14.500000000000002 80.500000000000014 1.5000000000000002 62.500000000000007 25.500000000000004 1.0000000180025095e-35 11.500000000000002 18.500000000000004 28.500000000000004 15.500000000000002 26.500000000000004 11.500000000000002 39.500000000000007
decision_type=2 2 2 2 2 2 2 2 2 2 2 2 2 2 2 2 2 2 2 2 2 2 2 2 2 2 2 2 2 2
left_child=1 24 4 20 -2 8 7 -5 -3 -10 11 12 13 -7 -13 16 19 -9 -8 -14 21 22 -4 -24 26 -26 27 -1 -28 -15
right_child=2 5 3 6 -6 10 18 17 9 -11 -12 14 15 29 -16 -17 -18 -19 -20 -21 -22 -23 23 -25 25 -27 28 -29 -30 -31
leaf_value=-0.01956340345144272 0.0012803201104886438 -0.0097292579210749505 0.027805378773938058 0.0050887263187204407 0.0121752475011856 0.02967214595134321 0.018351221084594728 0.0011568146415363906 -0.034588593099175433 0.0064840835883565569 -0.018434921706595074 -0.020280404587586721 -0.050888936221599582 0.0017431082051449307 0.023922481101292831 -0.05128304541110993 0.036111582635805523 -0.0079591631881297288 -0.0095314659283194745 -0.006029832542219643 -0.025794761799190238 -0.000732144563326658 -0.02268742374850042 0.0067868905632119435 0.025959030884068188 -0.027810141843344485 -0.019763555570884987 -0.061986168124237843 0.034606041759252547 0.028329825718645698
leaf_weight=125 946 1148 23 1942 846 76 311 1398 41 414 123 30 22 1734 195 25 29 926 71 753 87 1261 264 76 41 28 54 49 23 54
leaf_count=125 946 1148 23 1942 846 76 311 1398 41 414 123 30 22 1734 195 25 29 926 71 753 87 1261 264 76 41 28 54 49 23 54
internal_value=0 -0.00255233 0.00155438 0.000182153 0.0064238 -0.00155068 0.00197071 0.000967967 -0.00617774 0.00278303 0.000888378 0.0017029 0.000338872 0.00365206 0.0180288 -0.00711081 -0.00573729 -0.00247546 0.0131688 -0.00730325 -0.00467652 -0.00354519 -0.0133172 -0.016099 -0.0170888 0.00413966 -0.0229245 -0.03151 -0.00352329 0.00254606
internal_weight=0 4964 8151 6359 1792 4644 4648 4266 1603 455 3041 2918 2693 1864 225 829 804 2324 382 775 1711 1624 363 340 320 69 251 174 77 1788
internal_count=13115 4964 8151 6359 1792 4644 4648 4266 1603 455 3041 2918 2693 1864 225 829 804 2324 382 775 1711 1624 363 340 320 69 251 174 77 1788
shrinkage=0.1


Tree=24
num_leaves=31
num_cat=0
split_feature=12 5 2 4 15 1 14 9 13 15 11 14 2 15 15 10 5 0 8 2 13 3 14 11 8 14 3 12 14 13
split_gain=4.88327 5.08915 4.73181 4.97678 6.26316 5.50285 6.42813 5.49297 5.30809 7.3739 5.33858 4.62769 6.31705 4.45577 4.31912 5.29164 6.49535 3.91243 5.71156 4.14395 4.96493 5.45792 4.93396 5.09141 3.89058 3.92089 3.86332 4.78034 5.9207 5.28863
threshold=1.0000000180025095e-35 1.0000000180025095e-35 12.500000000000002 2.5000000000000004 45.500000000000007 28.500000000000004 89.500000000000014 20.500000000000004 11.500000000000002 1.5000000000000002 4.5000000000000009 9.5000000000000018 20.500000000000004 59.500000000000007 27.500000000000004 2.5000000000000004 2.5000000000000004 38.500000000000007 28.500000000000004 25.500000000000004 25.500000000000004 16.500000000000004 29.500000000000004 3.5000000000000004 12.500000000000002 8.5000000000000018 20.500000000000004 2.5000000000000004 10.500000000000002 4.5000000000000009
decision_type=2 2 2 2 2 2 2 2 2 2 2 2 2 2 2 2 2 2 2 2 2 2 2 2 2 2 2 2 2 2
left_child=-1 -2 -3 5 -5 6 7 8 9 11 17 -4 -13 -9 26 16 -16 19 -19 20 22 -22 23 -10 -17 -26 27 -11 -29 -30
right_child=1 2 3 4 -6 -7 -8 13 10 14 -12 12 -14 -15 15 24 -18 18 -20 -21 21 -23 -24 -25 25 -27 -28 28 29 -31
leaf_value=0.0082838011119100788 -0.036989303972376021 0.007553698752574914 -0.0027140063047409058 0.00036343927149179369 0.012897375833105157 0.018401518339912097 -0.052841383104140938 0.00083924311361321588 -0.029518607333302499 0.0010490250079559077 -0.032916410735675271 -0.0066975743997664677 0.059494512042273656 -0.024891186321991079 -0.030308761975981976 0.05348457743724188 0.01165448541619948 0.016306432176913535 -0.034931780673839431 -0.0061562996464523262 0.021609446163080179 -0.039323895034335914 -0.073117361182258242 0.0073785374993863319 0.042381194978952409 -0.017022548556327823 -0.021172397194370147 -0.018460306289755268 -0.013954071510921826 0.010429229884567657
leaf_weight=675 38 716 45 5168 432 120 26 2735 200 754 105 21 46 69 55 36 112 112 27 523 49 21 21 46 20 25 155 405 165 193
leaf_count=675 38 716 45 5168 432 120 26 2735 200 754 105 21 46 69 55 36 112 112 27 523 49 21 21 46 20 25 155 405 165 193
internal_value=0 -0.000449483 -0.000337524 -0.000821018 0.00133034 -0.00280058 -0.00322704 -0.00300987 -0.00588536 -0.00285284 -0.011467 0.022089 0.0387477 0.000206076 -0.00430778 0.00800736 -0.00216575 -0.00921251 0.00635369 -0.0117284 -0.020376 0.00332944 -0.0265909 -0.0226191 0.0289815 0.00937912 -0.00613443 -0.00459792 -0.0101782 -0.000808884
internal_weight=0 12440 12402 11686 5600 6086 5966 5940 3136 2032 1104 112 67 2804 1920 248 167 999 139 860 337 70 267 246 81 45 1672 1517 763 358
internal_count=13115 12440 12402 11686 5600 6086 5966 5940 3136 2032 1104 112 67 2804 1920 248 167 999 139 860 337 70 267 246 81 45 1672 1517 763 358
shrinkage=0.1


Tree=25
num_leaves=31
num_cat=0
split_feature=11 14 0 2 14 1 0 15 2 2 12 0 7 14 2 2 11 0 8 7 9 14 15 13 0 3 15 8 1 1
split_gain=4.49036 4.83339 6.48783 8.41566 7.88873 6.74091 5.44682 4.79419 4.6121 5.96215 4.90671 5.61202 4.89273 4.84705 4.61191 4.98843 10.3437 6.21616 5.83533 5.2205 5.2123 4.86332 4.7024 4.65851 4.9493 4.8645 5.14193 5.86906 4.54005 4.53545
threshold=1.5000000000000002 9.5000000000000018 16.500000000000004 47.500000000000007 12.500000000000002 1.5000000000000002 14.500000000000002 3.5000000000000004 24.500000000000004 39.500000000000007 2.5000000000000004 36.500000000000007 12.500000000000002 19.500000000000004 14.500000000000002 37.500000000000007 2.5000000000000004 11.500000000000002 2.5000000000000004 16.500000000000004 19.500000000000004 8.5000000000000018 12.500000000000002 12.500000000000002 45.500000000000007 18.500000000000004 24.500000000000004 16.500000000000004 1.0000000180025095e-35 4.5000000000000009
decision_type=2 2 2 2 2 2 2 2 2 2 2 2 2 2 2 2 2 2 2 2 2 2 2 2 2 2 2 2 2 2
left_child=8 14 4 -4 7 -6 -7 -3 13 10 -10 -12 -11 -1 -2 23 17 -17 -18 29 -21 22 -19 24 -16 26 -25 -28 -22 -20
right_child=1 2 3 -5 5 6 -8 -9 9 12 11 -13 -14 -15 15 16 18 21 19 20 28 -23 -24 25 -26 -27 27 -29 -30 -31
leaf_value=0.016846593481079104 0.011286938450559303 0.010182705235022765 0.0030878326252586409 -0.023555782782144784 -0.012441700806698786 0.010597251848725791 -0.011169879918377246 -0.028176266769643382 0.0078404398496485939 -0.0062256372968355822 -0.0093934492049393831 -0.054849995409741129 0.046650141548542752 -0.025443769439027226 -0.0031974266641007845 -0.035152886390686033 0.043220514655113222 0.024957331749781264 -0.013153404091533864 -0.032272179058340726 0.02109516237644439 0.054298883484255878 0.0038714946951041241 -0.016013277197877564 0.038397040346573146 0.0030655536849425874 0.020141334475382515 -0.015981780365109444 -0.014158197719512917 0.0054054128045177129
leaf_weight=414 222 39 5855 121 353 445 155 198 121 30 135 34 42 29 2111 25 25 191 190 122 47 31 237 912 29 229 92 88 164 429
leaf_count=414 222 39 5855 121 353 445 155 198 121 30 135 34 42 29 2111 25 25 191 190 122 47 31 237 912 29 229 92 88 164 429
internal_value=0 -0.000473179 0.00120566 0.00254836 -0.00553718 -0.00147689 0.00497408 -0.021864 0.00723582 -0.00113753 -0.00753215 -0.0185386 0.0246186 0.0140781 -0.00281194 -0.00344785 0.00145205 0.0134067 -0.0044702 -0.00572259 -0.0158189 0.0160515 0.0132813 -0.00551625 -0.00263376 -0.0101858 -0.0129647 0.00248114 -0.00630555 -0.000291155
internal_weight=0 12310 7166 5976 1190 953 600 237 805 362 290 169 72 443 5144 4922 1461 484 977 952 333 459 428 3461 2140 1321 1092 180 211 619
internal_count=13115 12310 7166 5976 1190 953 600 237 805 362 290 169 72 443 5144 4922 1461 484 977 952 333 459 428 3461 2140 1321 1092 180 211 619
shrinkage=0.1


Tree=26
num_leaves=31
num_cat=0
split_feature=0 0 10 11 5 8 9 1 7 8 15 13 15 7 2 7 2 9 8 9 4 1 6 15 13 2 15 10 14 15
split_gain=4.28366 3.9488 4.54282 4.55019 4.37408 5.31866 5.03598 4.83521 5.84366 11.735 8.16547 5.53417 4.76411 4.95816 11.0196 6.25936 5.36871 5.08056 4.82018 4.53884 6.88518 5.36396 4.5054 4.371 5.568 4.31365 4.01989 3.85498 7.12749 4.1952
threshold=1.5000000000000002 44.500000000000007 1.0000000180025095e-35 1.5000000000000002 2.5000000000000004 24.500000000000004 83.500000000000014 3.5000000000000004 33.500000000000007 26.500000000000004 44.500000000000007 12.500000000000002 13.500000000000002 8.5000000000000018 39.500000000000007 12.500000000000002 44.500000000000007 18.500000000000004 8.5000000000000018 20.500000000000004 4.5000000000000009 17.500000000000004 4.5000000000000009 46.500000000000007 23.500000000000004 14.500000000000002 15.500000000000002 3.5000000000000004 4.5000000000000009 11.500000000000002
decision_type=2 2 2 2 2 2 2 2 2 2 2 2 2 2 2 2 2 2 2 2 2 2 2 2 2 2 2 2 2 2
left_child=-1 2 -2 -4 5 25 7 8 10 -10 27 22 19 16 17 -16 18 -15 -14 20 21 -13 -9 -17 -25 -5 -20 -6 -29 -30
right_child=1 -3 3 4 6 -7 -8 11 9 -11 -12 12 13 14 15 23 -18 -19 26 -21 -22 -23 -24 24 -26 -27 -28 28 29 -31
leaf_value=-0.035983503813093363 0.0081309471408476924 0.0075627835586822515 0.0068286980237826844 0.0064489549968713596 -0.0081684208787462728 0.010131594468481267 -0.026736615192802515 0.0042874565720730316 0.025762251050695364 -0.017721702134922933 0.034664122460811748 -0.011971115851215 -0.065235094840709981 -0.015897096633568579 0.012828062251210214 -0.041827601606824569 0.018458105668877112 0.010840783160679121 -0.055576281048930615 0.0097939420392951712 0.04027917307208885 0.018062919042479825 0.018316428304387955 0.034096536338329313 -0.039628827571868898 -0.0055782039140117919 -0.013085585287021055 -0.026182921618631446 0.015307578165084124 -0.0074743129626041703
leaf_weight=33 606 671 743 324 1577 260 68 2164 179 95 51 366 26 87 40 112 33 388 26 520 33 71 256 20 21 3746 155 73 252 119
leaf_count=33 606 671 743 324 1577 260 68 2164 179 95 51 366 26 87 40 112 33 388 26 520 33 71 256 20 21 3746 155 73 252 119
internal_value=0 9.07702e-05 -0.000313204 -0.000746677 -0.00125549 -0.00373494 0.000339279 0.000615564 -0.00303885 0.0106857 -0.00485377 0.00260103 -0.00144142 -0.00667281 -0.00224351 -0.022393 -0.019001 0.00594353 -0.0249728 0.00335667 -0.00376542 -0.00709144 0.00577151 -0.0316011 -0.00366524 -0.00462076 -0.0191892 -0.00585101 0.00237998 0.00800018
internal_weight=0 13082 12411 11805 11062 4330 6732 6664 2346 274 2072 4318 1898 908 668 193 240 475 207 990 470 437 2420 153 41 4070 181 2021 444 371
internal_count=13115 13082 12411 11805 11062 4330 6732 6664 2346 274 2072 4318 1898 908 668 193 240 475 207 990 470 437 2420 153 41 4070 181 2021 444 371
shrinkage=0.1


Tree=27
num_leaves=31
num_cat=0
split_feature=5 6 8 11 0 9 7 12 9 2 2 12 7 1 14 8 14 10 0 1 3 8 7 13 6 1 5 13 10 8
split_gain=3.91822 5.97317 5.54566 5.21136 4.86198 4.24083 4.13156 4.10092 3.39069 3.36675 4.97016 4.77005 4.83891 3.64402 3.37684 3.32086 3.2763 3.17399 4.9415 3.54892 4.72031 3.5587 3.0827 3.04438 5.82761 5.65878 3.02085 4.55325 4.59752 4.14555
threshold=1.5000000000000002 3.5000000000000004 19.500000000000004 1.5000000000000002 14.500000000000002 49.500000000000007 20.500000000000004 1.0000000180025095e-35 18.500000000000004 42.500000000000007 24.500000000000004 2.5000000000000004 19.500000000000004 16.500000000000004 19.500000000000004 5.5000000000000009 5.5000000000000009 1.5000000000000002 7.5000000000000009 6.5000000000000009 37.500000000000007 99.500000000000014 3.5000000000000004 7.5000000000000009 3.5000000000000004 5.5000000000000009 2.5000000000000004 3.5000000000000004 2.5000000000000004 14.500000000000002
decision_type=2 2 2 2 2 2 2 2 2 2 2 2 2 2 2 2 2 2 2 2 2 2 2 2 2 2 2 2 2 2
left_child=1 8 4 9 -3 6 -6 22 15 10 14 16 23 -14 -2 -1 -12 18 -9 -19 21 26 -5 -13 25 -25 -21 28 -28 -29
right_child=3 2 -4 7 5 -7 -8 17 -10 -11 11 12 13 -15 -16 -17 -18 19 -20 20 -22 -23 -24 24 -26 -27 27 29 -30 -31
leaf_value=-0.047042562936743103 0.017550109006442761 -0.020607338455873869 0.046212906350514726 -0.015536767207086086 0.022935785966760974 -0.02328590588309826 -0.0065558925373096991 -0.025561932352339403 -0.0085271954360177458 0.039671213530442298 -0.0032058814824637719 -0.0015020071528851987 -0.010237478565525364 0.041155558960004286 -0.020518089443445207 -0.014619541329791748 0.031050122065364189 -0.0032476100642810334 0.00407013763528622 -0.0020842780168657351 -0.021826795664626166 -0.040906468871980906 0.010446816846416705 -0.023341695189476014 0.0068863536417484291 -0.090624862670898448 0.025225996691733601 0.0064579860872232961 0.0021217937210956253 -0.0017995091306562004
leaf_weight=51 343 86 28 50 136 39 73 58 391 34 59 32 37 22 25 83 53 4493 1895 1609 91 20 526 25 20 25 179 1088 166 1378
leaf_count=51 343 86 28 50 136 39 73 58 391 34 59 32 37 22 25 83 53 4493 1895 1609 91 20 526 25 20 25 179 1088 166 1378
internal_value=0 -0.00641765 0.00346483 0.000465527 -0.000118846 0.00698603 0.0126349 -3.34753e-05 -0.0132319 0.00900622 0.00737969 -0.0028438 -0.0138687 0.00892603 0.014964 -0.0269596 0.0130045 -0.000465057 0.00319013 -0.00125612 0.000718664 0.00118074 0.0081913 -0.0270539 -0.0387348 -0.0569833 0.00137118 0.00334907 0.0141092 0.0018437
internal_weight=0 887 362 12228 334 248 209 11553 525 675 641 273 161 59 368 134 112 10977 1953 9024 4531 4440 576 102 70 50 4420 2811 345 2466
internal_count=13115 887 362 12228 334 248 209 11553 525 675 641 273 161 59 368 134 112 10977 1953 9024 4531 4440 576 102 70 50 4420 2811 345 2466
shrinkage=0.1


end of trees

feature_importances:
Column_0=97
Column_1=89
Column_2=85
Column_7=74
Column_15=73
Column_13=57
Column_14=53
Column_5=51
Column_9=49
Column_12=45
Column_3=39
Column_8=39
Column_6=25
Column_4=23
Column_10=22
Column_11=19

parameters:
[boosting: gbdt]
[objective: regression]
[metric: l2]
[tree_learner: serial]
[device_type: cpu]
[data: ]
[valid: ]
[num_iterations: 10000]
[learning_rate: 0.1]
[num_leaves: 31]
[num_threads: 0]
[deterministic: 0]
[force_col_wise: 0]
[force_row_wise: 0]
[histogram_pool_size: -1]
[max_depth: -1]
[min_data_in_leaf: 20]
[min_sum_hessian_in_leaf: 0.001]
[bagging_fraction: 1]
[pos_bagging_fraction: 1]
[neg_bagging_fraction: 1]
[bagging_freq: 0]
[bagging_seed: 3]
[feature_fraction: 1]
[feature_fraction_bynode: 1]
[feature_fraction_seed: 2]
[extra_trees: 0]
[extra_seed: 6]
[early_stopping_round: 10]
[first_metric_only: 0]
[max_delta_step: 0]
[lambda_l1: 0]
[lambda_l2: 0]
[min_gain_to_split: 0]
[drop_rate: 0.1]
[max_drop: 50]
[skip_drop: 0.5]
[xgboost_dart_mode: 0]
[uniform_drop: 0]
[drop_seed: 4]
[top_rate: 0.2]
[other_rate: 0.1]
[min_data_per_group: 100]
[max_cat_threshold: 32]
[cat_l2: 10]
[cat_smooth: 10]
[max_cat_to_onehot: 4]
[top_k: 20]
[monotone_constraints: ]
[monotone_constraints_method: basic]
[monotone_penalty: 0]
[feature_contri: ]
[forcedsplits_filename: ]
[refit_decay_rate: 0.9]
[cegb_tradeoff: 1]
[cegb_penalty_split: 0]
[cegb_penalty_feature_lazy: ]
[cegb_penalty_feature_coupled: ]
[path_smooth: 0]
[interaction_constraints: ]
[verbosity: 1]
[saved_feature_importance_type: 0]
[max_bin: 255]
[max_bin_by_feature: ]
[min_data_in_bin: 3]
[bin_construct_sample_cnt: 200000]
[data_random_seed: 1]
[is_enable_sparse: 1]
[enable_bundle: 1]
[use_missing: 1]
[zero_as_missing: 0]
[feature_pre_filter: 1]
[pre_partition: 0]
[two_round: 0]
[header: 0]
[label_column: ]
[weight_column: ]
[group_column: ]
[ignore_column: ]
[categorical_feature: ]
[forcedbins_filename: ]
[objective_seed: 5]
[num_class: 1]
[is_unbalance: 0]
[scale_pos_weight: 1]
[sigmoid: 1]
[boost_from_average: 1]
[reg_sqrt: 0]
[alpha: 0.9]
[fair_c: 1]
[poisson_max_delta_step: 0.7]
[tweedie_variance_power: 1.5]
[lambdarank_truncation_level: 30]
[lambdarank_norm: 1]
[label_gain: ]
[eval_at: ]
[multi_error_top_k: 1]
[auc_mu_weights: ]
[num_machines: 1]
[local_listen_port: 12400]
[time_out: 120]
[machine_list_filename: ]
[machines: ]
[gpu_platform_id: -1]
[gpu_device_id: -1]
[gpu_use_dp: 0]
[num_gpu: 1]

end of parameters

pandas_categorical:null
