tree
version=v3
num_class=1
num_tree_per_iteration=1
label_index=0
max_feature_idx=15
objective=regression
feature_names=Column_0 Column_1 Column_2 Column_3 Column_4 Column_5 Column_6 Column_7 Column_8 Column_9 Column_10 Column_11 Column_12 Column_13 Column_14 Column_15
feature_infos=[1:49] [0:67] [1:49] [0:72] [0:8] [0:10] [0:7] [0:277] [0:203] [0:203] [0:8] [0:8] [0:9] [0:301] [0:186] [0:226]
tree_sizes=2765 2791 2809 2812 2805 2806 2822 2811 2791 2835 2818 2816 2801 2815 2813 2806 2789 2807 2836 2809 2813 2786 2819 2761 2804 2822

Tree=0
num_leaves=31
num_cat=0
split_feature=0 2 0 2 2 0 0 3 2 0 2 1 5 10 14 7 13 8 8 3 15 14 13 3 9 3 6 0 15 9
split_gain=119.379 102.584 40.5674 35.4431 23.9314 18.4806 15.1875 14.8538 13.1108 19.715 12.7703 10.8811 10.6207 9.71457 9.69467 8.79557 8.42717 8.63137 8.30887 11.2683 8.3039 8.04186 7.78228 7.67015 8.68703 7.574 7.94923 7.26393 8.39756 6.93467
threshold=38.500000000000007 31.500000000000004 18.500000000000004 44.500000000000007 39.500000000000007 24.500000000000004 43.500000000000007 15.500000000000002 23.500000000000004 26.500000000000004 28.500000000000004 13.500000000000002 1.5000000000000002 1.0000000180025095e-35 5.5000000000000009 16.500000000000004 27.500000000000004 7.5000000000000009 22.500000000000004 14.500000000000002 3.5000000000000004 22.500000000000004 5.5000000000000009 22.500000000000004 2.5000000000000004 12.500000000000002 1.5000000000000002 21.500000000000004 17.500000000000004 10.500000000000002
decision_type=2 2 2 2 2 2 2 2 2 2 2 2 2 2 2 2 2 2 2 2 2 2 2 2 2 2 2 2 2 2
left_child=1 2 7 6 5 25 10 13 12 -10 15 -6 -4 -1 16 21 17 -15 27 -20 29 -2 -13 24 -22 26 -3 28 -14 -7
right_child=3 4 8 -5 11 20 -8 -9 9 -11 -12 22 18 14 -16 -17 -18 -19 19 -21 23 -23 -24 -25 -26 -27 -28 -29 -30 -31
leaf_value=-0.10325877435958317 -0.13438741328087062 -0.20680468655511244 -0.16539803240076101 -0.18329448387479713 -0.20168318709768185 -0.16700877055978708 -0.090008775149344716 -0.18086792466329454 -0.16511508296501845 -0.1400362951032518 -0.13785782890109227 -0.13700877234792641 -0.14547651377869353 -0.17367543682908945 -0.16415794200042794 -0.078080204431771549 -0.20246331390107694 -0.1288269546537826 -0.13644273464581583 -0.17684483554728236 -0.19950876862263611 -0.085832304810046472 -0.18365798422710242 -0.18131646201467447 -0.14769627171090177 -0.19415162608480385 -0.16244355344059089 -0.13098515065971816 -0.094655833695887842 -0.10474462332762344
leaf_weight=32 103 49 149 70 430 27 270 355 602 654 212 44 744 54 905 84 22 209 159 122 36 51 191 130 320 252 230 1270 34 53
leaf_count=32 103 49 149 70 430 27 270 355 602 654 212 44 744 54 905 84 22 209 159 122 36 51 191 130 320 252 230 1270 34 53
internal_value=-0.152232 -0.15635 -0.149413 -0.115363 -0.177258 -0.168185 -0.108759 -0.162862 -0.143733 -0.152057 -0.120009 -0.192227 -0.139515 -0.157631 -0.159093 -0.10411 -0.143009 -0.138035 -0.137859 -0.153984 -0.155613 -0.118307 -0.174924 -0.160527 -0.152936 -0.181585 -0.170235 -0.135646 -0.143256 -0.125759
internal_weight=0 7073 5311 790 1762 1097 720 1577 3734 1256 450 665 2478 1222 1190 238 285 263 2329 281 566 154 235 486 356 531 279 2048 778 80
internal_count=7863 7073 5311 790 1762 1097 720 1577 3734 1256 450 665 2478 1222 1190 238 285 263 2329 281 566 154 235 486 356 531 279 2048 778 80
shrinkage=1


Tree=1
num_leaves=31
num_cat=0
split_feature=0 2 0 2 2 1 0 13 11 7 2 0 2 14 3 12 14 11 3 6 1 8 2 10 13 3 7 12 0 14
split_gain=96.6972 83.0934 32.8596 28.7089 19.633 14.6924 14.6846 12.6183 11.2378 11.1847 11.1528 11.21 10.5848 9.09618 9.09042 8.68204 8.37773 8.3562 9.02958 9.70346 7.86211 7.71211 7.43026 7.205 7.17224 7.10272 7.38098 7.24586 7.05683 9.61323
threshold=38.500000000000007 31.500000000000004 18.500000000000004 44.500000000000007 43.500000000000007 4.5000000000000009 27.500000000000004 17.500000000000004 2.5000000000000004 2.5000000000000004 25.500000000000004 44.500000000000007 28.500000000000004 5.5000000000000009 33.500000000000007 2.5000000000000004 25.500000000000004 1.5000000000000002 11.500000000000002 1.5000000000000002 7.5000000000000009 7.5000000000000009 28.500000000000004 1.0000000180025095e-35 65.500000000000014 17.500000000000004 5.5000000000000009 1.5000000000000002 32.500000000000007 36.500000000000007
decision_type=2 2 2 2 2 2 2 2 2 2 2 2 2 2 2 2 2 2 2 2 2 2 2 2 2 2 2 2 2 2
left_child=1 2 7 5 6 12 17 13 20 -10 -7 -12 16 21 28 -14 -2 -3 19 -19 25 -1 24 -15 -9 26 -4 -28 -11 -30
right_child=3 4 8 -5 -6 10 -8 22 9 14 11 -13 15 23 -16 -17 -18 18 -20 -21 -22 -23 -24 -25 -26 -27 27 -29 29 -31
leaf_value=-0.022656302871527496 0.016946501948021272 0.024116308428347111 0.027394471415485518 -0.027956264104161944 -0.04501753890851759 0.067578542606992878 -0.0055242773564923714 -0.024542408585548403 -0.02193910341177668 0.0029833474695759336 0.024122541798191649 0.065250878036022184 0.024116865369050125 0.036517583601402517 -0.047073234753175215 -0.04113599779930982 0.069309407424019739 -0.051240716318585983 -0.037779162946909466 -0.0093087243100705621 0.025102221476793821 0.019462599748987789 -0.061699838519096377 -0.011054723464769383 0.032341274370749788 -0.01131130198498706 0.050909681255752987 0.0055809324012791863 0.011301390053285447 0.055911833073558487
leaf_weight=54 91 32 251 70 318 191 595 290 168 1552 214 96 38 33 33 44 46 67 437 313 451 223 50 903 24 143 37 752 289 58
leaf_count=54 91 32 251 70 318 191 595 290 168 1552 214 96 38 33 33 44 46 67 437 313 451 223 50 903 24 143 37 752 289 58
internal_value=0 -0.00370616 0.00253688 0.0331819 -0.0225239 0.0391259 -0.0175703 -0.00956672 0.00764865 0.0028095 0.0485705 0.0368591 0.0175197 -0.00466662 0.00496156 -0.0108969 0.0345282 -0.0260124 -0.0279758 -0.016702 0.0138679 0.0112517 -0.0258959 -0.00937749 -0.0201946 0.00958497 0.0124582 0.00770662 0.00586579 0.0187579
internal_weight=0 7073 5311 790 1762 720 1444 1577 3734 2100 501 310 219 1213 1932 82 137 849 817 380 1634 277 364 936 314 1183 1040 789 1899 347
internal_count=7863 7073 5311 790 1762 720 1444 1577 3734 2100 501 310 219 1213 1932 82 137 849 817 380 1634 277 364 936 314 1183 1040 789 1899 347
shrinkage=0.1


Tree=2
num_leaves=31
num_cat=0
split_feature=0 2 0 2 2 14 0 3 2 0 1 5 1 1 8 3 3 11 15 15 10 3 9 14 2 0 13 1 15 8
split_gain=78.3247 67.3056 26.6163 23.4483 16.9378 14.2926 13.1026 11.3626 10.5832 15.468 10.5713 8.67814 8.44121 7.91958 8.97381 11.9149 7.4888 6.81118 7.24383 6.74875 6.6278 6.44362 7.46051 6.35295 6.26214 6.19609 6.02783 6.02314 6.40346 6.19227
threshold=38.500000000000007 31.500000000000004 18.500000000000004 38.500000000000007 39.500000000000007 23.500000000000004 24.500000000000004 15.500000000000002 23.500000000000004 26.500000000000004 8.5000000000000018 1.5000000000000002 13.500000000000002 25.500000000000004 25.500000000000004 14.500000000000002 6.5000000000000009 1.5000000000000002 3.5000000000000004 6.5000000000000009 1.0000000180025095e-35 22.500000000000004 2.5000000000000004 5.5000000000000009 44.500000000000007 36.500000000000007 27.500000000000004 17.500000000000004 11.500000000000002 4.5000000000000009
decision_type=2 2 2 2 2 2 2 2 2 2 2 2 2 2 2 2 2 2 2 2 2 2 2 2 2 2 2 2 2 2
left_child=1 2 7 5 6 10 -3 20 11 19 -2 -4 -6 14 -13 -16 -14 -8 -19 -10 -1 22 -20 26 -5 -18 -22 28 -25 -30
right_child=3 4 8 24 12 -7 17 -9 9 -11 -12 13 16 -15 15 -17 25 18 21 -21 23 -23 -24 27 -26 -27 -28 -29 29 -31
leaf_value=0.040875519253313543 0.011389270096479618 -0.023921125700693796 -0.012722668871783572 0.013032927706434922 -0.041193121141472527 0.060296088178152157 0.051249182742574943 -0.024358732062326353 0.0013520844638607908 0.010053059381264795 0.0439947096156139 0.013424871252243779 0.013561010463484402 0.056854819181637886 0.012908274084329605 -0.034495335503628377 -0.035252937343385485 0.023681787222246582 -0.04582657256296703 -0.020457009367904459 0.011983755990126287 -0.028916638596983981 0.0028950734717118278 -0.0062948444102070124 -0.025160639371190754 0.019397549331188202 -0.042505841905420477 0.019053685146829355 -0.071853767450039213 -0.0200350020738209
leaf_weight=32 194 531 149 111 430 211 23 355 229 654 204 2075 58 39 120 95 153 79 35 373 263 121 308 606 70 24 22 69 26 204
leaf_count=32 194 531 149 111 430 211 23 355 229 654 204 2075 58 39 120 95 153 79 35 373 263 121 308 606 70 24 22 69 26 204
internal_value=0 -0.00333555 0.00228319 0.0298637 -0.0202715 0.039256 -0.0126378 -0.00861005 0.00688379 -0.000594058 0.0281016 0.010674 -0.0328642 0.0121708 0.0114098 -0.00803751 -0.0176239 -0.00205224 -0.00430994 -0.0121609 -0.00403494 -0.00907578 -0.00207652 -0.00524261 -0.00173807 -0.0278427 0.00777754 -0.00934288 -0.0116866 -0.0258928
internal_weight=0 7073 5311 790 1762 609 1097 1577 3734 1256 398 2478 665 2329 2290 215 235 566 543 602 1222 464 343 1190 181 177 285 905 836 230
internal_count=7863 7073 5311 790 1762 609 1097 1577 3734 1256 398 2478 665 2329 2290 215 235 566 543 602 1222 464 343 1190 181 177 285 905 836 230
shrinkage=0.1


Tree=3
num_leaves=31
num_cat=0
split_feature=0 2 2 2 11 1 0 0 1 3 2 3 9 14 14 0 13 3 0 4 3 9 14 9 0 8 2 5 14 14
split_gain=64.6647 55.474 20.6152 20.0786 17.5789 16.5181 16.3565 12.8303 9.8529 9.81077 9.42605 8.47667 8.57087 8.88719 8.34718 7.93685 9.82852 7.91101 9.43492 7.90224 7.12819 7.12383 6.83079 6.49315 6.04939 5.7586 5.76386 5.52345 5.37248 5.72118
threshold=36.500000000000007 28.500000000000004 42.500000000000007 36.500000000000007 1.5000000000000002 1.0000000180025095e-35 18.500000000000004 17.500000000000004 6.5000000000000009 15.500000000000002 19.500000000000004 12.500000000000002 10.500000000000002 1.5000000000000002 23.500000000000004 27.500000000000004 6.5000000000000009 10.500000000000002 31.500000000000004 3.5000000000000004 1.0000000180025095e-35 9.5000000000000018 3.5000000000000004 1.5000000000000002 42.500000000000007 3.5000000000000004 10.500000000000002 1.5000000000000002 27.500000000000004 17.500000000000004
decision_type=2 2 2 2 2 2 2 2 2 2 2 2 2 2 2 2 2 2 2 2 2 2 2 2 2 2 2 2 2 2
left_child=1 6 4 5 -3 -2 9 -6 21 19 27 12 13 -12 25 -13 -17 23 -19 -1 22 -5 -15 -9 -16 -7 -27 -8 29 -18
right_child=3 2 -4 8 7 14 10 17 -10 -11 11 15 -14 20 24 16 28 18 -20 -21 -22 -23 -24 -25 -26 26 -28 -29 -30 -31
leaf_value=-0.0055742847783436912 0.001870854658385118 0.033656733850889568 -0.038740155192393835 -0.061394280195236212 -0.030204138736571035 -0.0048382860858265948 -0.0090581982181622434 -0.052386620640754701 0.012368445659064621 -0.022324998374793223 0.034717978353369726 -0.019940939057579442 0.018872739397860192 -0.023389592416146222 0.039009775434221544 0.035305417482167076 -0.0082010634567426608 -0.023623745733889465 0.0027344765898945568 0.017523977756500244 -0.0060192104955177524 -0.0028051685313789216 0.026686884843520005 0.00068920980818902512 0.073741281936236192 0.08554449138187227 0.031592675124533925 0.014955840621254234 0.024531603470826762 -0.061878991872072221
leaf_weight=964 150 79 358 36 403 41 104 24 224 301 73 287 385 34 105 73 115 535 182 175 708 49 137 582 96 21 347 1212 39 24
leaf_count=964 150 79 358 36 403 41 104 24 224 301 73 287 385 34 105 73 115 535 182 175 708 49 137 582 96 21 347 1212 39 24
internal_value=0 -0.00359721 -0.016819 0.022862 -0.0124712 0.0316007 0.0025783 -0.0145825 0.00136856 -0.00626857 0.00657062 0.0020173 0.00628248 0.00119083 0.0389113 -0.00858223 0.00440562 -0.00982403 -0.0169331 -0.00202539 -0.00159357 -0.0276194 0.0167302 -0.0014128 0.055598 0.0307108 0.0346714 0.0130581 -0.00826677 -0.0174692
internal_weight=0 6794 2163 1069 1805 760 4631 1726 309 1440 3191 1875 1337 952 610 538 251 1323 717 1139 879 85 171 606 201 409 368 1316 178 139
internal_count=7863 6794 2163 1069 1805 760 4631 1726 309 1440 3191 1875 1337 952 610 538 251 1323 717 1139 879 85 171 606 201 409 368 1316 178 139
shrinkage=0.1


Tree=4
num_leaves=31
num_cat=0
split_feature=0 2 2 2 0 0 1 1 0 5 1 14 7 11 3 8 2 15 5 14 1 10 7 14 5 3 1 0 12 3
split_gain=52.3784 45.836 20.7681 16.6654 16.1305 15.9167 13.284 8.94796 8.71702 8.67971 8.8984 8.65798 8.20469 8.59601 9.47011 6.65205 7.50546 6.48444 6.3608 6.16746 5.92451 5.91583 5.70089 5.66452 5.44485 5.33518 6.53251 6.70658 5.22309 6.25022
threshold=36.500000000000007 39.500000000000007 23.500000000000004 30.500000000000004 26.500000000000004 14.500000000000002 7.5000000000000009 4.5000000000000009 44.500000000000007 1.5000000000000002 22.500000000000004 1.5000000000000002 10.500000000000002 1.5000000000000002 12.500000000000002 23.500000000000004 20.500000000000004 12.500000000000002 3.5000000000000004 57.500000000000007 10.500000000000002 2.5000000000000004 16.500000000000004 1.5000000000000002 4.5000000000000009 7.5000000000000009 8.5000000000000018 25.500000000000004 2.5000000000000004 5.5000000000000009
decision_type=2 2 2 2 2 2 2 2 2 2 2 2 2 2 2 2 2 2 2 2 2 2 2 2 2 2 2 2 2 2
left_child=1 2 5 6 11 17 -2 -5 -9 -7 15 22 18 -14 -15 19 -17 23 20 -11 -13 24 -4 -1 -6 26 -3 -28 29 -23
right_child=3 25 4 7 21 9 -8 8 -10 10 -12 12 13 14 -16 16 -18 -19 -20 -21 -22 28 -24 -25 -26 -27 27 -29 -30 -31
leaf_value=0.043390349795420967 0.016956771575568016 -0.033808620148394482 0.02245361746526232 -0.017118811099950611 0.015725204472390699 -0.013411657195141974 0.047462242820879796 0.0062670655165554222 0.042001499553744714 0.0091433946561526903 0.045072389461777433 -0.025358976318853574 0.034958005228707956 2.7285337758560975e-05 -0.02232957317389269 0.0028278276053341957 -0.034368717836009137 -0.026630233668468218 -0.042890684684710717 0.061177090458247978 -0.0035696046145934635 0.033350396614808306 -0.027136782805124923 -0.006627958804368974 -0.032558477401733399 -0.035084538955367013 0.039967175266321972 -0.018082182109355926 -0.012740464409192404 -0.0016066820174455644
leaf_weight=24 285 83 102 116 355 188 286 293 89 2372 66 412 43 384 374 220 72 176 134 23 179 65 30 400 25 445 34 48 300 240
leaf_count=24 285 83 102 116 355 188 286 293 89 2372 66 412 43 384 374 220 72 176 134 23 179 65 30 400 25 445 34 48 300 240
internal_value=0 -0.00323749 -0.000657776 0.0205758 -0.00736554 0.00434889 0.0322362 0.00720603 0.0145926 0.00737714 0.00879679 -0.013387 -0.0155123 -0.00853632 -0.0110037 0.00790576 -0.00634392 -0.0104946 -0.0232196 0.00964309 -0.0187595 0.00277007 0.0111831 -0.00379673 0.0125486 -0.0293898 -0.0140314 0.00598706 -0.00337185 0.00584319
internal_weight=0 6794 6184 1069 2643 3541 571 498 382 2941 2753 1658 1526 801 758 2687 292 600 725 2395 591 985 132 424 380 610 165 82 605 305
internal_count=7863 6794 6184 1069 2643 3541 571 498 382 2941 2753 1658 1526 801 758 2687 292 600 725 2395 591 985 132 424 380 610 165 82 605 305
shrinkage=0.1


Tree=5
num_leaves=31
num_cat=0
split_feature=0 2 2 0 6 11 3 11 7 0 13 0 3 12 14 8 14 10 2 7 8 0 4 7 13 3 12 0 2 2
split_gain=43.1448 37.2745 16.1289 14.7767 12.2521 11.8059 11.584 8.73958 8.95091 8.68215 8.34965 7.33582 6.85281 6.71198 6.61132 6.18116 6.69281 6.06487 5.94162 6.39948 5.99174 6.37258 5.87839 5.4665 5.46542 7.92676 6.11203 5.35361 5.32163 5.29414
threshold=38.500000000000007 31.500000000000004 44.500000000000007 18.500000000000004 1.5000000000000002 1.5000000000000002 11.500000000000002 2.5000000000000004 1.5000000000000002 43.500000000000007 17.500000000000004 31.500000000000004 33.500000000000007 1.0000000180025095e-35 43.500000000000007 2.5000000000000004 5.5000000000000009 4.5000000000000009 28.500000000000004 16.500000000000004 10.500000000000002 41.500000000000007 3.5000000000000004 25.500000000000004 25.500000000000004 19.500000000000004 3.5000000000000004 24.500000000000004 20.500000000000004 42.500000000000007
decision_type=2 2 2 2 2 2 2 2 2 2 2 2 2 2 2 2 2 2 2 2 2 2 2 2 2 2 2 2 2 2
left_child=1 3 9 10 -3 23 -7 13 -9 18 15 -8 14 -5 28 -1 -17 -16 19 20 -2 -22 -21 -6 25 27 -27 -15 -10 -13
right_child=2 4 -4 7 5 6 11 8 12 -11 -12 29 -14 24 17 16 -18 -19 -20 22 21 -23 -24 -25 -26 26 -28 -29 -30 -31
leaf_value=-0.045791277848184112 -0.0031346284245189872 -0.029688071805390143 -0.023660805906568258 0.052154143546756952 0.072291186203559246 -0.0022553932845495897 -0.027338005518746041 -0.035663833984961882 0.0076586219375579558 0.040796355615128524 -0.019693840123139895 0.0086544555836710439 -0.042485084603814519 0.0052248064767230649 0.03157771355652994 0.012644910300845531 -0.005328330942730523 -0.02054132068598712 0.0059388732010463505 0.077615239648591905 0.05770831322669983 -0.0018772242324692863 0.02470746266522578 0.0040676889212235166 0.028282760698478539 -0.00070366756482557818 -0.044112658111945445 0.018400851275661205 -0.003291915600507532 -0.03027134668827057
leaf_weight=32 76 433 70 38 24 617 499 65 743 270 364 116 34 792 129 268 913 27 212 42 50 28 42 23 143 110 46 505 1102 50
leaf_count=32 76 433 70 38 24 617 499 65 743 270 364 116 34 792 129 268 913 27 212 42 50 28 42 23 143 110 46 505 1102 50
internal_value=0 -0.00247561 0.0221645 0.00170576 -0.015079 -0.0103193 -0.0121239 0.00513367 0.000866158 0.0266198 -0.00641079 -0.0212802 0.00203296 0.0106182 0.00278939 -0.00242477 -0.00124973 0.0225571 0.0181138 0.0289587 0.0168482 0.0363186 0.0511614 0.0389052 0.00962928 0.00779346 -0.0135038 0.010355 0.00111798 -0.00307018
internal_weight=0 7073 790 5311 1762 1329 1282 3734 2100 720 1577 665 2035 1634 2001 1213 1181 156 450 238 154 78 84 47 1596 1453 156 1297 1845 166
internal_count=7863 7073 790 5311 1762 1329 1282 3734 2100 720 1577 665 2035 1634 2001 1213 1181 156 450 238 154 78 84 47 1596 1453 156 1297 1845 166
shrinkage=0.1


Tree=6
num_leaves=31
num_cat=0
split_feature=0 2 12 2 1 11 2 1 0 1 0 14 13 5 9 7 13 0 10 0 2 8 13 8 2 14 6 9 15 11
split_gain=35.3281 32.1449 14.7157 12.4784 13.7226 11.5768 11.2138 10.8865 10.6859 8.40904 8.87578 8.12002 7.95757 7.7126 7.3832 7.36233 7.32093 6.81907 6.66984 6.31197 6.15401 7.2009 6.14669 6.0051 5.59032 6.48017 5.94422 5.51111 5.88893 5.44661
threshold=36.500000000000007 39.500000000000007 2.5000000000000004 44.500000000000007 1.0000000180025095e-35 1.5000000000000002 28.500000000000004 15.500000000000002 23.500000000000004 11.500000000000002 27.500000000000004 1.5000000000000002 6.5000000000000009 1.5000000000000002 11.500000000000002 30.500000000000004 8.5000000000000018 20.500000000000004 4.5000000000000009 17.500000000000004 28.500000000000004 3.5000000000000004 52.500000000000007 14.500000000000002 26.500000000000004 50.500000000000007 1.0000000180025095e-35 2.5000000000000004 2.5000000000000004 2.5000000000000004
decision_type=2 2 2 2 2 2 2 2 2 2 2 2 2 2 2 2 2 2 2 2 2 2 2 2 2 2 2 2 2 2
left_child=1 2 8 4 -2 7 9 15 11 12 -11 -1 -7 -13 23 16 -4 -18 19 -8 21 -6 27 -12 25 26 -15 28 -10 -14
right_child=3 -3 5 -5 20 6 18 -9 22 10 14 13 29 24 -16 -17 17 -19 -20 -21 -22 -23 -24 -25 -26 -27 -28 -29 -30 -31
leaf_value=0.02373903343695721 -0.0049410222788875031 -0.024559797932867146 0.030666211818126923 -0.018735567794905771 -0.0087157554285866874 0.0031674475750464986 -0.028504650009439348 0.068219906602587019 0.027611465700741473 -0.00033160668675161344 0.029102070132891341 -0.023838097747140283 -0.0027360799657293114 -0.031048805983561391 0.0079793075664025374 0.056007701846269464 -0.045386947237926988 0.0074691602816948522 -0.037003622380949612 -0.0069264390525013335 0.017066166700223592 0.038784993110605369 -0.023028771244749734 0.091489508858433488 -0.012207726663158787 0.055304164730984234 0.0031265380417900474 0.015188058368127111 -0.026452630487355317 -0.01752829236424621
leaf_weight=131 178 610 47 90 35 562 188 35 29 281 36 149 415 53 66 26 46 52 139 486 404 362 49 27 310 23 1281 1065 66 622
leaf_count=131 178 610 47 90 35 562 188 35 29 281 36 149 415 53 66 26 46 52 139 486 404 362 49 27 310 23 1281 1065 66 622
internal_value=0 -0.00265884 -0.000498491 0.0168982 0.020174 -0.00547868 -0.00714927 0.0174068 0.00427971 -0.00313918 0.00963742 -0.000305575 -0.00641524 -0.00204007 0.0313529 0.00700649 -0.00177994 -0.0173408 -0.0170586 -0.0129453 0.0257551 0.0345973 0.011664 0.0558395 -9.17162e-05 0.00267613 0.00176875 0.0131294 -0.00994885 -0.0116086
internal_weight=0 6794 6184 1069 979 3028 2822 206 3156 2009 410 1947 1599 1816 129 171 145 98 813 674 801 397 1209 63 1667 1357 1334 1160 95 1037
internal_count=7863 6794 6184 1069 979 3028 2822 206 3156 2009 410 1947 1599 1816 129 171 145 98 813 674 801 397 1209 63 1667 1357 1334 1160 95 1037
shrinkage=0.1


Tree=7
num_leaves=31
num_cat=0
split_feature=0 2 5 2 10 0 7 14 8 9 3 8 7 9 13 2 9 0 2 15 8 7 10 1 2 8 4 1 3 15
split_gain=29.1354 24.9053 11.9528 10.9844 10.0018 12.5749 10.6342 9.31179 8.63685 7.17752 8.55631 7.14741 6.9977 7.07733 7.21135 6.78103 6.36589 6.25243 6.06324 6.28361 10.9953 6.47116 6.06159 6.02362 6.78169 6.02155 5.81609 5.75693 7.22583 5.66794
threshold=38.500000000000007 34.500000000000007 1.5000000000000002 38.500000000000007 2.5000000000000004 31.500000000000004 12.500000000000002 23.500000000000004 23.500000000000004 2.5000000000000004 10.500000000000002 50.500000000000007 2.5000000000000004 5.5000000000000009 1.0000000180025095e-35 43.500000000000007 15.500000000000002 10.500000000000002 19.500000000000004 3.5000000000000004 17.500000000000004 10.500000000000002 5.5000000000000009 1.0000000180025095e-35 16.500000000000004 6.5000000000000009 1.5000000000000002 15.500000000000002 25.500000000000004 30.500000000000004
decision_type=2 2 2 2 2 2 2 2 2 2 2 2 2 2 2 2 2 2 2 2 2 2 2 2 2 2 2 2 2 2
left_child=1 2 23 7 6 11 8 27 -4 -8 16 18 -3 -14 -15 17 -11 -16 19 20 21 -6 -21 -1 -25 -23 -20 -2 -29 -12
right_child=3 12 4 -5 5 -7 9 -9 -10 10 29 -13 13 14 15 -17 -18 -19 26 22 -22 25 -24 24 -26 -27 -28 28 -30 -31
leaf_value=-0.037197828137626253 0.0075955823571844539 -0.041264540313378624 0.0044271714632262557 -0.0034153533574625933 0.026851742418985521 0.011880677735399388 -0.015362287135351272 0.041625163506416346 -0.020575541817901919 0.022522148123958655 0.0095615832949403554 -0.031731903139907536 -0.026388872446308678 0.040778552663737332 -0.037819682652095579 -0.025462094286702715 0.054180905738702191 -0.0019952042729502691 -0.02397781332428946 -0.0047796021641701948 0.060567584316781234 0.023006897387297259 0.041373877127965294 0.013235399638763582 -0.017706097919778171 -0.040646583267620634 -0.005690606844586295 0.044934277074171768 -0.018310445818034086 -0.042870699193166655
leaf_weight=96 275 92 1899 181 63 499 63 211 149 342 199 101 284 29 53 212 78 603 209 553 47 23 30 99 249 42 1036 101 22 23
leaf_count=96 275 92 1899 181 63 499 63 211 149 342 199 101 284 29 53 212 78 603 209 553 47 23 30 99 249 42 1036 101 22 23
internal_value=0 -0.00203436 0.000745632 0.018214 0.00205268 -0.00239142 0.00625464 0.0246424 0.00260813 0.0168476 0.0200084 -0.00577629 -0.0147005 -0.0126311 -0.00827529 -0.00991419 0.0284016 -0.00488956 -0.0044675 0.00258369 0.0192019 0.00401298 -0.00240464 -0.0150214 -0.00890378 -0.018123 -0.00876051 0.015639 0.0336222 0.00412941
internal_weight=0 7073 5800 790 5356 2603 2753 609 2048 705 642 2104 1273 1181 897 868 420 656 2003 758 175 128 583 444 348 65 1245 398 123 222
internal_count=7863 7073 5800 790 5356 2603 2753 609 2048 705 642 2104 1273 1181 897 868 420 656 2003 758 175 128 583 444 348 65 1245 398 123 222
shrinkage=0.1


Tree=8
num_leaves=31
num_cat=0
split_feature=0 2 1 2 12 3 0 6 11 3 13 0 9 1 2 14 6 10 4 14 9 7 1 2 13 1 15 7 3 3
split_gain=23.8592 21.7517 15.339 12.5176 11.1676 10.8676 9.02095 8.31977 7.9363 10.3958 8.01659 7.24244 7.0611 7.02857 6.89942 6.7799 6.36867 6.3633 5.91801 5.30543 5.3682 5.16794 5.1423 5.07732 6.3821 6.51656 4.94182 4.86886 4.81229 5.76618
threshold=31.500000000000004 28.500000000000004 4.5000000000000009 25.500000000000004 2.5000000000000004 14.500000000000002 44.500000000000007 1.0000000180025095e-35 1.5000000000000002 11.500000000000002 10.500000000000002 21.500000000000004 76.500000000000014 1.0000000180025095e-35 41.500000000000007 47.500000000000007 1.5000000000000002 1.5000000000000002 3.5000000000000004 23.500000000000004 8.5000000000000018 16.500000000000004 18.500000000000004 41.500000000000007 8.5000000000000018 12.500000000000002 2.5000000000000004 7.5000000000000009 1.5000000000000002 9.5000000000000018
decision_type=2 2 2 2 2 2 2 2 2 2 2 2 2 2 2 2 2 2 2 2 2 2 2 2 2 2 2 2 2 2
left_child=1 5 4 -4 14 7 12 -1 22 10 16 18 23 -7 27 -15 -10 21 -9 -6 -21 -18 -3 24 25 -5 -13 -2 -19 -30
right_child=2 8 3 6 19 13 -8 11 9 -11 -12 26 -14 15 -16 -17 17 28 -20 20 -22 -23 -24 -25 -26 -27 -28 -29 29 -31
leaf_value=-0.019927378868063294 -0.0026538377076807157 0.0030251901799982247 0.029403429115768029 0.0036662932003245635 -0.020264960028985226 -0.020922856507194006 0.035506566566064816 -0.0010677035628592947 -0.027544921693893581 -0.021519620629220176 -0.015070704554402551 0.025894231248546291 0.059141018597976026 -0.005258499470054614 -0.038356639509615695 0.037242114841938019 0.048547389417413683 0.025343655378131543 0.016725587986764455 -0.027190153260488771 0.018443376667359297 0.0010516294174724155 0.061194595268794477 -0.01219444834134158 -5.3663371380238117e-05 0.042488597655160859 0.0080611271911274814 0.02887252561182161 -0.015264794751480744 0.039728098294951698
leaf_weight=144 71 55 452 85 289 311 109 1701 52 870 430 185 23 609 23 40 63 59 210 37 85 36 21 170 351 88 971 158 143 22
leaf_count=144 71 55 452 85 289 311 109 1701 52 870 430 185 23 609 23 40 63 59 210 37 85 36 21 170 351 88 971 158 143 22
internal_value=0 -0.00315364 0.00962177 0.0160247 -0.0027205 0.000773125 0.00870363 0.00356414 -0.0125075 -0.0139415 -0.00575151 0.0046671 0.00462899 -0.00856224 0.0138541 -0.00263905 0.0049345 0.0101634 0.000887603 -0.012883 0.0046037 0.0312762 0.0190983 0.00282239 0.00769427 0.0234141 0.010915 0.019098 0.000832269 -0.00793241
internal_weight=0 5922 1941 1278 663 4171 826 3211 1751 1675 805 3067 717 960 252 649 375 323 1911 411 122 99 76 694 524 173 1156 229 224 165
internal_count=7863 5922 1941 1278 663 4171 826 3211 1751 1675 805 3067 717 960 252 649 375 323 1911 411 122 99 76 694 524 173 1156 229 224 165
shrinkage=0.1


Tree=9
num_leaves=31
num_cat=0
split_feature=0 2 0 1 3 6 11 11 7 2 6 0 3 13 8 12 2 14 13 9 8 7 6 14 14 7 8 4 14 3
split_gain=19.9079 18.6597 11.8343 10.4956 9.56711 8.37928 10.3794 7.95148 7.47022 7.31737 6.92873 6.77961 9.08326 7.86566 6.5794 6.55319 6.27096 6.05897 5.95112 5.88496 7.34854 7.14326 5.87268 5.86053 8.36899 6.55319 5.49412 5.35572 5.81299 5.33816
threshold=43.500000000000007 28.500000000000004 26.500000000000004 16.500000000000004 15.500000000000002 1.5000000000000002 1.5000000000000002 2.5000000000000004 2.5000000000000004 12.500000000000002 1.0000000180025095e-35 31.500000000000004 11.500000000000002 12.500000000000002 2.5000000000000004 1.5000000000000002 44.500000000000007 47.500000000000007 1.5000000000000002 72.500000000000014 27.500000000000004 35.500000000000007 2.5000000000000004 53.500000000000007 29.500000000000004 5.5000000000000009 13.500000000000002 3.5000000000000004 21.500000000000004 9.5000000000000018
decision_type=2 2 2 2 2 2 2 2 2 2 2 2 2 2 2 2 2 2 2 2 2 2 2 2 2 2 2 2 2 2
left_child=1 2 4 9 7 -3 26 15 -8 -4 -9 12 13 -10 -12 -1 -2 22 -14 20 -13 -22 -6 24 -16 -26 -7 28 -17 -27
right_child=16 5 3 -5 17 6 8 10 11 -11 14 19 18 -15 23 27 -18 -19 -20 -21 21 -23 -24 -25 25 29 -28 -29 -30 -31
leaf_value=0.035320579547148484 0.029804598181336014 -0.018279676176732203 0.025075928458954368 0.028957034758299839 -0.024418563543779456 0.052004552632570269 -0.027557965659147855 -0.033216399759859648 0.0092593125833405395 0.0033161120591347565 -0.045273261298151582 0.0087607710367064284 0.024047547206282618 -0.013592033462174611 0.00055911295323927805 0.0047230129291911324 -0.025717427242885938 0.021416151158663691 -0.020352643202661797 0.057931975424289711 -0.036942818837288102 0.015930697870881937 -0.0034391633282273501 0.037982152794536789 -0.071998219535901006 0.0026050738958192285 -0.0037340513297489716 0.027476784995957917 -0.039857150117556257 -0.050563115733010436
leaf_weight=78 270 598 179 242 307 48 151 74 360 1131 34 427 32 259 1218 1169 22 49 533 20 78 38 236 38 26 58 28 102 30 28
leaf_count=78 270 598 179 242 307 48 151 74 360 1131 34 427 32 259 1218 1169 22 49 533 20 78 38 236 38 26 58 28 102 30 28
internal_value=0 -0.000988173 0.00257281 0.00982392 -0.000691974 -0.00790939 -0.00476783 0.00170701 -0.00621884 0.0062894 -0.00339404 -0.00437442 -0.00867012 -0.000302075 -0.00181997 0.00716688 0.0256214 -0.0122614 -0.0178379 0.00465953 0.00269738 -0.0196222 -0.0153004 -0.000739989 -0.00184634 -0.0280056 0.0314693 0.00547895 0.00360758 -0.0147055
internal_weight=0 7571 4999 1552 3447 2572 1974 2855 1898 1310 1476 1747 1184 619 1402 1379 292 592 565 563 543 116 543 1368 1330 112 76 1301 1199 86
internal_count=7863 7571 4999 1552 3447 2572 1974 2855 1898 1310 1476 1747 1184 619 1402 1379 292 592 565 563 543 116 543 1368 1330 112 76 1301 1199 86
shrinkage=0.1


Tree=10
num_leaves=31
num_cat=0
split_feature=2 0 5 0 11 12 10 3 2 9 14 4 12 1 6 8 1 11 3 7 7 4 13 14 13 2 15 15 15 9
split_gain=16.6746 20.0995 11.9056 8.71041 8.06137 7.59571 9.17016 7.88868 7.7431 7.49785 6.97184 6.89076 6.55937 6.53543 5.67175 5.5796 5.49585 5.43868 5.69822 6.03014 5.28433 5.17846 4.95884 4.90909 5.52131 4.82678 8.67338 6.54923 4.70605 4.69104
threshold=38.500000000000007 38.500000000000007 1.5000000000000002 14.500000000000002 1.5000000000000002 2.5000000000000004 2.5000000000000004 1.5000000000000002 12.500000000000002 60.500000000000007 23.500000000000004 1.5000000000000002 5.5000000000000009 1.5000000000000002 2.5000000000000004 51.500000000000007 7.5000000000000009 2.5000000000000004 5.5000000000000009 24.500000000000004 54.500000000000007 1.5000000000000002 3.5000000000000004 11.500000000000002 6.5000000000000009 26.500000000000004 5.5000000000000009 12.500000000000002 10.500000000000002 9.5000000000000018
decision_type=2 2 2 2 2 2 2 2 2 2 2 2 2 2 2 2 2 2 2 2 2 2 2 2 2 2 2 2 2 2
left_child=1 2 -1 12 -5 -6 7 -7 -9 13 -3 -10 14 21 17 25 -2 18 -4 -20 23 -8 -18 24 -16 27 -27 -15 29 -13
right_child=16 10 3 4 5 6 9 8 11 -11 -12 28 -14 15 20 -17 22 -19 19 -21 -22 -23 -24 -25 -26 26 -28 -29 -30 -31
leaf_value=-0.014693547985931435 -0.020850365682387018 0.011266797793626637 0.024085379758123623 0.023595981119753241 0.005842920508158659 0.020321366689643083 -0.039131536770541715 0.034007467695924103 -0.021638727453863547 0.041868753885400706 0.033752137775669731 -0.0018043681979179383 -0.057391426425713758 -0.0084857195761145615 0.016332394934036362 -0.042631041672494679 0.02406202472892462 -0.024329910549472589 -0.026766693304820233 0.034401888996362685 -0.046231446753848687 -0.013020999829715758 -0.0087513642311096203 0.015327777042984964 -0.01778146157731543 0.049392861269769217 -0.017409023254310492 0.016276383720705861 -0.0074803132495600668 0.023246996172222516
leaf_weight=505 426 398 59 182 2563 245 106 61 157 29 211 150 26 205 71 36 51 244 83 20 22 268 475 200 143 21 261 223 273 149
leaf_count=505 426 398 59 182 2563 245 106 61 157 29 211 150 26 205 71 36 51 244 83 20 22 268 475 200 143 21 261 223 273 149
internal_value=0 0.00170916 3.27046e-05 0.00131557 0.00294223 0.00215037 -0.00218297 0.00464438 -0.000217472 -0.00833293 0.0190573 -0.00308129 -0.00792157 -0.0096328 -0.006394 -0.00422408 -0.0124076 -0.0148992 -0.000694817 -0.0148893 0.00152595 -0.0204213 -0.00556984 0.00406378 -0.00646331 -0.00227668 -0.0124344 0.00441603 0.00201228 0.0106794
internal_weight=0 6911 6302 5797 4929 4747 2184 1035 790 1149 609 729 868 1120 842 746 952 406 162 103 436 374 526 414 214 710 282 428 572 299
internal_count=7863 6911 6302 5797 4929 4747 2184 1035 790 1149 609 729 868 1120 842 746 952 406 162 103 436 374 526 414 214 710 282 428 572 299
shrinkage=0.1


Tree=11
num_leaves=31
num_cat=0
split_feature=0 2 1 2 9 6 0 3 14 8 13 14 14 6 9 0 3 1 8 14 15 10 0 15 4 10 2 4 3 0
split_gain=14.99 15.0918 9.4269 8.62064 8.13651 7.59825 7.0582 6.47268 6.25596 8.26178 6.18233 5.4266 11.2136 7.14656 8.22569 6.25647 6.42983 6.13821 7.36574 5.41124 6.06391 5.37311 5.3573 5.47567 5.27941 5.24678 6.13355 5.7448 5.12076 4.89133
threshold=27.500000000000004 23.500000000000004 7.5000000000000009 30.500000000000004 3.5000000000000004 1.0000000180025095e-35 4.5000000000000009 1.0000000180025095e-35 8.5000000000000018 9.5000000000000018 18.500000000000004 53.500000000000007 21.500000000000004 2.5000000000000004 12.500000000000002 22.500000000000004 14.500000000000002 1.0000000180025095e-35 7.5000000000000009 12.500000000000002 10.500000000000002 1.5000000000000002 44.500000000000007 10.500000000000002 2.5000000000000004 3.5000000000000004 9.5000000000000018 3.5000000000000004 32.500000000000007 30.500000000000004
decision_type=2 2 2 2 2 2 2 2 2 2 2 2 2 2 2 2 2 2 2 2 2 2 2 2 2 2 2 2 2 2
left_child=1 5 4 8 -2 -1 -7 10 9 -4 -3 12 15 -14 -15 17 19 -8 21 -17 -21 -19 23 24 -5 26 -20 -27 29 -10
right_child=2 7 3 22 -6 6 11 -9 28 -11 -12 -13 13 14 -16 16 -18 18 25 20 -22 -23 -24 -25 -26 27 -28 -29 -30 -31
leaf_value=-0.021039709136202622 -0.018419540547518341 0.013243822753429413 -0.015824525810423352 -0.0065623766651340572 0.0030379311214756249 -0.03461129426956177 -0.0056650246778497185 -0.011876275153101787 0.0095668246038258086 0.022660591221657121 -0.020245544155438742 0.033301342442884289 -0.031625494798580255 0.025282063086827594 -0.0197899303646112 0.028174964004186356 -0.0065144264272281108 0.031563508510589602 -0.028414364929856929 0.017267116768793625 -0.031451468335257637 -0.0091347248270744232 0.02791656776319576 -0.007646541901647228 0.022480315080395455 -0.01564408721577408 0.018716482696748069 0.025140917057893716 -0.021684980910757316 0.032088655920322902
leaf_weight=143 207 208 105 102 1208 50 634 1840 128 119 75 59 143 69 98 283 112 36 29 88 36 328 79 365 162 117 577 49 23 391
leaf_count=143 207 208 105 102 1208 50 634 1840 128 119 75 59 143 69 98 283 112 36 29 88 36 328 79 365 162 117 577 49 23 391
internal_value=0 -0.00332757 0.00572909 0.0113259 -0.000101077 0.00142571 0.00261203 -0.00971081 0.0186782 0.00462069 0.00436855 0.00331224 0.00263146 -0.0152174 -0.00116737 0.00504874 0.0147036 0.00221775 0.00661711 0.0205424 0.00312301 -0.00510962 0.00337128 0.000288491 0.0112593 0.0121463 0.016461 -0.00360514 0.0244879 0.0265341
internal_weight=0 4974 2889 1474 1415 2851 2708 2123 766 224 283 2658 2599 310 167 2289 519 1770 1136 407 124 364 708 629 264 772 606 166 542 519
internal_count=7863 4974 2889 1474 1415 2851 2708 2123 766 224 283 2658 2599 310 167 2289 519 1770 1136 407 124 364 708 629 264 772 606 166 542 519
shrinkage=0.1


Tree=12
num_leaves=31
num_cat=0
split_feature=5 0 2 15 6 1 2 10 1 8 2 1 7 1 0 14 7 11 9 14 9 13 4 3 14 13 2 8 14 13
split_gain=12.9759 12.6687 12.2817 7.68363 7.69945 7.42149 7.03437 6.36003 6.2067 8.23137 7.77544 6.15445 5.89426 6.37565 5.8064 5.70368 5.31518 5.25082 5.2503 5.24609 5.04893 4.9929 4.75581 4.70623 4.68665 4.64303 4.5505 4.2745 4.32316 4.24115
threshold=1.5000000000000002 34.500000000000007 39.500000000000007 22.500000000000004 2.5000000000000004 5.5000000000000009 12.500000000000002 5.5000000000000009 19.500000000000004 27.500000000000004 45.500000000000007 7.5000000000000009 16.500000000000004 1.0000000180025095e-35 22.500000000000004 1.5000000000000002 4.5000000000000009 1.5000000000000002 27.500000000000004 26.500000000000004 2.5000000000000004 2.5000000000000004 4.5000000000000009 1.0000000180025095e-35 40.500000000000007 21.500000000000004 20.500000000000004 6.5000000000000009 8.5000000000000018 27.500000000000004
decision_type=2 2 2 2 2 2 2 2 2 2 2 2 2 2 2 2 2 2 2 2 2 2 2 2 2 2 2 2 2 2
left_child=11 2 3 14 17 -6 25 8 9 12 -10 -1 13 -8 15 -2 -7 -5 -11 -9 -16 -17 -22 -19 -15 -3 -13 28 -14 -28
right_child=1 6 -4 4 5 16 7 19 10 18 -12 26 27 24 20 21 -18 23 -20 -21 22 -23 -24 -25 -26 -27 29 -29 -30 -31
leaf_value=-0.024371640080091905 0.01758104109993348 0.017196521269423622 -0.016062664819404115 0.022005008373941697 -0.016913031606060086 -0.026134130358695985 -0.016119428669534079 -0.038639633893966678 0.027833286842554233 -0.02700534480115907 -0.028558219362188272 0.013731811587343512 0.033732900261878966 0.0071309695311019871 -0.010645330476038384 0.0083001897691765709 0.020088639514786857 0.0081351675447963543 0.01654116833532179 0.021959538310766219 0.0088206659750819354 -0.0039669909715543648 -0.014045370784394133 -0.027720943108985298 0.051965263962745672 0.061486005056195149 -0.019706709069865092 0.030798905334350743 -0.019027791517536818 0.01212833810936321
leaf_weight=294 156 56 484 28 132 29 123 50 259 110 27 97 25 346 165 391 175 42 37 20 1732 2191 96 285 25 41 175 176 41 55
leaf_count=294 156 56 484 28 132 29 123 50 259 110 27 97 25 346 165 391 175 42 37 20 1732 2191 96 285 25 41 175 176 41 55
internal_value=0 0.00118957 -0.000799692 0.000562772 -0.00928734 0.0015628 0.00998344 0.00795314 0.00970636 0.00555944 0.0225096 -0.0138726 0.00987439 0.00361084 0.00200146 -0.000987458 0.0135178 -0.0195568 -0.0160447 -0.0213256 0.00610766 -0.00210934 0.00761982 -0.0231156 0.0101521 0.0359168 -0.00443312 0.0226603 0.000957319 -0.012094
internal_weight=0 7242 5906 5422 691 336 1336 1239 1169 883 286 621 736 494 4731 2738 204 355 147 70 1993 2582 1828 327 371 97 327 242 66 230
internal_count=7863 7242 5906 5422 691 336 1336 1239 1169 883 286 621 736 494 4731 2738 204 355 147 70 1993 2582 1828 327 371 97 327 242 66 230
shrinkage=0.1


Tree=13
num_leaves=31
num_cat=0
split_feature=2 0 9 5 8 1 9 6 1 2 5 2 11 1 14 0 14 15 14 12 9 3 13 1 7 3 14 12 7 4
split_gain=11.1361 12.1954 10.0514 8.621 8.0458 12.2953 6.55901 6.36443 5.29254 5.16815 5.75817 4.97005 4.92806 4.42807 4.36664 4.82636 6.08247 4.28747 4.30292 4.41095 4.26647 5.4566 4.65505 6.72627 5.02856 5.74777 5.44388 4.84237 8.06505 4.92465
threshold=42.500000000000007 40.500000000000007 83.500000000000014 1.5000000000000002 20.500000000000004 18.500000000000004 11.500000000000002 5.5000000000000009 4.5000000000000009 23.500000000000004 2.5000000000000004 15.500000000000002 3.5000000000000004 7.5000000000000009 1.5000000000000002 9.5000000000000018 35.500000000000007 34.500000000000007 28.500000000000004 1.5000000000000002 7.5000000000000009 28.500000000000004 5.5000000000000009 11.500000000000002 24.500000000000004 3.5000000000000004 1.0000000180025095e-35 2.5000000000000004 4.5000000000000009 1.5000000000000002
decision_type=2 2 2 2 2 2 2 2 2 2 2 2 2 2 2 2 2 2 2 2 2 2 2 2 2 2 2 2 2 2
left_child=1 2 3 12 9 7 8 11 -3 10 14 -6 17 -2 -5 -16 -17 18 19 -1 21 -11 23 -22 25 27 -27 29 -29 -24
right_child=13 6 -4 4 5 -7 -8 -9 -10 20 -12 -13 -14 -15 15 16 -18 -19 -20 -21 22 -23 24 -25 -26 26 -28 28 -30 -31
leaf_value=0.0246428280341916 -0.024775563712162069 -0.018436593091801592 0.04987697437405586 0.024520429372787478 0.0022478521437872025 0.012802069421325411 0.025915403375660798 0.043951848433131269 0.015077652734133504 -0.0089160327946388278 0.010970101827356074 -0.014824505907698005 -0.026405869199092998 -0.0058423441054636267 -0.028528281125155364 0.00064030469400709416 0.041673737603264892 0.027332582644053867 -0.045588217178980511 -0.010500917408870877 0.0046422843473503386 0.044060153365135191 -0.0095905386209487915 0.03880317862828573 0.013629151576308793 0.026226935226742815 -0.011434139735909945 0.050100151555878783 -0.020116464713135284 0.042864668085461577
leaf_weight=41 227 76 40 80 210 280 288 21 124 698 1112 907 172 271 55 1527 37 35 30 277 249 20 25 75 186 41 601 21 74 63
leaf_count=41 227 76 40 80 210 280 288 21 124 698 1112 907 172 271 55 1527 37 35 30 277 249 20 25 75 186 41 601 21 74 63
internal_value=0 0.000978592 -0.000105388 -0.000397811 0.000657654 -0.00597053 0.0162543 -0.0105894 0.00234224 0.00258996 0.00537567 -0.0116148 -0.0123445 -0.0144725 0.0017141 0.000587164 0.00161104 -0.00602978 -0.00938519 -0.00596981 -0.00122427 -0.00744037 0.00211893 0.0125499 -0.00122393 -0.00457263 -0.00902899 0.0110612 -0.0045949 0.0279626
internal_weight=0 7365 6877 6837 6282 1418 488 1138 200 4864 2811 1117 555 498 1699 1619 1564 383 348 318 2053 718 1335 324 1011 825 642 183 95 88
internal_count=7863 7365 6877 6837 6282 1418 488 1138 200 4864 2811 1117 555 498 1699 1619 1564 383 348 318 2053 718 1335 324 1011 825 642 183 95 88
shrinkage=0.1


Tree=14
num_leaves=31
num_cat=0
split_feature=0 2 4 0 2 9 14 14 14 6 9 6 14 0 8 9 15 7 9 13 3 2 13 9 1 8 12 1 2 5
split_gain=9.66123 9.79982 7.84824 8.3807 7.30352 7.03579 6.00481 7.47442 6.80251 6.60625 7.77259 5.93983 5.47565 4.82671 4.81395 4.79476 4.7704 4.92789 5.7554 4.64318 4.94847 6.77842 4.63071 7.16195 6.01132 5.33542 4.58362 4.57922 8.24145 4.53172
threshold=44.500000000000007 42.500000000000007 1.0000000180025095e-35 27.500000000000004 23.500000000000004 76.500000000000014 53.500000000000007 21.500000000000004 22.500000000000004 2.5000000000000004 12.500000000000002 1.0000000180025095e-35 35.500000000000007 14.500000000000002 4.5000000000000009 5.5000000000000009 7.5000000000000009 21.500000000000004 35.500000000000007 4.5000000000000009 1.0000000180025095e-35 28.500000000000004 7.5000000000000009 4.5000000000000009 16.500000000000004 6.5000000000000009 1.5000000000000002 11.500000000000002 27.500000000000004 3.5000000000000004
decision_type=2 2 2 2 2 2 2 2 2 2 2 2 2 2 2 2 2 2 2 2 2 2 2 2 2 2 2 2 2 2
left_child=1 2 26 4 6 22 7 11 -9 -10 -11 15 -12 -13 -2 -4 17 19 -19 -6 21 -21 23 -5 -25 -24 -1 -22 -29 -18
right_child=14 -3 3 5 16 -7 -8 8 9 10 12 13 -14 -15 -16 -17 29 18 -20 20 27 -23 25 24 -26 -27 -28 28 -30 -31
leaf_value=0.025349962932092174 -0.016168402856396091 -0.014527025976010015 -0.0063191294670104986 -0.0061508451173932568 0.014251672003580178 0.049900522993670572 0.032891487733262489 -0.066686778718774972 -0.023060368862211335 0.034318914857961368 0.0096407521516084678 -0.0054789573238686901 -0.041169901853917466 0.0064236803167283503 0.026270146130286543 -0.054205927550792704 -0.007067901666822105 0.0087429788850602649 0.067273620367050174 0.03943399618501249 -0.018780004509715332 -0.020497846975922586 -0.0076006919870701441 0.012222815375579031 0.038560227628024121 0.0058177659177991326 -0.01752976798094236 0.05709282085299492 -0.010813624262809754 -0.022640224101663636
leaf_weight=27 31 474 69 173 115 36 61 22 161 59 48 419 38 1823 194 30 870 105 20 46 299 32 411 475 106 1062 325 24 70 238
leaf_count=27 31 474 69 173 115 36 61 22 161 59 48 419 38 1823 194 30 870 105 20 46 299 32 411 475 106 1062 325 24 70 238
internal_value=0 -0.000601622 0.000319741 0.00107213 -0.0014018 0.00604513 0.00186892 0.0011599 -0.0129778 -0.00911635 0.00636632 0.00314075 -0.0128105 0.00419924 0.0204231 -0.0208303 -0.00631057 8.22965e-05 0.0181079 -0.00376275 -0.00816118 0.0148466 0.0053362 0.0117097 0.0170279 0.00207372 -0.0142407 -0.0127276 0.00652419 -0.0104129
internal_weight=0 7638 7164 6812 4549 2263 2730 2669 328 306 145 2341 86 2242 225 99 1819 711 125 586 471 78 2227 754 581 1473 352 393 94 1108
internal_count=7863 7638 7164 6812 4549 2263 2730 2669 328 306 145 2341 86 2242 225 99 1819 711 125 586 471 78 2227 754 581 1473 352 393 94 1108
shrinkage=0.1


Tree=15
num_leaves=31
num_cat=0
split_feature=5 0 11 3 3 15 9 7 13 8 2 2 10 9 10 14 15 1 15 9 9 8 6 13 4 8 1 11 15 13
split_gain=8.45195 7.87278 9.14978 8.29441 8.24451 8.01383 6.12336 10.6259 5.31138 5.71291 5.21827 5.1454 5.26412 5.01798 4.77678 4.69739 5.10065 6.60259 5.27837 6.33268 5.66871 5.34355 4.84782 6.29268 4.63628 5.24055 4.62926 4.41784 5.48137 5.24749
threshold=1.5000000000000002 34.500000000000007 2.5000000000000004 2.5000000000000004 10.500000000000002 4.5000000000000009 6.5000000000000009 11.500000000000002 12.500000000000002 21.500000000000004 35.500000000000007 11.500000000000002 5.5000000000000009 15.500000000000002 1.5000000000000002 13.500000000000002 23.500000000000004 24.500000000000004 16.500000000000004 4.5000000000000009 9.5000000000000018 28.500000000000004 1.5000000000000002 7.5000000000000009 3.5000000000000004 23.500000000000004 7.5000000000000009 1.5000000000000002 46.500000000000007 5.5000000000000009
decision_type=2 2 2 2 2 2 2 2 2 2 2 2 2 2 2 2 2 2 2 2 2 2 2 2 2 2 2 2 2 2
left_child=26 2 3 10 6 14 -4 8 9 -8 -2 -3 -13 -14 -6 -7 17 18 19 -17 -21 22 -20 -24 -22 -26 -1 29 -29 -5
right_child=1 11 4 27 5 15 7 -9 -10 -11 -12 12 13 -15 -16 16 -18 -19 21 20 24 -23 23 -25 25 -27 -28 28 -30 -31
leaf_value=-0.02030175959780103 0.013402238299751729 0.031552226494911108 -0.0064830727304987512 0.047783688604831703 0.040794160239624261 -0.020296409239924571 0.0069573758492309061 0.016339108534930157 -0.015120483593920531 -0.025914064198732378 0.05589366497532014 0.0078451595033945162 -0.049555863440036776 0.0041901819015804087 0.00056844476078237805 -0.039232980676235693 -0.020539425362907881 0.050450705574906399 0.06386348788554852 0.019835461998308029 -0.002325845098162031 -0.027047117054462434 0.049610638483004142 -0.023056879066503968 -0.059236658666584945 -0.0018956384488514493 -0.003009404264823377 0.00057390810693120221 -0.035584114387977955 0.007263279692182001
leaf_weight=294 427 86 797 40 33 521 445 482 236 60 31 1180 32 38 280 62 211 23 26 74 143 22 22 26 37 28 327 1678 43 159
leaf_count=294 427 86 797 40 33 521 445 482 236 60 31 1180 32 38 280 62 211 23 26 74 143 22 22 26 37 28 327 1678 43 159
internal_value=0 0.000960065 -0.000608098 0.00418611 -0.00383957 -0.00943448 0.000337226 0.00478185 -0.00273582 0.00305186 0.0162783 0.00789238 0.00626458 -0.0203794 0.00480949 -0.0131653 -0.00765302 -0.00178038 -0.00451064 -0.0102967 -0.00393477 0.0162226 0.0290866 0.0102491 -0.0123915 -0.0345359 -0.0111961 0.00130162 -0.000329517 0.0154081
internal_weight=0 7242 5906 2378 3528 1508 2020 1223 741 505 458 1336 1250 70 313 1195 674 463 440 344 282 96 74 48 208 65 621 1920 1721 199
internal_count=7863 7242 5906 2378 3528 1508 2020 1223 741 505 458 1336 1250 70 313 1195 674 463 440 344 282 96 74 48 208 65 621 1920 1721 199
shrinkage=0.1


Tree=16
num_leaves=31
num_cat=0
split_feature=6 11 0 3 1 2 9 1 14 15 3 8 12 9 9 6 15 2 4 0 5 11 1 14 14 6 0 0 1 3
split_gain=7.73649 7.59778 7.88621 6.97895 8.07649 6.98502 6.02057 5.4448 5.27715 5.6123 5.11919 5.05848 5.55408 5.00557 4.78321 4.86188 4.74036 4.665 6.40268 4.39728 4.39077 4.88558 5.2845 4.72385 5.70687 5.02134 4.98425 4.7554 4.37495 4.80135
threshold=1.5000000000000002 1.5000000000000002 40.500000000000007 10.500000000000002 1.0000000180025095e-35 19.500000000000004 83.500000000000014 7.5000000000000009 15.500000000000002 29.500000000000004 21.500000000000004 1.5000000000000002 1.5000000000000002 5.5000000000000009 13.500000000000002 2.5000000000000004 37.500000000000007 25.500000000000004 1.5000000000000002 8.5000000000000018 1.5000000000000002 3.5000000000000004 7.5000000000000009 21.500000000000004 31.500000000000004 1.0000000180025095e-35 34.500000000000007 24.500000000000004 2.5000000000000004 6.5000000000000009
decision_type=2 2 2 2 2 2 2 2 2 2 2 2 2 2 2 2 2 2 2 2 2 2 2 2 2 2 2 2 2 2
left_child=8 7 3 11 10 14 -7 28 -1 20 16 -3 13 -13 15 -6 -5 -4 -19 -14 -10 23 -23 26 -25 -26 27 -22 29 -2
right_child=1 2 17 4 5 6 -8 -9 9 -11 -12 12 19 -15 -16 -17 -18 18 -20 -21 21 22 -24 24 25 -27 -28 -29 -30 -31
leaf_value=-0.01208265083871193 -0.017496481736501059 -0.047626809179782875 0.027225160714170322 -0.011333983729830565 0.010846159818457135 -0.0055747979038184691 0.0471999543634328 0.031089024672975075 -0.032002697217053386 -0.017404640504043469 -0.028670949892279852 -0.010764690529216421 -0.01645895674709202 0.022874399162499254 -0.00050354185178107822 0.044529310673002219 0.032026222789729081 -0.027352980400125189 0.013336494969363189 0.002386006766062921 0.0051903130655938934 0.0053541636124986121 0.03719548055758843 -0.032518861889839178 0.046681901677088307 -0.02014336223187654 -0.027804657545956697 0.056325174435492488 -0.018296277256948608 0.029838815808296205
leaf_weight=797 30 20 163 381 134 1240 22 143 29 137 181 55 129 226 194 63 27 48 199 3084 44 122 91 75 22 23 22 31 56 75
leaf_count=797 30 20 163 381 134 1240 22 143 29 137 181 55 129 226 194 63 27 48 199 3084 44 122 91 75 22 23 22 31 56 75
internal_value=0 0.00145546 0.000694566 -0.000259908 -0.00461922 -0.00103648 -0.00465479 0.0168887 -0.00676012 0.000357423 -0.014674 0.00252142 0.00280847 0.0162902 0.0106421 0.0216179 -0.00846456 0.0140944 0.00542923 0.00162939 0.00565895 0.00819893 0.0189577 -0.00236156 -0.0156268 0.0125268 0.014049 0.0263261 0.00427593 0.0163144
internal_weight=0 6470 6166 5756 2242 1653 1262 304 1393 596 589 3514 3494 281 391 197 408 410 247 3213 459 430 213 217 120 45 97 75 161 105
internal_count=7863 6470 6166 5756 2242 1653 1262 304 1393 596 589 3514 3494 281 391 197 408 410 247 3213 459 430 213 217 120 45 97 75 161 105
shrinkage=0.1


Tree=17
num_leaves=31
num_cat=0
split_feature=2 0 1 15 3 14 2 7 3 14 14 10 4 11 2 4 13 2 2 7 6 2 12 9 14 3 15 8 2 14
split_gain=7.00269 8.46711 7.27184 6.30509 6.56567 5.67247 5.05803 4.99892 5.05085 7.40629 5.02924 4.80729 4.68298 5.85672 5.16797 5.13528 4.9486 5.02355 8.63695 6.06625 5.19138 4.66832 4.69373 4.38006 4.95944 4.3357 4.17572 4.1441 4.74177 4.097
threshold=38.500000000000007 24.500000000000004 12.500000000000002 17.500000000000004 8.5000000000000018 1.5000000000000002 21.500000000000004 19.500000000000004 2.5000000000000004 21.500000000000004 1.5000000000000002 2.5000000000000004 1.5000000000000002 2.5000000000000004 31.500000000000004 3.5000000000000004 34.500000000000007 9.5000000000000018 16.500000000000004 9.5000000000000018 2.5000000000000004 15.500000000000002 2.5000000000000004 25.500000000000004 14.500000000000002 5.5000000000000009 50.500000000000007 23.500000000000004 33.500000000000007 50.500000000000007
decision_type=2 2 2 2 2 2 2 2 2 2 2 2 2 2 2 2 2 2 2 2 2 2 2 2 2 2 2 2 2 2
left_child=1 5 3 6 -5 27 -3 8 9 -4 -10 23 16 14 15 21 17 -7 19 -19 -20 22 25 -8 -25 -14 -12 28 -1 -15
right_child=-2 2 7 4 -6 12 11 -9 10 -11 26 -13 13 29 -16 -17 -18 18 20 -21 -22 -23 -24 24 -26 -27 -28 -29 -30 -31
leaf_value=0.024553058673353757 -0.0080406332075470648 0.011322392888909232 0.044658915803466044 0.0070192251416201085 -0.016993473708047154 -0.037323224769448334 0.0046780140342446144 0.022641113200848721 -0.037001657883326211 -0.016071999325816121 0.0077335677226360077 -0.0058588969646721873 0.053241072595119482 -0.0064981225591439476 -0.018936835565874655 0.020712127488978369 -0.038641134218165757 0.0048086509622376544 -0.023487550259198783 0.053400946385932693 -0.0013831722344591025 -0.00076022595167160036 0.0015928212350065059 0.070122152826060422 0.0044521209986313533 0.011935158129091617 -0.035190545270840333 -0.019256866068551037 -0.026923281401395799 0.014491083164407751
leaf_weight=170 952 701 71 181 307 53 394 321 30 28 407 564 48 1534 93 188 57 116 212 33 213 804 110 23 23 54 24 33 20 99
leaf_count=170 952 701 71 181 307 53 394 321 30 28 407 564 48 1534 93 188 57 116 212 33 213 804 110 23 23 54 24 33 20 99
internal_value=0 0.00110761 0.00501819 0.00193543 -0.00808712 -0.00202534 0.00480406 0.0126918 0.00698876 0.0274825 0.00258772 0.000252916 -0.00298044 -0.00124119 0.00377549 0.00552985 -0.0104307 -0.00786614 -0.00514624 0.0155707 -0.0124094 0.00272053 0.0159211 0.00808715 0.0372871 0.0313732 0.00534336 0.0134533 0.0191345 -0.00522566
internal_weight=0 6911 3074 2193 488 3837 1705 881 560 99 461 1004 3614 2930 1297 1204 684 627 574 149 425 1016 212 440 46 102 431 223 190 1633
internal_count=7863 6911 3074 2193 488 3837 1705 881 560 99 461 1004 3614 2930 1297 1204 684 627 574 149 425 1016 212 440 46 102 431 223 190 1633
shrinkage=0.1


Tree=18
num_leaves=31
num_cat=0
split_feature=5 0 7 11 12 3 9 10 0 1 1 0 2 9 9 8 9 14 15 3 9 5 2 5 8 11 2 13 13 14
split_gain=6.22889 6.14375 5.46498 5.39943 5.37527 5.62843 5.52821 5.54006 5.09117 5.09575 4.77957 4.55748 4.27847 4.70276 4.46657 4.97386 4.48575 4.29825 5.45066 4.16301 4.11584 3.95272 3.94503 4.12741 5.34293 9.10792 5.76767 4.71759 4.35251 6.90794
threshold=1.5000000000000002 43.500000000000007 1.5000000000000002 1.5000000000000002 2.5000000000000004 36.500000000000007 3.5000000000000004 1.0000000180025095e-35 15.500000000000002 24.500000000000004 7.5000000000000009 34.500000000000007 22.500000000000004 9.5000000000000018 13.500000000000002 39.500000000000007 11.500000000000002 12.500000000000002 22.500000000000004 9.5000000000000018 5.5000000000000009 2.5000000000000004 39.500000000000007 2.5000000000000004 5.5000000000000009 3.5000000000000004 11.500000000000002 7.5000000000000009 34.500000000000007 26.500000000000004
decision_type=2 2 2 2 2 2 2 2 2 2 2 2 2 2 2 2 2 2 2 2 2 2 2 2 2 2 2 2 2 2
left_child=-1 2 -2 -4 22 6 11 -8 10 12 -9 -6 14 -14 15 16 17 -10 19 20 -19 -11 23 24 25 -5 -26 -27 29 -28
right_child=1 -3 3 4 5 -7 7 8 9 21 -12 -13 13 -15 -16 -17 -18 18 -20 -21 -22 -23 -24 -25 26 27 28 -29 -30 -31
leaf_value=-0.0096115782257055523 -0.013150482578840975 0.015347830259374209 0.014494872394451597 0.0048452472144907173 -0.016129428663648162 -0.034719052248530918 0.031310341314033228 -0.0036496068595759457 0.017756473561356352 -0.0069013341053112132 -0.025217500209008287 0.013647699179285664 -0.013283985433109264 0.00034230745339900565 -0.0047730331253587159 -0.034773925853812178 0.038699785430552601 -0.050912480101440893 0.03724650055170059 0.010487625782306378 -0.0075485685238471396 0.031988626986407163 -0.0087769521876823083 0.0082816352727045107 -0.03154246381350926 0.076202460428078975 -0.0013478186257342075 0.016719779123862587 -0.035845567987245676 0.031900455960721684
leaf_weight=621 292 280 277 275 399 54 54 331 261 37 149 59 376 776 285 23 59 33 30 65 65 89 258 1323 63 30 1175 24 34 66
leaf_count=621 292 280 277 275 399 54 54 331 261 37 149 59 376 776 285 23 59 33 30 65 65 89 258 1323 63 30 1175 24 34 66
internal_value=0 0.000824191 0.000240074 0.000826288 0.000234046 -0.00271272 -0.00215357 -0.000389762 -0.00105351 0.00107119 -0.0103446 -0.0122935 -0.000173955 -0.00410516 0.00534219 0.0107206 0.0127603 0.00938934 -0.00192579 -0.00913542 -0.0221507 0.0205686 0.00308736 0.00411111 0.000801206 0.0122182 -0.00200611 0.0497657 -0.000546671 0.000420422
internal_weight=0 7242 6962 6670 6393 3145 3091 2633 2579 2099 480 458 1973 1152 821 536 513 454 193 163 98 126 3248 2990 1667 329 1338 54 1275 1241
internal_count=7863 7242 6962 6670 6393 3145 3091 2633 2579 2099 480 458 1973 1152 821 536 513 454 193 163 98 126 3248 2990 1667 329 1338 54 1275 1241
shrinkage=0.1


Tree=19
num_leaves=31
num_cat=0
split_feature=0 4 7 9 11 5 6 13 1 10 7 13 6 0 2 8 15 9 8 8 15 14 14 3 3 5 11 10 6 0
split_gain=5.68036 5.47284 6.19819 6.02116 6.13901 6.5879 5.82125 5.67012 5.68307 6.33739 6.21383 6.18669 5.84575 5.55442 4.78851 4.58662 4.51341 4.10233 4.90061 4.61975 4.09534 4.0766 4.68829 4.03192 3.96965 3.8806 4.50452 7.47348 5.25893 4.97207
threshold=8.5000000000000018 1.5000000000000002 12.500000000000002 83.500000000000014 1.5000000000000002 1.5000000000000002 3.5000000000000004 9.5000000000000018 7.5000000000000009 2.5000000000000004 5.5000000000000009 7.5000000000000009 2.5000000000000004 40.500000000000007 23.500000000000004 39.500000000000007 6.5000000000000009 5.5000000000000009 14.500000000000002 72.500000000000014 8.5000000000000018 46.500000000000007 18.500000000000004 5.5000000000000009 1.0000000180025095e-35 2.5000000000000004 2.5000000000000004 1.5000000000000002 4.5000000000000009 20.500000000000004
decision_type=2 2 2 2 2 2 2 2 2 2 2 2 2 2 2 2 2 2 2 2 2 2 2 2 2 2 2 2 2 2
left_child=-1 2 7 4 6 -6 24 8 10 -10 11 -2 -13 14 15 25 -11 -16 -19 -20 -9 22 -17 -4 -3 -7 27 -27 -28 -29
right_child=1 3 23 -5 5 13 -8 20 9 16 -12 12 -14 -15 17 21 -18 18 19 -21 -22 -23 -24 -25 -26 26 28 29 -30 -31
leaf_value=-0.012761129501337063 -0.0062782293149069249 -0.028208705907066662 0.033842294284554784 0.038729361918839543 -0.011442515231780153 0.0014567074521929135 0.052501352366648227 -0.021724724257925907 0.02838683295352706 0.023782754766530006 -0.02157891266426798 -0.0020399392554254245 0.056228921065727869 0.013090159904073787 -0.0090757484757341446 -0.0054592585147813311 -0.025287939523750882 0.0048594650303955883 -0.0067026283064993419 0.037808450249334179 -0.0054739650940567354 0.022059522782053267 -0.054752365010125294 0.00096430862322449684 0.014670854294022848 0.065155059844255445 0.0030123251782332126 -0.00067814910036372391 0.045184272527694705 0.02547480029218337
leaf_weight=334 204 24 61 44 402 1367 38 332 116 29 177 33 36 405 640 43 53 1022 820 24 291 21 35 96 215 32 641 127 31 170
leaf_count=334 204 24 61 44 402 1367 38 332 116 29 177 33 36 405 640 43 53 1022 820 24 291 21 35 96 215 32 641 127 31 170
internal_value=0 0.000566107 -0.0050067 0.00187048 0.00160272 0.000905782 0.0161454 -0.00732221 -0.000773135 0.013345 -0.00698512 0.00247679 0.0283612 0.0018288 0.000911682 0.00403918 -0.00793367 -0.00216714 0.000202369 -0.00543691 -0.0141341 -0.0170488 -0.027578 0.0137386 0.010365 0.00492081 0.00965151 0.0192388 0.00495776 0.0142916
internal_weight=0 7529 1428 6101 6057 5780 277 1271 648 198 450 273 69 5378 4973 2467 82 2506 1866 844 623 99 78 157 239 2368 1001 329 672 297
internal_count=7863 7529 1428 6101 6057 5780 277 1271 648 198 450 273 69 5378 4973 2467 82 2506 1866 844 623 99 78 157 239 2368 1001 329 672 297
shrinkage=0.1


Tree=20
num_leaves=31
num_cat=0
split_feature=2 1 9 12 4 0 11 6 5 1 3 10 11 14 7 8 8 9 14 8 7 2 8 8 10 9 15 15 10 7
split_gain=5.16203 5.22742 6.26744 7.31634 6.16784 4.97172 5.23074 6.33397 5.01322 4.89405 4.79443 4.59 4.7405 4.51239 5.23174 4.16606 4.18121 6.12841 4.50452 4.10027 4.05291 3.95868 4.39627 4.30202 3.7769 3.73288 3.67967 3.66223 6.95603 3.63799
threshold=47.500000000000007 7.5000000000000009 2.5000000000000004 1.5000000000000002 1.0000000180025095e-35 31.500000000000004 2.5000000000000004 1.5000000000000002 2.5000000000000004 32.500000000000007 29.500000000000004 3.5000000000000004 4.5000000000000009 12.500000000000002 19.500000000000004 13.500000000000002 7.5000000000000009 9.5000000000000018 10.500000000000002 12.500000000000002 85.500000000000014 36.500000000000007 22.500000000000004 68.500000000000014 4.5000000000000009 54.500000000000007 36.500000000000007 25.500000000000004 1.0000000180025095e-35 50.500000000000007
decision_type=2 2 2 2 2 2 2 2 2 2 2 2 2 2 2 2 2 2 2 2 2 2 2 2 2 2 2 2 2 2
left_child=1 2 -1 11 -5 6 7 -3 9 13 24 12 15 14 -7 16 17 -4 -18 26 -8 22 -10 -24 -9 27 29 28 -21 -6
right_child=-2 5 3 4 19 8 20 10 21 -11 -12 -13 -14 -15 -16 -17 18 -19 -20 25 -22 -23 23 -25 -26 -27 -28 -29 -30 -31
leaf_value=-0.013068704651209271 -0.021711768817018581 -0.016240337302810267 0.056743166402534212 -0.01652997648625663 0.0015992586268633404 -0.018768784260749818 -0.002289904758615314 0.01043527921872159 0.026751536270133176 -0.04036697958196913 -0.023811650193399855 0.031853923887014392 -0.028986252076698072 0.014793420141328596 0.021669120428174041 0.036054293123575359 -0.035088551771350028 -0.011277858454447526 0.016944349663598198 0.05180012800476768 -0.047644555717706684 0.0024984047046074502 -2.170564003393684e-05 0.047501142458482221 0.033664829047714791 0.024506495420525715 0.021840873851694847 -0.018683515262180175 -0.0050149712665537695 -0.025675076246261599
leaf_weight=446 108 95 27 264 2233 125 1325 478 297 28 36 100 33 167 43 52 41 26 28 22 20 195 142 22 82 41 88 197 1052 50
leaf_count=446 108 95 27 264 2233 125 1325 478 297 28 36 100 33 167 43 52 41 26 28 22 20 195 142 22 82 41 88 197 1052 50
internal_value=0 0.000302369 -0.00179083 -0.000608424 -0.00176503 0.00352267 0.00066872 0.00774027 0.00922496 -0.000204133 0.0115627 0.0142616 0.00576294 0.00315276 -0.00841861 0.0123533 0.00225125 0.0233744 -0.0139738 -0.000706665 -0.00296432 0.0144426 0.0194949 0.00635331 0.0138367 -0.0051921 0.00177536 -0.00615012 -0.00385116 0.00100192
internal_weight=0 7755 4700 4254 3947 3055 2036 691 1019 363 596 307 207 335 168 174 122 53 69 3683 1345 656 461 164 560 1312 2371 1271 1074 2283
internal_count=7863 7755 4700 4254 3947 3055 2036 691 1019 363 596 307 207 335 168 174 122 53 69 3683 1345 656 461 164 560 1312 2371 1271 1074 2283
shrinkage=0.1


Tree=21
num_leaves=31
num_cat=0
split_feature=0 2 1 13 5 8 15 1 3 13 14 10 15 9 3 1 7 0 6 3 3 6 3 1 3 15 11 4 4 3
split_gain=4.44826 4.46266 8.37968 5.57423 5.29391 4.83663 6.0886 4.35721 6.62907 5.54825 3.84038 3.58816 5.77272 4.10797 6.42505 6.10695 6.47401 9.45854 9.04798 5.67003 5.17215 4.826 5.85394 4.70797 4.18723 3.56999 3.54863 3.71516 3.68894 3.53741
threshold=8.5000000000000018 19.500000000000004 1.0000000180025095e-35 1.5000000000000002 1.5000000000000002 3.5000000000000004 13.500000000000002 24.500000000000004 25.500000000000004 23.500000000000004 2.5000000000000004 2.5000000000000004 15.500000000000002 18.500000000000004 20.500000000000004 2.5000000000000004 14.500000000000002 35.500000000000007 3.5000000000000004 9.5000000000000018 32.500000000000007 3.5000000000000004 16.500000000000004 9.5000000000000018 1.5000000000000002 4.5000000000000009 3.5000000000000004 1.5000000000000002 2.5000000000000004 5.5000000000000009
decision_type=2 2 2 2 2 2 2 2 2 2 2 2 2 2 2 2 2 2 2 2 2 2 2 2 2 2 2 2 2 2
left_child=-1 2 4 10 -2 6 -4 11 -9 -10 -3 12 -5 21 19 20 18 -18 -17 26 -16 -13 23 24 -23 -21 27 -15 -29 -12
right_child=1 3 5 7 -6 -7 -8 8 9 -11 29 13 -14 14 15 16 17 -19 -20 25 -22 22 -24 -25 -26 -27 -28 28 -30 -31
leaf_value=-0.01129265905854231 -0.037802246856418531 0.053262660652399069 0.0061113555484743265 0.0028692277029403425 -0.0020671560004291174 0.010537528257472149 -0.044428878539317367 0.016808485763223642 0.012540476480308843 -0.032813750207424164 0.025946558154253077 -0.0097333496421180207 -0.010000700566383049 -0.04066386443117391 0.003355052475891416 0.066214456070553179 -0.0079110836711796858 0.053859943244606259 0.0045754545856089819 0.0073945375375969475 -0.052050171792507177 -0.025518269930034879 -0.02865601181983948 0.043269400464163887 0.018246505830598916 -0.024801567894530436 0.024909904409968667 0.039723572676832027 -0.0088555300677264186 0.0027095152031291619
leaf_weight=334 44 20 67 1691 717 1307 37 269 49 60 86 1583 439 23 63 55 110 32 42 43 23 32 36 45 69 173 63 22 54 275
leaf_count=334 44 20 67 1691 717 1307 37 269 49 60 86 1583 439 23 63 55 110 32 42 43 23 32 36 45 69 173 63 22 54 275
internal_value=0 0.000500963 0.00432444 -0.00104927 -0.00413331 0.008886 -0.0118693 -0.00194186 0.00837868 -0.0124252 0.0106083 -0.00279031 0.000216693 -0.0053855 0.00107901 0.0113892 0.019612 0.00600915 0.0395254 -0.00778553 -0.0114626 -0.00796032 0.00746116 0.0163668 0.00438044 -0.0183922 0.00635664 -0.00544999 0.00520684 0.00824521
internal_weight=0 7529 2172 5357 761 1411 104 4976 378 109 381 4598 2130 2468 703 325 239 142 97 378 86 1765 182 146 101 216 162 99 76 361
internal_count=7863 7529 2172 5357 761 1411 104 4976 378 109 381 4598 2130 2468 703 325 239 142 97 378 86 1765 182 146 101 216 162 99 76 361
shrinkage=0.1


Tree=22
num_leaves=31
num_cat=0
split_feature=2 9 0 8 11 1 9 10 7 3 2 9 11 2 9 14 15 15 1 0 8 14 2 8 14 9 1 13 3 6
split_gain=4.0997 4.47317 4.36982 4.42189 3.96519 3.60106 3.38135 3.26755 5.50643 8.05328 6.0118 4.91486 4.02601 6.62908 4.52357 4.02308 3.86502 3.77138 5.58792 4.06273 4.65411 4.55025 3.74197 3.65042 4.28015 5.16263 3.58638 5.06818 6.08325 4.95764
threshold=43.500000000000007 83.500000000000014 43.500000000000007 1.5000000000000002 1.5000000000000002 26.500000000000004 15.500000000000002 2.5000000000000004 12.500000000000002 10.500000000000002 8.5000000000000018 2.5000000000000004 2.5000000000000004 19.500000000000004 10.500000000000002 45.500000000000007 4.5000000000000009 5.5000000000000009 1.0000000180025095e-35 28.500000000000004 2.5000000000000004 66.500000000000014 10.500000000000002 23.500000000000004 12.500000000000002 14.500000000000002 2.5000000000000004 13.500000000000002 9.5000000000000018 2.5000000000000004
decision_type=2 2 2 2 2 2 2 2 2 2 2 2 2 2 2 2 2 2 2 2 2 2 2 2 2 2 2 2 2 2
left_child=1 2 3 -1 5 -5 -4 8 10 11 -6 -10 13 -11 -15 -13 -14 18 -9 21 -21 -19 -12 26 -25 -26 29 -28 -29 -24
right_child=-2 -3 6 4 7 -7 -8 17 9 12 22 15 16 14 -16 -17 -18 19 -20 20 -22 -23 23 24 25 -27 27 28 -30 -31
leaf_value=-0.027396787677781059 -0.0098371039723875522 0.030044373577716305 0.0021488766394444367 0.0077443147897720338 -0.028707922140757243 0.050378566057909108 0.025110705330119873 -0.0072240008148428516 -0.011563727845911122 0.064458320963950391 0.034572594973348802 0.016066745676861737 0.015986364670828278 0.039655515700578695 -0.017310907205809717 0.050680966509713071 -0.014337945165245104 -0.0087139579995996284 0.0083856010021614684 0.041463999505396247 -0.00069406258909008179 0.02939786110073328 -0.010455677796729471 0.0027358072854223709 -0.043829872937344798 0.0044917281378399239 0.0066668480937950711 -0.028066067511633954 0.01069436164005943 0.0056522079321771187
leaf_weight=59 402 51 134 350 75 21 123 365 61 21 31 499 51 20 46 36 239 1489 617 27 869 32 506 84 67 33 1081 98 69 307
leaf_count=59 402 51 134 350 75 21 123 365 61 21 31 499 51 20 46 36 239 1489 617 27 869 32 506 84 67 33 1081 98 69 307
internal_value=0 0.000530025 0.00032689 -0.000133414 9.3332e-05 0.0101576 0.0131384 -0.00046205 0.00176728 0.00809394 -0.000851109 0.0153296 -0.00334491 0.0155222 -4.83548e-05 0.0183959 -0.00900505 -0.00264219 0.00258366 -0.0047654 0.000576325 -0.00791213 6.68444e-05 -0.000409627 -0.0139053 -0.0278837 0.000795223 0.0041621 -0.0120513 -0.00437312
internal_weight=0 7461 7410 7153 7094 371 257 6723 3324 973 2351 596 377 87 66 535 290 3399 982 2417 896 1521 2276 2245 184 100 2061 1248 167 813
internal_count=7863 7461 7410 7153 7094 371 257 6723 3324 973 2351 596 377 87 66 535 290 3399 982 2417 896 1521 2276 2245 184 100 2061 1248 167 813
shrinkage=0.1


Tree=23
num_leaves=31
num_cat=0
split_feature=2 4 5 15 15 0 9 1 4 14 2 8 13 14 0 8 3 6 2 9 13 0 13 13 1 12 7 1 9 7
split_gain=3.92368 4.19357 4.21087 4.07461 8.75824 4.66253 4.95725 6.05506 4.01253 4.00015 3.50718 6.31462 4.58409 3.92001 3.55206 5.70953 5.34944 4.36486 5.17009 4.88511 4.75088 4.16936 4.73598 4.14005 3.59929 4.23437 4.04674 3.59365 3.8109 4.62644
threshold=14.500000000000002 1.5000000000000002 1.5000000000000002 51.500000000000007 58.500000000000007 39.500000000000007 5.5000000000000009 19.500000000000004 5.5000000000000009 67.500000000000014 13.500000000000002 12.500000000000002 16.500000000000004 8.5000000000000018 26.500000000000004 3.5000000000000004 8.5000000000000018 2.5000000000000004 8.5000000000000018 2.5000000000000004 22.500000000000004 23.500000000000004 12.500000000000002 1.5000000000000002 5.5000000000000009 3.5000000000000004 11.500000000000002 2.5000000000000004 13.500000000000002 25.500000000000004
decision_type=2 2 2 2 2 2 2 2 2 2 2 2 2 2 2 2 2 2 2 2 2 2 2 2 2 2 2 2 2 2
left_child=9 -2 8 5 -5 -4 7 -7 -3 10 14 13 -13 -12 17 -16 -17 18 -1 -20 21 22 23 -19 26 -26 -21 -18 -29 -30
right_child=1 2 3 4 -6 6 -8 -9 -10 -11 11 12 -14 -15 15 16 27 20 19 24 -22 -23 -24 -25 25 -27 -28 28 29 -31
leaf_value=-0.031006809506151412 -0.0061843970400932572 -0.012076151118248325 0.00073348867045464972 -0.039987988491853081 0.0018647092282772064 -0.033717321118582853 0.016542919003404679 0.029123347608939462 0.023725221349912534 0.040464532934129244 0.0084130652603648971 0.012215958588889667 -0.037947785081686801 0.047269301817697645 -0.036634692160979559 0.034973379655016797 -0.018383198355635007 0.050155435367064044 -0.0313522607088089 -0.024836331714283337 -0.0212684552888481 -0.022611898822443827 0.049232307448983194 0.0029659499476353329 0.039809886952663992 -0.015127472132444381 0.015123372952988807 0.03354024053723724 -0.022889602407813073 0.035073088464282809
leaf_weight=90 1224 395 4499 75 150 46 352 23 34 32 42 56 27 68 23 90 48 22 46 55 49 28 40 120 47 20 47 54 40 21
leaf_count=90 1224 395 4499 75 150 46 352 23 34 32 42 56 27 68 23 90 48 22 46 55 49 28 40 120 47 20 47 54 40 21
internal_value=0 -0.000884172 0.000279709 0.00107338 -0.0120862 0.00167519 0.0117386 -0.0127704 -0.00923875 0.00564376 0.00456509 0.0167211 -0.00410237 0.0324333 0.00177211 0.0110679 0.0154045 -0.00277688 -0.0108836 -0.00245995 0.00676965 0.0133119 0.0188386 0.010277 0.00540423 0.0234107 -0.00642353 0.00459957 0.0141924 -0.00293523
internal_weight=0 6798 5574 5145 225 4920 421 69 429 1065 1033 193 83 110 840 276 253 564 305 215 259 210 182 142 169 67 102 163 115 61
internal_count=7863 6798 5574 5145 225 4920 421 69 429 1065 1033 193 83 110 840 276 253 564 305 215 259 210 182 142 169 67 102 163 115 61
shrinkage=0.1


Tree=24
num_leaves=31
num_cat=0
split_feature=11 7 12 6 15 0 3 3 1 5 8 6 14 14 10 14 15 7 2 13 7 8 9 15 6 7 2 2 13 8
split_gain=3.60858 5.48549 5.3904 6.62407 4.59222 4.13622 4.58004 3.75946 3.71089 3.58674 5.46386 3.67836 3.72318 6.43324 4.1385 3.60168 3.52187 3.61397 3.50932 4.91554 3.69321 3.39808 3.34831 5.64305 6.47481 5.32968 6.05552 5.35887 5.24259 4.70114
threshold=2.5000000000000004 2.5000000000000004 1.5000000000000002 2.5000000000000004 50.500000000000007 31.500000000000004 10.500000000000002 7.5000000000000009 7.5000000000000009 2.5000000000000004 24.500000000000004 2.5000000000000004 11.500000000000002 18.500000000000004 2.5000000000000004 3.5000000000000004 4.5000000000000009 6.5000000000000009 36.500000000000007 5.5000000000000009 1.5000000000000002 9.5000000000000018 8.5000000000000018 10.500000000000002 2.5000000000000004 8.5000000000000018 34.500000000000007 15.500000000000002 17.500000000000004 14.500000000000002
decision_type=2 2 2 2 2 2 2 2 2 2 2 2 2 2 2 2 2 2 2 2 2 2 2 2 2 2 2 2 2 2
left_child=2 -2 3 21 8 6 22 -5 -4 10 11 12 15 -14 -15 -7 17 -8 20 -20 -10 -1 23 24 -3 27 -27 -24 -25 -26
right_child=1 5 4 7 -6 9 16 -9 18 -11 -12 -13 13 14 -16 -17 -18 -19 19 -21 -22 -23 25 28 29 26 -28 -29 -30 -31
leaf_value=-0.013852004753425719 -0.013060447749870908 -0.0026305724977247671 -0.00025544456040339775 0.061052891038931335 -0.020448615142832634 0.01047151026626428 -0.01934325397014618 0.021300304742133031 -0.027101010084152222 0.0078305431598320943 -0.053073907608077647 0.0099592604488134388 0.034349589014337177 0.014472434099982768 -0.029756807003702437 -0.033828060195232053 -0.0095119924626567154 0.0086139403022172153 0.030820306583687115 -0.017067276342557027 0.012041791912616629 0.018367962116625773 -0.037040930580009117 -0.006141720088768979 0.0089678003088287696 0.017039877671706172 -0.012300086126608009 0.00058444876952364879 -0.033494352273966958 0.048410071796841092
leaf_weight=64 389 497 1813 39 92 24 58 61 25 860 21 180 42 34 56 78 1100 228 27 104 673 67 44 294 92 408 85 271 92 45
leaf_count=64 389 497 1813 39 92 24 58 61 25 860 21 180 42 34 56 78 1100 228 27 104 673 67 44 294 92 408 85 271 92 45
internal_value=0 -0.00166678 0.00275341 0.0174221 0.00151403 -0.000683821 -0.00260635 0.0368038 0.00227882 0.00408762 -0.00331217 -0.000788022 -0.00905516 0.00203306 -0.013048 -0.0234046 -0.00694165 0.0029443 0.00782117 -0.00719732 0.0106398 0.00262691 0.000680688 -0.00312848 0.00267523 0.00548929 0.0119813 -0.00467116 -0.012661 0.0219233
internal_weight=0 4898 2965 231 2734 4509 3214 100 2642 1295 435 414 234 132 90 102 1386 286 829 131 698 131 1828 1020 634 808 493 315 386 137
internal_count=7863 4898 2965 231 2734 4509 3214 100 2642 1295 435 414 234 132 90 102 1386 286 829 131 698 131 1828 1020 634 808 493 315 386 137
shrinkage=0.1


Tree=25
num_leaves=31
num_cat=0
split_feature=2 0 9 10 11 5 0 3 2 1 5 13 14 14 8 13 15 15 2 14 8 8 11 1 8 8 9 13 14 2
split_gain=3.53262 3.38248 3.6606 3.17145 2.90629 3.83668 3.27735 2.85236 4.51604 5.87811 4.87965 4.50983 7.69556 5.13911 4.88424 5.07944 4.54342 4.13011 8.92856 4.05137 5.07992 3.98401 4.30442 4.57903 4.56173 4.51324 4.21772 4.68711 7.15388 4.93173
threshold=47.500000000000007 8.5000000000000018 83.500000000000014 3.5000000000000004 1.5000000000000002 1.5000000000000002 34.500000000000007 1.5000000000000002 19.500000000000004 1.0000000180025095e-35 2.5000000000000004 10.500000000000002 15.500000000000002 37.500000000000007 6.5000000000000009 8.5000000000000018 14.500000000000002 2.5000000000000004 17.500000000000004 39.500000000000007 34.500000000000007 2.5000000000000004 3.5000000000000004 21.500000000000004 21.500000000000004 65.500000000000014 16.500000000000004 7.5000000000000009 21.500000000000004 39.500000000000007
decision_type=2 2 2 2 2 2 2 2 2 2 2 2 2 2 2 2 2 2 2 2 2 2 2 2 2 2 2 2 2 2
left_child=1 -1 4 -4 -3 6 -6 11 9 10 -9 12 14 16 15 -7 -14 18 -13 20 -11 -10 -23 24 26 -26 27 -24 -29 -30
right_child=-2 2 3 -5 5 7 -8 8 21 19 -12 17 13 -15 -16 -17 -18 -19 -20 -21 -22 22 23 -25 25 -27 -28 28 29 -31
leaf_value=-0.0096251017088631562 -0.017961112382235352 0.0092681311940153444 0.051826998247550084 0.0024349576578690454 -0.0057980253178382592 -0.0080185118246646151 -0.033100432096695415 -0.014974280762360084 0.017167483170827232 0.0093023507618048094 0.0049561735144201318 0.06327121074000995 -0.032279313694347035 0.028704458518352894 0.024591294416604334 0.04297355636954308 0.013595837752024335 -0.0046321400717313109 -0.0010385034920333267 0.027818514062808108 -0.018502268236544397 -0.004760773624340367 0.011399760049708347 0.019451186821815819 -0.013622906236912553 0.024894508675617332 0.016246690187941899 -0.021449485061799778 0.027311504776798081 -0.024734327137470247
leaf_weight=332 108 360 26 26 428 105 49 229 105 752 265 30 77 28 313 24 30 506 77 104 72 2683 188 141 289 34 220 170 67 25
leaf_count=332 108 360 26 26 428 105 49 229 105 752 265 30 77 28 313 24 30 506 77 104 72 2683 188 141 289 34 220 170 67 25
internal_value=0 0.000250135 0.000691814 0.027131 0.000505294 5.5341e-05 -0.00860268 0.0006874 -0.000298545 0.00452926 -0.00428284 0.00511504 0.0114603 -0.00943635 0.0178428 0.00146838 -0.0194171 -0.000857571 0.0169923 0.00922018 0.00687282 -0.00204896 -0.00257758 0.00258778 0.000193273 -0.00956844 0.00489929 -0.000648322 -0.00929351 0.0131686
internal_weight=0 7755 7423 52 7371 7011 477 6534 5344 1422 494 1190 577 135 442 129 107 613 107 928 824 3922 3817 1134 993 323 670 450 262 92
internal_count=7863 7755 7423 52 7371 7011 477 6534 5344 1422 494 1190 577 135 442 129 107 613 107 928 824 3922 3817 1134 993 323 670 450 262 92
shrinkage=0.1


end of trees

feature_importances:
Column_2=96
Column_0=84
Column_14=72
Column_3=65
Column_1=63
Column_9=58
Column_8=55
Column_13=45
Column_15=43
Column_7=41
Column_11=33
Column_6=32
Column_5=26
Column_10=26
Column_4=22
Column_12=19

parameters:
[boosting: gbdt]
[objective: regression]
[metric: l2]
[tree_learner: serial]
[device_type: cpu]
[data: ]
[valid: ]
[num_iterations: 10000]
[learning_rate: 0.1]
[num_leaves: 31]
[num_threads: 0]
[deterministic: 0]
[force_col_wise: 0]
[force_row_wise: 0]
[histogram_pool_size: -1]
[max_depth: -1]
[min_data_in_leaf: 20]
[min_sum_hessian_in_leaf: 0.001]
[bagging_fraction: 1]
[pos_bagging_fraction: 1]
[neg_bagging_fraction: 1]
[bagging_freq: 0]
[bagging_seed: 3]
[feature_fraction: 1]
[feature_fraction_bynode: 1]
[feature_fraction_seed: 2]
[extra_trees: 0]
[extra_seed: 6]
[early_stopping_round: 10]
[first_metric_only: 0]
[max_delta_step: 0]
[lambda_l1: 0]
[lambda_l2: 0]
[min_gain_to_split: 0]
[drop_rate: 0.1]
[max_drop: 50]
[skip_drop: 0.5]
[xgboost_dart_mode: 0]
[uniform_drop: 0]
[drop_seed: 4]
[top_rate: 0.2]
[other_rate: 0.1]
[min_data_per_group: 100]
[max_cat_threshold: 32]
[cat_l2: 10]
[cat_smooth: 10]
[max_cat_to_onehot: 4]
[top_k: 20]
[monotone_constraints: ]
[monotone_constraints_method: basic]
[monotone_penalty: 0]
[feature_contri: ]
[forcedsplits_filename: ]
[refit_decay_rate: 0.9]
[cegb_tradeoff: 1]
[cegb_penalty_split: 0]
[cegb_penalty_feature_lazy: ]
[cegb_penalty_feature_coupled: ]
[path_smooth: 0]
[interaction_constraints: ]
[verbosity: 1]
[saved_feature_importance_type: 0]
[max_bin: 255]
[max_bin_by_feature: ]
[min_data_in_bin: 3]
[bin_construct_sample_cnt: 200000]
[data_random_seed: 1]
[is_enable_sparse: 1]
[enable_bundle: 1]
[use_missing: 1]
[zero_as_missing: 0]
[feature_pre_filter: 1]
[pre_partition: 0]
[two_round: 0]
[header: 0]
[label_column: ]
[weight_column: ]
[group_column: ]
[ignore_column: ]
[categorical_feature: ]
[forcedbins_filename: ]
[objective_seed: 5]
[num_class: 1]
[is_unbalance: 0]
[scale_pos_weight: 1]
[sigmoid: 1]
[boost_from_average: 1]
[reg_sqrt: 0]
[alpha: 0.9]
[fair_c: 1]
[poisson_max_delta_step: 0.7]
[tweedie_variance_power: 1.5]
[lambdarank_truncation_level: 30]
[lambdarank_norm: 1]
[label_gain: ]
[eval_at: ]
[multi_error_top_k: 1]
[auc_mu_weights: ]
[num_machines: 1]
[local_listen_port: 12400]
[time_out: 120]
[machine_list_filename: ]
[machines: ]
[gpu_platform_id: -1]
[gpu_device_id: -1]
[gpu_use_dp: 0]
[num_gpu: 1]

end of parameters

pandas_categorical:null
