tree
version=v3
num_class=1
num_tree_per_iteration=1
label_index=0
max_feature_idx=15
objective=regression
feature_names=Column_0 Column_1 Column_2 Column_3 Column_4 Column_5 Column_6 Column_7 Column_8 Column_9 Column_10 Column_11 Column_12 Column_13 Column_14 Column_15
feature_infos=[1:49] [0:86] [1:49] [0:62] [0:7] [0:8] [0:7] [0:172] [0:166] [0:179] [0:7] [0:8] [0:8] [0:171] [0:243] [0:247]
tree_sizes=2726 2754 2746 2749 2769 2762 2746 2755 2746 2749 2748 2758 2765 2767 2772 2745 2769

Tree=0
num_leaves=31
num_cat=0
split_feature=0 2 2 1 2 1 0 3 7 1 4 0 13 2 9 9 5 6 7 13 12 3 14 6 2 5 3 7 2 11
split_gain=55.9318 36.3677 26.9085 14.1736 13.6099 12.5909 10.5982 10.4484 10.0999 9.30282 9.23033 9.18866 8.33724 8.28963 8.26598 7.06567 7.55037 7.51512 6.78495 6.47517 6.46004 6.35727 5.90868 5.87903 5.83941 6.88334 10.348 5.82586 5.71712 5.56047
threshold=37.500000000000007 28.500000000000004 31.500000000000004 24.500000000000004 41.500000000000007 11.500000000000002 18.500000000000004 10.500000000000002 2.5000000000000004 12.500000000000002 1.5000000000000002 28.500000000000004 10.500000000000002 16.500000000000004 13.500000000000002 12.500000000000002 2.5000000000000004 2.5000000000000004 12.500000000000002 3.5000000000000004 2.5000000000000004 1.0000000180025095e-35 64.500000000000014 2.5000000000000004 23.500000000000004 2.5000000000000004 3.5000000000000004 8.5000000000000018 33.500000000000007 4.5000000000000009
decision_type=2 2 2 2 2 2 2 2 2 2 2 2 2 2 2 2 2 2 2 2 2 2 2 2 2 2 2 2 2 2
left_child=1 3 -2 6 5 7 15 8 -3 -4 13 23 20 -8 -14 17 -17 -1 -18 21 -7 -12 -11 -10 25 26 -21 -19 -25 -22
right_child=2 4 9 -5 -6 12 10 -9 11 22 19 -13 14 -15 -16 16 18 27 -20 24 29 -23 -24 28 -26 -27 -28 -29 -30 -31
leaf_value=-0.1766682670552373 -0.085419222044100296 -0.18376493679268785 -0.15518986010778701 -0.088468473452147117 -0.18341153973439897 -0.099817156986239136 -0.11714215595358868 -0.18508500903885175 -0.17729699107775831 -0.12477314140374565 -0.15794215352171917 -0.10544215662230694 -0.17890600769386278 -0.16444564962715669 -0.13560172932139741 -0.16544215307468435 -0.093044198206265499 -0.16255753786200544 -0.15794215352171917 -0.090883333989324758 -0.12644215537443021 -0.097942157071148922 -0.067942158815179288 -0.16948061437243481 -0.15116796037710548 -0.11181498864105481 -0.15260882050627728 -0.10394215674037 -0.10794215650195141 -0.18521487916886523
leaf_weight=157 218 79 109 57 245 64 50 189 62 142 21 52 83 143 94 48 49 39 24 34 60 111 21 26 124 173 135 30 36 22
leaf_count=157 218 79 109 57 245 64 50 189 62 142 21 52 83 143 94 48 49 39 24 34 60 111 21 26 124 173 135 30 36 22
internal_value=-0.142158 -0.148944 -0.111595 -0.13713 -0.162893 -0.156339 -0.139568 -0.167266 -0.15406 -0.132575 -0.133176 -0.140726 -0.141317 -0.152191 -0.155908 -0.154138 -0.134636 -0.164579 -0.114381 -0.127039 -0.123627 -0.107488 -0.117451 -0.155523 -0.132577 -0.125837 -0.140191 -0.137073 -0.133749 -0.14221
internal_weight=0 2207 490 1195 1012 767 1138 444 255 272 791 176 323 193 177 347 121 226 73 598 146 132 163 124 466 342 169 69 62 82
internal_count=2697 2207 490 1195 1012 767 1138 444 255 272 791 176 323 193 177 347 121 226 73 598 146 132 163 124 466 342 169 69 62 82
shrinkage=1


Tree=1
num_leaves=31
num_cat=0
split_feature=0 2 2 8 1 0 6 7 3 10 2 3 7 0 10 7 2 14 1 0 1 7 9 15 14 7 4 2 13 14
split_gain=45.3048 29.4578 23.5606 12.3855 11.4806 9.18846 9.06273 8.84611 8.58307 8.47255 8.00809 7.55053 7.09672 6.96033 7.45258 6.38538 5.99504 9.16124 6.70411 6.71818 5.9235 8.96293 6.08615 5.67822 5.52007 5.47422 5.3587 5.23122 5.20351 7.66723
threshold=37.500000000000007 28.500000000000004 40.500000000000007 20.500000000000004 24.500000000000004 14.500000000000002 2.5000000000000004 31.500000000000004 31.500000000000004 1.0000000180025095e-35 30.500000000000004 27.500000000000004 36.500000000000007 22.500000000000004 1.0000000180025095e-35 31.500000000000004 15.500000000000002 6.5000000000000009 6.5000000000000009 24.500000000000004 15.500000000000002 11.500000000000002 16.500000000000004 21.500000000000004 11.500000000000002 2.5000000000000004 2.5000000000000004 36.500000000000007 3.5000000000000004 6.5000000000000009
decision_type=2 2 2 2 2 2 2 2 2 2 2 2 2 2 2 2 2 2 2 2 2 2 2 2 2 2 2 2 2 2
left_child=1 4 8 13 5 6 -1 -4 10 -5 24 15 -11 27 -15 16 17 -7 -19 -20 25 -22 -23 -17 26 -16 -2 -3 29 -18
right_child=2 3 7 9 -6 11 -8 -9 -10 12 -12 -13 -14 14 20 23 28 18 19 -21 21 22 -24 -25 -26 -27 -28 -29 -30 -31
leaf_value=-0.04111232436105107 -0.0020463112522574032 -0.011205294974353337 -0.022784558381184497 0.013000623772783979 0.048320532367940539 0.065756459419543931 0.0042746495926517178 0.033287595479916304 0.10042173862457277 -0.039893041264397022 0.017328173828124998 -0.039419368335178923 -0.0038210930302739147 0.040919242894802338 -0.047655978726177689 0.084276286363601682 -0.026351153105497363 -0.010173435746759609 0.0026078755855560303 0.077495939316956905 0.051420447528362279 -0.037961411300827475 0.023302908097544026 0.01340286938043741 0.060150313992183527 -0.0071255631912290384 0.058941922366619118 -0.04687793984106093 -0.0024616384137702246 0.02809104484540445
leaf_weight=89 34 109 101 41 57 39 87 39 23 369 125 35 64 39 41 20 32 69 25 23 40 34 31 26 143 178 25 66 558 135
leaf_count=89 34 109 101 41 57 39 87 39 23 369 125 35 64 39 41 20 32 69 25 23 40 34 31 26 143 178 25 66 558 135
internal_value=0 -0.00610701 0.0275065 -0.0186613 0.00452476 0.00233112 -0.0186767 -0.00716446 0.0413748 -0.0304474 0.0372217 0.00617455 -0.0345614 -0.00827732 -0.00037982 0.00789601 0.00599954 0.0237829 0.00979176 0.0384917 -0.005351 0.0141764 -0.00874304 0.0442174 0.049532 -0.0147134 0.0237962 -0.024659 0.00217305 0.017659
internal_weight=0 2207 490 1012 1195 1138 176 140 350 474 327 962 433 538 363 927 881 156 117 48 324 105 65 46 202 219 59 175 725 167
internal_count=2697 2207 490 1012 1195 1138 176 140 350 474 327 962 433 538 363 927 881 156 117 48 324 105 65 46 202 219 59 175 725 167
shrinkage=0.1


Tree=2
num_leaves=31
num_cat=0
split_feature=0 2 2 1 4 3 3 0 9 7 0 13 3 2 13 2 12 3 0 15 14 1 8 8 5 14 5 5 12 14
split_gain=36.6969 24.5138 19.0841 14.5228 12.4795 12.0469 10.2778 8.19078 8.15899 7.88795 7.5315 7.22211 6.95228 6.48656 6.40145 6.26823 6.05066 5.93023 5.80622 5.36702 5.30473 5.30006 5.29886 4.76639 5.21888 4.66607 4.66559 4.57983 4.79057 6.27172
threshold=37.500000000000007 33.500000000000007 40.500000000000007 10.500000000000002 1.5000000000000002 4.5000000000000009 28.500000000000004 18.500000000000004 11.500000000000002 12.500000000000002 22.500000000000004 2.5000000000000004 31.500000000000004 30.500000000000004 10.500000000000002 14.500000000000002 1.5000000000000002 1.0000000180025095e-35 41.500000000000007 22.500000000000004 14.500000000000002 26.500000000000004 10.500000000000002 27.500000000000004 2.5000000000000004 1.5000000000000002 2.5000000000000004 3.5000000000000004 3.5000000000000004 14.500000000000002
decision_type=2 2 2 2 2 2 2 2 2 2 2 2 2 2 2 2 2 2 2 2 2 2 2 2 2 2 2 2 2 2
left_child=1 3 12 4 15 10 11 26 23 -4 -3 17 13 27 19 20 -17 -5 -11 22 -1 25 -10 24 -7 -13 -6 28 29 -2
right_child=2 5 9 6 7 8 -8 -9 14 18 -12 21 -14 -15 -16 16 -18 -19 -20 -21 -22 -23 -24 -25 -26 -27 -28 -29 -30 -31
leaf_value=0.042345263560612995 -0.02225297483114096 -0.025995750374653761 -0.033071776551585046 0.0065358059791227182 -0.031529181111942639 -0.053770579614422546 -0.041077574023178652 0.0093176954962507063 -0.020272041029400296 -0.014005924398834642 0.015597669607844235 0.050826668987671533 0.090379565954208374 0.015595356625318527 -0.030889565843556611 0.016390639344851177 -0.031067965431899876 0.0657922065310311 0.040632866068584163 -0.026649963796138765 -0.022269114603598913 0.043534236808992786 0.034703539252281194 -0.060740442045273325 -0.012475959719091222 0.0045368143408856488 -0.0012675616366804139 0.06055890480938711 0.066812982161839812 0.037526890297454818
leaf_weight=27 26 68 62 24 88 55 28 538 27 37 121 24 23 125 168 30 257 57 41 50 24 53 50 93 69 235 121 95 27 54
leaf_count=27 26 68 62 24 88 55 28 538 27 37 121 24 23 125 168 30 257 57 41 50 24 53 50 93 69 235 121 95 27 54
internal_value=0 -0.00549631 0.0247558 0.00169405 -0.00442296 -0.0209438 0.0174588 0.00279113 -0.0289086 -0.00644801 0.000632841 0.0216293 0.0372373 0.0334995 -0.0180817 -0.0203665 -0.0261071 0.0482348 0.0147145 -0.0011391 0.0119385 0.0147221 0.0154264 -0.0436271 -0.0307921 0.00882622 -0.0140093 0.0445788 0.0303909 0.0180984
internal_weight=0 2207 490 1506 1085 701 421 747 512 140 189 393 350 327 295 338 287 81 78 127 51 312 77 217 124 259 209 202 107 80
internal_count=2697 2207 490 1506 1085 701 421 747 512 140 189 393 350 327 295 338 287 81 78 127 51 312 77 217 124 259 209 202 107 80
shrinkage=0.1


Tree=3
num_leaves=31
num_cat=0
split_feature=0 2 2 7 0 2 0 12 7 9 10 4 3 2 1 2 0 8 15 1 8 15 0 8 3 14 4 8 1 14
split_gain=29.7245 21.1591 15.4581 11.4033 7.94941 7.57357 9.77772 6.91493 6.38924 6.26125 8.18602 5.65399 5.63135 5.25411 5.15036 5.14503 4.70303 4.44713 4.32538 4.20209 4.40253 4.09167 4.02871 4.47001 4.29076 4.00792 4.33373 3.90705 3.657 3.64775
threshold=37.500000000000007 41.500000000000007 40.500000000000007 5.5000000000000009 12.500000000000002 23.500000000000004 25.500000000000004 3.5000000000000004 12.500000000000002 5.5000000000000009 2.5000000000000004 2.5000000000000004 31.500000000000004 30.500000000000004 16.500000000000004 20.500000000000004 41.500000000000007 46.500000000000007 26.500000000000004 8.5000000000000018 18.500000000000004 19.500000000000004 20.500000000000004 36.500000000000007 5.5000000000000009 11.500000000000002 2.5000000000000004 12.500000000000002 12.500000000000002 13.500000000000002
decision_type=2 2 2 2 2 2 2 2 2 2 2 2 2 2 2 2 2 2 2 2 2 2 2 2 2 2 2 2 2 2
left_child=1 3 12 4 27 6 11 29 28 -6 18 -5 13 25 15 -12 -10 21 -11 -15 -21 -9 -3 24 -24 26 -2 -1 -4 -7
right_child=2 22 8 5 9 7 -8 17 16 10 14 -13 -14 19 -16 -17 -18 -19 -20 20 -22 -23 23 -25 -26 -27 -28 -29 -30 -31
leaf_value=-0.011549136445328997 -0.0050483784254859478 -0.057665309134651635 -0.052531739798459147 -0.0020123757497228756 -0.023871833086013795 0.011200067126578804 0.035493656295067115 -0.032911180550197386 -0.012605330750748918 0.011711552168626885 0.0048652231693267827 0.024440195431580415 0.08134160715600719 -0.011283393793327864 0.01994104027748108 -0.042652612162190816 0.036569577455520634 -0.047046253154444141 -0.02462381833308452 0.050483929138721489 0.0041420108025393837 0.0016407385929343627 0.018422058224678042 -0.045839480828079919 -0.025128397183573764 0.049168706573285426 0.049797952547669416 -0.052371158171445137 -0.0038571571481638943 -0.0063230784681554027
leaf_weight=37 34 51 33 297 166 277 144 53 37 286 31 111 23 43 25 86 41 43 37 41 41 97 30 72 92 143 25 64 29 208
leaf_count=37 34 51 33 297 166 277 144 53 37 286 31 111 23 43 25 86 41 43 37 41 41 97 30 72 92 143 25 64 29 208
internal_value=0 -0.00494668 0.0222802 -0.00148664 -0.0113691 0.0043946 0.0130911 -0.00268571 -0.00580321 -0.00719981 -0.00124807 0.00518428 0.0335136 0.0301496 -0.021259 -0.0300624 0.013243 -0.018695 0.0075493 0.0140358 0.027313 -0.0105676 -0.0326552 -0.0260804 -0.0144193 0.0401209 0.0181916 -0.0374166 -0.0297646 0.00368499
internal_weight=0 2207 490 1962 732 1230 552 678 140 631 465 408 350 327 142 117 78 193 323 125 82 150 245 194 122 202 59 101 62 485
internal_count=2697 2207 490 1962 732 1230 552 678 140 631 465 408 350 327 142 117 78 193 323 125 82 150 245 194 122 202 59 101 62 485
shrinkage=0.1


Tree=4
num_leaves=31
num_cat=0
split_feature=0 2 2 2 0 5 11 15 9 8 10 0 14 7 2 2 7 3 14 1 13 4 9 8 4 15 7 9 9 14
split_gain=24.2267 17.5441 14.9822 9.40233 8.74736 7.76324 7.36255 7.78108 7.30461 6.08526 5.72169 7.27323 5.01672 4.88994 4.72439 4.8326 5.33498 5.10424 4.64564 4.51023 4.27603 4.16843 4.35187 6.13302 4.47401 3.68379 3.89242 3.77838 3.64569 3.9272
threshold=35.500000000000007 41.500000000000007 30.500000000000004 23.500000000000004 20.500000000000004 1.5000000000000002 2.5000000000000004 1.5000000000000002 11.500000000000002 30.500000000000004 2.5000000000000004 14.500000000000002 81.500000000000014 4.5000000000000009 21.500000000000004 14.500000000000002 1.5000000000000002 8.5000000000000018 13.500000000000002 25.500000000000004 16.500000000000004 1.0000000180025095e-35 7.5000000000000009 48.500000000000007 2.5000000000000004 8.5000000000000018 6.5000000000000009 15.500000000000002 17.500000000000004 4.5000000000000009
decision_type=2 2 2 2 2 2 2 2 2 2 2 2 2 2 2 2 2 2 2 2 2 2 2 2 2 2 2 2 2 2
left_child=1 3 28 4 14 -5 -4 -8 9 -7 11 -10 13 -9 15 17 -17 -1 -13 -12 -18 -6 24 25 -23 -24 -27 -28 29 -2
right_child=2 -3 6 5 21 8 7 12 10 -11 19 18 -14 -15 -16 16 20 -19 -20 -21 -22 22 23 -25 -26 26 27 -29 -30 -31
leaf_value=0.026520472937735958 -0.015164237079166233 -0.031768580747617257 0.038932095811917235 -0.045785904183702653 -0.013627505760926467 -0.0088228146060865525 0.055609168457290671 -0.036294389137050569 -0.025375078424163491 -0.035243236458199656 -0.016853591816573494 0.031297391842282009 0.034141180983611512 -0.0031645433666805424 0.022727289063031557 -0.055378656034116396 -0.0054176360918586986 -0.029785241115660895 0.0035631444401525224 0.024495278827605712 -0.050327911325123001 -0.0088720361653127182 0.050479625764934505 -0.017410211801528932 0.033529369412241758 -0.0024030767954312839 0.062924671245198099 0.015297126438882617 0.048512182432084772 0.031626574295323069
leaf_weight=69 21 222 52 53 39 342 22 57 46 117 177 126 28 204 61 27 271 21 116 31 23 76 87 25 37 39 31 36 118 123
leaf_count=69 21 222 52 53 39 342 22 57 46 117 177 126 28 204 61 27 271 21 116 31 23 76 87 25 37 39 31 36 118 123
internal_value=0 -0.00520537 0.0172569 -0.00201779 0.00578242 -0.00853344 0.00410324 -0.00172023 -0.00646602 -0.0155574 0.0019472 0.0110748 -0.00608441 -0.0103998 -0.00324186 -0.00709616 -0.0128378 0.0133825 0.0180033 -0.010691 -0.00893102 0.0172945 0.0209378 0.0291932 0.00501161 0.0352299 0.0227136 0.0373338 0.0354811 0.0248029
internal_weight=0 2072 625 1850 842 1008 363 311 955 459 496 288 289 261 472 411 321 90 242 208 294 370 331 218 113 193 106 67 262 144
internal_count=2697 2072 625 1850 842 1008 363 311 955 459 496 288 289 261 472 411 321 90 242 208 294 370 331 218 113 193 106 67 262 144
shrinkage=0.1


Tree=5
num_leaves=31
num_cat=0
split_feature=0 2 0 2 2 7 13 9 5 6 15 1 9 12 15 9 3 10 7 2 11 14 6 3 2 7 15 3 8 1
split_gain=20.4159 16.0813 10.345 7.98439 7.91686 6.70913 6.11994 6.04905 8.15802 7.49893 5.76049 5.67439 5.22952 5.07249 5.07635 4.89287 5.80511 5.02051 5.82136 5.02059 4.86562 6.98213 5.4716 5.14421 4.68676 4.16918 7.06738 4.5255 3.62672 3.59923
threshold=40.500000000000007 41.500000000000007 18.500000000000004 15.500000000000002 31.500000000000004 1.5000000000000002 3.5000000000000004 12.500000000000002 3.5000000000000004 2.5000000000000004 4.5000000000000009 24.500000000000004 21.500000000000004 4.5000000000000009 17.500000000000004 8.5000000000000018 13.500000000000002 2.5000000000000004 5.5000000000000009 18.500000000000004 4.5000000000000009 46.500000000000007 2.5000000000000004 10.500000000000002 30.500000000000004 12.500000000000002 7.5000000000000009 4.5000000000000009 7.5000000000000009 11.500000000000002
decision_type=2 2 2 2 2 2 2 2 2 2 2 2 2 2 2 2 2 2 2 2 2 2 2 2 2 2 2 2 2 2
left_child=1 2 7 -4 10 -5 11 9 29 -1 -2 25 -10 15 -15 16 -8 19 -19 -17 21 22 -20 -24 -16 26 27 -7 -28 -9
right_child=4 -3 3 5 -6 6 13 8 12 -11 -12 -13 -14 14 24 17 -18 18 20 -21 -22 -23 23 -25 -26 -27 28 -29 -30 -31
leaf_value=-0.031964139058476407 0.0093611895674612471 -0.025531425258853071 0.025719905291732986 -0.02061771865813963 0.0095258795855085506 -0.0069024659120119547 -0.00029092592214528438 -0.021457333209221826 0.056016661950520109 0.0010855474892784568 0.053681256759513934 0.063349738468726477 0.0013513347080775671 -0.062907695770263672 0.013134434300920237 -0.024043627500534057 -0.032981191801302365 -0.029572540840932301 -0.021196746567021248 0.023055247819074528 -0.022734128597170809 0.067467043074694547 0.04833665367884514 -0.0010327348242635313 -0.032006691072298137 0.031724964063137011 0.023418460289637247 0.044533696889877322 -0.023337180266463305 0.014079806836027848
leaf_weight=210 41 284 152 124 178 26 307 114 35 102 103 24 35 22 46 25 66 56 46 239 43 22 39 46 46 78 21 50 79 38
leaf_count=210 41 284 152 124 178 26 307 114 35 102 103 24 35 22 46 25 66 56 46 239 43 22 39 46 46 78 21 50 79 38
internal_value=0 -0.00320361 -0.000171047 0.00394817 0.0236291 0.0015928 0.00374276 -0.0121816 0.00043593 -0.0211594 0.0410623 0.0168716 0.028684 0.000103854 -0.0197552 0.00265046 -0.00607526 0.00895801 -0.00113802 0.0185951 0.00698613 0.0153389 0.00658453 0.0216191 -0.00943613 0.01248 0.00395097 0.0269371 -0.0135185 -0.012573
internal_weight=0 2375 2091 1557 322 1405 1281 534 222 312 144 278 70 1003 114 889 373 516 252 264 196 153 131 85 92 254 176 76 100 152
internal_count=2697 2375 2091 1557 322 1405 1281 534 222 312 144 278 70 1003 114 889 373 516 252 264 196 153 131 85 92 254 176 76 100 152
shrinkage=0.1


Tree=6
num_leaves=31
num_cat=0
split_feature=0 2 2 4 11 15 2 1 13 9 4 0 15 7 3 9 0 3 6 8 2 9 9 7 15 9 14 2 8 4
split_gain=16.7695 13.0339 10.2018 6.1264 5.81505 6.11496 5.68499 6.16768 9.41887 5.45646 5.35589 5.11975 5.95282 5.78362 6.02733 5.31672 4.8624 4.70727 4.60288 5.35107 4.57578 4.54804 5.77228 4.87222 5.69217 4.36815 4.73072 4.33605 4.12369 4.02355
threshold=35.500000000000007 25.500000000000004 30.500000000000004 2.5000000000000004 2.5000000000000004 1.5000000000000002 41.500000000000007 11.500000000000002 10.500000000000002 13.500000000000002 2.5000000000000004 25.500000000000004 8.5000000000000018 3.5000000000000004 5.5000000000000009 16.500000000000004 30.500000000000004 10.500000000000002 2.5000000000000004 6.5000000000000009 34.500000000000007 16.500000000000004 12.500000000000002 28.500000000000004 4.5000000000000009 14.500000000000002 68.500000000000014 19.500000000000004 17.500000000000004 1.5000000000000002
decision_type=2 2 2 2 2 2 2 2 2 2 2 2 2 2 2 2 2 2 2 2 2 2 2 2 2 2 2 2 2 2
left_child=1 3 -2 11 -4 -6 7 17 10 -10 -9 12 -1 14 -13 -15 -12 18 19 -3 29 22 23 24 -5 28 -27 -23 -7 -20
right_child=2 6 4 21 5 25 -8 8 9 -11 16 13 -14 15 -16 -17 -18 -19 20 -21 -22 27 -24 -25 -26 26 -28 -29 -30 -31
leaf_value=0.002077040449778239 0.029395731137567806 0.019022278388341269 0.034456173960979171 -0.027701245094167777 0.049150082468986514 0.0011642339876142599 -0.026038580542212138 0.036282272975553163 -0.032487273431686031 0.0023579060423130891 -0.014652096942580982 0.024804043054580689 -0.020130382093150965 0.014219304501682848 -0.040728192962706092 0.061608452163636689 0.040561341968449682 -0.026327302324217424 -0.03054691818025377 -0.027765243357950543 0.026355569870745551 -0.023228272937593008 0.067192389766375232 0.063997217714786531 0.023844707920783904 -0.0017459440629842672 0.045783092297613626 0.027575068601540159 -0.034070979058742526 0.0099404087773075824
leaf_weight=375 262 30 52 29 22 59 222 88 83 98 58 25 178 91 32 32 22 215 45 132 61 42 30 20 82 129 25 28 76 54
leaf_count=375 262 30 52 29 22 59 222 88 83 98 58 25 178 91 32 32 22 215 45 132 61 42 30 20 82 129 25 28 76 54
internal_value=0 -0.00433077 0.0143574 0.00417227 0.00350322 -0.00167219 -0.0117287 -0.00814318 0.0022063 -0.0136208 0.0192581 -0.00030299 -0.0050711 0.0143457 -0.011986 0.0265482 0.000531599 -0.0148694 -0.00721889 -0.0191009 0.00481163 0.018373 0.0276251 0.0185639 0.0103777 -0.00554102 0.00596981 -0.00290694 -0.0186719 -0.00846292
internal_weight=0 2072 625 964 363 311 1108 886 349 181 168 733 553 180 57 123 80 537 322 162 160 231 161 131 111 289 154 70 135 99
internal_count=2697 2072 625 964 363 311 1108 886 349 181 168 733 553 180 57 123 80 537 322 162 160 231 161 131 111 289 154 70 135 99
shrinkage=0.1


Tree=7
num_leaves=31
num_cat=0
split_feature=0 2 10 1 8 7 3 2 0 5 8 2 7 15 11 2 8 0 0 2 2 7 3 14 4 13 13 1 7 8
split_gain=14.2005 11.203 7.85334 7.44232 7.03765 6.1258 5.76523 5.61016 5.55211 5.50004 7.52677 6.24024 4.86369 4.4122 6.56392 5.81361 5.12882 5.97973 4.82764 4.29492 4.12331 4.07394 4.23076 7.0236 4.46999 4.75375 5.35602 4.06707 5.95382 3.96038
threshold=40.500000000000007 28.500000000000004 1.0000000180025095e-35 15.500000000000002 3.5000000000000004 28.500000000000004 27.500000000000004 41.500000000000007 22.500000000000004 2.5000000000000004 16.500000000000004 27.500000000000004 24.500000000000004 7.5000000000000009 3.5000000000000004 32.500000000000007 18.500000000000004 32.500000000000007 29.500000000000004 43.500000000000007 25.500000000000004 6.5000000000000009 25.500000000000004 12.500000000000002 1.5000000000000002 8.5000000000000018 4.5000000000000009 3.5000000000000004 13.500000000000002 22.500000000000004
decision_type=2 2 2 2 2 2 2 2 2 2 2 2 2 2 2 2 2 2 2 2 2 2 2 2 2 2 2 2 2 2
left_child=1 5 8 4 -4 6 9 -2 -3 27 11 20 29 18 16 -16 -15 -18 -5 21 -11 -6 23 24 -23 26 -26 -1 -29 -9
right_child=7 2 3 13 19 -7 -8 12 -10 10 -12 -13 -14 14 15 -17 17 -19 -20 -21 -22 22 -24 -25 25 -27 -28 28 -30 -31
leaf_value=-0.017715546649373221 0.027422174933211259 -0.01893357722198262 0.03528818559387456 -0.0072840926322070045 -0.026109200965315674 0.027946482429799347 -0.038182134968893867 0.0030448637406031293 0.029305266598239545 0.020211182545338359 -0.0022969946313444469 0.073446126580238344 0.030049119941119491 0.0337431010391031 0.028326013955202973 -0.027053615516119629 -0.023824206935731989 0.03260887882539204 0.056364704553897561 -0.039286873719402565 -0.013743874103557775 0.0434969927583422 0.028236077619450434 -0.034633273541272346 -0.013971136077757804 -0.024993218825413631 0.046950596239831714 0.0056141649003614465 -0.047277461705000509 -0.052109768079674768
leaf_weight=167 240 34 23 22 263 97 35 30 80 280 309 20 29 56 22 137 57 28 26 107 41 21 28 91 31 65 27 285 23 23
leaf_count=167 240 34 23 22 263 97 35 30 80 280 309 20 29 56 22 137 57 28 26 107 41 21 28 91 31 65 27 285 23 23
internal_value=0 -0.00267182 -0.00995433 -0.0127785 -0.0190493 0.00380539 0.0017867 0.0197067 0.0149182 0.00303017 0.00900736 0.0192509 -0.00287505 -0.000957639 -0.00546164 -0.019391 0.010246 -0.00523448 0.0271923 -0.0210237 0.0158742 -0.0173086 -0.00850791 -0.0128859 0.000857212 -0.00642275 0.014389 -0.00514914 0.00166447 -0.0208902
internal_weight=0 2375 1118 1004 656 1257 1160 322 114 1125 650 341 82 348 300 159 141 85 48 633 321 526 263 235 144 123 58 475 308 53
internal_count=2697 2375 1118 1004 656 1257 1160 322 114 1125 650 341 82 348 300 159 141 85 48 633 321 526 263 235 144 123 58 475 308 53
shrinkage=0.1


Tree=8
num_leaves=31
num_cat=0
split_feature=0 2 0 2 13 7 2 9 5 6 15 8 1 14 0 14 3 2 15 9 14 1 2 7 8 10 1 2 8 0
split_gain=11.5024 9.18506 6.99327 5.7298 4.8959 5.44932 4.8226 4.73713 6.54083 5.95575 4.70815 4.54822 4.39111 3.45967 3.83751 4.40625 4.43176 3.40298 7.12767 5.12581 4.90948 3.66725 3.26189 5.35489 3.33247 3.17103 5.69275 5.26351 5.15031 4.3842
threshold=40.500000000000007 41.500000000000007 18.500000000000004 15.500000000000002 2.5000000000000004 1.5000000000000002 31.500000000000004 12.500000000000002 3.5000000000000004 2.5000000000000004 4.5000000000000009 46.500000000000007 24.500000000000004 49.500000000000007 28.500000000000004 12.500000000000002 4.5000000000000009 29.500000000000004 8.5000000000000018 5.5000000000000009 6.5000000000000009 7.5000000000000009 22.500000000000004 8.5000000000000018 16.500000000000004 2.5000000000000004 10.500000000000002 25.500000000000004 3.5000000000000004 35.500000000000007
decision_type=2 2 2 2 2 2 2 2 2 2 2 2 2 2 2 2 2 2 2 2 2 2 2 2 2 2 2 2 2 2
left_child=1 2 7 13 12 -6 10 9 -9 -1 -2 -10 17 14 15 16 -4 18 19 -5 -19 -20 23 -11 -24 26 28 -27 -7 -29
right_child=6 -3 3 4 5 25 -8 8 11 22 -12 -13 -14 -15 -16 -17 -18 20 21 -21 -22 -23 24 -25 -26 27 -28 29 -30 -31
leaf_value=-0.027561619792665755 0.0026827558875083925 -0.019278983819022988 0.070748397707939156 0.0062216990523868143 -0.024943127540441659 0.043940796951452893 0.0067286846463390617 -0.010470426298285786 0.047284297148386639 -0.0084484215440421267 0.04275060157174046 -0.0047471608434404644 0.057777660801297141 -0.017041088938713072 0.049781093062186726 -0.01058399536107716 0.0075931735038757336 0.030504884890147618 -0.029345277624745526 0.060893845431348119 -0.01946757327426564 0.020581811400396485 -0.041056726872920994 0.056977549195289613 0.010077455043792725 0.010155602446917831 0.020173842673966901 -0.019343989586732429 -0.0037668849332164033 0.0081614552751967783
leaf_weight=210 41 284 20 27 91 24 178 152 42 29 103 28 21 20 49 38 25 28 31 47 66 28 26 22 25 145 181 244 396 76
leaf_count=210 41 284 20 27 91 24 178 152 42 29 103 28 21 20 49 38 25 28 31 47 66 28 26 22 25 145 181 244 396 76
internal_value=0 -0.00240464 -0.000112759 0.00327404 0.00127874 -0.00145425 0.0177361 -0.00998776 0.001178 -0.0179326 0.0313424 0.0264717 0.014029 0.0217175 0.02759 0.0144892 0.0356622 0.00998177 0.0202751 0.0409459 -0.00458216 -0.00565107 0.0018918 0.0197745 -0.015991 0.000550898 0.00534835 -0.00564968 -0.00104073 -0.0128114
internal_weight=0 2375 2091 1557 1405 1157 322 534 222 312 144 70 248 152 132 83 45 227 133 74 94 59 102 51 51 1066 601 465 420 320
internal_count=2697 2375 2091 1557 1405 1157 322 534 222 312 144 70 248 152 132 83 45 227 133 74 94 59 102 51 51 1066 601 465 420 320
shrinkage=0.1


Tree=9
num_leaves=31
num_cat=0
split_feature=0 2 2 5 8 1 2 2 9 8 7 9 1 7 0 15 8 11 5 12 1 14 8 14 8 14 2 14 6 1
split_gain=9.38944 7.60431 6.97333 6.07197 7.7933 5.89134 8.18846 5.75978 5.11287 4.32079 5.43976 4.32006 4.70313 4.57221 4.28766 4.21465 4.19787 5.49642 4.72193 4.35236 4.03181 3.92256 3.79247 4.41957 5.50513 3.69594 4.31202 3.67243 3.59847 3.55304
threshold=35.500000000000007 23.500000000000004 47.500000000000007 1.5000000000000002 20.500000000000004 11.500000000000002 37.500000000000007 21.500000000000004 9.5000000000000018 76.500000000000014 36.500000000000007 49.500000000000007 8.5000000000000018 36.500000000000007 21.500000000000004 2.5000000000000004 18.500000000000004 3.5000000000000004 2.5000000000000004 2.5000000000000004 16.500000000000004 18.500000000000004 32.500000000000007 6.5000000000000009 8.5000000000000018 24.500000000000004 35.500000000000007 15.500000000000002 2.5000000000000004 14.500000000000002
decision_type=2 2 2 2 2 2 2 2 2 2 2 2 2 2 2 2 2 2 2 2 2 2 2 2 2 2 2 2 2 2
left_child=1 7 11 -3 5 25 8 9 -7 10 14 12 13 -2 -1 -9 18 -18 19 -14 -20 -17 23 -16 27 -5 -27 -25 -6 -19
right_child=2 3 -4 4 28 6 -8 15 -10 -11 -12 -13 16 -15 22 21 17 29 20 -21 -22 -23 -24 24 -26 26 -28 -29 -30 -31
leaf_value=-0.0059182405612378756 -0.0058580577373504644 -0.038242574804462498 -0.032625042285237993 -0.0099397026515402071 -0.024722301024772134 0.0045435615948268343 -0.013239040474096934 0.062680898471312085 0.04328243139617402 -0.044318013957568576 0.049539625126382582 0.037634684581023002 0.040022096037864691 0.043263465166091919 0.035859685219251196 0.0057934057555700602 0.024814346893912272 -0.047212932507197068 0.067601613913263595 -0.013991938148226059 0.024521319793226817 0.050312215328216552 0.041845323233043449 0.047369512319564822 -0.015426228926019761 0.035653376942727626 -0.017716918264826142 -0.0039785048136344323 -0.0080574356098478336 0.00090428172496327197
leaf_weight=424 194 64 35 364 239 56 72 22 87 21 23 65 26 21 39 95 84 21 42 35 45 25 34 30 103 41 24 26 283 57
leaf_count=424 194 64 35 364 239 56 72 22 87 21 23 65 26 21 39 95 84 21 42 35 45 25 34 30 103 41 24 26 283 57
internal_value=0 -0.00324059 0.0107432 -0.00825291 -0.00660682 0.000753619 0.0142642 0.00408144 0.028112 0.000356301 0.00173798 0.0133159 0.010305 -0.00106014 6.20082e-05 0.0224448 0.0181873 0.00706468 0.0303621 0.00903044 0.0453187 0.0150682 0.0109914 0.00569328 -0.00170602 -0.00601741 0.0159474 0.0235294 -0.0156875 -0.0120504
internal_weight=0 2072 625 1230 1166 644 215 842 143 700 679 590 525 215 656 142 310 162 148 61 87 120 232 198 159 429 65 56 522 78
internal_count=2697 2072 625 1230 1166 644 215 842 143 700 679 590 525 215 656 142 310 162 148 61 87 120 232 198 159 429 65 56 522 78
shrinkage=0.1


Tree=10
num_leaves=31
num_cat=0
split_feature=0 2 3 4 3 8 7 7 5 8 2 10 3 1 2 7 15 9 7 8 8 1 7 8 9 14 11 10 3 9
split_gain=7.94269 6.63235 6.32055 5.17145 4.88255 4.42119 5.36846 4.37064 4.29729 4.91754 5.29364 4.21421 4.55556 3.7362 6.21147 3.73539 3.49782 3.46306 3.60273 6.40834 4.99847 3.38091 3.88146 3.3294 3.29707 3.29327 3.22372 4.27834 3.19535 5.18024
threshold=40.500000000000007 28.500000000000004 4.5000000000000009 1.0000000180025095e-35 27.500000000000004 27.500000000000004 6.5000000000000009 30.500000000000004 2.5000000000000004 16.500000000000004 27.500000000000004 3.5000000000000004 13.500000000000002 12.500000000000002 25.500000000000004 7.5000000000000009 50.500000000000007 9.5000000000000018 12.500000000000002 12.500000000000002 29.500000000000004 3.5000000000000004 13.500000000000002 26.500000000000004 14.500000000000002 26.500000000000004 3.5000000000000004 2.5000000000000004 22.500000000000004 46.500000000000007
decision_type=2 2 2 2 2 2 2 2 2 2 2 2 2 2 2 2 2 2 2 2 2 2 2 2 2 2 2 2 2 2
left_child=1 4 3 -3 7 -4 -7 8 11 10 13 12 21 14 -10 23 -9 -5 19 -19 -21 -1 -23 -2 26 -20 27 -17 -8 -30
right_child=15 2 5 17 -6 6 28 16 9 -11 -12 -13 -14 -15 -16 24 -18 18 25 20 -22 22 -24 -25 -26 -27 -28 -29 29 -31
leaf_value=-0.017000924766837778 0.011701604160102639 -0.024842621207237247 -0.0062057806171262218 -0.0024223841917820465 -0.030129931347314703 -0.039240546172315427 -0.022073790919966998 0.040386600898844854 0.014540586066246034 -0.0012222500263698519 0.066000534892082227 -0.047408122095194738 0.036479060564722332 0.042018193813661738 -0.030439014605113442 -0.0053428391615549728 -0.0059318757575491203 0.06972941048443318 0.02014695688822242 -0.025933782756328586 0.042421753251034283 0.0049072595224494029 -0.040861240625381469 -0.025730694319520683 0.032781422216563473 -0.026733001937036927 -0.011559059741822156 0.057760253819552333 -0.0106605536106861 0.04743425622582436
leaf_weight=154 74 50 486 117 43 110 128 56 250 315 20 22 28 39 35 21 23 32 43 20 23 252 20 35 126 23 44 22 66 20
leaf_count=154 74 50 486 117 43 110 128 56 250 315 20 22 28 39 35 21 23 32 43 20 23 252 20 35 126 23 44 22 66 20
internal_value=0 -0.0019982 -0.00760157 0.0045918 0.00298554 -0.0122381 -0.0212865 0.00415849 0.0025755 0.007805 0.0160712 -0.0046645 -0.00259322 0.0129892 0.00901678 0.0147383 0.0269015 0.0102962 0.0208498 0.0358449 0.0106285 -0.00516136 0.00154193 -0.000317941 0.0224431 0.00381 0.00747043 0.0269425 -0.0120577 0.00284987
internal_weight=0 2375 1118 308 1257 810 324 1214 1135 659 344 476 454 324 285 322 79 258 141 75 43 426 272 109 213 66 87 43 214 86
internal_count=2697 2375 1118 308 1257 810 324 1214 1135 659 344 476 454 324 285 322 79 258 141 75 43 426 272 109 213 66 87 43 214 86
shrinkage=0.1


Tree=11
num_leaves=31
num_cat=0
split_feature=0 2 1 15 2 14 12 8 0 9 2 3 10 8 6 8 2 15 7 2 2 2 9 5 6 9 15 7 13 3
split_gain=7.09037 6.63316 6.42687 5.47844 5.63051 5.28924 4.91542 6.38172 5.05867 4.6054 4.47341 4.37951 4.65794 4.32258 4.12686 3.95764 3.69187 3.67343 4.85915 3.54226 3.4492 3.25461 3.40833 5.17386 4.22403 3.93655 3.18045 3.12292 3.23298 3.11339
threshold=18.500000000000004 41.500000000000007 14.500000000000002 72.500000000000014 15.500000000000002 6.5000000000000009 2.5000000000000004 11.500000000000002 30.500000000000004 7.5000000000000009 33.500000000000007 30.500000000000004 3.5000000000000004 5.5000000000000009 1.5000000000000002 21.500000000000004 47.500000000000007 11.500000000000002 8.5000000000000018 24.500000000000004 21.500000000000004 42.500000000000007 12.500000000000002 3.5000000000000004 3.5000000000000004 21.500000000000004 12.500000000000002 2.5000000000000004 3.5000000000000004 22.500000000000004
decision_type=2 2 2 2 2 2 2 2 2 2 2 2 2 2 2 2 2 2 2 2 2 2 2 2 2 2 2 2 2 2
left_child=21 2 3 4 5 -2 14 10 11 -7 -8 12 -9 17 -4 16 -3 18 19 -6 -10 22 24 -24 -1 -25 -11 -15 -29 -30
right_child=1 15 6 -5 13 9 7 8 20 26 -12 -13 -14 27 -16 -17 -18 -19 -20 -21 -22 -23 23 25 -26 -27 -28 28 29 -31
leaf_value=-0.018566518542649863 0.05789235349624388 0.0081908539515133053 -0.01718542754650116 -0.036259057647303534 0.0075533671304583551 -0.020702322758734227 0.0011126898055852847 0.020709592269526591 0.064396444104966671 0.039046041819514064 -0.049200972716013591 -0.042571456233660383 -0.02939145088195801 -0.014701737480801206 0.030546825336447609 -0.02081210067161935 -0.032473047684740138 0.041903296038508418 0.030081391723259639 -0.043896335104237433 0.020323710545249608 -0.042532319652623149 -0.0089908939714615169 0.047453057084764758 0.021486640695867868 0.00035513912638028469 -0.0074681651024591364 0.012707911095684794 -0.0056692255465365243 0.01702852016862701
leaf_weight=286 31 129 20 38 32 32 43 72 21 49 30 21 25 172 192 173 27 40 46 23 115 29 156 35 29 36 21 163 543 68
leaf_count=286 31 129 20 38 32 32 43 72 21 49 30 21 25 172 192 173 27 40 46 23 115 29 156 35 29 36 21 163 543 68
internal_value=0 0.00265724 0.00504726 0.00113273 0.00229739 0.0217189 0.0141836 0.00649441 0.0139837 0.010725 -0.0195642 -0.00116692 0.00779695 -7.89251e-05 0.0260438 -0.0103971 0.00115287 0.0162551 0.00609739 -0.013962 0.0271291 -0.00989367 -0.00814732 0.00119411 -0.0148791 0.0235724 0.0250918 -0.00251349 0.000195012 -0.00314313
internal_weight=0 2126 1797 1258 1220 133 539 327 254 102 73 118 97 1087 212 329 156 141 101 55 136 571 542 227 315 71 70 946 774 611
internal_count=2697 2126 1797 1258 1220 133 539 327 254 102 73 118 97 1087 212 329 156 141 101 55 136 571 542 227 315 71 70 946 774 611
shrinkage=0.1


Tree=12
num_leaves=31
num_cat=0
split_feature=0 2 1 0 7 7 9 11 12 7 3 3 11 14 2 15 8 9 10 3 15 7 6 9 7 0 0 2 1 7
split_gain=6.14621 6.49735 5.11676 4.36938 4.0458 4.70828 4.45528 3.87559 4.53071 3.66331 3.91966 4.10274 3.52645 6.8018 4.8195 4.5541 4.39694 4.31872 4.18345 3.8131 3.8575 3.48628 3.43973 3.24944 4.5951 3.45534 3.39594 3.24544 3.18438 3.03511
threshold=42.500000000000007 41.500000000000007 11.500000000000002 12.500000000000002 2.5000000000000004 1.5000000000000002 13.500000000000002 4.5000000000000009 1.5000000000000002 8.5000000000000018 7.5000000000000009 15.500000000000002 2.5000000000000004 24.500000000000004 31.500000000000004 35.500000000000007 3.5000000000000004 39.500000000000007 1.0000000180025095e-35 5.5000000000000009 30.500000000000004 3.5000000000000004 3.5000000000000004 8.5000000000000018 12.500000000000002 18.500000000000004 20.500000000000004 24.500000000000004 8.5000000000000018 13.500000000000002
decision_type=2 2 2 2 2 2 2 2 2 2 2 2 2 2 2 2 2 2 2 2 2 2 2 2 2 2 2 2 2 2
left_child=1 2 3 22 5 -4 27 -8 -9 10 -2 -12 16 19 15 17 -5 -15 -18 29 23 -20 -1 24 26 -25 -21 -6 -23 -14
right_child=9 -3 4 12 6 -7 7 8 -10 -11 11 -13 13 14 -16 -17 18 -19 21 20 -22 28 -24 25 -26 -27 -28 -29 -30 -31
leaf_value=-0.027289714510070867 -0.024310059296457392 -0.014942005324593693 0.0012334800284841787 0.043985811514513834 0.01110874199652457 0.062295793529067722 0.019929811413641332 0.031537925061725439 -0.024332117384418529 0.025867461493547014 0.05149114018394834 -0.0096438578937364655 -0.0072500224507183108 0.035769640471575395 -0.011463696705667596 -0.015886224508285526 0.043122204184532165 -0.012917933680794455 -0.015536071465472985 -0.010440027092893919 -0.047641913667321206 0.0026002655985087335 0.0073761143966725 -0.036549568895635931 0.0056021474558731604 0.0016249246551440313 -0.056202081501483918 -0.0099974027360385329 0.03428677925041744 0.020767691311367017
leaf_weight=116 38 311 23 28 111 28 243 21 47 139 21 23 218 106 76 30 25 22 99 24 40 338 38 29 29 130 50 212 35 47
leaf_count=116 38 311 23 28 111 28 243 21 47 139 21 23 218 106 76 30 25 22 99 24 40 338 38 29 29 130 50 212 35 47
internal_value=0 -0.00142621 0.000515318 -0.00279205 0.00766117 0.0347579 0.00548147 0.0140245 -0.00707813 0.0159787 -0.000783866 0.0195342 -0.000940367 -0.00511541 0.00922889 0.0191823 0.00542955 0.0274015 0.00325737 -0.0110353 -0.0187171 0.00114588 -0.0187358 -0.0143011 -0.0281379 -0.00533772 -0.0413603 -0.00274421 0.00557353 -0.00228084
internal_weight=0 2476 2165 1480 685 51 634 311 68 221 82 44 1326 801 234 158 525 128 497 567 302 472 154 262 103 159 74 323 373 265
internal_count=2697 2476 2165 1480 685 51 634 311 68 221 82 44 1326 801 234 158 525 128 497 567 302 472 154 262 103 159 74 323 373 265
shrinkage=0.1


Tree=13
num_leaves=31
num_cat=0
split_feature=0 13 2 9 7 6 9 1 15 4 2 7 3 12 8 13 0 15 0 14 14 13 8 1 14 13 10 1 2 3
split_gain=5.13394 4.27921 4.45381 5.73373 4.49657 4.39648 4.36937 4.31176 4.25607 5.23984 4.20887 5.85821 4.24466 4.09443 4.08567 3.93337 3.60537 5.43093 3.60147 4.81994 3.5993 4.53772 5.03698 3.94065 3.27786 2.93796 4.37827 4.55918 4.48866 4.12766
threshold=37.500000000000007 3.5000000000000004 15.500000000000002 6.5000000000000009 5.5000000000000009 4.5000000000000009 29.500000000000004 24.500000000000004 51.500000000000007 3.5000000000000004 38.500000000000007 4.5000000000000009 6.5000000000000009 2.5000000000000004 9.5000000000000018 29.500000000000004 14.500000000000002 6.5000000000000009 17.500000000000004 11.500000000000002 63.500000000000007 40.500000000000007 16.500000000000004 17.500000000000004 57.500000000000007 11.500000000000002 1.5000000000000002 18.500000000000004 33.500000000000007 12.500000000000002
decision_type=2 2 2 2 2 2 2 2 2 2 2 2 2 2 2 2 2 2 2 2 2 2 2 2 2 2 2 2 2 2
left_child=1 5 3 18 20 7 -5 13 25 -10 24 -12 -13 16 -14 -16 -1 -18 -3 -20 21 22 23 -4 -2 -6 -27 -28 29 -29
right_child=10 2 4 6 8 -7 -8 -9 9 -11 11 12 14 -15 15 -17 17 -19 19 -21 -22 -23 -24 -25 -26 26 27 28 -30 -31
leaf_value=-0.020464068560889274 0.012464038532778676 -0.042433203220367435 -0.01363352837714743 0.034982892455056661 0.0049328231315807526 0.03474509473890066 -0.015896542299361455 0.037253853328087748 -0.035842899018771031 0.015717428150000396 -0.040404420915771934 0.039213699499766032 -0.039713260779778166 -0.0094758284968082564 -0.0064841062776626107 0.040395471215248113 0.034592456752207228 2.7271610337729552e-05 0.040663134455680851 -0.028762688934803011 0.017581516591941609 0.019111931499312909 -0.031388930114539894 0.029737125531486844 0.044153821065619187 -0.042621652060939423 -0.011573915347761039 0.062781013892247134 -0.0027720646160404858 0.0046243952668231468
leaf_weight=33 277 25 235 86 502 48 21 34 73 27 34 30 24 216 63 25 82 102 20 20 34 34 185 23 37 31 245 26 82 23
leaf_count=33 277 25 235 86 502 48 21 34 73 27 34 30 24 216 63 25 82 102 20 20 34 34 185 23 37 31 245 26 82 23
internal_value=0 -0.0020558 -0.00448512 0.0107667 -0.00621099 0.00592556 0.0249972 0.00296339 -0.00234034 -0.0219216 0.00925951 -0.00311971 0.00580761 0.000270831 -0.00314045 0.00683396 0.00997258 0.0154313 -0.0126588 0.00595022 -0.0138538 -0.0160945 -0.0187966 -0.00976715 0.0161982 -0.000186188 -0.00650005 -0.00352194 0.0115371 0.035483
internal_weight=0 2207 1692 172 1520 515 107 467 1009 100 490 176 142 433 112 88 217 184 65 40 511 477 443 258 314 909 407 376 131 49
internal_count=2697 2207 1692 172 1520 515 107 467 1009 100 490 176 142 433 112 88 217 184 65 40 511 477 443 258 314 909 407 376 131 49
shrinkage=0.1


Tree=14
num_leaves=31
num_cat=0
split_feature=0 2 15 13 7 2 1 12 2 8 11 0 13 14 15 14 9 2 15 14 3 7 13 10 12 0 3 14 2 5
split_gain=4.51474 4.01275 3.61619 4.05531 5.84614 7.17454 4.09559 3.69775 3.63395 3.34089 3.81006 3.65879 3.95509 3.5301 3.32143 3.30523 3.15533 4.41555 3.33921 3.50516 4.61241 4.71944 4.62254 2.96531 4.28133 2.91198 3.10922 2.89384 2.83243 3.07169
threshold=18.500000000000004 47.500000000000007 130.00000000000003 3.5000000000000004 50.500000000000007 36.500000000000007 24.500000000000004 2.5000000000000004 15.500000000000002 21.500000000000004 2.5000000000000004 39.500000000000007 9.5000000000000018 15.500000000000002 54.500000000000007 8.5000000000000018 8.5000000000000018 19.500000000000004 4.5000000000000009 6.5000000000000009 4.5000000000000009 20.500000000000004 23.500000000000004 2.5000000000000004 4.5000000000000009 23.500000000000004 11.500000000000002 36.500000000000007 14.500000000000002 1.5000000000000002
decision_type=2 2 2 2 2 2 2 2 2 2 2 2 2 2 2 2 2 2 2 2 2 2 2 2 2 2 2 2 2 2
left_child=28 2 3 6 8 -6 7 -2 -5 11 13 16 -13 -11 -7 -3 -10 -18 25 -20 -21 22 -22 24 -12 -19 -27 -14 -1 -30
right_child=1 15 -4 4 5 14 -8 -9 9 10 23 12 27 -15 -16 -17 17 18 19 20 21 -23 -24 -25 -26 26 -28 -29 29 -31
leaf_value=0.011102388907169951 0.017576863442026257 -0.045898759461218318 -0.039410630166530611 0.015703738944267666 0.056536370152380416 -0.030390813804808115 0.038982619862167202 -0.0016199785608006882 -0.0080496633208768306 0.02035927566843973 0.0051615499637343671 -0.009193686749786139 0.018528875453131543 -0.027203817665576936 0.025852104879560925 -0.0013529915776517656 -0.027058202028274539 -0.0016189012262556289 0.018045153063122588 -0.032964003682136533 0.0022651459817047957 -0.03640090922514598 0.052442542755085489 -0.019629187790714965 -0.039970198035240177 0.054469693012726618 0.0059738329052925112 0.060107565468007877 -0.038236724685978246 -0.0082993995310157859
leaf_weight=69 209 31 20 127 41 21 49 193 344 71 132 40 70 20 21 36 39 27 101 45 91 24 23 245 25 39 20 22 37 465
leaf_count=69 209 31 20 127 41 21 49 193 344 71 132 40 70 20 21 36 39 27 101 45 91 24 23 245 25 39 20 22 37 465
internal_value=0 0.00212037 0.00290407 0.00331913 0.000942468 0.0267793 0.0116875 0.00836047 -0.000482418 -0.00197418 -0.0085713 0.00170083 0.0170579 0.00990585 -0.00226935 -0.0219637 -0.000991241 0.00494543 0.00831878 0.00309107 -0.00516227 0.00390351 0.0123887 -0.0127539 -0.00202503 0.0255824 0.0380304 0.0284716 -0.00789477 -0.0105059
internal_weight=0 2126 2059 2039 1588 83 451 402 1505 1378 493 885 132 91 42 67 753 409 370 284 183 138 114 402 157 86 59 92 571 502
internal_count=2697 2126 2059 2039 1588 83 451 402 1505 1378 493 885 132 91 42 67 753 409 370 284 183 138 114 402 157 86 59 92 571 502
shrinkage=0.1


Tree=15
num_leaves=31
num_cat=0
split_feature=7 8 5 13 0 13 14 2 14 14 3 0 2 1 14 0 13 0 11 2 6 9 0 1 14 7 1 5 15 3
split_gain=3.98156 4.35751 5.52763 5.26509 3.38377 4.3478 4.80889 7.17261 3.90271 4.83816 3.70515 3.2229 3.65778 3.15372 3.04173 3.4326 3.02551 7.17182 3.02176 3.92182 2.84467 5.11181 2.85765 2.76361 2.68359 2.8866 4.16782 2.57191 2.72618 3.00017
threshold=5.5000000000000009 28.500000000000004 2.5000000000000004 3.5000000000000004 42.500000000000007 11.500000000000002 27.500000000000004 37.500000000000007 29.500000000000004 65.500000000000014 32.500000000000007 37.500000000000007 36.500000000000007 18.500000000000004 32.500000000000007 36.500000000000007 9.5000000000000018 21.500000000000004 3.5000000000000004 30.500000000000004 4.5000000000000009 29.500000000000004 19.500000000000004 32.500000000000007 8.5000000000000018 12.500000000000002 3.5000000000000004 4.5000000000000009 9.5000000000000018 11.500000000000002
decision_type=2 2 2 2 2 2 2 2 2 2 2 2 2 2 2 2 2 2 2 2 2 2 2 2 2 2 2 2 2 2
left_child=1 2 3 -1 5 10 13 27 -6 -10 20 -4 -13 -7 15 16 -5 -18 -3 -20 22 -22 24 -9 25 26 -2 28 -8 -30
right_child=4 18 11 14 8 6 7 23 9 -11 -12 12 -14 -15 -16 -17 17 -19 19 -21 21 -23 -24 -25 -26 -27 -28 -29 29 -31
leaf_value=0.0076727947863665493 -0.0047204675043330474 -0.028378483909985115 0.0034032633465186169 -0.031125983689960682 0.030007467979705462 -0.016491447780219423 0.059436361278806416 -0.023469868852542 -0.017298790700030778 0.036819216112295793 -0.034820888936519627 0.047995168212297802 -0.0050848002731800086 0.0011029093683540049 0.013229548587248877 -0.062432697415351873 -0.03369776173071428 0.023728940861169681 0.015150044973079974 -0.019956473497355857 0.055467561911791564 0.00053682575623194382 0.0085265839631815353 0.01825751108782632 -0.014130484611969293 -0.02112268557151159 0.045977554013652194 -0.0019800283587895909 -0.0097474321722984328 0.039063327890985156
leaf_weight=110 34 116 296 95 93 301 28 65 53 24 22 37 20 154 26 20 44 43 52 82 32 36 631 21 127 24 31 26 20 34
leaf_count=110 34 116 296 95 93 301 28 65 53 24 22 37 20 154 26 20 44 43 52 82 32 36 631 21 127 24 31 26 20 34
internal_value=0 -0.00524872 -0.00115559 -0.0102959 0.00281267 0.00137549 -0.00491567 0.00826705 0.0162207 -0.000430841 0.00573297 0.00759629 0.0293706 -0.0105364 -0.018965 -0.0231088 -0.0187875 -0.00531445 -0.0165621 -0.00633305 0.00670804 0.0263866 0.00512818 -0.0132806 -0.00479957 0.00851532 0.0194586 0.0254254 0.0341149 0.0209853
internal_weight=0 941 691 338 1756 1586 649 194 170 77 937 353 57 455 228 202 182 87 250 134 915 68 847 86 216 89 65 108 82 54
internal_count=2697 941 691 338 1756 1586 649 194 170 77 937 353 57 455 228 202 182 87 250 134 915 68 847 86 216 89 65 108 82 54
shrinkage=0.1


Tree=16
num_leaves=31
num_cat=0
split_feature=2 0 8 13 8 1 15 8 2 14 11 15 1 8 0 9 14 8 8 5 14 4 3 6 9 0 3 0 9 2
split_gain=3.33774 4.40758 3.85754 4.18754 5.09341 3.40735 3.98252 3.64436 3.20614 3.02245 2.9553 3.32895 3.03954 3.78471 3.18627 2.72298 3.48127 3.53457 2.60714 2.59957 3.13112 3.88332 3.21862 2.47862 8.42341 4.61409 3.65957 3.6412 4.15095 3.72866
threshold=41.500000000000007 29.500000000000004 64.500000000000014 1.0000000180025095e-35 8.5000000000000018 15.500000000000002 73.500000000000014 7.5000000000000009 10.500000000000002 71.500000000000014 2.5000000000000004 9.5000000000000018 22.500000000000004 24.500000000000004 38.500000000000007 6.5000000000000009 9.5000000000000018 19.500000000000004 21.500000000000004 1.5000000000000002 59.500000000000007 1.5000000000000002 24.500000000000004 3.5000000000000004 31.500000000000004 11.500000000000002 1.0000000180025095e-35 12.500000000000002 27.500000000000004 28.500000000000004
decision_type=2 2 2 2 2 2 2 2 2 2 2 2 2 2 2 2 2 2 2 2 2 2 2 2 2 2 2 2 2 2
left_child=1 2 3 4 -1 6 8 -7 -3 10 -9 -12 13 -13 -14 16 -10 -18 -2 -5 22 -22 23 27 25 -25 -27 -21 29 -29
right_child=18 5 -4 19 -6 7 -8 9 15 -11 11 12 14 -15 -16 -17 17 -19 -20 20 21 -23 -24 24 -26 26 -28 28 -30 -31
leaf_value=-0.013442850283214026 0.00023433915256748539 0.039189331293106082 -0.02539437584467788 -0.021453082232790837 0.032855733020885569 -0.0095053569078445439 -0.034466023317405156 0.036506246161042602 -0.031505829033752285 0.053764197354515403 0.031994408827561598 0.038127114015974496 -0.029149481238320819 -0.010839391637731483 0.014680797082406502 0.0066414130989600117 0.02357015418700683 -0.021272401418536903 -0.016695227508012413 -0.022155870577340489 -0.0062632088150296888 0.053214483675749408 -0.024709928573155016 0.062000260163437237 -0.027852250179465937 0.042601305339485411 0.0042176539028013077 0.0015743545937327158 0.035239718159039819 -0.013977947395365193
leaf_weight=35 169 25 67 68 74 50 28 57 48 24 52 38 43 27 27 378 39 32 197 93 21 23 61 22 49 32 111 565 30 212
leaf_count=35 169 25 67 68 74 50 28 57 48 24 52 38 43 27 27 378 39 32 197 93 21 23 61 22 49 32 111 565 30 212
internal_value=0 0.00139398 -0.00195542 -0.000830485 0.0179892 0.00703933 0.00227523 0.0152791 0.00424603 0.0199031 0.0165725 0.0104964 0.00221571 0.0177872 -0.0122435 0.00248832 -0.0107039 0.00335942 -0.00887802 -0.00242438 -0.0013629 0.0248274 -0.00234364 -0.00111892 0.00855442 0.0193661 0.012807 -0.00341902 -0.00125976 -0.002669
internal_weight=0 2331 1463 1396 109 868 550 318 522 268 244 187 135 65 70 497 119 71 366 1287 1219 44 1175 1114 214 165 143 900 807 777
internal_count=2697 2331 1463 1396 109 868 550 318 522 268 244 187 135 65 70 497 119 71 366 1287 1219 44 1175 1114 214 165 143 900 807 777
shrinkage=0.1


end of trees

feature_importances:
Column_2=79
Column_0=56
Column_7=46
Column_8=43
Column_14=40
Column_1=38
Column_3=37
Column_9=37
Column_15=30
Column_13=23
Column_5=17
Column_4=14
Column_6=14
Column_10=13
Column_11=12
Column_12=11

parameters:
[boosting: gbdt]
[objective: regression]
[metric: l2]
[tree_learner: serial]
[device_type: cpu]
[data: ]
[valid: ]
[num_iterations: 10000]
[learning_rate: 0.1]
[num_leaves: 31]
[num_threads: 0]
[deterministic: 0]
[force_col_wise: 0]
[force_row_wise: 0]
[histogram_pool_size: -1]
[max_depth: -1]
[min_data_in_leaf: 20]
[min_sum_hessian_in_leaf: 0.001]
[bagging_fraction: 1]
[pos_bagging_fraction: 1]
[neg_bagging_fraction: 1]
[bagging_freq: 0]
[bagging_seed: 3]
[feature_fraction: 1]
[feature_fraction_bynode: 1]
[feature_fraction_seed: 2]
[extra_trees: 0]
[extra_seed: 6]
[early_stopping_round: 10]
[first_metric_only: 0]
[max_delta_step: 0]
[lambda_l1: 0]
[lambda_l2: 0]
[min_gain_to_split: 0]
[drop_rate: 0.1]
[max_drop: 50]
[skip_drop: 0.5]
[xgboost_dart_mode: 0]
[uniform_drop: 0]
[drop_seed: 4]
[top_rate: 0.2]
[other_rate: 0.1]
[min_data_per_group: 100]
[max_cat_threshold: 32]
[cat_l2: 10]
[cat_smooth: 10]
[max_cat_to_onehot: 4]
[top_k: 20]
[monotone_constraints: ]
[monotone_constraints_method: basic]
[monotone_penalty: 0]
[feature_contri: ]
[forcedsplits_filename: ]
[refit_decay_rate: 0.9]
[cegb_tradeoff: 1]
[cegb_penalty_split: 0]
[cegb_penalty_feature_lazy: ]
[cegb_penalty_feature_coupled: ]
[path_smooth: 0]
[interaction_constraints: ]
[verbosity: 1]
[saved_feature_importance_type: 0]
[max_bin: 255]
[max_bin_by_feature: ]
[min_data_in_bin: 3]
[bin_construct_sample_cnt: 200000]
[data_random_seed: 1]
[is_enable_sparse: 1]
[enable_bundle: 1]
[use_missing: 1]
[zero_as_missing: 0]
[feature_pre_filter: 1]
[pre_partition: 0]
[two_round: 0]
[header: 0]
[label_column: ]
[weight_column: ]
[group_column: ]
[ignore_column: ]
[categorical_feature: ]
[forcedbins_filename: ]
[objective_seed: 5]
[num_class: 1]
[is_unbalance: 0]
[scale_pos_weight: 1]
[sigmoid: 1]
[boost_from_average: 1]
[reg_sqrt: 0]
[alpha: 0.9]
[fair_c: 1]
[poisson_max_delta_step: 0.7]
[tweedie_variance_power: 1.5]
[lambdarank_truncation_level: 30]
[lambdarank_norm: 1]
[label_gain: ]
[eval_at: ]
[multi_error_top_k: 1]
[auc_mu_weights: ]
[num_machines: 1]
[local_listen_port: 12400]
[time_out: 120]
[machine_list_filename: ]
[machines: ]
[gpu_platform_id: -1]
[gpu_device_id: -1]
[gpu_use_dp: 0]
[num_gpu: 1]

end of parameters

pandas_categorical:null
