tree
version=v3
num_class=1
num_tree_per_iteration=1
label_index=0
max_feature_idx=15
objective=regression
feature_names=Column_0 Column_1 Column_2 Column_3 Column_4 Column_5 Column_6 Column_7 Column_8 Column_9 Column_10 Column_11 Column_12 Column_13 Column_14 Column_15
feature_infos=[1:49] [0:67] [1:49] [0:70] [0:7] [0:7] [0:8] [0:289] [0:216] [0:169] [0:8] [0:7] [0:7] [0:146] [0:163] [0:122]
tree_sizes=2713 2745 2769 2755 2776 2758 2770 2737 2758 2767 2791 2762

Tree=0
num_leaves=31
num_cat=0
split_feature=0 8 12 2 2 4 0 9 14 1 0 15 0 2 2 0 1 14 0 3 7 9 1 13 5 7 14 6 15 13
split_gain=54.6113 25.3491 16.1899 14.2057 13.8241 11.6771 8.26286 7.80902 7.26693 7.25344 6.96936 6.58446 7.26439 6.49797 5.48399 5.63041 5.49133 5.16675 5.03972 4.6183 4.5754 5.50946 4.19649 4.09091 3.98307 6.26372 5.3067 7.33444 6.731 3.96757
threshold=32.500000000000007 16.500000000000004 1.5000000000000002 19.500000000000004 24.500000000000004 1.5000000000000002 43.500000000000007 4.5000000000000009 29.500000000000004 9.5000000000000018 21.500000000000004 12.500000000000002 13.500000000000002 14.500000000000002 30.500000000000004 33.500000000000007 11.500000000000002 30.500000000000004 21.500000000000004 10.500000000000002 11.500000000000002 27.500000000000004 12.500000000000002 13.500000000000002 1.5000000000000002 22.500000000000004 7.5000000000000009 3.5000000000000004 7.5000000000000009 8.5000000000000018
decision_type=2 2 2 2 2 2 2 2 2 2 2 2 2 2 2 2 2 2 2 2 2 2 2 2 2 2 2 2 2 2
left_child=1 2 8 5 10 -2 14 -6 18 -9 11 24 -13 -14 20 -16 19 -12 -1 -17 -5 -22 -8 -18 -4 26 27 28 -26 -11
right_child=3 -3 4 6 7 -7 22 9 -10 29 17 12 13 -15 15 16 23 -19 -20 -21 21 -23 -24 -25 25 -27 -28 -29 -30 -31
leaf_value=-0.32296030195606151 -0.31896987148159006 -0.35448228807106191 -0.36883999846953863 -0.31469714452073355 -0.3610304751034229 -0.2496319308787629 -0.30047763313358566 -0.34234649354226676 -0.24455429159183018 -0.30748661866783861 -0.31575884114100161 -0.2698052553377206 -0.28607214626003019 -0.34203612597516431 -0.36669714145440574 -0.30776857353825088 -0.27533351040100135 -0.27884000383395663 -0.29079714594859596 -0.34594371799304691 -0.29761819816419721 -0.24503048192925853 -0.25647975671952633 -0.31624259900718554 -0.31989456913676045 -0.28569714628238196 -0.34189516273469911 -0.26469714753407947 -0.35878805101673339 -0.3323820750065925
leaf_weight=95 33 377 28 90 135 92 41 462 21 114 389 37 32 59 24 56 44 42 100 73 76 27 46 55 233 30 303 20 55 146
leaf_count=95 33 377 28 90 135 92 41 462 21 114 389 37 32 59 24 56 44 42 100 73 76 27 46 55 233 30 303 20 55 146
internal_value=-0.324108 -0.330446 -0.326508 -0.298272 -0.329208 -0.267937 -0.3054 -0.338955 -0.300447 -0.334827 -0.322406 -0.327946 -0.307166 -0.322356 -0.310911 -0.320626 -0.315776 -0.312161 -0.306466 -0.329372 -0.298226 -0.283833 -0.277214 -0.298061 -0.331921 -0.330309 -0.332499 -0.323256 -0.327322 -0.321466
internal_weight=0 2678 2301 657 2085 125 532 857 216 722 1228 797 128 91 445 252 228 431 195 129 193 103 87 99 669 641 611 308 288 260
internal_count=3335 2678 2301 657 2085 125 532 857 216 722 1228 797 128 91 445 252 228 431 195 129 193 103 87 99 669 641 611 308 288 260
shrinkage=1


Tree=1
num_leaves=31
num_cat=0
split_feature=0 8 12 2 2 4 6 13 0 9 1 1 7 0 2 7 6 13 15 14 9 0 15 15 0 3 15 1 5 3
split_gain=44.2352 20.5328 13.1138 11.5066 11.1975 10.2334 6.8441 6.93905 6.69292 6.32531 5.99349 5.87529 5.47435 5.44556 4.62524 5.01298 5.08754 4.53983 4.37977 4.70385 4.33333 4.29623 5.64375 4.29345 3.97773 4.81898 4.24438 5.35827 4.79312 3.7932
threshold=32.500000000000007 16.500000000000004 1.5000000000000002 19.500000000000004 24.500000000000004 2.5000000000000004 1.5000000000000002 6.5000000000000009 43.500000000000007 4.5000000000000009 21.500000000000004 9.5000000000000018 8.5000000000000018 21.500000000000004 44.500000000000007 6.5000000000000009 4.5000000000000009 10.500000000000002 4.5000000000000009 11.500000000000002 28.500000000000004 11.500000000000002 12.500000000000002 30.500000000000004 27.500000000000004 12.500000000000002 4.5000000000000009 6.5000000000000009 2.5000000000000004 7.5000000000000009
decision_type=2 2 2 2 2 2 2 2 2 2 2 2 2 2 2 2 2 2 2 2 2 2 2 2 2 2 2 2 2 2
left_child=1 2 6 5 10 -2 12 -8 14 -6 13 -11 -1 21 15 20 23 24 -9 -20 29 22 -4 -17 26 -26 -15 -28 -29 -5
right_child=3 -3 4 8 9 -7 7 18 -10 11 -12 -13 -14 17 -16 16 -18 -19 19 -21 -22 -23 -24 -25 25 -27 27 28 -30 -31
leaf_value=-0.035872356353267548 0.024357532008605846 -0.02733691491245907 0.0016901250183582305 0.031569787032074401 -0.033230285534152276 0.081805293052865755 0.06242473957673559 0.043967553167729767 0.042204195740579188 -0.016414699074509858 0.046453270624423851 0.0023774079405344452 0.020753936861690723 0.033123418513466334 -0.019702645000957308 0.012723800437644829 0.065002630770206446 -0.0050815141672710725 -0.022990493774414061 0.036018562316894535 -0.041909169632455584 -0.0073786342653904703 0.05698052843411764 0.048572847017875093 0.046216948661539296 -0.0082261732646397179 -0.017458190797250483 0.048220138996839523 -0.011628111289895099 -0.011566377447006551
leaf_weight=31 68 377 80 36 135 57 53 37 87 462 29 260 38 51 42 233 25 139 35 22 23 678 24 39 72 21 79 32 23 47
leaf_count=31 68 377 80 36 135 57 53 37 87 462 29 260 38 51 42 233 25 139 35 22 23 678 24 39 72 21 79 32 23 47
internal_value=0 -0.00570444 -0.00216014 0.0232519 -0.00459 0.0505537 0.0212947 0.0334901 0.016837 -0.0133624 0.00153209 -0.00964746 -0.00468686 0.000445591 0.0118776 0.0151688 0.0218318 0.00967443 0.017176 -0.000215069 -0.00350017 -0.00447567 0.0144494 0.0178639 0.0170524 0.0339233 0.00857133 -0.000773128 0.0231927 0.00714328
internal_weight=0 2678 2301 657 2085 125 216 147 532 857 1228 722 69 1199 445 403 297 417 94 57 106 782 104 272 278 93 185 134 55 83
internal_count=3335 2678 2301 657 2085 125 216 147 532 857 1228 722 69 1199 445 403 297 417 94 57 106 782 104 272 278 93 185 134 55 83
shrinkage=0.1


Tree=2
num_leaves=31
num_cat=0
split_feature=0 8 12 2 1 2 4 10 1 2 7 6 13 6 2 0 14 15 11 3 13 7 14 4 0 9 9 15 15 7
split_gain=35.8305 16.6315 10.6222 9.54172 9.73992 9.32034 8.41026 6.32143 5.69679 6.21143 7.78653 5.54372 5.62063 4.96695 6.1929 7.74062 5.72264 4.62395 4.54825 4.49098 4.44054 4.43422 4.23477 4.16552 4.79589 4.12281 4.07601 4.25962 4.05928 3.87752
threshold=32.500000000000007 16.500000000000004 1.5000000000000002 34.500000000000007 21.500000000000004 19.500000000000004 1.5000000000000002 1.0000000180025095e-35 33.500000000000007 34.500000000000007 11.500000000000002 1.5000000000000002 6.5000000000000009 2.5000000000000004 23.500000000000004 21.500000000000004 1.5000000000000002 19.500000000000004 2.5000000000000004 17.500000000000004 7.5000000000000009 8.5000000000000018 3.5000000000000004 1.5000000000000002 30.500000000000004 29.500000000000004 7.5000000000000009 22.500000000000004 12.500000000000002 23.500000000000004
decision_type=2 2 2 2 2 2 2 2 2 2 2 2 2 2 2 2 2 2 2 2 2 2 2 2 2 2 2 2 2 2
left_child=1 2 11 4 13 6 -2 -7 9 10 25 21 -13 14 15 18 20 19 -4 -12 -16 -1 -11 -15 -25 -9 -5 29 -17 -28
right_child=5 -3 3 26 -6 7 -8 8 -10 22 17 12 -14 23 16 28 -18 -19 -20 -21 -22 -23 -24 24 -26 -27 27 -29 -30 -31
leaf_value=-0.032285121948488302 0.0021885062708999173 -0.024603224464689707 -0.0020686758024402474 -0.038413252908250567 0.036575412933643046 0.063241707705534431 0.061033394333461055 0.010313165424362062 0.063674234492438184 0.024131429195404053 0.012757396181424461 0.056182268992909845 0.015458367891768191 -0.011848545441260705 0.047897653417153796 0.020905062048272652 -0.022314694663947653 0.067471451436479896 -0.022543755583465101 0.058006725388188518 -0.014944153505822885 0.018678543912736992 -0.011071275437579436 0.0057379566008845971 0.046320910799887871 -0.038560287058353432 -0.028851737463769834 0.012987048799792926 -0.010218739943070846 0.013713614527995771
leaf_weight=31 33 377 337 92 65 26 92 126 21 44 75 53 94 130 22 176 319 36 160 31 23 38 153 480 31 20 121 48 55 26
leaf_count=31 33 377 337 92 65 26 92 126 21 44 75 53 94 130 22 176 319 36 160 31 23 38 153 480 31 20 121 48 55 26
internal_value=0 -0.005134 -0.00194413 -0.004131 -0.00142824 0.0209267 0.0454983 0.0151533 0.0126824 0.0104745 0.0198342 0.0191652 0.0301411 -0.00285365 -0.00695535 -0.00163034 -0.0176054 0.0365069 -0.00866025 0.0259907 0.0157785 -0.00421818 -0.00320874 0.00413394 0.00819994 0.00361817 -0.0210632 -0.0128776 0.0134946 -0.0213232
internal_weight=0 2678 2301 2085 1798 657 125 532 506 485 288 216 147 1733 1092 728 364 142 497 106 45 69 197 641 511 146 287 195 231 147
internal_count=3335 2678 2301 2085 1798 657 125 532 506 485 288 216 147 1733 1092 728 364 142 497 106 45 69 197 641 511 146 287 195 231 147
shrinkage=0.1


Tree=3
num_leaves=31
num_cat=0
split_feature=0 2 0 0 4 13 2 8 14 15 0 1 8 1 6 13 12 6 7 13 3 13 13 0 4 1 2 14 11 0
split_gain=29.0227 13.6091 9.21878 7.8413 8.51253 8.82015 8.32475 7.66027 5.79381 5.57882 7.15352 6.94169 6.47472 5.48914 4.68996 5.58104 4.3643 4.35949 4.03789 3.91935 3.82675 4.56768 3.87635 4.71411 3.75346 3.72198 6.60552 6.05264 5.32737 3.66597
threshold=32.500000000000007 24.500000000000004 21.500000000000004 45.500000000000007 2.5000000000000004 4.5000000000000009 43.500000000000007 16.500000000000004 16.500000000000004 12.500000000000002 13.500000000000002 3.5000000000000004 11.500000000000002 19.500000000000004 3.5000000000000004 2.5000000000000004 1.0000000180025095e-35 3.5000000000000004 13.500000000000002 10.500000000000002 6.5000000000000009 19.500000000000004 8.5000000000000018 14.500000000000002 4.5000000000000009 11.500000000000002 32.500000000000007 25.500000000000004 3.5000000000000004 18.500000000000004
decision_type=2 2 2 2 2 2 2 2 2 2 2 2 2 2 2 2 2 2 2 2 2 2 2 2 2 2 2 2 2 2
left_child=1 2 9 4 18 -6 25 14 -5 17 11 -11 -12 16 24 -16 -4 20 -2 -18 22 -22 23 -1 29 26 27 -7 -27 -3
right_child=3 7 13 8 5 6 -8 -9 -10 10 12 -13 -14 -15 15 -17 19 -19 -20 -21 21 -23 -24 -25 -26 28 -28 -29 -30 -31
leaf_value=0.030645390697147536 -0.001862865967683524 -0.026101844615124645 0.0552958419919014 0.093543376976793463 0.063423062328781407 0.0055310878015699845 -0.031959803189550128 -0.029009929117949113 0.030448645058759424 0.0046887117127577468 0.017619226980900418 0.078603328157354282 -0.031818744609522269 0.049480594009966461 0.038853384439761829 -0.0032838252407533155 0.014128483984714899 0.012475647715230784 0.026126039945162261 -0.0051219598948955541 -0.025231493260871853 0.024792376458644867 -0.018445866505304973 -0.0038881756656958966 0.014756375861664615 0.058673197460376615 -0.02242481077418608 0.062760777906938042 0.0043415003097974341 -0.0097951923797854612
leaf_weight=46 249 188 20 22 56 42 28 230 43 24 69 27 43 37 39 162 312 96 65 160 209 20 150 281 48 59 34 33 26 517
leaf_count=46 249 188 20 22 56 42 28 230 43 24 69 27 43 37 39 162 312 96 65 160 209 20 150 281 48 59 34 33 26 517
internal_value=0 -0.0046206 0.00172555 0.018834 0.0152141 0.0279582 0.0190121 -0.0126283 0.0518038 -0.00409047 0.0127751 0.04382 -0.00136142 0.0123351 -0.00867888 0.00489205 0.00954165 -0.00751826 0.00393102 0.00760291 -0.010237 -0.0208626 -0.00513578 0.000969757 -0.0123014 0.0263689 0.0141373 0.0307122 0.0420541 -0.0141436
internal_weight=0 2678 1494 657 592 278 222 1184 65 965 163 51 112 529 954 201 492 802 314 472 706 229 477 327 753 194 109 75 85 705
internal_count=3335 2678 1494 657 592 278 222 1184 65 965 163 51 112 529 954 201 492 802 314 472 706 229 477 327 753 194 109 75 85 705
shrinkage=0.1


Tree=4
num_leaves=31
num_cat=0
split_feature=0 8 12 2 1 2 4 14 10 14 1 2 7 8 15 15 0 15 3 13 14 14 6 1 11 3 4 12 15 14
split_gain=23.5084 11.5433 8.04711 7.13056 7.15723 6.87652 6.14328 5.07879 4.87417 4.35251 4.3133 4.60556 5.42928 4.78951 4.89315 4.093 3.88282 4.15688 4.1079 3.78375 3.53631 3.51285 3.50485 5.43529 4.81371 5.93559 3.86612 3.47697 5.25296 3.9275
threshold=32.500000000000007 16.500000000000004 1.5000000000000002 34.500000000000007 21.500000000000004 19.500000000000004 2.5000000000000004 29.500000000000004 1.0000000180025095e-35 49.500000000000007 33.500000000000007 34.500000000000007 12.500000000000002 4.5000000000000009 19.500000000000004 48.500000000000007 19.500000000000004 4.5000000000000009 4.5000000000000009 11.500000000000002 11.500000000000002 28.500000000000004 1.5000000000000002 11.500000000000002 1.5000000000000002 13.500000000000002 1.0000000180025095e-35 4.5000000000000009 27.500000000000004 16.500000000000004
decision_type=2 2 2 2 2 2 2 2 2 2 2 2 2 2 2 2 2 2 2 2 2 2 2 2 2 2 2 2 2 2
left_child=1 2 7 4 9 6 -2 16 -7 15 11 12 21 -14 -15 22 -1 18 -18 -19 -6 -10 23 -4 25 -24 -26 28 -28 -29
right_child=5 -3 3 -5 20 8 -8 -9 10 -11 -12 -13 13 14 -16 -17 17 19 -20 -21 -22 -23 24 -25 26 -27 27 29 -30 -31
leaf_value=-0.008115690533931439 0.017759646760190234 -0.020378398990125179 -0.026423567221049341 -0.018041833705603038 0.0038384185896979438 0.054217859644156242 0.062270216134033711 0.063598537161236715 -0.0025196569369119758 0.030313948169350624 0.054191995802379794 -0.0038817382630357889 0.074900543973559428 0.0098103774499289607 0.057838289054303341 0.041910024285316469 0.077473950669879013 0.020976252825754993 0.021221420826280819 -0.028357289460572328 0.051170781725331363 0.039736962447995731 0.045811798544817199 0.028590618428729831 -0.033626661649564418 -0.02012879341840744 -0.0024989811703562737 -0.00042667358086026952 -0.04480822493632635 0.056358448380515694
leaf_weight=65 68 377 124 287 27 26 57 21 136 40 21 197 21 79 29 20 21 53 34 22 38 23 43 21 41 20 1344 29 30 21
leaf_count=65 68 377 124 287 27 26 57 21 136 40 21 197 21 79 29 20 21 53 34 22 38 23 43 21 41 20 1344 29 30 21
internal_value=0 -0.00415854 -0.00150105 -0.00340447 -0.00106803 0.0169506 0.0380565 0.0168723 0.0119916 -0.00228993 0.00982183 0.00790065 0.0159601 0.0312034 0.0227068 -0.00306025 0.0118402 0.0218182 0.0426997 0.00650508 0.0315096 0.00359294 -0.00359785 -0.018456 -0.00218788 0.0248783 -0.00335182 -0.00248014 -0.00342276 0.0234231
internal_weight=0 2678 2301 2085 1798 657 125 216 532 1733 506 485 288 129 108 1693 195 130 55 75 65 159 1673 145 1528 63 1465 1424 1374 50
internal_count=3335 2678 2301 2085 1798 657 125 216 532 1733 506 485 288 129 108 1693 195 130 55 75 65 159 1673 145 1528 63 1465 1424 1374 50
shrinkage=0.1


Tree=5
num_leaves=31
num_cat=0
split_feature=0 2 4 2 0 1 5 8 0 3 9 7 11 8 7 7 15 1 15 7 3 14 14 3 1 3 13 1 7 2
split_gain=19.3674 10.0049 7.65707 8.8787 7.23028 6.71918 5.54979 5.12055 5.0904 5.01088 6.41761 9.08045 4.88064 4.90739 7.22496 4.78754 4.77039 7.31008 4.66224 4.65562 4.43465 4.42567 4.35948 5.50909 4.18049 4.17962 4.00881 4.4791 3.98552 3.90446
threshold=30.500000000000004 24.500000000000004 1.5000000000000002 30.500000000000004 44.500000000000007 20.500000000000004 3.5000000000000004 15.500000000000002 20.500000000000004 10.500000000000002 18.500000000000004 11.500000000000002 2.5000000000000004 5.5000000000000009 6.5000000000000009 30.500000000000004 12.500000000000002 5.5000000000000009 2.5000000000000004 10.500000000000002 7.5000000000000009 16.500000000000004 39.500000000000007 9.5000000000000018 11.500000000000002 25.500000000000004 6.5000000000000009 16.500000000000004 6.5000000000000009 18.500000000000004
decision_type=2 2 2 2 2 2 2 2 2 2 2 2 2 2 2 2 2 2 2 2 2 2 2 2 2 2 2 2 2 2
left_child=1 5 12 7 9 8 19 24 15 10 11 -5 -2 -14 -15 16 20 -18 -10 -3 -1 -16 23 -20 25 -4 27 -21 -25 -19
right_child=2 6 3 4 -6 -7 -8 -9 18 -11 -12 -13 13 14 21 -17 17 29 22 26 -22 -23 -24 28 -26 -27 -28 -29 -30 -31
leaf_value=-0.0046714634957437766 -0.027071804553270341 -0.016002608341329241 0.032007367689819897 0.072919683810323474 0.047120649105793722 0.034739495264856445 -0.027628984010021992 0.00075043060834396565 0.029141755707292674 -0.011643314700235021 -0.02081003384664655 0.0022114667864072892 0.049843648076057435 -0.02919070380074637 -0.0017423796653747558 0.030074828138222567 -0.010448449166094671 0.065865259085382738 0.0092674892867954696 0.0024479322020824141 -0.022202192929577945 0.061369430124759677 0.047834624279113044 0.015266640396679149 0.05368461874200077 -0.013167114750198697 -0.0083747348179518191 0.042750400730541781 -0.023864760243140902 0.0088238961639858417
leaf_weight=499 64 425 187 32 37 57 181 53 83 154 32 42 22 49 25 37 61 28 284 130 203 20 21 34 82 23 303 35 111 21
leaf_count=499 64 425 187 32 37 57 181 53 83 154 32 42 22 49 25 37 61 28 284 130 203 20 21 34 82 23 303 35 111 21
internal_value=0 -0.00435841 0.0133244 0.0184349 0.00576022 0.00109265 -0.011662 0.0293462 -0.000295098 -0.000125693 0.0166075 0.032788 -0.00490306 0.00732797 -0.0026225 -0.00510384 -0.00670681 0.0126561 0.00736461 -0.00842571 -0.00974089 0.0263073 0.00334794 0.00117027 0.0345366 0.0270597 -0.00154498 0.0109969 -0.0146891 0.041419
internal_weight=0 2513 822 642 297 1439 1074 345 1382 260 106 74 180 116 94 849 812 110 533 893 702 45 450 429 292 210 468 165 145 49
internal_count=3335 2513 822 642 297 1439 1074 345 1382 260 106 74 180 116 94 849 812 110 533 893 702 45 450 429 292 210 468 165 145 49
shrinkage=0.1


Tree=6
num_leaves=31
num_cat=0
split_feature=0 8 4 2 0 6 7 2 3 0 1 0 15 13 0 2 0 0 7 7 0 13 15 14 9 1 8 3 12 0
split_gain=16.1608 9.33484 5.53585 7.52679 5.77478 5.38915 4.57886 4.51049 5.50975 6.50694 5.3995 5.12492 5.79584 4.48785 4.28715 3.99701 4.69165 4.49484 4.98104 3.91433 4.24363 4.79217 3.81324 3.75212 3.59569 3.85488 3.55065 3.50771 3.49462 3.43423
threshold=34.500000000000007 16.500000000000004 2.5000000000000004 25.500000000000004 45.500000000000007 2.5000000000000004 52.500000000000007 23.500000000000004 7.5000000000000009 22.500000000000004 19.500000000000004 20.500000000000004 1.0000000180025095e-35 2.5000000000000004 10.500000000000002 32.500000000000007 17.500000000000004 25.500000000000004 9.5000000000000018 37.500000000000007 23.500000000000004 15.500000000000002 12.500000000000002 1.5000000000000002 8.5000000000000018 7.5000000000000009 16.500000000000004 10.500000000000002 2.5000000000000004 40.500000000000007
decision_type=2 2 2 2 2 2 2 2 2 2 2 2 2 2 2 2 2 2 2 2 2 2 2 2 2 2 2 2 2 2
left_child=1 5 4 29 26 7 15 10 9 13 11 14 -13 -9 -1 17 -17 18 -7 20 21 -20 24 -15 25 -14 -2 -16 -11 -4
right_child=2 -3 3 -5 -6 6 -8 8 -10 28 -12 12 22 23 27 16 -18 -19 19 -21 -22 -23 -24 -25 -26 -27 -28 -29 -30 -31
leaf_value=0.024221342954880154 0.0054198423426272133 -0.017272465876516353 0.069045426572362581 0.014677853370371042 0.045736089551990683 -0.0078885488033294676 0.040203303098678589 0.029325349764390427 -0.018768039516272275 0.0324938943852549 0.045259162325125474 0.050559199849764508 -0.013113358868173806 0.017761554407036823 -0.0068459598037103817 -0.038473126292228703 -0.0007143975284538772 0.019345293963259017 0.01357922764720431 -0.029191657191231138 -0.018444891706589733 0.052745484312375392 -0.016344997549758239 -0.026359393917211968 0.023617205592718991 0.027291940739660556 -0.033033745549619201 -0.032845303664604829 -0.0040918707138016116 0.027505900897085669
leaf_weight=39 217 394 48 163 33 250 36 22 367 69 26 30 83 23 384 42 152 216 157 21 31 39 68 119 110 33 27 60 42 34
leaf_count=39 217 394 48 163 33 250 36 22 367 69 26 30 83 23 384 42 152 216 157 21 31 39 68 119 110 33 27 60 42 34
internal_value=0 -0.0029987 0.0161597 0.0271097 0.00647468 -0.000673834 0.00522617 -0.00444984 -0.0107488 -4.68156e-05 0.000404847 -0.00104027 0.00868961 -0.0127018 -0.00756715 0.00383941 -0.00888897 0.00729782 0.00207241 0.0121137 0.0159349 0.0213725 0.0044172 -0.019213 0.0106642 -0.00161875 0.00116473 -0.0103594 0.0186506 0.0518217
internal_weight=0 2813 522 245 277 2419 944 1475 642 275 833 807 324 164 483 908 194 714 498 248 227 196 294 142 226 116 244 444 111 82
internal_count=3335 2813 522 245 277 2419 944 1475 642 275 833 807 324 164 483 908 194 714 498 248 227 196 294 142 226 116 244 444 111 82
shrinkage=0.1


Tree=7
num_leaves=31
num_cat=0
split_feature=0 8 6 3 2 1 3 3 12 2 14 3 9 4 3 11 1 9 14 4 7 0 3 13 8 2 9 9 8 0
split_gain=13.0902 7.62115 4.99647 4.87555 4.85654 5.76066 4.82335 5.52409 4.35325 5.02445 5.5059 5.84646 4.33505 5.33924 4.22781 4.3796 4.49137 5.34073 4.37783 4.19694 4.09457 4.04204 5.21731 8.2438 8.09782 4.93091 4.54037 4.50237 4.33767 4.04075
threshold=34.500000000000007 14.500000000000002 3.5000000000000004 9.5000000000000018 19.500000000000004 4.5000000000000009 10.500000000000002 6.5000000000000009 1.0000000180025095e-35 44.500000000000007 4.5000000000000009 21.500000000000004 35.500000000000007 2.5000000000000004 23.500000000000004 1.5000000000000002 2.5000000000000004 14.500000000000002 52.500000000000007 2.5000000000000004 13.500000000000002 25.500000000000004 7.5000000000000009 13.500000000000002 7.5000000000000009 23.500000000000004 15.500000000000002 20.500000000000004 5.5000000000000009 11.500000000000002
decision_type=2 2 2 2 2 2 2 2 2 2 2 2 2 2 2 2 2 2 2 2 2 2 2 2 2 2 2 2 2 2
left_child=1 2 14 -3 19 6 7 -6 -7 10 -10 -12 29 -14 15 16 -1 -18 21 -2 -8 -17 23 24 28 -26 -24 -28 -23 -4
right_child=4 3 12 -5 5 8 20 -9 9 -11 11 -13 13 -15 -16 18 17 -19 -20 -21 -22 22 26 -25 25 -27 27 -29 -30 -31
leaf_value=-0.011484460686815197 0.01474050238144164 -0.0048633036059393016 -0.02225821924209595 -0.022827754761782892 -0.0071356419213982518 0.062884097695350652 -0.048676283574766582 0.056478166282176973 0.050571524931324857 -0.027255039490186251 0.0029048065917614183 0.044937983439082195 -0.040885711799968374 0.010938984751701356 -0.022881706203183822 -0.0059645442325901967 0.058123503587184815 -0.0054357950389385228 0.037771474763199142 0.0561638779304129 -0.00098183792498376639 0.027596610056029425 -0.014281165436273668 -0.0119798288378917 0.082852394320070744 0.030187080875039102 0.039902996936359923 -0.012722097388629255 -0.019728979293037865 0.019765068107733021
leaf_weight=29 51 355 25 263 43 20 36 20 45 26 156 42 33 50 93 1157 39 20 27 47 36 45 164 71 32 40 37 29 34 270
leaf_count=29 51 355 25 263 43 20 36 20 45 26 156 42 33 50 93 1157 39 20 27 47 36 45 164 71 32 40 37 29 34 270
internal_value=0 -0.00269883 6.30303e-05 -0.0125084 0.0145437 0.00990649 -0.00714786 0.0130592 0.0178731 0.0145265 0.018997 0.0118209 0.0105234 -0.00966602 -0.00211309 -0.00099274 0.0207392 0.036578 -0.0021617 0.0346068 -0.0248291 -0.0028318 0.0051872 0.0161228 0.0293366 0.0535939 -0.005368 0.0167798 0.00722863 0.0162038
internal_weight=0 2813 2195 618 522 424 135 63 289 269 243 198 378 83 1817 1724 88 59 1636 98 72 1609 452 222 151 72 230 66 79 295
internal_count=3335 2813 2195 618 522 424 135 63 289 269 243 198 378 83 1817 1724 88 59 1636 98 72 1609 452 222 151 72 230 66 79 295
shrinkage=0.1


Tree=8
num_leaves=31
num_cat=0
split_feature=0 2 8 0 4 2 10 8 14 1 6 5 11 7 13 11 6 9 9 0 2 7 13 9 8 0 9 7 4 3
split_gain=10.7303 6.53468 6.03708 7.50059 6.41131 7.32475 5.21937 4.51843 4.2929 4.18412 3.99108 4.4031 3.42376 4.12868 3.38316 3.18788 3.91216 5.21223 4.26841 3.8599 3.82722 5.36913 5.33965 5.41551 4.34183 4.32316 4.22756 5.27668 4.19347 3.63092
threshold=30.500000000000004 24.500000000000004 25.500000000000004 46.500000000000007 1.5000000000000002 30.500000000000004 1.0000000180025095e-35 9.5000000000000018 2.5000000000000004 20.500000000000004 2.5000000000000004 1.5000000000000002 2.5000000000000004 6.5000000000000009 14.500000000000002 2.5000000000000004 3.5000000000000004 11.500000000000002 15.500000000000002 9.5000000000000018 18.500000000000004 13.500000000000002 7.5000000000000009 3.5000000000000004 15.500000000000002 18.500000000000004 7.5000000000000009 8.5000000000000018 2.5000000000000004 10.500000000000002
decision_type=2 2 2 2 2 2 2 2 2 2 2 2 2 2 2 2 2 2 2 2 2 2 2 2 2 2 2 2 2 2
left_child=1 6 3 4 12 -6 -1 10 -7 15 -3 -12 -2 -14 -11 20 18 -18 19 -17 22 29 23 -8 26 -25 -24 -28 -23 -22
right_child=2 7 -4 -5 5 8 9 -9 -10 14 11 -13 13 -15 -16 16 17 -19 -20 -21 21 28 24 25 -26 -27 27 -29 -30 -31
leaf_value=0.036328714795228916 -0.026142764233407525 -0.0096812146344805172 -0.034896271418908546 0.054319352221985667 0.024623276267423992 0.034164426061842182 0.069372806698083878 -0.014498363591509059 -0.0029941287545258541 0.055563744654258097 -0.01891248595146906 0.017801098089639835 -0.015251533327431517 0.023553320937431777 0.0039626241834075362 0.0281204301686514 0.040890823696788987 -0.0070924453969512663 0.012780847347957989 -0.015841524668183983 -0.0022499684998065752 0.048119844453675412 -0.01819051627705737 -0.00855111884219306 -0.040384820227821666 0.031154807760745664 -0.00040740260952397395 0.058747228503227236 -0.0011904821676366471 -0.0280092911536877
leaf_weight=41 63 246 29 39 317 36 24 639 228 24 42 147 58 52 27 21 38 56 71 408 346 35 41 42 24 79 38 25 34 65
leaf_count=41 63 246 29 39 317 36 24 639 228 24 42 147 58 52 27 21 38 56 71 408 346 35 41 42 24 79 38 25 34 65
internal_value=0 -0.00324413 0.00991787 0.0115567 0.00934486 0.0143767 0.0011613 -0.00914674 0.00207295 0.000129921 -0.00128538 0.00964252 -0.00755382 0.00309258 0.0282455 -0.000934588 -0.00641195 0.012305 -0.00993075 -0.0136895 0.0033862 -0.00199036 0.0128395 0.0259795 -0.00204568 0.0173726 0.00680181 0.0230667 0.023822 -0.00632383
internal_weight=0 2513 822 793 754 581 1439 1074 264 1398 435 189 173 110 51 1347 594 94 500 429 753 480 273 145 128 121 104 63 69 411
internal_count=3335 2513 822 793 754 581 1439 1074 264 1398 435 189 173 110 51 1347 594 94 500 429 753 480 273 145 128 121 104 63 69 411
shrinkage=0.1


Tree=9
num_leaves=31
num_cat=0
split_feature=0 2 1 10 0 2 14 3 15 5 7 3 9 0 7 9 12 9 6 9 7 4 2 14 13 1 0 3 15 6
split_gain=8.98797 6.20787 5.24187 4.56204 4.22699 4.19368 4.99442 4.99435 4.54096 3.97825 4.44466 4.21526 3.91475 3.41965 4.75148 3.21792 3.21173 3.20755 3.02049 2.92517 2.91637 2.89436 4.40882 4.71066 3.18746 3.62132 3.01948 4.93006 2.9228 3.8582
threshold=33.500000000000007 24.500000000000004 26.500000000000004 1.0000000180025095e-35 21.500000000000004 17.500000000000004 4.5000000000000009 1.0000000180025095e-35 5.5000000000000009 3.5000000000000004 53.500000000000007 29.500000000000004 7.5000000000000009 46.500000000000007 16.500000000000004 4.5000000000000009 1.5000000000000002 15.500000000000002 1.5000000000000002 10.500000000000002 21.500000000000004 2.5000000000000004 24.500000000000004 4.5000000000000009 2.5000000000000004 1.0000000180025095e-35 38.500000000000007 10.500000000000002 9.5000000000000018 3.5000000000000004
decision_type=2 2 2 2 2 2 2 2 2 2 2 2 2 2 2 2 2 2 2 2 2 2 2 2 2 2 2 2 2 2
left_child=1 2 4 -2 18 6 -6 -8 17 10 11 15 -9 21 -15 16 -3 19 -1 -7 -20 24 -23 -24 -5 -26 27 -25 -27 -30
right_child=3 9 -4 13 5 8 7 12 -10 -11 -12 -13 -14 14 -16 -17 -18 -19 20 -21 -22 22 23 26 25 28 -28 -29 29 -31
leaf_value=-0.020492878827181732 0.049902799211699392 0.013775716836635882 0.051478916122799825 -0.03131520039048688 -0.026823250452677413 0.020534925011621005 0.055439852359818256 -0.0085836435026592686 -0.0072817269131677971 -0.020156004364198111 0.025629776186413235 -0.039621725436803458 0.026932834375649691 0.071859537959098815 0.0029285549372434615 -0.0025669287020160308 -0.024725392048175518 0.051414084705439483 -0.002793046000914358 -0.01686820646127065 0.018223375330368677 0.035770229948684576 0.03675444943782611 0.017426014217463408 -0.019435749849620858 0.023117477856167072 0.01069603741985478 -0.042660546054442722 -0.010978886664631857 0.037949043512344363
leaf_weight=88 29 26 21 29 21 69 41 45 218 212 45 37 100 20 20 775 130 22 796 30 72 72 39 22 53 91 73 36 83 20
leaf_count=88 29 26 21 29 21 69 41 45 218 212 45 37 100 20 20 775 130 22 796 30 72 72 39 22 53 91 73 36 83 20
internal_value=0 -0.00239935 0.00186331 0.0112324 0.00116962 0.00818923 0.0194047 0.0246239 0.00134088 -0.00769897 -0.00509197 -0.00652015 0.0159105 0.00922264 0.037394 -0.00520462 -0.0183085 0.0168758 -0.00283949 0.00920064 -0.00104975 0.00704724 0.0150301 0.00624604 4.77834e-05 0.00373008 -0.00283662 -0.0198691 0.0100589 -0.00147832
internal_weight=0 2748 1523 587 1502 546 207 186 339 1225 1013 968 145 558 40 931 156 121 956 99 868 518 242 170 276 247 131 58 194 103
internal_count=3335 2748 1523 587 1502 546 207 186 339 1225 1013 968 145 558 40 931 156 121 956 99 868 518 242 170 276 247 131 58 194 103
shrinkage=0.1


Tree=10
num_leaves=31
num_cat=0
split_feature=0 8 12 14 2 1 10 11 4 15 3 11 4 14 9 14 5 10 0 3 0 4 13 3 7 10 1 14 6 13
split_gain=7.28026 5.20738 4.07962 3.88848 3.85919 3.83973 3.69525 3.06423 3.01257 5.54349 3.27792 3.98333 4.08247 4.04911 3.12884 3.08086 3.88176 4.98755 3.0255 3.1942 4.33197 2.98284 2.95767 3.68682 3.21751 2.86331 3.28582 2.77577 4.4435 5.41918
threshold=33.500000000000007 16.500000000000004 1.5000000000000002 28.500000000000004 34.500000000000007 21.500000000000004 1.0000000180025095e-35 1.5000000000000002 1.5000000000000002 42.500000000000007 23.500000000000004 1.5000000000000002 2.5000000000000004 44.500000000000007 3.5000000000000004 7.5000000000000009 2.5000000000000004 2.5000000000000004 25.500000000000004 7.5000000000000009 26.500000000000004 4.5000000000000009 9.5000000000000018 1.0000000180025095e-35 11.500000000000002 4.5000000000000009 16.500000000000004 2.5000000000000004 1.5000000000000002 6.5000000000000009
decision_type=2 2 2 2 2 2 2 2 2 2 2 2 2 2 2 2 2 2 2 2 2 2 2 2 2 2 2 2 2 2
left_child=1 2 3 27 5 8 -2 -8 14 10 11 12 -10 18 -4 16 17 -16 25 22 -21 -6 23 -20 -24 26 -13 -1 -29 -30
right_child=6 -3 4 -5 21 -7 7 -9 9 -11 -12 13 -14 -15 15 -17 -18 -19 19 20 -22 -23 24 -25 -26 -27 -28 28 29 -31
leaf_value=0.039560187359650931 0.044912518920569584 -0.012895388916595696 -0.040826746126015986 0.048699894891335416 -0.015565483160872959 0.023819285631179812 0.041163511243131425 0.0066293698844825241 0.0022216051816940307 0.050720522078600797 -0.024509488275417917 -0.0030338370107641129 0.054136316265378681 0.039004972577095037 0.018850192707031966 -0.014108101236686278 0.039533498138189321 -0.0430018961429596 0.00012491747089054276 0.03858949173064459 -0.011124860481271204 0.019306476248635185 -0.020469373961289727 0.048657115685696507 0.022853615805506707 0.029505248138537776 -0.034210673315184459 -0.019126321148064177 0.041344630588655888 -0.0023635350469801879
leaf_weight=24 29 388 30 26 268 65 27 531 33 22 52 990 28 26 32 178 28 22 23 21 106 27 30 49 40 26 35 59 46 74
leaf_count=24 29 388 30 26 268 65 27 531 33 22 52 990 28 26 32 178 28 22 23 21 106 27 30 49 40 26 35 59 46 74
internal_value=0 -0.00215942 -0.000394348 0.0122888 -0.0017573 -5.14857e-05 0.0101092 0.00830038 -0.000927601 0.000897475 0.000146202 0.00105743 0.0260513 -7.52802e-05 -0.0102481 -0.00671977 0.00931832 -0.00634881 -0.000845043 0.00861814 -0.00290438 -0.0123738 0.0189235 0.0331538 0.00428662 -0.00326711 -0.00409841 0.00762533 0.00334357 0.0143913
internal_weight=0 2748 2360 229 2131 1836 587 558 1771 1481 1459 1407 61 1346 290 260 82 54 1320 269 127 295 142 72 70 1051 1025 203 179 120
internal_count=3335 2748 2360 229 2131 1836 587 558 1771 1481 1459 1407 61 1346 290 260 82 54 1320 269 127 295 142 72 70 1051 1025 203 179 120
shrinkage=0.1


Tree=11
num_leaves=31
num_cat=0
split_feature=1 10 0 2 7 9 4 8 15 13 14 3 3 11 15 8 7 0 13 7 2 3 15 13 7 1 4 3 8 8
split_gain=6.14074 9.51231 5.46776 4.97043 4.86 5.32599 4.98305 4.56359 3.90231 3.8304 5.39483 3.79215 3.4126 4.12473 4.71383 3.31808 3.15451 3.62874 3.73312 3.26092 3.42299 4.59967 5.23331 4.34601 4.0572 3.72873 3.1098 3.76346 3.39935 5.36653
threshold=11.500000000000002 1.0000000180025095e-35 44.500000000000007 32.500000000000007 16.500000000000004 8.5000000000000018 2.5000000000000004 31.000000000000004 1.0000000180025095e-35 3.5000000000000004 39.500000000000007 6.5000000000000009 4.5000000000000009 2.5000000000000004 10.500000000000002 9.5000000000000018 58.500000000000007 16.500000000000004 1.0000000180025095e-35 42.500000000000007 26.500000000000004 7.5000000000000009 16.500000000000004 5.5000000000000009 31.500000000000004 19.500000000000004 2.5000000000000004 10.500000000000002 7.5000000000000009 8.5000000000000018
decision_type=2 2 2 2 2 2 2 2 2 2 2 2 2 2 2 2 2 2 2 2 2 2 2 2 2 2 2 2 2 2
left_child=3 -2 7 4 15 6 11 16 -5 -7 12 -6 -11 14 -14 26 17 -3 -19 20 21 -20 -23 -22 -25 -24 27 -1 -28 -30
right_child=1 2 -4 8 5 9 -8 -9 -10 10 -12 -13 13 -15 -16 -17 -18 18 19 -21 23 22 25 24 -26 -27 28 -29 29 -31
leaf_value=0.0020074468352653425 0.050908253167537935 -0.012341026973536635 0.037094760032332676 0.024781243447904236 0.047761877775192266 0.048399505489750916 -0.018606271940408297 -0.032630402616092138 -0.014430398178720589 0.030693572396185344 0.050374218528017857 -0.0023858659361538134 0.041852187272161251 -0.019867578027333369 -0.020034684985876086 -0.0078189237045795737 0.03664780197472408 -0.033242330602977592 0.0029115416730443639 -0.020879154048255973 0.024800257715913987 0.047097182832658291 -0.027634552419185637 -0.0073249731095917023 0.035946703329682354 0.030829100062449773 0.0035902427423984635 -0.016384941620239315 0.075375177264213569 0.010093795990242679
leaf_weight=574 47 127 49 27 25 38 97 35 423 41 33 38 32 64 20 735 29 23 96 37 72 81 20 223 24 24 109 138 20 34
leaf_count=574 47 127 49 27 25 38 97 35 423 41 33 38 32 64 20 735 29 23 96 37 72 81 20 223 24 24 109 138 20 34
internal_value=0 0.00712863 0.00467906 -0.00258297 -0.000444511 0.00960205 -0.0043839 0.00267101 -0.0120777 0.0194167 0.0136202 0.017514 0.00589483 -0.00287025 0.0180495 -0.00286567 0.00430533 0.00301519 0.00626559 0.00784043 0.00980825 0.0193737 0.0320166 0.00318141 -0.00312044 0.00425471 0.00129506 -0.00155737 0.0137548 0.0342721
internal_weight=0 887 840 2448 1998 388 160 791 450 228 190 63 157 116 52 1610 756 727 600 577 540 221 125 319 247 44 875 712 163 54
internal_count=3335 887 840 2448 1998 388 160 791 450 228 190 63 157 116 52 1610 756 727 600 577 540 221 125 319 247 44 875 712 163 54
shrinkage=0.1


end of trees

feature_importances:
Column_0=50
Column_2=35
Column_3=30
Column_1=29
Column_7=29
Column_14=26
Column_13=24
Column_15=24
Column_8=22
Column_9=22
Column_4=20
Column_6=15
Column_11=10
Column_12=10
Column_10=8
Column_5=6

parameters:
[boosting: gbdt]
[objective: regression]
[metric: l2]
[tree_learner: serial]
[device_type: cpu]
[data: ]
[valid: ]
[num_iterations: 10000]
[learning_rate: 0.1]
[num_leaves: 31]
[num_threads: 0]
[deterministic: 0]
[force_col_wise: 0]
[force_row_wise: 0]
[histogram_pool_size: -1]
[max_depth: -1]
[min_data_in_leaf: 20]
[min_sum_hessian_in_leaf: 0.001]
[bagging_fraction: 1]
[pos_bagging_fraction: 1]
[neg_bagging_fraction: 1]
[bagging_freq: 0]
[bagging_seed: 3]
[feature_fraction: 1]
[feature_fraction_bynode: 1]
[feature_fraction_seed: 2]
[extra_trees: 0]
[extra_seed: 6]
[early_stopping_round: 10]
[first_metric_only: 0]
[max_delta_step: 0]
[lambda_l1: 0]
[lambda_l2: 0]
[min_gain_to_split: 0]
[drop_rate: 0.1]
[max_drop: 50]
[skip_drop: 0.5]
[xgboost_dart_mode: 0]
[uniform_drop: 0]
[drop_seed: 4]
[top_rate: 0.2]
[other_rate: 0.1]
[min_data_per_group: 100]
[max_cat_threshold: 32]
[cat_l2: 10]
[cat_smooth: 10]
[max_cat_to_onehot: 4]
[top_k: 20]
[monotone_constraints: ]
[monotone_constraints_method: basic]
[monotone_penalty: 0]
[feature_contri: ]
[forcedsplits_filename: ]
[refit_decay_rate: 0.9]
[cegb_tradeoff: 1]
[cegb_penalty_split: 0]
[cegb_penalty_feature_lazy: ]
[cegb_penalty_feature_coupled: ]
[path_smooth: 0]
[interaction_constraints: ]
[verbosity: 1]
[saved_feature_importance_type: 0]
[max_bin: 255]
[max_bin_by_feature: ]
[min_data_in_bin: 3]
[bin_construct_sample_cnt: 200000]
[data_random_seed: 1]
[is_enable_sparse: 1]
[enable_bundle: 1]
[use_missing: 1]
[zero_as_missing: 0]
[feature_pre_filter: 1]
[pre_partition: 0]
[two_round: 0]
[header: 0]
[label_column: ]
[weight_column: ]
[group_column: ]
[ignore_column: ]
[categorical_feature: ]
[forcedbins_filename: ]
[objective_seed: 5]
[num_class: 1]
[is_unbalance: 0]
[scale_pos_weight: 1]
[sigmoid: 1]
[boost_from_average: 1]
[reg_sqrt: 0]
[alpha: 0.9]
[fair_c: 1]
[poisson_max_delta_step: 0.7]
[tweedie_variance_power: 1.5]
[lambdarank_truncation_level: 30]
[lambdarank_norm: 1]
[label_gain: ]
[eval_at: ]
[multi_error_top_k: 1]
[auc_mu_weights: ]
[num_machines: 1]
[local_listen_port: 12400]
[time_out: 120]
[machine_list_filename: ]
[machines: ]
[gpu_platform_id: -1]
[gpu_device_id: -1]
[gpu_use_dp: 0]
[num_gpu: 1]

end of parameters

pandas_categorical:null
