tree
version=v3
num_class=1
num_tree_per_iteration=1
label_index=0
max_feature_idx=15
objective=regression
feature_names=Column_0 Column_1 Column_2 Column_3 Column_4 Column_5 Column_6 Column_7 Column_8 Column_9 Column_10 Column_11 Column_12 Column_13 Column_14 Column_15
feature_infos=[1:49] [0:68] [1:49] [0:71] [0:8] [0:7] [0:8] [0:208] [0:233] [0:197] [0:9] [0:8] [0:8] [0:197] [0:173] [0:161]
tree_sizes=2835 2823 2831 2820 2820 2800 2817 2817 2838 2829 2821 2812 2809 2806 2833 2829 2806 2826 2824 2809 2799 2796 2815 2803 2798 2822 2818 2813 2810 2783 2831 2804

Tree=0
num_leaves=31
num_cat=0
split_feature=2 0 0 6 1 2 1 13 7 1 2 12 13 2 2 0 0 2 3 12 15 9 3 9 8 4 0 0 1 10
split_gain=241.493 106.394 64.8086 41.5348 36.666 24.6691 22.1691 16.2873 17.768 14.8605 14.8122 14.0406 13.0687 12.9251 12.6078 12.0023 10.3083 10.2182 9.86871 9.41203 9.38685 9.33418 9.04392 8.96432 8.84593 8.47704 8.46059 8.14565 8.09863 7.43776
threshold=33.500000000000007 31.500000000000004 30.500000000000004 1.0000000180025095e-35 5.5000000000000009 41.500000000000007 1.0000000180025095e-35 15.500000000000002 20.500000000000004 25.500000000000004 44.500000000000007 1.5000000000000002 19.500000000000004 14.500000000000002 28.500000000000004 21.500000000000004 43.500000000000007 14.500000000000002 9.5000000000000018 2.5000000000000004 18.500000000000004 8.5000000000000018 8.5000000000000018 30.500000000000004 33.500000000000007 1.5000000000000002 13.500000000000002 20.500000000000004 12.500000000000002 1.5000000000000002
decision_type=2 2 2 2 2 2 2 2 2 2 2 2 2 2 2 2 2 2 2 2 2 2 2 2 2 2 2 2 2 2
left_child=1 3 10 -1 11 19 22 8 14 27 21 13 18 -5 15 29 20 -8 -13 -4 -7 -2 -3 24 -23 -16 -20 -9 -27 -6
right_child=2 6 5 4 7 16 17 9 -10 -11 -12 12 -14 -15 25 -17 -18 -19 26 -21 -22 23 -24 -25 -26 28 -28 -29 -30 -31
leaf_value=-0.10277695223901828 -0.11126390170830977 -0.041497569631038268 -0.036531894705375496 0.0089836320391853547 -0.039918622304445039 -0.083587794079937855 -0.0054449389381726193 -0.089401458522201618 -0.022911306257463224 -0.033444938265412782 -0.12208265302041546 -0.068380685801995758 -0.10441440202284402 -0.057782215727203962 -0.10399332349329296 -0.038055412767711697 -0.043302080861430531 -0.029895487793615665 -0.12573905346751246 -0.069755282131103352 -0.12442083946983221 -0.080511162177567652 -0.090444936755428446 -0.1118735076163366 -0.10984343245973754 -0.080677495153712184 -0.080665201331683589 -0.063324937473863099 -0.045444937947521344 -0.060444937550157049
leaf_weight=253 464 76 207 35 228 175 216 230 223 100 403 1463 131 169 62 611 42 819 51 145 83 453 75 196 133 129 227 250 132 782
leaf_count=253 464 76 207 35 228 175 216 230 223 100 403 1463 131 169 62 611 42 819 51 145 83 453 75 196 133 129 227 250 132 782
internal_value=-0.067161 -0.0569812 -0.0948648 -0.0632818 -0.06121 -0.068175 -0.0300149 -0.0536302 -0.0496466 -0.0685139 -0.105418 -0.0712397 -0.0739546 -0.0463273 -0.0527135 -0.0491186 -0.0892449 -0.0247928 -0.0716626 -0.0502177 -0.096724 -0.100028 -0.0658092 -0.0933605 -0.0871685 -0.0707545 -0.0889341 -0.0758199 -0.0628587 -0.0558113
internal_weight=0 6262 2301 5076 4823 652 1186 2747 2167 580 1649 2076 1872 204 1944 1621 300 1035 1741 352 258 1246 151 782 586 323 278 480 261 1010
internal_count=8563 6262 2301 5076 4823 652 1186 2747 2167 580 1649 2076 1872 204 1944 1621 300 1035 1741 352 258 1246 151 782 586 323 278 480 261 1010
shrinkage=1


Tree=1
num_leaves=31
num_cat=0
split_feature=2 0 0 6 1 2 1 10 0 11 10 2 3 4 4 2 15 0 9 2 12 9 12 15 6 15 7 11 2 9
split_gain=195.61 86.1793 52.495 33.6432 29.6994 19.9819 17.9896 13.9151 14.4659 14.2288 12.9477 12.7048 9.62978 9.17733 9.13181 8.84976 8.61778 8.34972 7.97768 7.83841 7.67458 10.7039 7.62375 7.60335 7.5346 7.84545 8.16489 7.49608 7.32447 7.30756
threshold=33.500000000000007 31.500000000000004 30.500000000000004 1.0000000180025095e-35 5.5000000000000009 41.500000000000007 1.5000000000000002 1.5000000000000002 11.500000000000002 1.5000000000000002 2.5000000000000004 46.500000000000007 8.5000000000000018 1.5000000000000002 1.5000000000000002 18.500000000000004 16.500000000000004 43.500000000000007 4.5000000000000009 9.5000000000000018 2.5000000000000004 8.5000000000000018 2.5000000000000004 18.500000000000004 1.5000000000000002 5.5000000000000009 10.500000000000002 2.5000000000000004 29.500000000000004 8.5000000000000018
decision_type=2 2 2 2 2 2 2 2 2 2 2 2 2 2 2 2 2 2 2 2 2 2 2 2 2 2 2 2 2 2
left_child=1 3 11 -1 10 22 12 14 16 -10 15 27 -3 28 -6 -5 -9 23 -15 -8 21 -21 -4 -7 -16 -26 -27 29 -11 -2
right_child=2 6 5 4 7 17 19 8 9 13 -12 -13 -14 18 24 -17 -18 -19 -20 20 -22 -23 -24 -25 25 26 -28 -29 -30 -31
leaf_value=-0.032054318646668446 -0.037251924420451075 0.025527027970866152 0.027566229404458676 0.014913395105623731 0.00028725965456529102 -0.014784079960414344 0.065912913679096269 -0.0068145448849959815 0.036173198833698177 -0.0010143372335322635 -0.016601424183405884 -0.055961945209097357 -0.021404021316104468 -0.0022217937457708666 -0.018850807128129185 -0.0031008695988428026 -0.059326301907238213 0.021473062606084916 0.015567265622790011 0.023308916145469996 0.023597915525161047 0.052140358083612282 -0.0023348189633468105 -0.051533818891249507 0.054150392705162101 0.0095044338328092292 0.043699983681054939 -0.036329798918559836 -0.044748298327128094 -0.012279367229496456
leaf_weight=253 182 95 207 357 110 175 95 176 205 257 564 235 81 324 27 1155 38 42 1136 192 332 391 145 83 149 147 133 903 45 329
leaf_count=253 182 95 207 357 110 175 95 176 205 257 564 235 81 324 27 1155 38 42 1136 192 332 391 145 83 149 147 133 903 45 329
internal_value=0 0.00916187 -0.0249333 0.0034913 0.00535592 -0.000912564 0.0334315 0.0121777 0.00855201 0.0112383 -0.00367082 -0.0344309 0.00392808 0.00833723 0.0261489 0.0011525 -0.0161391 -0.0198755 0.0116196 0.0385727 0.0357341 0.0426453 0.015249 -0.0266067 0.0323875 0.0356123 0.0257473 -0.0308526 -0.00753099 -0.0211737
internal_weight=0 6262 2301 5076 4823 652 1186 2747 2181 1967 2076 1649 176 1762 566 1512 214 300 1460 1010 915 583 352 258 456 429 280 1414 302 511
internal_count=8563 6262 2301 5076 4823 652 1186 2747 2181 1967 2076 1649 176 1762 566 1512 214 300 1460 1010 915 583 352 258 456 429 280 1414 302 511
shrinkage=0.1


Tree=2
num_leaves=31
num_cat=0
split_feature=2 0 0 6 1 2 2 1 13 4 0 13 10 2 1 1 11 4 15 6 11 6 8 14 13 2 8 4 11 5
split_gain=158.444 69.8052 42.5209 27.251 24.6781 18.3399 16.1854 14.6457 12.218 13.8514 13.7237 11.5475 10.8525 10.2909 9.62591 9.02833 9.01349 8.35612 12.0191 8.33134 9.06043 8.1172 7.88824 8.8527 7.6013 7.28372 7.09688 8.09326 6.90064 6.84661
threshold=33.500000000000007 31.500000000000004 30.500000000000004 1.0000000180025095e-35 3.5000000000000004 15.500000000000002 41.500000000000007 1.0000000180025095e-35 12.500000000000002 2.5000000000000004 10.500000000000002 17.500000000000004 3.5000000000000004 46.500000000000007 26.500000000000004 18.500000000000004 1.5000000000000002 1.5000000000000002 4.5000000000000009 2.5000000000000004 2.5000000000000004 2.5000000000000004 19.500000000000004 10.500000000000002 7.5000000000000009 13.500000000000002 12.500000000000002 1.5000000000000002 2.5000000000000004 3.5000000000000004
decision_type=2 2 2 2 2 2 2 2 2 2 2 2 2 2 2 2 2 2 2 2 2 2 2 2 2 2 2 2 2 2
left_child=1 3 13 29 12 11 28 -3 9 19 -10 -6 16 -2 -12 -13 -5 21 -19 20 26 -18 23 24 -8 -9 -7 -28 -4 -1
right_child=2 7 6 4 5 8 22 25 10 -11 14 15 -14 -15 -16 -17 17 18 -20 -21 -22 -23 -24 -25 -26 -27 27 -29 -30 -31
leaf_value=-0.038421634296891549 -0.027767336440221259 0.00099498783515778594 0.031264247554932199 0.029634383978781764 0.030606011288195796 -0.00012487014062608002 -0.022882660714591423 0.052197094114228376 -0.052419675732481068 0.021567651715897421 -0.0059018507332784728 -0.023842351874218713 -0.032245363629594147 -0.050365749946300026 0.033948899454930251 0.028924505818973892 -0.035425463579595091 0.0086686915055864799 -0.015090937743226576 0.016190876470410766 -0.014861322338618929 0.0011205351398307451 -0.038747800926191622 -0.033093832915937399 0.03066621319452922 0.030393505108516385 -0.0024295070399976758 0.041183830534710607 0.0025474124453788581 -0.00057937214151024816
leaf_weight=189 1414 151 137 77 541 551 41 187 58 655 558 79 147 235 68 55 160 519 361 406 315 98 113 71 75 848 73 102 215 64
leaf_count=189 1414 151 137 77 541 551 41 187 58 655 558 79 147 235 68 55 160 519 361 406 315 98 113 71 75 848 73 102 215 64
internal_value=0 0.00824568 -0.02244 0.00314217 0.00482033 0.00930762 -0.000821305 0.0300884 0.00572453 0.00950218 -0.00588457 0.0240965 -0.00658242 -0.0309879 -0.00157302 -0.00218431 -0.00347752 -0.00571796 -0.00107816 0.00404062 -0.000698101 -0.0215437 -0.017888 -0.00528281 0.0117395 0.0343329 0.0054471 0.0229908 0.0137241 -0.0288489
internal_weight=0 6262 2301 5076 4823 3461 652 1186 2786 2102 684 675 1362 1649 626 134 1215 1138 880 1447 1041 258 300 187 116 1035 726 175 352 253
internal_count=8563 6262 2301 5076 4823 3461 652 1186 2786 2102 684 675 1362 1649 626 134 1215 1138 880 1447 1041 258 300 187 116 1035 726 175 352 253
shrinkage=0.1


Tree=3
num_leaves=31
num_cat=0
split_feature=2 0 0 6 1 11 1 10 2 0 12 11 2 0 13 4 2 0 13 3 13 3 12 13 14 6 11 0 3 2
split_gain=128.34 57.6912 34.442 19.5759 16.6586 14.0965 13.0421 12.2279 10.7006 10.43 9.40551 8.85661 8.40781 9.98031 9.64138 8.57462 8.39106 8.17035 7.83295 9.54233 7.79866 7.46355 7.45672 7.11709 6.90946 6.85318 7.50347 7.35017 6.77809 6.73981
threshold=33.500000000000007 28.500000000000004 30.500000000000004 1.0000000180025095e-35 3.5000000000000004 2.5000000000000004 1.5000000000000002 1.5000000000000002 39.500000000000007 40.500000000000007 2.5000000000000004 2.5000000000000004 15.500000000000002 10.500000000000002 5.5000000000000009 1.5000000000000002 17.500000000000004 21.500000000000004 5.5000000000000009 11.500000000000002 40.500000000000007 12.500000000000002 2.5000000000000004 2.5000000000000004 38.500000000000007 3.5000000000000004 2.5000000000000004 38.500000000000007 6.5000000000000009 26.500000000000004
decision_type=2 2 2 2 2 2 2 2 2 2 2 2 2 2 2 2 2 2 2 2 2 2 2 2 2 2 2 2 2 2
left_child=1 3 11 -1 10 22 18 29 -7 16 -5 -2 21 14 -14 -15 20 -13 19 -3 -8 -9 -4 -17 -25 26 -18 -28 -19 -6
right_child=2 6 5 4 7 8 9 12 -10 -11 -12 17 13 15 -16 23 25 28 -20 -21 -22 -23 -24 24 -26 -27 27 -29 -30 -31
leaf_value=-0.026476000051130041 -0.017873127771460492 0.051245257684162687 0.033534878154172963 4.1170820357307557e-05 0.026504741271118282 0.0086318283724638577 0.039892962219967666 0.021420156043354642 -0.024000877528700212 0.043067236488515681 -0.017865561728143586 -0.04057357864010902 0.022004716284573081 -0.012634753603423757 -0.041377000386516261 -0.011034939305804601 0.021746042610814909 -0.010617124581975598 -0.0095099424469400444 -0.02305762267112732 -0.021735364198684694 -0.018228931117940834 -0.003826950594436291 0.0074607343432311381 0.054440744034945969 0.034767550517675244 -0.0084021839878965759 0.044451597730318704 -0.035329225821928545 0.0022269944606288787
leaf_weight=233 575 56 141 819 436 163 308 393 262 330 457 630 32 289 96 214 298 224 169 25 22 54 86 1442 32 158 214 30 220 155
leaf_count=233 575 56 141 819 436 163 308 393 262 330 457 630 32 289 96 214 298 224 169 25 22 54 86 1442 32 158 214 30 220 155
internal_value=0 0.00742111 -0.020196 0.00177446 0.00326402 -0.000739175 0.0237368 0.00717612 -0.0114853 0.0275957 -0.00637213 -0.0278891 0.00417448 0.00152946 -0.0255316 0.00328152 0.0226388 -0.0332514 0.00274445 0.0283123 0.0357844 0.0166303 0.0193802 0.00600652 0.00848065 0.0164415 0.0110993 -0.00190377 -0.0228619 0.0201375
internal_weight=0 6262 2301 4652 4419 652 1610 3143 425 1360 1276 1649 2552 2105 128 1977 1030 1074 250 81 330 447 227 1688 1474 700 542 244 444 591
internal_count=8563 6262 2301 4652 4419 652 1610 3143 425 1360 1276 1649 2552 2105 128 1977 1030 1074 250 81 330 447 227 1688 1474 700 542 244 444 591
shrinkage=0.1


Tree=4
num_leaves=31
num_cat=0
split_feature=2 0 0 4 11 2 0 10 12 6 14 1 14 14 2 15 12 6 1 1 15 9 3 3 0 12 5 0 14 6
split_gain=105.434 48.5503 26.1253 21.9526 13.3239 13.1263 11.7213 12.2034 15.1262 10.2807 10.0492 9.95071 9.91531 8.74139 8.51161 11.1186 8.96047 8.35111 8.12557 7.66456 9.38422 7.65095 7.33941 7.28043 7.24137 7.22363 7.20968 7.20447 7.00565 6.94537
threshold=35.500000000000007 31.500000000000004 29.500000000000004 1.5000000000000002 1.5000000000000002 25.500000000000004 19.500000000000004 1.5000000000000002 2.5000000000000004 2.5000000000000004 32.500000000000007 1.0000000180025095e-35 14.500000000000002 11.500000000000002 23.500000000000004 3.5000000000000004 3.5000000000000004 1.0000000180025095e-35 18.500000000000004 5.5000000000000009 24.500000000000004 7.5000000000000009 5.5000000000000009 5.5000000000000009 18.500000000000004 2.5000000000000004 1.5000000000000002 16.500000000000004 19.500000000000004 2.5000000000000004
decision_type=2 2 2 2 2 2 2 2 2 2 2 2 2 2 2 2 2 2 2 2 2 2 2 2 2 2 2 2 2 2
left_child=1 3 27 5 28 9 7 21 22 18 14 -3 -11 19 15 23 17 -17 -1 -4 -21 24 -9 -8 -6 -13 -23 -2 -5 -29
right_child=2 11 13 4 6 -7 10 8 -10 12 -12 25 -14 -15 -16 16 -18 -19 -20 20 -22 26 -24 -25 -26 -27 -28 29 -30 -31
leaf_value=-0.016960478691678299 -0.039046487887931428 0.00027366176247596742 -0.021454849760783348 0.025992101571626139 -0.011384958419643466 -0.027451813297450018 0.017902977962714402 0.0065238948899750439 -0.021720014663803397 0.025863960488089199 0.039473686636108715 0.033107553273120559 -0.017235319567965226 -0.017546891862270878 -0.00090335604849826098 -0.034859313873144303 -0.020051986197812843 0.01248967181666788 0.037955384624415431 0.022043907492100695 -0.029226291037741159 -0.021388564507166544 -0.011809248360524695 0.052597015775660033 0.052190419605800092 0.016371450023543017 0.037782824656059005 -0.0338702984783565 -0.034814347624778745 -0.015966672693961962
leaf_weight=380 430 160 76 360 122 341 173 638 463 174 97 701 77 255 890 39 109 830 29 238 42 24 332 93 21 408 145 367 20 529
leaf_count=380 430 160 76 360 122 341 173 638 463 174 97 701 77 255 890 39 109 830 29 238 42 24 332 93 21 408 145 367 20 529
internal_value=0 0.00599952 -0.0205229 0.00183332 0.00490203 -0.0115206 0.00319225 -0.00294703 -0.00684912 -0.00328949 0.00799415 0.0235869 0.0126423 -0.00341421 0.00656326 0.0119051 0.00697469 0.0103647 -0.0130667 0.00670892 0.0143534 0.0149751 0.000249046 0.0300328 -0.00204871 0.0269504 0.0293798 -0.0284063 0.0227918 -0.0233
internal_weight=0 6626 1937 5357 4356 1001 3976 1745 1433 660 2231 1269 251 611 2134 1244 978 869 409 356 280 312 970 266 143 1109 169 1326 380 896
internal_count=8563 6626 1937 5357 4356 1001 3976 1745 1433 660 2231 1269 251 611 2134 1244 978 869 409 356 280 312 970 266 143 1109 169 1326 380 896
shrinkage=0.1


Tree=5
num_leaves=31
num_cat=0
split_feature=2 0 0 1 2 9 11 7 2 1 15 3 13 13 13 9 13 9 9 14 4 6 12 0 9 14 10 2 1 15
split_gain=86.3045 34.161 27.8743 16.7981 12.9826 10.6316 10.9694 9.83589 9.80199 8.79763 8.1647 8.43661 8.1169 8.04081 8.0405 8.01935 7.76965 7.47864 7.08292 7.07564 6.94867 10.0767 7.49841 7.3203 7.88985 7.16734 7.51737 6.93976 6.89651 6.86493
threshold=31.500000000000004 31.500000000000004 30.500000000000004 5.5000000000000009 41.500000000000007 1.5000000000000002 2.5000000000000004 28.500000000000004 44.500000000000007 10.500000000000002 4.5000000000000009 8.5000000000000018 15.500000000000002 6.5000000000000009 16.500000000000004 8.5000000000000018 2.5000000000000004 2.5000000000000004 8.5000000000000018 2.5000000000000004 1.5000000000000002 2.5000000000000004 2.5000000000000004 22.500000000000004 11.500000000000002 14.500000000000002 2.5000000000000004 19.500000000000004 26.500000000000004 9.5000000000000018
decision_type=2 2 2 2 2 2 2 2 2 2 2 2 2 2 2 2 2 2 2 2 2 2 2 2 2 2 2 2 2 2
left_child=1 3 8 20 17 -5 19 12 15 10 -3 -12 -8 -13 -15 16 -2 -4 27 -7 21 -1 -22 -24 -25 26 -23 -11 -14 -18
right_child=2 9 4 5 -6 6 7 -9 -10 18 11 13 28 14 -16 -17 29 -19 -20 -21 22 25 23 24 -26 -27 -28 -29 -30 -31
leaf_value=-0.027091973038012043 -0.052993436424355757 0.032063619562443468 -0.032643463155802563 -0.028970420682752459 -0.014503725290298461 0.033550679762645259 0.0041658620737920378 0.033270042301506125 -0.035086185220749154 0.036939636724335805 0.018958033831779568 0.019023705203578156 -0.022645460145418034 -0.052795842128495377 0.0027740821890209037 -0.011921294658969607 -0.01125276029764951 0.016162325957926309 0.037556681021462965 0.012568316677013251 0.0035396987101263253 0.03699553188037228 -0.018868147511767526 -0.011756738634670482 0.035605626006921132 -0.029387821707614632 -0.01871818866994646 -0.0025060352148874752 0.03188227117061615 -0.035301960337729685
leaf_weight=261 95 149 34 74 300 184 802 93 403 77 177 53 215 60 46 953 273 410 433 1270 1210 74 351 85 60 43 36 106 26 210
leaf_count=261 95 149 34 74 300 184 802 93 403 77 177 53 215 60 46 953 273 410 433 1270 1210 74 351 85 60 43 36 106 26 210
internal_value=0 0.0067723 -0.0148824 0.00311727 0.00156661 0.00840337 0.00947119 0.00210854 -0.0212102 0.0226539 0.0125797 0.00393954 -0.000670003 -0.0127792 -0.0286806 -0.0175577 -0.0268509 0.0124249 0.0305856 0.0152236 -0.00352525 -0.015147 -0.000704965 -0.0110599 0.00784148 0.00522966 0.018762 0.0140913 -0.0167628 -0.0217089
internal_weight=0 5885 2678 4784 744 2664 2590 1136 1934 1101 485 336 1043 159 106 1531 578 444 616 1454 2120 414 1706 496 145 153 110 183 241 483
internal_count=8563 5885 2678 4784 744 2664 2590 1136 1934 1101 485 336 1043 159 106 1531 578 444 616 1454 2120 414 1706 496 145 153 110 183 241 483
shrinkage=0.1


Tree=6
num_leaves=31
num_cat=0
split_feature=2 0 0 2 12 0 6 13 6 1 4 10 7 11 2 12 8 14 12 11 1 15 11 5 1 2 1 15 13 2
split_gain=70.4877 31.8662 17.714 15.9639 14.1118 13.0831 12.5441 13.8924 11.6198 10.6497 9.10461 9.53419 8.82919 9.42001 8.33579 7.96807 7.70748 7.25506 7.20978 7.72509 8.26213 6.51088 6.36632 6.33667 6.31322 6.14921 6.11578 7.46924 6.06461 5.8457
threshold=35.500000000000007 24.500000000000004 29.500000000000004 20.500000000000004 3.5000000000000004 37.500000000000007 1.0000000180025095e-35 13.500000000000002 2.5000000000000004 24.500000000000004 2.5000000000000004 2.5000000000000004 30.500000000000004 1.5000000000000002 11.500000000000002 1.0000000180025095e-35 54.500000000000007 11.500000000000002 1.5000000000000002 2.5000000000000004 18.500000000000004 12.500000000000002 2.5000000000000004 1.5000000000000002 7.5000000000000009 15.500000000000002 5.5000000000000009 24.500000000000004 5.5000000000000009 7.5000000000000009
decision_type=2 2 2 2 2 2 2 2 2 2 2 2 2 2 2 2 2 2 2 2 2 2 2 2 2 2 2 2 2 2
left_child=1 6 22 4 -3 8 -1 10 -5 15 18 12 13 -12 -6 -9 -10 26 25 20 23 -16 -2 -20 -7 -8 -4 -28 -15 -17
right_child=2 3 17 5 14 24 7 9 16 -11 11 -13 -14 28 21 29 -18 -19 19 -21 -22 -23 -24 -25 -26 -27 27 -29 -30 -31
leaf_value=-0.024972395471592048 -0.013555359293683797 0.028662708918837945 -0.018628054465118209 -0.0080823105487139637 0.033940358563911081 0.0036616969626882805 0.043818127098730057 0.018579297122501195 0.015423423205361223 0.023909432624841666 0.057048430004898391 -0.0014784677112556974 0.054250043905698334 -0.00029872407515843714 -0.051560933652677034 -0.06180582801500957 -0.03761861036563742 -0.015567880658542407 -0.037758152077837691 -0.011265270475067611 0.047642921331601272 -0.001186834188484693 -0.028213129993591702 0.0021945996254682542 0.031718957564740816 0.0075309790936963902 0.020219449110391762 -0.025521395603815718 0.02193435124192105 -0.016560460208690588
leaf_weight=199 447 850 76 577 43 115 59 63 495 77 49 341 65 240 38 30 29 255 41 614 39 79 879 1250 265 224 238 42 251 593
leaf_count=199 447 850 76 577 43 115 59 63 495 77 49 341 65 240 38 30 29 255 41 614 39 79 879 1250 265 224 238 42 251 593
internal_value=0 0.00490549 -0.0167805 0.0138404 0.0235343 0.00722943 -0.00047706 0.000761398 0.00170769 -0.0113539 0.00367471 0.0118935 0.0194305 0.0152393 -0.00371025 -0.015312 0.0124879 -0.00269265 0.000183463 -0.00198747 0.00229567 -0.0175477 -0.0232719 0.000925767 0.0232279 0.0150961 0.00652977 0.0133583 0.0110669 -0.0187392
internal_weight=0 6626 1937 2491 1010 1481 4135 3936 1101 763 3173 946 605 540 160 686 524 611 2227 1944 1330 117 1326 1291 380 283 356 280 491 623
internal_count=8563 6626 1937 2491 1010 1481 4135 3936 1101 763 3173 946 605 540 160 686 524 611 2227 1944 1330 117 1326 1291 380 283 356 280 491 623
shrinkage=0.1


Tree=7
num_leaves=31
num_cat=0
split_feature=2 0 0 2 2 10 0 1 0 13 6 7 13 3 11 14 3 13 3 0 14 9 0 13 6 4 1 15 13 0
split_gain=58.269 23.5467 18.8646 12.2533 9.87491 9.85949 9.3041 11.6242 9.07229 8.84036 8.30549 7.8274 13.4146 7.6231 7.57492 7.59936 9.15166 7.64627 7.42636 9.24199 8.46957 8.39499 6.71071 6.41974 7.77908 6.3497 6.19943 6.19299 11.0204 7.7941
threshold=31.500000000000004 23.500000000000004 30.500000000000004 19.500000000000004 41.500000000000007 1.5000000000000002 8.5000000000000018 29.500000000000004 37.500000000000007 15.500000000000002 3.5000000000000004 13.500000000000002 24.500000000000004 8.5000000000000018 2.5000000000000004 15.500000000000002 1.0000000180025095e-35 15.500000000000002 6.5000000000000009 20.500000000000004 12.500000000000002 8.5000000000000018 43.500000000000007 34.500000000000007 2.5000000000000004 1.5000000000000002 9.5000000000000018 4.5000000000000009 4.5000000000000009 19.500000000000004
decision_type=2 2 2 2 2 2 2 2 2 2 2 2 2 2 2 2 2 2 2 2 2 2 2 2 2 2 2 2 2 2
left_child=1 5 18 11 -4 -1 -7 9 10 25 14 12 26 -12 -5 16 -16 -17 19 -2 23 -20 -6 24 -21 -8 -3 29 -29 -27
right_child=2 3 4 8 22 6 7 -9 -10 -11 13 -13 -14 -15 15 17 -18 -19 21 20 -22 -23 -24 -25 -26 27 -28 28 -30 -31
leaf_value=0.011945725624306971 -0.021067161693943758 0.0088263353944279775 0.010773425837894819 0.0066745434245284729 -0.018746587818907211 -0.02469647807233474 -0.011256324900083306 0.055081285979296714 0.022383880943443232 -0.015740150193050303 0.036099265504162759 0.033780442285207976 -0.031527337777827472 -0.0017591388015956669 0.0075015048185984303 0.024744284767881933 -0.034075497455067105 -0.035687879153660368 -0.038303180846300994 -0.0062032972981116014 -0.026695028181169551 -0.017779413450159421 0.024356681392306373 -0.0441626379887263 0.023803342021377395 0.00278865526119868 0.030227908438869883 -0.015596645317410909 0.0049437816221874417 0.024233039849587069
leaf_weight=614 463 262 444 490 258 170 363 37 311 369 128 357 56 91 75 83 180 28 275 167 102 724 42 24 179 480 280 372 877 262
leaf_count=614 463 262 444 490 258 170 363 37 311 369 128 357 56 91 75 83 180 28 275 167 102 724 42 24 179 480 280 372 877 262
internal_value=0 0.00556465 -0.0122285 0.0133475 0.00130344 0.000423667 -0.00199085 -0.000592318 0.00734205 -0.00134881 0.00299041 0.0220632 0.0150682 0.0203681 -0.00145553 -0.0123401 -0.021847 0.00950014 -0.0174342 -0.0110289 -0.00118209 -0.0234291 -0.0127121 0.0058512 0.00932037 0.000907098 0.0198825 0.00312474 -0.00117394 0.0103607
internal_weight=0 5885 2678 2341 744 3544 2930 2760 1386 2723 1075 955 598 219 856 366 255 111 1934 935 472 999 300 370 346 2354 542 1991 1249 742
internal_count=8563 5885 2678 2341 744 3544 2930 2760 1386 2723 1075 955 598 219 856 366 255 111 1934 935 472 999 300 370 346 2354 542 1991 1249 742
shrinkage=0.1


Tree=8
num_leaves=31
num_cat=0
split_feature=2 0 2 0 4 1 11 12 12 13 14 1 2 3 6 11 0 8 9 3 14 15 8 9 3 10 6 14 4 14
split_gain=47.6452 28.6778 14.4669 12.686 12.1786 9.75851 9.18924 9.1818 8.70767 9.26588 9.12237 8.87317 7.97441 7.63622 6.88795 6.87324 8.5834 6.46135 6.48139 6.35425 10.1022 6.23716 5.73139 5.63815 6.30093 7.14357 8.11444 6.54788 10.5233 5.46067
threshold=39.500000000000007 31.500000000000004 18.500000000000004 16.500000000000004 1.5000000000000002 7.5000000000000009 2.5000000000000004 2.5000000000000004 1.0000000180025095e-35 17.500000000000004 40.500000000000007 22.500000000000004 33.500000000000007 1.0000000180025095e-35 1.0000000180025095e-35 2.5000000000000004 8.5000000000000018 53.500000000000007 2.5000000000000004 5.5000000000000009 16.500000000000004 47.500000000000007 25.500000000000004 1.5000000000000002 9.5000000000000018 4.5000000000000009 2.5000000000000004 10.500000000000002 2.5000000000000004 2.5000000000000004
decision_type=2 2 2 2 2 2 2 2 2 2 2 2 2 2 2 2 2 2 2 2 2 2 2 2 2 2 2 2 2 2
left_child=1 2 8 -2 13 15 -5 17 -1 10 14 -11 21 -4 -10 -6 -17 18 -3 20 -18 23 -15 -7 25 26 27 28 -25 -16
right_child=3 7 4 6 5 12 -8 -9 9 11 -12 -13 -14 22 29 16 19 -19 -20 -21 -22 -23 -24 24 -26 -27 -28 -29 -30 -31
leaf_value=0.032929654916127524 -0.036244926404194786 -0.0084738793117659431 0.0021890628220412531 0.001090261016772989 -0.00081572229308741443 -0.029278060942888262 -0.018952152673289074 0.0060176915998479963 -0.019823813801858485 -0.024003072020536413 0.0639693969488144 0.024017366766929629 -0.0078057560379137889 -0.015343912578194192 0.032622737000987993 -0.064151132106781014 -0.0077636594415470307 -0.016803444623947145 0.026776103198567453 -0.022027647916612957 0.048164016505082452 0.062622975451605653 -0.040574447718341795 0.00037885614567332801 -0.0025039383583823167 -0.026626520240029622 0.026460460978357688 -0.010166311956221058 0.035134555909731621 0.0079849347245269636
leaf_weight=132 283 56 203 341 1120 40 695 565 82 167 30 50 383 443 99 32 314 40 761 290 36 21 113 216 354 43 368 155 146 985
leaf_count=132 283 56 203 341 1120 40 695 565 82 167 30 50 383 443 99 32 314 40 761 290 36 21 113 216 354 43 368 155 146 985
internal_value=0 0.00318295 7.34021e-05 -0.0174809 -0.00292262 -0.000444053 -0.0123552 0.0159142 0.00836726 0.00607268 0.00952202 -0.0129385 0.00492246 -0.0144109 0.00812115 -0.00561292 -0.0136082 0.0224387 0.0243599 -0.0110811 -0.0020111 0.00855233 -0.0204717 0.00769341 0.00884697 0.0131769 0.0151109 0.0070323 0.0143963 0.0102351
internal_weight=0 7244 5822 1319 4277 3518 1036 1422 1545 1413 1196 217 1726 759 1166 1792 672 857 817 640 350 1343 556 1322 1282 928 885 517 362 1084
internal_count=8563 7244 5822 1319 4277 3518 1036 1422 1545 1413 1196 217 1726 759 1166 1792 672 857 817 640 350 1343 556 1322 1282 928 885 517 362 1084
shrinkage=0.1


Tree=9
num_leaves=31
num_cat=0
split_feature=2 1 0 0 14 15 0 10 4 13 2 0 9 7 6 2 8 6 12 13 2 6 0 3 14 0 9 9 8 2
split_gain=39.1926 18.557 13.5142 13.5035 8.67821 13.8308 8.56783 7.7558 8.73236 7.9377 7.33975 7.03097 6.98512 8.63108 6.94497 6.61443 6.54776 6.43151 6.34398 6.17062 6.51861 8.41266 5.84521 6.82189 5.73076 5.74364 5.60543 5.33111 6.30598 5.24489
threshold=31.500000000000004 5.5000000000000009 24.500000000000004 21.500000000000004 6.5000000000000009 4.5000000000000009 43.500000000000007 3.5000000000000004 2.5000000000000004 19.500000000000004 34.500000000000007 43.500000000000007 4.5000000000000009 17.500000000000004 1.5000000000000002 42.500000000000007 30.500000000000004 1.0000000180025095e-35 1.5000000000000002 23.500000000000004 19.500000000000004 3.5000000000000004 19.500000000000004 5.5000000000000009 5.5000000000000009 9.5000000000000018 13.500000000000002 10.500000000000002 47.500000000000007 15.500000000000002
decision_type=2 2 2 2 2 2 2 2 2 2 2 2 2 2 2 2 2 2 2 2 2 2 2 2 2 2 2 2 2 2
left_child=1 7 15 12 5 -4 -7 8 9 17 -6 19 29 16 -12 27 -14 -1 -19 20 -5 -22 23 -10 -15 -26 -9 28 -2 -3
right_child=2 3 4 11 10 6 -8 26 22 -11 14 -13 13 24 -16 -17 -18 18 -20 -21 21 -23 -24 -25 25 -27 -28 -29 -30 -31
leaf_value=-0.028883099624480324 -0.016344653317114204 0.010118926960287744 0.043292282554838392 0.023346186143244615 0.009495596921805181 -0.0040860062266917943 0.052325786187730983 -0.03236780175264331 0.015721095541249151 -0.037611326063746842 -0.03867049822393729 0.036971900639916531 0.0053333298365275074 0.058978801674959141 -0.0095526668136726653 -0.026999045729911821 -0.020748457257394437 0.017898035906255244 -0.0031900001468991804 -0.0015175620694549716 0.0052743072604685406 0.029556529240661794 0.01985713448010239 -0.019032203184591756 -0.030424557490782309 0.025052520317759942 -0.0018708655767351668 -0.0054170880592271185 -0.056597748883934908 -0.01618623309849862
leaf_weight=87 410 103 90 633 165 376 29 138 115 67 98 134 885 41 499 434 108 160 1316 245 719 178 306 111 22 123 107 534 43 287
leaf_count=87 410 103 90 633 165 376 29 138 115 67 98 134 885 41 499 434 108 160 1316 245 719 178 306 111 22 123 107 534 43 287
internal_value=0 0.00456374 -0.010029 0.00923521 -0.00247598 0.00783316 -4.66433e-05 -0.00218631 -0.000275443 -0.00390622 -0.00917286 0.0148842 0.00236215 0.00619967 -0.0143325 -0.0167103 0.00249664 -0.00246141 -0.000904034 0.0132167 0.0155761 0.0100929 0.0108489 -0.001348 0.0259691 0.0166353 -0.0190487 -0.0121862 -0.0201656 -0.00923897
internal_weight=0 5885 2678 3478 1257 495 405 2407 2162 1630 762 1909 1569 1179 597 1421 993 1563 1476 1775 1530 897 532 226 186 145 245 987 453 390
internal_count=8563 5885 2678 3478 1257 495 405 2407 2162 1630 762 1909 1569 1179 597 1421 993 1563 1476 1775 1530 897 532 226 186 145 245 987 453 390
shrinkage=0.1


Tree=10
num_leaves=31
num_cat=0
split_feature=2 0 11 14 3 6 0 12 4 1 14 0 2 7 0 11 15 1 11 5 10 12 8 2 6 0 13 0 5 0
split_gain=32.2088 20.3674 12.2314 11.0175 11.0234 9.43956 9.30893 8.19362 8.27627 9.54741 7.83184 7.75085 7.58436 9.32037 7.37137 8.50214 7.10259 8.94788 8.86954 8.47108 6.90792 6.75723 7.48857 7.36418 6.85442 6.32187 6.25754 6.21154 5.98851 5.82323
threshold=39.500000000000007 31.500000000000004 2.5000000000000004 16.500000000000004 5.5000000000000009 1.5000000000000002 16.500000000000004 2.5000000000000004 4.5000000000000009 11.500000000000002 3.5000000000000004 9.5000000000000018 23.500000000000004 2.5000000000000004 43.500000000000007 4.5000000000000009 13.500000000000002 20.500000000000004 1.5000000000000002 2.5000000000000004 1.5000000000000002 2.5000000000000004 43.500000000000007 19.500000000000004 1.0000000180025095e-35 16.500000000000004 23.500000000000004 39.500000000000007 1.5000000000000002 20.500000000000004
decision_type=2 2 2 2 2 2 2 2 2 2 2 2 2 2 2 2 2 2 2 2 2 2 2 2 2 2 2 2 2 2
left_child=1 2 5 4 25 10 -2 16 9 12 -1 -5 13 -9 15 -8 18 -18 -7 -20 -3 22 23 -22 -25 -4 -11 -24 -12 -15
right_child=6 20 3 11 -6 7 14 8 -10 26 28 -13 -14 29 -16 -17 17 -19 19 -21 21 -23 27 24 -26 -27 -28 -29 -30 -31
leaf_value=0.015761311784867321 -0.030446432978441351 0.025452373391490875 -0.014809535707308167 -0.030388524852417133 -0.018589064947874899 0.033302511759968692 -0.0091596109302420365 0.045416998218845678 0.037871984056397981 0.015160212526887151 -0.054415064422707805 0.0091875903610442143 -0.025255834538003674 -0.017040859075939711 0.024655731073741256 -0.042257352821967187 -0.021479790582173114 0.030762920130130857 0.0034822159343295628 0.018533341758619478 0.035449695660442607 -0.00033663115410129878 -0.061600693789395422 -0.037363804490477957 0.014758281386517861 0.0021155392672670514 -0.026533314512997144 0.015400599241256713 -0.01226199177287569 0.0099914586712275787
leaf_weight=93 283 354 311 54 753 172 893 37 51 295 38 592 230 223 58 85 138 43 954 615 183 431 22 27 385 760 41 20 298 124
leaf_count=93 283 354 311 54 753 172 893 37 51 295 38 592 230 223 58 85 138 43 954 615 183 431 22 27 385 760 41 20 298 124
internal_value=0 0.00261702 -3.52844e-06 -0.0053431 -0.00931772 0.00393106 -0.0143728 0.00596406 -0.00137234 -0.00347914 -0.00992085 0.00587937 -0.0108951 -0.0022936 -0.00998202 -0.0120362 0.00978495 -0.00906854 0.011745 0.0093818 0.0133462 0.00933344 0.0158763 0.018757 0.0113425 -0.00279921 0.0100726 -0.0249334 -0.0170293 -0.0073809
internal_weight=0 7244 5822 2470 1824 3352 1319 2923 1001 950 429 646 614 384 1036 978 1922 181 1741 1569 1422 1068 637 595 412 1071 336 42 336 347
internal_count=8563 7244 5822 2470 1824 3352 1319 2923 1001 950 429 646 614 384 1036 978 1922 181 1741 1569 1422 1068 637 595 412 1071 336 42 336 347
shrinkage=0.1


Tree=11
num_leaves=31
num_cat=0
split_feature=2 1 0 0 11 9 14 4 13 5 4 8 10 15 15 12 3 0 9 9 0 14 15 14 2 5 8 0 6 10
split_gain=26.942 13.8511 9.90281 9.23595 6.56559 8.25034 6.76087 6.40283 7.62743 6.3253 5.72981 6.23249 5.70515 5.58136 7.3579 6.89908 6.84766 8.36182 5.84507 5.75229 7.80196 6.24175 5.38488 5.33503 5.25424 5.34481 5.6215 7.16511 5.55147 6.25084
threshold=31.500000000000004 5.5000000000000009 30.500000000000004 21.500000000000004 2.5000000000000004 4.5000000000000009 59.500000000000007 2.5000000000000004 19.500000000000004 4.5000000000000009 2.5000000000000004 23.500000000000004 2.5000000000000004 8.5000000000000018 10.500000000000002 3.5000000000000004 13.500000000000002 32.500000000000007 17.500000000000004 15.500000000000002 27.500000000000004 12.500000000000002 4.5000000000000009 23.500000000000004 46.500000000000007 1.5000000000000002 8.5000000000000018 26.500000000000004 3.5000000000000004 1.5000000000000002
decision_type=2 2 2 2 2 2 2 2 2 2 2 2 2 2 2 2 2 2 2 2 2 2 2 2 2 2 2 2 2 2
left_child=1 7 24 10 -4 -6 9 8 -1 22 -3 23 -13 15 18 16 -5 -18 -15 21 -21 -16 -7 -12 25 -2 27 -27 -28 -30
right_child=2 3 4 13 5 6 -8 -9 -10 -11 11 12 -14 14 19 -17 17 -19 -20 20 -22 -23 -24 -25 -26 26 28 -29 29 -31
leaf_value=-0.0034850999426383244 -0.030772646344625034 -0.0029667238123291966 0.014268332285899313 0.024933096030283541 -0.039161971637180881 0.03217993729254779 0.056385750174522402 0.0065494945556440008 -0.031151089775112439 -0.032275649195625665 0.018383874477843894 0.014799136104005756 -0.023475639506390221 -0.020029832716701793 0.0095462168859915576 -0.017788129091262816 -0.018860324946316807 0.026263478746661895 0.018441493202138833 -0.029655626845179184 0.0091670145901540916 0.032265966761972485 -0.0030924591984782188 -0.016079259037971496 -0.026101687182771401 -0.0038380522262021371 -0.015394329579908456 0.036984240683642304 0.023519837856292726 -0.0076683167859289041
leaf_weight=1664 117 916 261 672 63 51 20 637 106 63 442 66 95 147 321 50 88 77 54 66 240 194 286 50 235 197 938 55 81 311
leaf_count=1664 117 916 261 672 63 51 20 637 106 63 442 66 95 147 321 50 88 77 54 66 240 194 286 50 235 197 938 55 81 311
internal_value=0 0.00378385 -0.00831515 0.00781977 0.00148913 -0.0054164 -0.000354565 -0.00204786 -0.00514193 -0.00319158 0.00213559 0.0092929 -0.00778536 0.0124916 0.00745421 0.0182956 0.0204512 0.00219745 -0.00969425 0.0116526 0.000793504 0.0181047 0.0022455 0.0148815 -0.0120868 -0.0101483 -0.008623 0.00507158 -0.0112178 -0.00122383
internal_weight=0 5885 2678 3478 744 483 420 2407 1770 400 1569 653 161 1909 1022 887 837 165 201 821 306 515 337 492 1934 1699 1582 252 1330 392
internal_count=8563 5885 2678 3478 744 483 420 2407 1770 400 1569 653 161 1909 1022 887 837 165 201 821 306 515 337 492 1934 1699 1582 252 1330 392
shrinkage=0.1


Tree=12
num_leaves=31
num_cat=0
split_feature=2 0 11 0 14 3 6 11 12 3 1 2 13 14 13 6 4 0 3 1 10 3 13 4 8 1 5 7 15 12
split_gain=22.2088 13.9307 9.64409 9.16391 8.04934 7.87046 7.72671 7.41727 6.95129 6.58231 7.85859 7.95844 6.7788 6.37899 6.17586 6.29572 7.71359 6.05206 5.64615 5.48218 5.44845 5.42578 5.23118 5.15031 7.26416 5.13682 6.31526 5.32188 5.05919 4.97496
threshold=39.500000000000007 31.500000000000004 2.5000000000000004 7.5000000000000009 16.500000000000004 5.5000000000000009 1.5000000000000002 2.5000000000000004 1.0000000180025095e-35 9.5000000000000018 9.5000000000000018 33.500000000000007 23.500000000000004 3.5000000000000004 19.500000000000004 3.5000000000000004 2.5000000000000004 9.5000000000000018 35.500000000000007 20.500000000000004 1.5000000000000002 8.5000000000000018 3.5000000000000004 1.5000000000000002 17.500000000000004 18.500000000000004 2.5000000000000004 9.5000000000000018 4.5000000000000009 2.5000000000000004
decision_type=2 2 2 2 2 2 2 2 2 2 2 2 2 2 2 2 2 2 2 2 2 2 2 2 2 2 2 2 2 2
left_child=1 2 6 -4 5 14 13 -2 -8 10 21 12 22 28 15 16 -5 -6 -9 -14 -3 -10 -12 24 -19 -7 -27 -28 -1 -22
right_child=7 20 3 4 17 25 8 18 9 -11 11 -13 19 -15 -16 -17 -18 23 -20 -21 29 -23 -24 -25 -26 26 27 -29 -30 -31
leaf_value=0.039846849015780859 -0.00080844726666663464 0.021797906072799772 -0.033359548783747951 -0.0091740259820339738 -0.047670098096132284 -0.0186889660149115 0.025340878781748982 -0.018397130348441003 0.001252140953678843 -0.0051451186438900738 0.0047988991404688645 -0.017344307943956177 -0.044867693952151705 -0.015448035344126679 -0.021653544720802598 0.020366965664313147 0.01224002110293187 0.0182765117351045 0.027217754083020348 0.012825175076723101 0.013096734642795342 0.031252456752080764 0.027722672817357092 0.012691673944949118 -0.033850285987700186 0.030616184250981199 -0.049131890918527335 0.010141739520159634 -0.0070207187942430086 -0.00081471080293234991
leaf_weight=42 412 354 107 510 20 598 164 879 1399 597 129 67 28 336 131 149 251 47 28 40 637 63 436 483 62 51 28 33 51 431
leaf_count=42 412 354 107 510 20 598 164 879 1399 597 129 67 28 336 131 149 251 47 28 40 637 63 436 483 62 51 28 33 51 431
internal_value=0 0.00217312 5.86097e-06 -0.00473545 -0.00343931 -0.0068898 0.0034996 -0.0119348 0.00533893 0.00414998 0.00671667 0.0154297 0.0188987 -0.0090327 -0.00135297 0.00156942 -0.00211105 0.00643293 -0.016989 -0.0109307 0.0110464 0.0025449 0.0224887 0.00826074 -0.0113736 -0.0150079 0.00464652 -0.0170658 0.0141453 0.00748266
internal_weight=0 7244 5822 2470 2363 1751 3352 1319 2923 2759 2162 700 633 429 1041 910 761 612 907 68 1422 1462 565 592 109 710 112 61 93 1068
internal_count=8563 7244 5822 2470 2363 1751 3352 1319 2923 2759 2162 700 633 429 1041 910 761 612 907 68 1422 1462 565 592 109 710 112 61 93 1068
shrinkage=0.1


Tree=13
num_leaves=31
num_cat=0
split_feature=2 1 10 2 0 6 13 3 9 2 1 4 9 14 2 12 0 0 15 14 13 5 8 5 0 5 1 8 7 0
split_gain=18.3463 10.9995 8.37218 7.50931 7.7433 7.18862 8.41434 6.86637 6.81761 6.59334 6.35288 6.29298 6.00164 5.75456 5.51417 6.54941 5.43543 5.2489 5.03624 5.30649 4.72267 4.58238 5.15045 5.08057 4.98578 4.38212 8.52064 6.44467 4.94405 4.36525
threshold=31.500000000000004 1.0000000180025095e-35 1.5000000000000002 47.500000000000007 30.500000000000004 1.5000000000000002 19.500000000000004 6.5000000000000009 3.5000000000000004 15.500000000000002 1.5000000000000002 1.0000000180025095e-35 4.5000000000000009 4.5000000000000009 25.500000000000004 2.5000000000000004 10.500000000000002 4.5000000000000009 11.500000000000002 6.5000000000000009 5.5000000000000009 1.5000000000000002 15.500000000000002 2.5000000000000004 11.500000000000002 1.5000000000000002 16.500000000000004 5.5000000000000009 72.500000000000014 42.500000000000007
decision_type=2 2 2 2 2 2 2 2 2 2 2 2 2 2 2 2 2 2 2 2 2 2 2 2 2 2 2 2 2 2
left_child=1 8 5 4 21 7 14 20 13 29 -6 -11 -12 -1 -7 -16 18 -10 19 -13 -3 -2 23 -23 -25 26 27 -18 -27 -4
right_child=3 2 9 -5 10 6 -8 -9 17 11 12 16 -14 -15 15 -17 25 -19 -20 -21 -22 22 -24 24 -26 28 -28 -29 -30 -31
leaf_value=-0.0029412284002199281 -0.027660746251543362 -0.062423808574676512 0.0097607442558886454 -0.025062121429511804 -0.021354901655153795 0.023158978413584178 -0.03933591636327597 0.017846498035249257 -0.051435214281082157 -0.025742751079447131 -0.017345690088612694 0.02351948183936042 0.011493539030198008 -0.036286618535717331 0.018003126032768737 -0.019320451617240907 -0.069994835342679709 -0.00086935355900674737 -0.049409256674147944 -0.025642173820071751 -0.0021945808244788127 -0.011543698276464757 -0.011974324590576915 -0.032194828602575491 0.0095294611330362083 0.0032696102574033647 0.0097922995686531081 -0.0068318682909011847 0.053174389004707334 0.04453564658761025
leaf_weight=91 120 30 721 209 88 614 26 42 21 85 84 37 512 120 126 75 35 914 37 54 23 260 998 31 376 2678 68 30 20 38
leaf_count=91 120 30 721 209 88 614 26 42 21 85 84 37 512 120 126 75 35 914 37 54 23 260 998 31 376 2678 68 30 20 38
internal_value=0 0.00312244 0.00524843 -0.00686167 -0.00532101 0.0137207 0.0166662 -0.0123541 -0.00566909 0.00316322 0.00372576 0.00108406 0.00742895 -0.0219054 0.0184527 0.00407642 0.00185468 -0.00200506 -0.0183016 -0.00565337 -0.0362866 -0.00878767 -0.00742745 -0.000624174 0.00635144 0.00276602 -0.0149541 -0.0408427 0.00363955 0.0115018
internal_weight=0 5885 4739 2678 2469 936 841 95 1146 3803 684 3044 596 211 815 201 2959 935 128 91 53 1785 1665 667 407 2831 133 65 2698 759
internal_count=8563 5885 4739 2678 2469 936 841 95 1146 3803 684 3044 596 211 815 201 2959 935 128 91 53 1785 1665 667 407 2831 133 65 2698 759
shrinkage=0.1


Tree=14
num_leaves=31
num_cat=0
split_feature=11 5 2 14 8 6 10 6 11 1 5 1 2 3 13 8 4 15 0 9 8 0 2 13 14 2 9 2 3 13
split_gain=15.4512 11.7687 11.5953 13.0378 10.2302 8.5813 11.3489 8.02722 7.88596 7.8332 7.34907 6.34691 6.16509 6.00617 6.24592 5.916 7.91325 5.97875 5.74568 5.46423 5.45962 5.43394 5.30926 5.20349 5.42812 9.15702 5.24396 5.18127 5.12577 5.10695
threshold=2.5000000000000004 2.5000000000000004 39.500000000000007 14.500000000000002 15.500000000000002 2.5000000000000004 1.5000000000000002 1.0000000180025095e-35 1.5000000000000002 3.5000000000000004 1.5000000000000002 2.5000000000000004 37.500000000000007 2.5000000000000004 20.500000000000004 10.500000000000002 2.5000000000000004 12.500000000000002 16.500000000000004 6.5000000000000009 9.5000000000000018 38.500000000000007 34.500000000000007 7.5000000000000009 11.500000000000002 32.500000000000007 19.500000000000004 36.500000000000007 9.5000000000000018 2.5000000000000004
decision_type=2 2 2 2 2 2 2 2 2 2 2 2 2 2 2 2 2 2 2 2 2 2 2 2 2 2 2 2 2 2
left_child=1 7 3 5 9 13 -7 -1 10 19 -9 20 15 14 -2 16 17 -10 -5 -3 -8 -15 -20 26 -25 -26 -6 -24 -18 -30
right_child=2 4 -4 18 23 6 11 8 12 -11 -12 -13 -14 21 -16 -17 28 -19 22 -21 -22 -23 27 24 25 -27 -28 -29 29 -31
leaf_value=-0.026236147131801637 0.00050059551639216281 -0.012696119858061567 -0.014379606087914901 -0.0068684847120300367 0.003737317431228241 0.021345362689309907 0.0069996100205641527 -0.0044336452443375553 -0.0077219438744323887 0.020573971902417859 0.027587805060116023 -0.00070987605523568985 -0.024399737685413685 -0.020159002882963302 -0.044180167948498446 0.0077542104374836475 0.017776747841147047 -0.040584704975287121 0.013054578848039875 0.012107672984711826 -0.037238442563280766 0.022046696767210962 -0.034003800570964818 0.0020972871571129808 -0.005022615413455403 -0.055069723784923558 0.029064430679203175 0.0077815527377063281 0.030415559411048888 -0.028592984622175046
leaf_weight=121 392 136 907 249 327 206 39 117 716 855 185 579 118 653 34 544 201 60 832 256 98 32 50 413 136 50 109 73 20 55
leaf_count=121 392 136 907 249 327 206 39 117 716 855 185 579 118 653 34 544 201 60 832 256 98 32 50 413 136 50 109 73 20 55
internal_value=0 0.00411355 -0.00438653 -0.00158649 0.00910753 -0.00647048 0.000661327 -0.00121929 0.000282221 0.0152074 0.0151821 -0.00528967 -0.00234309 -0.012389 -0.00306547 -0.000712331 -0.00509047 -0.0102629 0.00666032 0.00350228 -0.0246451 -0.0181873 0.0101877 0.00175821 -0.00429112 -0.0184761 0.0100691 -0.00920436 0.00945226 -0.0128574
internal_weight=0 4419 4144 3237 2282 2033 922 2137 2016 1247 302 716 1714 1111 426 1596 1052 776 1204 392 137 685 955 1035 599 186 436 123 276 75
internal_count=8563 4419 4144 3237 2282 2033 922 2137 2016 1247 302 716 1714 1111 426 1596 1052 776 1204 392 137 685 955 1035 599 186 436 123 276 75
shrinkage=0.1


Tree=15
num_leaves=31
num_cat=0
split_feature=12 15 14 11 6 0 9 2 7 0 11 0 10 5 6 6 3 9 3 3 2 9 2 15 9 3 1 4 14 2
split_gain=13.4754 11.9818 10.5918 10.3802 9.23575 8.09902 12.5034 7.93134 7.86768 7.85984 8.68682 7.51473 7.21356 7.72275 6.76833 6.47471 8.42433 6.84746 6.28503 5.99656 5.77919 5.70534 5.37625 7.52224 9.31996 5.26943 6.89417 5.18202 5.74069 5.41418
threshold=2.5000000000000004 15.500000000000002 51.500000000000007 1.5000000000000002 3.5000000000000004 28.500000000000004 24.500000000000004 13.500000000000002 10.500000000000002 9.5000000000000018 1.5000000000000002 41.500000000000007 4.5000000000000009 1.5000000000000002 1.0000000180025095e-35 2.5000000000000004 16.500000000000004 19.500000000000004 13.500000000000002 3.5000000000000004 35.500000000000007 6.5000000000000009 32.500000000000007 19.500000000000004 7.5000000000000009 9.5000000000000018 14.500000000000002 1.5000000000000002 1.5000000000000002 8.5000000000000018
decision_type=2 2 2 2 2 2 2 2 2 2 2 2 2 2 2 2 2 2 2 2 2 2 2 2 2 2 2 2 2 2
left_child=1 3 4 14 9 6 12 -6 21 -2 -11 18 13 -5 -1 27 17 -17 20 -14 -10 -3 23 24 -12 -26 -27 28 -15 -29
right_child=2 8 -4 5 7 -7 -8 -9 11 10 22 -13 19 15 -16 16 -18 -19 -20 -21 -22 -23 -24 -25 25 26 -28 29 -30 -31
leaf_value=-0.027122683364611405 -0.03012417627587205 -0.050412202021107078 0.025313080780140992 -0.019916652624768424 0.030589506799174895 0.011056254550884588 -0.018837801880077509 -0.00045999442795382979 0.015207847952842713 0.01121347632310162 -0.020434523827988257 0.054251454187476116 0.0071653441740916332 0.035925323688066925 0.026036013702028678 0.019000533280741191 -0.029216580258475414 -0.011745549302275587 -0.029492369294166567 -0.054834263676252118 -0.018507967583644085 -0.015177564386941173 -0.017080146592596306 0.0092504718160444453 0.0059533848949186096 -0.024290228281170129 0.016750863031907516 0.053397065942937687 -0.012929535107077839 0.0034766114294973519
leaf_weight=26 168 64 111 133 93 1065 289 713 146 219 461 23 26 26 304 621 45 82 78 39 78 163 667 258 364 160 55 22 321 1743
leaf_count=26 168 64 111 133 93 1065 289 713 146 219 461 23 26 26 304 621 45 82 78 39 78 163 667 258 364 160 55 22 321 1743
internal_value=0 0.00311726 -0.00504826 0.0047404 -0.00611543 0.00346084 0.00104402 0.00312264 -0.0108265 -0.00928119 -0.00767789 -0.000848914 0.00292297 0.00363872 0.0218478 0.00473412 0.0127292 0.0154142 -0.0050453 -0.0300344 0.00346752 -0.0251116 -0.00978334 -0.00603374 -0.00982541 -0.00137842 -0.0137913 0.00190253 -0.00926894 0.00409885
internal_weight=0 5294 3269 4742 3158 4412 3347 806 552 2352 2184 325 3058 2993 330 2860 748 703 302 65 224 227 1965 1298 1040 579 215 2112 347 1765
internal_count=8563 5294 3269 4742 3158 4412 3347 806 552 2352 2184 325 3058 2993 330 2860 748 703 302 65 224 227 1965 1298 1040 579 215 2112 347 1765
shrinkage=0.1


Tree=16
num_leaves=31
num_cat=0
split_feature=11 5 0 2 6 8 3 13 1 6 2 1 10 8 14 9 3 15 3 4 15 2 5 0 8 14 0 9 3 3
split_gain=11.7786 9.46836 9.33142 11.5201 8.67842 8.02242 7.7468 6.13993 6.02887 5.99399 5.2427 8.44729 7.46486 5.64236 4.95662 6.10194 5.40167 4.8948 5.20529 4.89448 8.03954 6.03576 5.7244 5.30132 4.85462 4.8098 4.83577 6.11925 4.80591 9.27143
threshold=2.5000000000000004 2.5000000000000004 16.500000000000004 20.500000000000004 2.5000000000000004 15.500000000000002 1.5000000000000002 17.500000000000004 3.5000000000000004 1.0000000180025095e-35 35.500000000000007 16.500000000000004 2.5000000000000004 16.500000000000004 4.5000000000000009 7.5000000000000009 8.5000000000000018 37.500000000000007 13.500000000000002 2.5000000000000004 11.500000000000002 23.500000000000004 1.5000000000000002 19.500000000000004 56.500000000000007 3.5000000000000004 38.500000000000007 28.500000000000004 4.5000000000000009 5.5000000000000009
decision_type=2 2 2 2 2 2 2 2 2 2 2 2 2 2 2 2 2 2 2 2 2 2 2 2 2 2 2 2 2 2
left_child=1 9 -2 7 17 8 24 -4 14 -1 11 12 19 -14 -3 -16 -17 -5 -19 22 21 -21 -11 -23 -6 -13 27 -27 -8 -30
right_child=2 5 3 4 6 -7 28 -9 -10 10 -12 25 13 -15 15 16 -18 18 -20 20 -22 23 -24 -25 -26 26 -28 -29 29 -31
leaf_value=-0.022809423912655225 -0.012419507581014014 0.02216419454883127 0.013513018329907353 -0.012631495428230569 0.018185348356136284 0.0015627892380175382 -0.020893337604773306 -0.0082164977591461935 0.018180750536988352 -0.029799580525967387 -0.016382944668558511 0.040328303780128708 -0.016957031145240321 0.02354319558331841 -0.021751831817839826 0.02206577945638586 -0.013596830410616739 0.052826846639315285 -0.0076388187919344229 0.044179843253986814 -0.01611224303120061 -0.029426301850212944 0.0016862377719278144 0.027368665167263578 -0.026128239101833768 0.01196715234220028 0.054930876195430758 -0.037946875180516926 0.034694458281292632 -0.0039393933785659028
leaf_weight=121 969 102 643 1067 293 1035 137 163 855 62 176 67 363 38 112 108 70 24 35 93 57 27 841 42 27 200 22 28 68 718
leaf_count=121 969 102 643 1067 293 1035 137 163 855 62 176 67 363 38 112 108 70 24 35 93 57 27 841 42 27 200 22 28 68 718
internal_value=0 0.00359155 -0.00382989 -0.00120836 -0.00472188 0.00807095 0.00103877 0.00911859 0.0134727 -0.00119179 0.000105698 0.00168287 -0.00140834 -0.0131191 0.00320375 -0.0034651 0.00804116 -0.0110811 0.0169574 0.00277705 0.0161886 0.0275537 -0.000475579 0.00514455 0.0144464 0.0165344 0.0101576 0.00583736 -0.00360959 -0.000597025
internal_weight=0 4419 4144 3175 2369 2282 1243 806 1247 2137 2016 1840 1523 401 392 290 178 1126 59 1122 219 162 903 69 320 317 250 228 923 786
internal_count=8563 4419 4144 3175 2369 2282 1243 806 1247 2137 2016 1840 1523 401 392 290 178 1126 59 1122 219 162 903 69 320 317 250 228 923 786
shrinkage=0.1


Tree=17
num_leaves=31
num_cat=0
split_feature=12 15 11 14 6 0 9 2 0 11 5 2 1 8 13 3 7 6 7 3 8 6 5 9 11 1 2 9 6 14
split_gain=10.7882 9.74443 11.0779 8.61245 7.21001 6.26239 6.17651 6.1675 6.11882 6.30235 5.68985 6.4008 6.55864 8.42282 6.50851 6.15933 6.11918 6.09604 7.41399 5.92208 5.87827 5.47778 5.04015 5.03374 8.3126 4.87341 5.48708 4.60278 4.50288 4.44943
threshold=2.5000000000000004 13.500000000000002 1.5000000000000002 51.500000000000007 3.5000000000000004 43.500000000000007 1.5000000000000002 13.500000000000002 7.5000000000000009 1.5000000000000002 1.5000000000000002 18.500000000000004 6.5000000000000009 15.500000000000002 14.500000000000002 1.5000000000000002 13.500000000000002 2.5000000000000004 10.500000000000002 1.5000000000000002 12.500000000000002 1.5000000000000002 1.5000000000000002 11.500000000000002 2.5000000000000004 21.500000000000004 35.500000000000007 6.5000000000000009 1.0000000180025095e-35 5.5000000000000009
decision_type=2 2 2 2 2 2 2 2 2 2 2 2 2 2 2 2 2 2 2 2 2 2 2 2 2 2 2 2 2 2
left_child=1 2 28 4 8 21 -4 -6 -2 22 -8 -12 14 15 17 -14 -16 -13 19 20 -19 -3 -10 -17 29 -23 -27 -21 -1 -25
right_child=3 5 6 -5 7 -7 10 -9 9 -11 11 12 13 -15 16 23 -18 18 -20 27 -22 25 -24 24 -26 26 -28 -29 -30 -31
leaf_value=-0.018699860696991286 -0.032231929050941098 -0.037611837093792268 -0.018560942085016342 0.022860964488338784 0.026903962544215621 0.033309365643395317 -0.013262902362191159 -0.00047619112076297882 -0.026892434674150808 -0.0089632461971713359 0.012605328288148433 -0.0034480112299293459 0.025511010354483506 -0.0014861685800410453 -0.034792657948415212 -0.00036494617147007208 0.0047615698126495867 -0.0054774947166442876 0.031898713579847797 0.01729971766471863 0.063808791587750116 -0.011482787205501405 0.014863344725858364 0.054613581148244578 -0.00049002214949181737 0.020013817142823648 -0.020187742759784064 -0.026097549111754811 0.026408374057689185 0.020173440106864116
leaf_weight=24 102 63 126 111 93 36 184 713 34 2023 816 1006 283 672 109 348 61 25 121 35 24 529 193 59 141 116 48 81 284 103
leaf_count=24 102 63 126 111 93 36 184 713 34 2023 816 1006 283 672 109 348 61 25 121 35 24 529 193 59 141 116 48 81 284 103
internal_value=0 0.00278918 0.00458865 -0.00451695 -0.00547925 -0.00743966 0.00324438 0.00268306 -0.00827637 -0.00719038 0.00391977 0.00473378 0.00264017 0.00705161 -0.00220577 0.0131944 -0.0205997 0.000214479 0.0130972 -0.000690532 0.0284586 -0.00938009 0.00860918 0.0078402 0.0172639 -0.00681357 0.00824751 -0.0130035 0.0228934 0.0327165
internal_weight=0 5294 4502 3269 3158 792 4194 806 2352 2250 4068 3884 3068 1606 1462 934 170 1292 286 165 49 756 227 651 303 693 164 116 308 162
internal_count=8563 5294 4502 3269 3158 792 4194 806 2352 2250 4068 3884 3068 1606 1462 934 170 1292 286 165 49 756 227 651 303 693 164 116 308 162
shrinkage=0.1


Tree=18
num_leaves=31
num_cat=0
split_feature=2 12 14 6 10 0 6 0 10 15 11 3 4 4 12 11 13 10 6 11 7 13 7 14 15 8 9 1 6 13
split_gain=9.99619 7.60416 7.75363 7.28977 6.61334 6.84908 6.60243 6.56573 9.23477 7.12421 6.78303 6.22366 6.14737 5.99478 7.22619 5.72933 7.4874 5.66614 5.3288 5.20222 5.00216 4.98606 4.60168 4.56409 4.52353 6.38078 4.48506 4.36889 4.26919 4.1407
threshold=44.500000000000007 2.5000000000000004 51.500000000000007 1.0000000180025095e-35 2.5000000000000004 5.5000000000000009 2.5000000000000004 36.500000000000007 4.5000000000000009 15.500000000000002 1.5000000000000002 27.500000000000004 4.5000000000000009 1.5000000000000002 1.0000000180025095e-35 2.5000000000000004 57.500000000000007 1.5000000000000002 5.5000000000000009 4.5000000000000009 11.500000000000002 2.5000000000000004 5.5000000000000009 2.5000000000000004 4.5000000000000009 6.5000000000000009 23.500000000000004 22.500000000000004 4.5000000000000009 13.500000000000002
decision_type=2 2 2 2 2 2 2 2 2 2 2 2 2 2 2 2 2 2 2 2 2 2 2 2 2 2 2 2 2 2
left_child=1 3 4 22 6 -6 20 8 9 10 21 13 17 14 -12 -7 -17 -8 29 -9 -3 -5 -1 -23 -24 -26 -25 -11 -19 -15
right_child=-2 2 -4 7 5 15 12 19 -10 27 11 -13 -14 18 -16 16 -18 28 -20 -21 -22 23 24 26 25 -27 -28 -29 -30 -31
leaf_value=-0.033100318531446821 -0.012818562606690634 -0.012085549992935679 0.024727201338895818 0.054810935494146854 -0.053928000786725216 -0.001452928488040011 0.013993925269859942 0.017641791296593937 -0.020317015593702144 -0.016842181956575764 0.024190265985278341 -0.050311413407325749 0.039921763773057978 0.0086038967888260719 -0.0085002195566624139 -0.018388982076012628 0.028703716066148546 -0.0066327168176203606 -0.032528700573103773 -0.018646765656249467 0.0039115225049582399 0.04220553598505386 0.018576457439842872 0.015939063182822219 0.028026141502239088 -0.026876982377499956 -0.026051020170703078 0.010426000650826987 0.023300581066696732 -0.0011461190865521972
leaf_weight=79 568 535 97 38 34 589 335 486 165 248 77 21 51 2270 555 543 36 405 35 43 308 47 59 111 27 98 33 77 54 539
leaf_count=79 568 535 97 38 34 589 335 486 165 248 77 21 51 2270 555 543 36 405 35 43 308 47 59 111 27 98 33 77 54 539
internal_value=0 0.000910687 -0.0030826 0.00329247 -0.00401601 -0.00968487 2.06965e-05 0.00419069 0.00287304 0.00381759 0.00505612 0.00396428 0.0062674 0.00429218 -0.00451736 -0.00839697 -0.0154609 0.00410573 0.00624985 0.0146921 -0.00624083 0.0217294 -0.0129131 0.0151477 -0.0042458 -0.0150179 0.00631634 -0.0103817 -0.00311115 0.00673303
internal_weight=0 7995 2987 5008 2890 1202 1688 4745 4216 4051 3726 3497 845 3476 632 1168 579 794 2844 529 843 229 263 191 184 125 144 325 459 2809
internal_count=8563 7995 2987 5008 2890 1202 1688 4745 4216 4051 3726 3497 845 3476 632 1168 579 794 2844 529 843 229 263 191 184 125 144 325 459 2809
shrinkage=0.1


Tree=19
num_leaves=31
num_cat=0
split_feature=2 9 3 11 0 13 6 4 13 5 1 3 4 7 12 0 15 1 12 7 6 14 13 15 14 0 7 13 8 9
split_gain=8.16247 7.49431 7.50009 7.88706 7.29769 6.59711 5.79094 5.76549 5.60853 6.31307 5.50746 5.09599 5.08772 4.7274 5.3877 4.60554 8.2407 6.85618 4.91974 4.58941 5.0582 8.43993 4.55496 5.20081 6.29486 4.4145 4.50574 4.18522 5.38567 4.83492
threshold=18.500000000000004 8.5000000000000018 12.500000000000002 4.5000000000000009 36.500000000000007 25.500000000000004 2.5000000000000004 1.5000000000000002 17.500000000000004 2.5000000000000004 21.500000000000004 9.5000000000000018 2.5000000000000004 11.500000000000002 1.5000000000000002 30.500000000000004 12.500000000000002 28.500000000000004 3.5000000000000004 11.500000000000002 3.5000000000000004 8.5000000000000018 15.500000000000002 4.5000000000000009 6.5000000000000009 17.500000000000004 13.500000000000002 4.5000000000000009 30.500000000000004 3.5000000000000004
decision_type=2 2 2 2 2 2 2 2 2 2 2 2 2 2 2 2 2 2 2 2 2 2 2 2 2 2 2 2 2 2
left_child=8 6 3 4 12 -5 7 13 9 19 -10 -8 -3 14 -2 -4 18 -18 -17 -1 -21 -22 -14 24 -24 -12 -27 28 29 -9
right_child=1 2 15 5 -6 -7 11 27 10 -11 25 -13 22 -15 -16 16 17 -19 -20 20 21 -23 23 -25 -26 26 -28 -29 -30 -31
leaf_value=-0.0037806474079843614 0.00067108007577749409 -0.00060583492104499632 -0.010476525349730856 -0.030306365171022583 0.019728563433583781 0.014217050215031238 0.0079007712228501108 0.00063789620731784181 -0.013501073168773279 0.014221173944230565 0.056117312014102944 -0.015750823901817864 0.014454848798986984 0.0037445276147789427 -0.031873052688235912 0.019561959324881088 -0.022534399575927632 0.028543627448379995 -0.031148560841878253 0.023368184305727485 0.038621527914490021 -0.028047493554778022 0.011561549840302304 0.0064374334778380298 -0.049014162378651756 -0.022132440918200727 0.024974298278490705 -0.0025149817771573622 -0.054030598799387625 -0.018581840424675651
leaf_weight=512 65 1273 712 114 316 47 470 226 255 835 20 113 584 72 234 215 147 32 21 160 28 59 29 247 42 37 45 1312 30 311
leaf_count=512 65 1273 712 114 316 47 470 226 255 835 20 113 584 72 234 215 147 32 21 160 28 59 29 247 42 37 45 1312 30 311
internal_value=0 -0.0016771 0.00123787 0.00414202 0.00552845 -0.0173088 -0.00556545 -0.00786686 0.00568376 0.00822114 -0.00564561 0.0033165 0.00346535 -0.0192589 -0.0247982 -0.00559605 0.00277721 -0.0134031 0.0150496 0.00162031 0.0128158 -0.0065908 0.00921105 -0.000419069 -0.024272 0.013993 0.00371882 -0.00561754 -0.0127967 -0.0104931
internal_weight=0 6612 3779 2652 2491 161 2833 2250 1951 1594 357 583 2175 371 299 1127 415 179 236 759 247 87 902 318 71 102 82 1879 567 537
internal_count=8563 6612 3779 2652 2491 161 2833 2250 1951 1594 357 583 2175 371 299 1127 415 179 236 759 247 87 902 318 71 102 82 1879 567 537
shrinkage=0.1


Tree=20
num_leaves=31
num_cat=0
split_feature=2 9 0 2 13 6 5 12 12 3 10 11 7 0 8 2 1 10 13 2 15 0 12 3 8 14 10 0 15 7
split_gain=7.92861 6.2393 7.37866 6.49499 6.8614 5.35133 5.56223 4.72106 4.61366 8.0289 4.46452 6.35195 7.56672 4.32739 4.09021 4.08182 3.91655 5.00084 4.95247 5.31991 4.4243 4.52394 4.41509 3.83428 4.87456 4.70388 4.6252 5.46695 4.30519 4.40008
threshold=44.500000000000007 8.5000000000000018 9.5000000000000018 9.5000000000000018 23.500000000000004 2.5000000000000004 1.5000000000000002 1.5000000000000002 2.5000000000000004 16.500000000000004 2.5000000000000004 4.5000000000000009 45.500000000000007 33.500000000000007 4.5000000000000009 7.5000000000000009 2.5000000000000004 3.5000000000000004 13.500000000000002 24.500000000000004 22.500000000000004 29.500000000000004 5.5000000000000009 4.5000000000000009 2.5000000000000004 2.5000000000000004 2.5000000000000004 23.500000000000004 12.500000000000002 2.5000000000000004
decision_type=2 2 2 2 2 2 2 2 2 2 2 2 2 2 2 2 2 2 2 2 2 2 2 2 2 2 2 2 2 2
left_child=1 3 -3 7 5 6 -5 -1 23 -10 11 -4 -13 -11 -7 -9 17 20 -19 -20 21 -12 -18 25 -25 26 27 -8 29 -26
right_child=-2 2 10 4 -6 14 8 15 9 13 16 12 -14 -15 -16 -17 22 18 19 -21 -22 -23 -24 24 28 -27 -28 -29 -30 -31
leaf_value=0.045714489618937176 -0.011416174374310903 -0.013746185095739168 0.0083508328491488839 -0.027547693191742412 -0.020321110825647009 -0.02751071308340345 -0.002304766635702114 -0.0081891498168309533 -0.013712378308521246 0.048224143420948704 -0.0023276363890017233 -0.025543064304760527 0.041568800956010822 -0.008694729479876432 0.0075855963484004699 0.026968745862023309 0.0020179828494913321 -0.050076398625969888 0.018506326143806047 -0.0324280911165735 -0.035904749482870105 0.036348170712590215 0.045270240306854254 0.02873079299926758 -0.034902196195390492 0.00043822517925566368 0.048088151616294213 0.043675679734775 -0.028756616391786716 -0.0026317756084692965
leaf_weight=42 568 239 2265 98 220 35 99 75 606 34 124 105 20 22 648 59 1418 48 37 46 28 40 24 40 45 728 41 35 82 692
leaf_count=42 568 239 2265 98 220 35 99 75 606 34 124 105 20 22 648 59 1418 48 37 46 28 40 24 40 45 728 41 35 82 692
internal_value=0 0.000811055 0.00334 -0.00227481 -0.00323754 -0.00206488 -0.00419132 0.0164601 -0.00324705 -0.0103646 0.00432282 0.00713975 -0.0148052 0.0258632 0.0057871 0.00729082 0.000508401 -0.00944476 -0.0245086 -0.00972239 0.000833161 0.00710549 0.00273785 -0.000572917 -0.00535576 0.00397688 0.0186977 0.00970505 -0.00702055 -0.00460215
internal_weight=0 7995 4394 3601 3425 3205 2522 176 2424 662 4155 2390 125 56 683 134 1765 323 131 83 192 164 1442 1762 859 903 175 134 819 737
internal_count=8563 7995 4394 3601 3425 3205 2522 176 2424 662 4155 2390 125 56 683 134 1765 323 131 83 192 164 1442 1762 859 903 175 134 819 737
shrinkage=0.1


Tree=21
num_leaves=31
num_cat=0
split_feature=11 5 0 8 2 12 12 6 6 8 14 13 13 0 2 12 15 14 3 7 14 13 14 9 8 8 1 12 15 2
split_gain=7.29659 6.92784 6.53119 5.3863 4.84716 6.58559 8.76626 5.25428 5.20694 6.3604 5.05971 5.13794 4.67659 4.6229 4.26914 4.22634 5.50182 7.78509 5.63966 4.61372 4.21124 7.26998 5.17888 5.17529 6.50816 4.64995 4.74059 4.51062 4.11149 4.6154
threshold=2.5000000000000004 2.5000000000000004 21.500000000000004 16.500000000000004 20.500000000000004 3.5000000000000004 4.5000000000000009 2.5000000000000004 2.5000000000000004 79.500000000000014 36.500000000000007 28.500000000000004 11.500000000000002 23.500000000000004 41.500000000000007 2.5000000000000004 12.500000000000002 11.500000000000002 7.5000000000000009 2.5000000000000004 11.500000000000002 14.500000000000002 27.500000000000004 16.500000000000004 60.500000000000007 62.500000000000007 2.5000000000000004 2.5000000000000004 24.500000000000004 37.500000000000007
decision_type=2 2 2 2 2 2 2 2 2 2 2 2 2 2 2 2 2 2 2 2 2 2 2 2 2 2 2 2 2 2
left_child=1 28 14 15 5 -4 7 -7 10 12 -6 -12 13 -10 -2 16 19 18 -18 -3 23 22 -22 25 -25 26 27 -5 29 -1
right_child=2 3 4 20 8 6 -8 -9 9 -11 11 -13 -14 -15 -16 -17 17 -19 -20 -21 21 -23 -24 24 -26 -27 -28 -29 -30 -31
leaf_value=-0.00099800035613455671 -0.0053283155757061981 -0.0085013621944492156 0.013549705774173821 0.0044287623394103281 -0.010636480063959831 0.0019291141629219058 0.028167005037439283 -0.061688592949429077 0.036565569648519161 -0.040062517740509729 -0.0031232523157241499 0.051613542547932378 -0.0028466236191215339 0.0076190698631107808 -0.018516464762646578 0.0032804012645856807 0.0082122178304763066 0.04781158864498139 -0.041964524053037168 0.020675012366370756 -0.0028797091370788069 -0.029233485893769697 0.048502819511023441 0.012521504720455498 0.0710833319595882 -0.041692330860174626 0.0073487276741952606 -0.0413871704177423 0.019298672291540333 -0.020979530782234381
leaf_weight=1921 1598 59 461 42 706 20 29 37 64 33 47 27 432 400 290 472 42 22 48 666 181 110 22 197 21 26 330 44 93 123
leaf_count=1921 1598 59 461 42 706 20 29 37 64 33 47 27 432 400 290 472 42 22 48 666 181 110 22 197 21 26 330 44 93 123
internal_value=0 0.0028268 -0.00301439 0.00665841 0.000617376 0.00881053 -0.0165936 -0.0393666 -0.00200501 0.00305277 -0.00802895 0.0168483 0.00464072 0.0116117 -0.00735404 0.0108471 0.015114 -0.00551365 -0.0185487 0.0183007 0.00102332 -0.00852987 0.00268884 0.00555385 0.0181628 -0.000665041 0.00189917 -0.0190119 -0.00126479 -0.00220041
internal_weight=0 4419 4144 2282 2256 547 86 57 1709 929 780 74 896 464 1888 1309 837 112 90 725 973 313 203 660 218 442 416 86 2137 2044
internal_count=8563 4419 4144 2282 2256 547 86 57 1709 929 780 74 896 464 1888 1309 837 112 90 725 973 313 203 660 218 442 416 86 2137 2044
shrinkage=0.1


Tree=22
num_leaves=31
num_cat=0
split_feature=2 0 3 4 15 5 8 0 11 12 14 0 15 8 10 15 14 3 5 8 10 0 15 7 1 6 13 9 1 1
split_gain=5.95188 6.2402 5.58687 7.42482 5.77142 5.72658 6.65437 4.9565 4.64701 5.09403 5.10546 4.87084 4.6379 4.59291 4.5555 6.29841 5.17241 6.39155 4.47517 7.1965 4.45466 5.38933 4.37515 4.30633 4.92411 4.28915 4.18245 4.36781 3.87204 4.84769
threshold=47.500000000000007 43.500000000000007 13.500000000000002 2.5000000000000004 2.5000000000000004 1.5000000000000002 7.5000000000000009 22.500000000000004 1.5000000000000002 2.5000000000000004 55.500000000000007 24.500000000000004 51.500000000000007 4.5000000000000009 3.5000000000000004 4.5000000000000009 12.500000000000002 1.0000000180025095e-35 4.5000000000000009 43.500000000000007 1.5000000000000002 41.500000000000007 38.500000000000007 50.500000000000007 27.500000000000004 1.0000000180025095e-35 12.500000000000002 38.500000000000007 12.500000000000002 2.5000000000000004
decision_type=2 2 2 2 2 2 2 2 2 2 2 2 2 2 2 2 2 2 2 2 2 2 2 2 2 2 2 2 2 2
left_child=1 2 3 5 -4 6 -1 -8 11 14 26 -7 22 -3 25 -16 17 -17 20 28 23 -22 -6 24 -5 -10 27 -11 29 -20
right_child=-2 13 4 18 12 8 7 -9 9 10 -12 -13 -14 -15 15 16 -18 -19 19 -21 21 -23 -24 -25 -26 -27 -28 -29 -30 -31
leaf_value=-0.035080107273358217 -0.016668174825786974 0.048887466107095989 0.010590906110969751 0.015926291930880535 -0.0083204335821877931 0.00062256440138205513 -0.014845924300176125 0.037000476302845135 -0.015316053554993268 -0.0054205837038278871 0.042055404044332959 0.031764413992112335 0.019214606798928363 0.010209598487615587 -0.033161599582500673 0.026132053498065834 0.030684121062115929 -0.02626919448375702 -0.015428841916414408 -0.03602251387906797 0.0036594673818412375 0.043277233583586559 -0.036057231972614921 0.053359611545290266 -0.024237642775882376 0.0034452924152666878 -0.017212824290057264 0.031682678244330666 -0.016894075031183203 0.038184877236684164
leaf_weight=106 209 35 185 407 1090 117 54 28 129 823 21 88 58 250 89 33 41 79 26 66 1811 35 60 28 33 2200 332 33 49 48
leaf_count=106 209 35 185 407 1090 117 54 28 129 823 21 88 58 250 89 33 41 79 26 66 1811 35 60 28 33 2200 332 33 49 48
internal_value=0 0.000417004 -9.6643e-05 0.00110532 -0.0058571 -0.00147748 -0.0185328 0.00285772 -0.000672865 -0.00146812 -0.00682143 0.0139908 -0.00837604 0.0149595 0.00104925 -0.0120093 0.000295035 -0.0108295 0.00541137 -0.00938398 0.0066198 0.00441062 -0.00976757 0.0153338 0.012914 0.00240613 -0.00768541 -0.0039902 0.00490987 0.0193476
internal_weight=0 8354 8069 6676 1393 4173 188 82 3985 3780 1209 205 1208 285 2571 242 153 112 2503 189 2314 1846 1150 468 440 2329 1188 856 123 74
internal_count=8563 8354 8069 6676 1393 4173 188 82 3985 3780 1209 205 1208 285 2571 242 153 112 2503 189 2314 1846 1150 468 440 2329 1188 856 123 74
shrinkage=0.1


Tree=23
num_leaves=31
num_cat=0
split_feature=11 5 0 2 14 6 5 3 8 13 14 6 9 9 11 5 9 1 8 9 8 15 15 9 0 4 15 7 2 1
split_gain=5.73656 5.59702 5.27587 5.34069 4.67366 4.65006 4.87456 4.4698 4.15574 4.10513 6.70769 3.92905 5.20402 3.86827 3.85086 6.95664 4.364 4.0526 3.86995 5.66779 5.39152 4.32001 4.64407 3.82946 3.77984 3.72941 3.92012 4.82864 6.53349 4.19188
threshold=2.5000000000000004 2.5000000000000004 16.500000000000004 20.500000000000004 3.5000000000000004 2.5000000000000004 4.5000000000000009 1.5000000000000002 16.500000000000004 14.500000000000002 33.500000000000007 3.5000000000000004 12.500000000000002 7.5000000000000009 1.5000000000000002 1.5000000000000002 1.5000000000000002 16.500000000000004 10.500000000000002 15.500000000000002 18.500000000000004 23.500000000000004 12.500000000000002 43.500000000000007 28.500000000000004 1.0000000180025095e-35 3.5000000000000004 12.500000000000002 21.500000000000004 1.5000000000000002
decision_type=2 2 2 2 2 2 2 2 2 2 2 2 2 2 2 2 2 2 2 2 2 2 2 2 2 2 2 2 2 2
left_child=1 14 -2 4 13 -5 7 11 -3 -6 -11 12 -7 -4 15 24 -16 -17 21 25 -21 22 -18 -13 -1 -20 27 28 -27 -28
right_child=2 8 3 5 9 6 -8 -9 -10 10 -12 23 -14 -15 16 17 18 -19 19 20 -22 -23 -24 -25 -26 26 29 -29 -30 -31
leaf_value=-0.00086117436032776451 -0.0091315212049228375 0.0096296388596136956 0.010122794058264757 -0.0077488134017951963 0.0084636310004253881 0.017069774249504354 -0.015910781718589166 -0.00040960185090947596 0.0010007292874547953 -0.018602027265441339 0.025014623675657356 0.034457938650013072 -0.022680101866992014 0.056515842862427237 -0.029511866718530656 0.010288098704723912 -0.0043021681907821482 0.040376793943783823 -0.029011304855346684 -0.032662915779011592 0.017431147348496222 0.031283677008844192 -0.025139666522542639 -0.002607961603113123 -0.04397393918037415 0.041607242628284129 -0.021412783192128554 0.069396863606843093 -0.01527143625749482 0.0099322869741555429
leaf_weight=109 969 1309 41 1126 536 87 148 805 973 151 46 113 53 32 60 131 984 68 25 70 31 31 120 37 25 46 49 22 36 330
leaf_count=109 969 1309 41 1126 536 87 148 805 973 151 46 113 53 32 60 131 984 68 25 70 31 31 120 37 25 46 49 22 36 330
internal_value=0 0.00250646 -0.00267279 -0.000701605 0.00632979 -0.00309388 0.00112289 0.00342516 0.00595044 0.0039267 -0.00841743 0.0140699 0.00202161 0.0304595 -0.00117121 0.00870915 -0.00299502 0.0205697 -0.00208274 0.00434811 -0.0172875 -0.0055333 -0.00656711 0.025315 -0.0089046 0.00864968 0.010599 0.027797 0.0166361 0.00587976
internal_weight=0 4419 4144 3175 806 2369 1243 1095 2282 733 197 290 140 73 2137 333 1804 199 1744 609 101 1135 1104 150 134 508 483 104 82 379
internal_count=8563 4419 4144 3175 806 2369 1243 1095 2282 733 197 290 140 73 2137 333 1804 199 1744 609 101 1135 1104 150 134 508 483 104 82 379
shrinkage=0.1


Tree=24
num_leaves=31
num_cat=0
split_feature=1 0 2 14 9 3 15 5 8 6 11 10 7 11 15 4 13 14 2 9 13 9 7 7 13 13 4 1 5 1
split_gain=5.24834 5.37583 5.9545 5.46646 5.14219 4.7007 4.68436 4.38445 7.65458 4.32647 4.32203 4.30889 7.724 4.75984 5.28075 5.98789 5.25882 7.52338 6.0353 7.38835 5.74074 5.10064 6.98878 4.65031 4.6386 4.4074 4.01946 3.88523 3.86718 6.11954
threshold=3.5000000000000004 43.500000000000007 39.500000000000007 2.5000000000000004 8.5000000000000018 6.5000000000000009 7.5000000000000009 1.5000000000000002 4.5000000000000009 2.5000000000000004 3.5000000000000004 3.5000000000000004 38.500000000000007 1.5000000000000002 4.5000000000000009 1.5000000000000002 6.5000000000000009 1.5000000000000002 21.500000000000004 6.5000000000000009 5.5000000000000009 8.5000000000000018 13.500000000000002 6.5000000000000009 17.500000000000004 57.500000000000007 5.5000000000000009 16.500000000000004 2.5000000000000004 1.0000000180025095e-35
decision_type=2 2 2 2 2 2 2 2 2 2 2 2 2 2 2 2 2 2 2 2 2 2 2 2 2 2 2 2 2 2
left_child=11 2 3 5 -4 -2 -7 8 27 -10 -6 12 13 -1 15 28 20 -18 19 -19 -17 22 -20 -22 -14 -13 -9 -5 -15 -30
right_child=1 -3 4 7 10 6 -8 26 9 -11 -12 25 24 14 -16 16 17 18 21 -21 23 -23 -24 -25 -26 -27 -28 -29 29 -31
leaf_value=0.016257901706478811 0.016640160091825434 0.015761309300386717 -0.01693554845548445 -0.05198573750945238 0.0040300222089538328 0.018931306953783391 -0.010552089721519754 0.001421595252614621 -0.014672515172707408 0.014780197115171523 -0.013329140598384234 -0.020531653119212807 0.041045127857115962 -0.032114456613342487 -0.010684687457763888 0.0015708211839683657 0.073135116696357735 -0.0036714893320332407 -0.013049097008564893 0.037927183375826908 -0.073064470887184138 -0.021474684002887774 0.055824068074042978 -0.0099298564451081421 -0.013333347723597573 0.018948535621166232 0.028160389159855088 -0.013329291114440332 0.0075321721095664837 -0.045245698200804846
leaf_weight=110 444 252 310 52 462 81 161 4104 95 105 208 243 62 77 867 246 20 69 34 112 20 83 26 28 21 32 57 52 102 28
leaf_count=110 444 252 310 52 462 81 161 4104 95 105 208 243 62 77 867 246 20 69 34 112 20 83 26 28 21 32 57 52 102 28
internal_value=0 0.00144682 0.000858455 0.00221778 -0.00628634 0.0105288 -0.00068368 0.000940878 -0.0106525 0.000790159 -0.00135909 -0.00423626 -0.00254709 -0.00390615 -0.00520173 0.000423973 0.00521892 0.0136121 0.00993787 0.0220691 -0.00460171 -0.00541708 0.0167959 -0.0362359 0.0272867 -0.0159376 0.00178788 -0.0326575 -0.0143546 -0.00383537
internal_weight=0 6383 6131 5151 980 686 242 4465 304 200 670 2180 1905 1822 1712 845 638 344 324 181 294 143 60 48 83 275 4161 104 207 130
internal_count=8563 6383 6131 5151 980 686 242 4465 304 200 670 2180 1905 1822 1712 845 638 344 324 181 294 143 60 48 83 275 4161 104 207 130
shrinkage=0.1


Tree=25
num_leaves=31
num_cat=0
split_feature=10 0 14 1 2 8 3 6 11 2 13 3 8 8 9 2 15 13 1 3 8 3 15 4 3 14 2 14 12 15
split_gain=4.60383 5.44668 7.25899 6.49881 5.85719 5.09563 5.04586 4.5505 6.02095 4.71178 6.2129 5.09901 5.05595 5.31481 4.68953 4.34376 8.38513 5.41638 5.37438 5.36009 4.60299 6.5654 4.42314 4.2406 4.18664 4.41157 4.1198 4.11928 4.33091 7.85519
threshold=1.5000000000000002 19.500000000000004 2.5000000000000004 18.500000000000004 23.500000000000004 13.500000000000002 41.500000000000007 1.5000000000000002 3.5000000000000004 26.500000000000004 19.500000000000004 7.5000000000000009 58.500000000000007 21.500000000000004 7.5000000000000009 23.500000000000004 3.5000000000000004 3.5000000000000004 7.5000000000000009 6.5000000000000009 21.500000000000004 13.500000000000002 22.500000000000004 1.5000000000000002 15.500000000000002 1.5000000000000002 17.500000000000004 12.500000000000002 4.5000000000000009 28.500000000000004
decision_type=2 2 2 2 2 2 2 2 2 2 2 2 2 2 2 2 2 2 2 2 2 2 2 2 2 2 2 2 2 2
left_child=7 3 5 -2 -5 -3 15 8 -1 10 -9 12 13 14 -11 16 19 -17 22 -4 21 -20 -19 -21 25 -13 -7 -18 29 -29
right_child=1 2 6 4 -6 26 -8 9 -10 11 -12 24 -14 -15 -16 17 27 18 20 23 -22 -23 -24 -25 -26 -27 -28 28 -30 -31
leaf_value=-0.015287523226416792 -0.0070798689540969677 0.018039012118242683 0.0064654737117280994 0.026050969092254968 -0.0020155792435010275 0.036808693408966066 0.049406418949365621 0.013290669361446954 0.032190974297062046 -0.016186284478549119 -0.038359639048576359 0.023877602106048949 -0.034616535129370511 0.027344221249222755 0.011328460614091342 -0.016687590481878137 -0.0052188264702474341 -0.012342372283022455 0.012332630045575537 -0.0025051292873197986 -0.0071349668981011069 -0.009509080891375957 0.012922525858577295 0.039055791800304995 0.0069203726788784605 -0.024925448702778786 -0.0064280132452646903 0.0070274604251608259 0.037604925632476804 -0.040913792880805766
leaf_weight=193 2066 384 251 117 204 25 20 786 31 91 24 21 27 124 194 294 878 564 546 31 349 184 79 118 94 157 186 448 40 37
leaf_count=193 2066 384 251 117 204 25 20 786 31 91 24 21 27 124 194 294 878 564 546 31 349 184 79 118 94 157 186 448 40 37
internal_value=0 -0.00117178 0.000901557 -0.00502314 0.00821428 0.0111791 -0.000691347 0.00458824 -0.00871684 0.00655157 0.0117603 0.000592452 0.00729543 0.0100622 0.00254305 -0.000953708 0.00261249 -0.00414312 -0.00200138 0.0153844 0.00231125 0.00682732 -0.00923829 0.0304089 -0.010152 -0.0191678 -0.00130518 -0.00102882 0.00597846 0.00337009
internal_weight=0 6821 4434 2387 321 595 3839 1742 224 1518 810 708 436 409 285 3819 1803 2016 1722 400 1079 730 643 149 272 178 211 1403 525 485
internal_count=8563 6821 4434 2387 321 595 3839 1742 224 1518 810 708 436 409 285 3819 1803 2016 1722 400 1079 730 643 149 272 178 211 1403 525 485
shrinkage=0.1


Tree=26
num_leaves=31
num_cat=0
split_feature=11 10 7 12 13 1 4 13 1 14 2 0 9 3 15 2 5 8 6 14 13 3 6 2 13 1 7 11 4 2
split_gain=4.50359 4.86021 5.28829 5.17535 5.09711 5.7626 6.00403 4.91419 5.02329 4.68829 6.7638 5.33678 4.64113 4.60175 6.21328 6.01172 4.53274 4.56086 4.17929 4.09374 5.6282 4.87865 11.2735 5.33117 4.03723 4.07483 4.00507 7.16247 4.38583 6.08099
threshold=2.5000000000000004 3.5000000000000004 48.500000000000007 2.5000000000000004 20.500000000000004 11.500000000000002 4.5000000000000009 2.5000000000000004 15.500000000000002 14.500000000000002 34.500000000000007 7.5000000000000009 13.500000000000002 12.500000000000002 2.5000000000000004 34.500000000000007 2.5000000000000004 10.500000000000002 3.5000000000000004 2.5000000000000004 16.500000000000004 4.5000000000000009 2.5000000000000004 19.500000000000004 4.5000000000000009 5.5000000000000009 38.500000000000007 4.5000000000000009 1.5000000000000002 19.500000000000004
decision_type=2 2 2 2 2 2 2 2 2 2 2 2 2 2 2 2 2 2 2 2 2 2 2 2 2 2 2 2 2 2
left_child=1 2 3 16 5 6 -5 8 -7 11 12 -2 -11 18 -15 -16 17 -1 -13 -3 21 22 23 -21 25 -20 27 28 -14 -30
right_child=9 19 -4 4 -6 7 -8 -9 -10 10 -12 13 26 14 15 -17 -18 -19 24 20 -22 -23 -24 -25 -26 -27 -28 -29 29 -31
leaf_value=-0.002032702868422046 -0.029580769170733059 0.011796559380219047 0.033333097170975254 -0.0066492557826061411 -0.02339071891840222 -0.043185966822408862 0.047570332317125236 0.016179933314470901 0.0068309900007749863 0.013192141842274439 -0.0077681040844401793 -0.0045235764606647898 -0.018959687904613776 0.016501467923323312 -0.029995482700381118 -0.004797459081564536 0.01061129423581302 0.010501469945206362 -0.0052613320224212876 0.0087406554098786986 0.0017065350009107041 -0.027568560402200681 0.045435844830104287 -0.047282728698195484 0.0012339481410860015 0.037363958273615154 0.019980574120958168 -0.034331288888598932 -0.0089594677556306124 0.020324126354553416
leaf_weight=916 85 113 59 744 103 31 21 291 57 525 481 1635 82 60 201 179 1095 425 33 29 261 198 35 41 357 70 83 66 128 159
leaf_count=916 85 113 59 744 103 31 21 291 57 525 481 1635 82 60 201 179 1095 425 33 29 261 198 35 41 357 70 83 66 128 159
internal_value=0 0.00222082 0.00363144 0.00315563 -0.00208368 -0.000165304 -0.00516087 0.00991811 -0.0107886 -0.0023682 0.00204197 -0.00493351 0.00656609 -0.00410707 -0.013404 -0.0181259 0.00583766 0.00193972 -0.0021545 -0.0055761 -0.00905679 -0.0183282 -0.000903412 -0.024073 0.00626603 0.0237073 -0.000149513 -0.00399043 0.0014364 0.00726385
internal_weight=0 4419 3742 3683 1247 1144 765 379 88 4144 1524 2620 1043 2535 440 380 2436 1341 2095 677 564 303 105 70 460 103 518 435 369 287
internal_count=8563 4419 3742 3683 1247 1144 765 379 88 4144 1524 2620 1043 2535 440 380 2436 1341 2095 677 564 303 105 70 460 103 518 435 369 287
shrinkage=0.1


Tree=27
num_leaves=31
num_cat=0
split_feature=0 4 12 9 5 8 11 8 8 0 14 14 1 14 6 13 14 2 9 7 3 13 14 9 14 10 2 15 9 12
split_gain=3.9153 4.24258 5.58251 6.64472 5.17788 6.11412 5.62839 5.17012 5.3433 5.03611 4.57093 4.5278 4.43531 4.21893 4.04737 3.95841 5.23314 4.36793 3.88218 4.48846 3.82444 4.55476 7.5072 4.43608 4.50498 3.99544 3.7573 3.82382 3.89264 6.59336
threshold=3.5000000000000004 2.5000000000000004 1.5000000000000002 3.5000000000000004 1.5000000000000002 13.500000000000002 2.5000000000000004 28.500000000000004 27.500000000000004 41.500000000000007 40.500000000000007 2.5000000000000004 18.500000000000004 5.5000000000000009 1.5000000000000002 3.5000000000000004 7.5000000000000009 19.500000000000004 26.500000000000004 44.500000000000007 12.500000000000002 1.5000000000000002 13.500000000000002 5.5000000000000009 17.500000000000004 1.5000000000000002 20.500000000000004 4.5000000000000009 8.5000000000000018 1.5000000000000002
decision_type=2 2 2 2 2 2 2 2 2 2 2 2 2 2 2 2 2 2 2 2 2 2 2 2 2 2 2 2 2 2
left_child=-1 2 3 11 5 -4 12 8 9 13 -9 -2 -6 26 -13 -5 17 -17 -12 -20 21 22 -15 -22 -25 -23 -3 -28 -29 -30
right_child=1 7 4 15 6 -7 -8 10 -10 -11 18 14 -14 20 -16 16 -18 -19 19 -21 23 25 -24 24 -26 -27 27 28 29 -31
leaf_value=-0.024079063112166392 0.019542504847049714 0.022663498959855408 -0.028574921811620399 -0.0023965325936967253 -0.00049623303201834978 0.029343428782054357 -0.0068242899904492442 -0.0077341606018024606 0.042043031359973712 0.020454683552185698 0.040849692648962932 -0.03285028138658503 0.016261509322283561 0.0077841481076011175 0.0063753306060223966 0.055171959549188611 0.005159240193590273 0.018942343270537829 -0.037282066345214845 0.02971393555402756 -0.036926859098932022 0.018215556457865663 -0.037190675480025158 -0.013193045388826562 0.0083284486262571247 0.0026559756305013786 0.020032180814032862 -0.010827089934306738 -0.034304989408701657 0.013937750283764441
leaf_weight=67 34 167 138 204 2068 21 1719 616 38 180 38 91 171 79 37 40 299 198 20 20 46 197 70 231 168 1017 141 169 32 247
leaf_count=67 34 167 138 204 2068 21 1719 616 38 180 38 91 171 79 37 40 299 198 20 20 46 197 70 231 168 1017 141 169 32 247
internal_value=0 0.000189889 -0.00166961 0.00545087 -0.00323138 -0.0209253 -0.00252058 0.00287535 0.0048016 0.00428587 -0.00484628 -0.0128953 0.000783612 0.00315077 -0.0215116 0.00946178 0.0139666 0.0250314 0.0179606 -0.00378407 0.000527734 0.00315568 -0.013345 -0.00752146 -0.00413136 0.00518088 0.00942385 0.00566999 0.00114975 0.00840453
internal_weight=0 8496 5020 903 4117 159 3958 3476 2782 2744 694 162 2239 2564 128 741 537 238 78 40 1808 1363 149 445 399 1214 756 589 448 279
internal_count=8563 8496 5020 903 4117 159 3958 3476 2782 2744 694 162 2239 2564 128 741 537 238 78 40 1808 1363 149 445 399 1214 756 589 448 279
shrinkage=0.1


Tree=28
num_leaves=31
num_cat=0
split_feature=2 10 0 7 14 13 14 9 0 8 11 6 15 11 8 1 15 7 0 15 14 8 2 15 0 13 3 13 1 14
split_gain=3.79513 3.95224 6.04466 5.89729 5.91357 4.83401 4.93149 4.64702 5.39703 4.61707 4.35725 4.42242 5.68604 4.37693 4.25369 4.17923 4.38045 7.05296 4.4375 5.56989 4.65062 4.02763 4.39451 4.29545 3.99845 3.84505 4.61232 3.69863 3.64725 5.76926
threshold=47.500000000000007 2.5000000000000004 4.5000000000000009 44.500000000000007 36.500000000000007 19.500000000000004 3.5000000000000004 3.5000000000000004 13.500000000000002 10.500000000000002 1.5000000000000002 1.5000000000000002 10.500000000000002 3.5000000000000004 19.500000000000004 22.500000000000004 13.500000000000002 20.500000000000004 27.500000000000004 7.5000000000000009 6.5000000000000009 58.500000000000007 32.500000000000007 49.500000000000007 33.500000000000007 7.5000000000000009 2.5000000000000004 11.500000000000002 12.500000000000002 2.5000000000000004
decision_type=2 2 2 2 2 2 2 2 2 2 2 2 2 2 2 2 2 2 2 2 2 2 2 2 2 2 2 2 2 2
left_child=1 3 -3 5 -5 10 14 8 -4 24 28 12 -12 -14 -7 16 18 -18 -9 20 -20 23 -23 -13 -10 26 -11 -22 29 -1
right_child=-2 2 7 4 -6 6 -8 15 9 25 11 21 13 -15 -16 -17 17 -19 19 -21 27 22 -24 -25 -26 -27 -28 -29 -30 -31
leaf_value=0.037909351185310719 -0.013309892926489909 -0.038818059563636785 -0.043777630353967353 0.010903759928774244 0.058105579544516173 0.040046537691547028 -0.017751302763754053 -0.0029409658464156887 -0.014465093554802312 -0.0098511447906494149 -0.0015096477439834012 0.0027351768107524814 -0.0346132450244006 0.01367884045061858 -0.016712505661922953 0.0083043458362420403 -0.015327588381048689 0.0055206971739729244 0.035311175396908888 -0.0051013823044605746 0.024467455239399621 0.014381796419620514 -0.043529400660803443 0.047051391547376462 -0.061429726806553932 -0.0076127783715269947 0.046387059220245913 -0.0012010863464739588 0.027217905434469381 -0.0032424889141466559
leaf_weight=43 209 45 48 121 34 31 227 1079 103 25 432 3752 102 23 23 450 501 240 92 195 92 20 38 22 22 131 35 144 120 164
leaf_count=43 209 45 48 121 34 31 227 1079 103 25 432 3752 102 23 23 450 501 240 92 195 92 20 38 22 22 131 35 144 120 164
internal_value=0 0.000332986 -0.00242601 0.00204772 0.0212577 0.00145185 -0.01129 -0.00190728 -0.0125349 -0.00778913 0.00221107 0.00138139 -0.00694453 -0.0257275 0.0158714 -0.000522232 -0.00221748 -0.00857511 0.000723225 0.00828281 0.0162399 0.00259161 -0.02356 0.00299351 -0.0227309 0.0019895 0.0229545 0.00880529 0.013347 0.00530596
internal_weight=0 8354 3202 5152 155 4997 281 3157 364 316 4716 4389 557 125 54 2793 2343 741 1602 523 328 3832 58 3774 125 191 60 236 327 207
internal_count=8563 8354 3202 5152 155 4997 281 3157 364 316 4716 4389 557 125 54 2793 2343 741 1602 523 328 3832 58 3774 125 191 60 236 327 207
shrinkage=0.1


Tree=29
num_leaves=31
num_cat=0
split_feature=1 2 0 14 13 15 10 14 8 14 5 8 4 9 12 14 9 9 15 6 3 1 14 15 4 11 1 8 9 15
split_gain=3.2817 3.38035 4.97095 4.29158 4.77384 4.6783 6.90337 5.22358 4.12078 4.72542 4.54451 4.1871 4.0627 7.57211 5.33518 3.30842 3.2275 3.5628 3.22002 3.05977 3.04715 2.97834 5.92617 2.9162 3.41672 3.85059 2.9743 3.67047 4.20618 2.84745
threshold=1.0000000180025095e-35 23.500000000000004 37.500000000000007 2.5000000000000004 4.5000000000000009 3.5000000000000004 1.5000000000000002 12.500000000000002 22.500000000000004 26.500000000000004 1.5000000000000002 33.500000000000007 1.5000000000000002 58.500000000000007 1.0000000180025095e-35 6.5000000000000009 49.500000000000007 74.500000000000014 30.500000000000004 1.5000000000000002 24.500000000000004 22.500000000000004 13.500000000000002 4.5000000000000009 2.5000000000000004 3.5000000000000004 7.5000000000000009 9.5000000000000018 7.5000000000000009 19.500000000000004
decision_type=2 2 2 2 2 2 2 2 2 2 2 2 2 2 2 2 2 2 2 2 2 2 2 2 2 2 2 2 2 2
left_child=20 3 12 4 -2 21 19 29 10 11 -9 -10 13 14 15 -3 -4 -18 23 -7 -1 -5 -23 -12 -25 26 -26 -28 -29 -8
right_child=1 2 16 5 -6 6 7 8 9 -11 18 -13 -14 -15 -16 -17 17 -19 -20 -21 -22 22 -24 24 25 -27 27 28 -30 -31
leaf_value=-0.0031838690513436175 -0.0066049193987598662 0.049508412537120641 0.011041729350444219 0.012012809576200588 0.022325561757792128 -0.015094412442965386 -0.0085911086525541479 -0.021773515099828895 -0.0471924518997019 0.010744669528330787 -0.010086387130949233 -0.00084668644836970739 -0.00086253677419435848 0.047381129454482689 -0.015426941493153573 -0.004841822385787964 -0.032690738342903758 0.01887950414703006 -0.022961802244186404 0.014321391705158205 -0.024530441846166338 -0.045234647834742514 0.023841189949408825 0.025660553714031073 0.022890893108135947 0.034706839919090272 -0.032771497184321999 -0.03075984060764313 0.026160260390590981 0.0068785988953378469
leaf_weight=1496 77 21 451 560 220 39 1003 44 44 59 45 35 2829 22 500 24 37 21 25 379 70 27 23 203 37 38 42 20 37 135
leaf_count=1496 77 21 451 560 220 39 1003 44 44 59 45 35 2829 22 500 24 37 21 25 379 70 27 23 203 37 38 42 20 37 135
internal_value=0 0.00092614 -0.0010297 0.00339625 0.0148251 0.00218181 2.01217e-05 -0.00271373 0.00459954 -0.0106679 0.00889059 -0.0266595 -0.00241099 -0.0101369 -0.0124587 0.0205216 0.00818611 -0.0140188 0.011909 0.0115769 -0.00413806 0.00992489 -0.0134598 0.0139748 0.0168468 0.0065641 -0.00129932 -0.0103401 0.0061883 -0.00675595
internal_weight=0 6997 3905 3092 297 2795 2185 1767 629 138 491 79 3396 567 545 45 509 58 447 418 1566 610 50 422 377 174 136 99 57 1138
internal_count=8563 6997 3905 3092 297 2795 2185 1767 629 138 491 79 3396 567 545 45 509 58 447 418 1566 610 50 422 377 174 136 99 57 1138
shrinkage=0.1


Tree=30
num_leaves=31
num_cat=0
split_feature=3 2 15 4 15 13 15 0 12 0 3 7 15 5 8 12 13 15 2 9 3 4 15 9 14 2 0 10 1 5
split_gain=3.02899 6.26163 4.34657 4.12879 4.32448 3.58515 4.12871 4.36462 4.237 4.2594 5.04547 4.06065 4.18908 3.50734 4.20733 3.48062 3.44285 3.43302 5.66668 4.32255 3.75246 3.55116 3.38632 3.86627 4.85615 6.78887 4.78324 3.26704 3.17237 3.13277
threshold=12.500000000000002 6.5000000000000009 33.500000000000007 2.5000000000000004 30.500000000000004 13.500000000000002 17.500000000000004 14.500000000000002 3.5000000000000004 24.500000000000004 1.0000000180025095e-35 13.500000000000002 20.500000000000004 1.5000000000000002 8.5000000000000018 3.5000000000000004 4.5000000000000009 2.5000000000000004 18.500000000000004 4.5000000000000009 41.500000000000007 3.5000000000000004 1.0000000180025095e-35 2.5000000000000004 2.5000000000000004 25.500000000000004 43.500000000000007 4.5000000000000009 17.500000000000004 3.5000000000000004
decision_type=2 2 2 2 2 2 2 2 2 2 2 2 2 2 2 2 2 2 2 2 2 2 2 2 2 2 2 2 2 2
left_child=2 -2 3 4 13 6 8 -8 -5 10 -10 12 -9 14 28 -4 -12 18 -3 29 -21 -20 -15 24 -24 -26 27 -25 -1 -19
right_child=1 17 15 5 -6 -7 7 11 9 -11 16 -13 -14 22 -16 -17 -18 19 21 20 -22 -23 23 26 25 -27 -28 -29 -30 -31
leaf_value=-0.034867796572027626 -0.058003646561077662 0.039753871119540672 -0.00034350631268400899 0.010728526323957904 -0.043826728810866675 -0.0014999956022817772 -0.039784339582547547 -0.050558527730978457 -0.029968858696520329 -0.035681893657415344 -0.014163353132164998 0.011021397522715637 -0.0025026773164669672 0.0083681169168028265 0.0046450628296417348 0.022322266937016014 0.032735610798913607 -0.033138397884094853 -0.008001292937181213 -0.0039668527081575082 0.03017089538501971 0.024007977481852186 0.010016470192334592 -0.00063425786623127383 -0.0077040634463342392 -0.043084347611054397 0.024961223701635997 -0.023121166319558115 0.009118541553616525 -0.00014387847379196522
leaf_weight=91 21 46 114 1179 24 858 32 26 32 39 23 129 60 378 68 167 49 87 132 1327 33 47 78 3066 178 78 72 66 20 43
leaf_count=91 21 46 114 1179 24 858 32 26 32 39 23 129 60 378 68 167 49 87 132 1327 33 47 78 3066 178 78 72 66 20 43
internal_value=0 -0.00372972 0.00094841 0.000425624 -0.00150218 0.00369741 0.00653958 -0.00532802 0.0087569 -0.00749867 0.00307004 -0.000199638 -0.0170312 -0.00125412 -0.0149427 0.0131269 0.017754 -0.00306514 0.00844837 -0.00480376 -0.00313851 0.000403376 -0.00062842 -0.00158961 -0.0118282 -0.018484 -0.000522292 -0.00110812 -0.0269423 -0.0222248
internal_weight=0 1736 6827 6546 4119 2427 1569 247 1322 143 104 215 86 4095 179 281 72 1715 225 1490 1360 179 3916 3538 334 256 3204 3132 111 130
internal_count=8563 1736 6827 6546 4119 2427 1569 247 1322 143 104 215 86 4095 179 281 72 1715 225 1490 1360 179 3916 3538 334 256 3204 3132 111 130
shrinkage=0.1


Tree=31
num_leaves=31
num_cat=0
split_feature=2 3 10 0 7 14 13 6 9 13 11 15 0 9 11 1 1 9 9 0 8 3 8 0 2 1 3 15 0 9
split_gain=2.95981 3.36974 3.61638 5.89558 4.07647 4.30695 3.52636 4.31088 5.8604 5.65501 5.1145 4.91073 4.65937 4.65848 3.89949 3.89598 3.60355 3.30867 3.26962 4.18247 3.75277 3.21649 3.1914 3.0994 3.08193 3.19288 3.76826 3.40919 4.31227 3.19367
threshold=47.500000000000007 41.500000000000007 2.5000000000000004 4.5000000000000009 44.500000000000007 36.500000000000007 15.500000000000002 2.5000000000000004 23.500000000000004 7.5000000000000009 4.5000000000000009 17.500000000000004 38.500000000000007 13.500000000000002 1.5000000000000002 4.5000000000000009 23.500000000000004 49.500000000000007 3.5000000000000004 13.500000000000002 10.500000000000002 3.5000000000000004 7.5000000000000009 26.500000000000004 5.5000000000000009 5.5000000000000009 9.5000000000000018 23.500000000000004 10.500000000000002 22.500000000000004
decision_type=2 2 2 2 2 2 2 2 2 2 2 2 2 2 2 2 2 2 2 2 2 2 2 2 2 2 2 2 2 2
left_child=1 2 4 -4 6 22 7 8 9 12 14 -11 -1 -12 15 -9 24 -8 19 -5 -21 -13 -6 -10 -16 27 -27 28 -26 -30
right_child=-2 -3 3 18 5 -7 17 10 23 11 13 21 -14 -15 16 -17 -18 -19 -20 20 -22 -23 -24 -25 25 26 -28 -29 29 -31
leaf_value=-0.0036793143932407762 -0.011754192928805876 0.033748701413472491 -0.038829269226301803 -0.038382260641083125 -0.027234205901622774 0.050515347579494121 -0.004079815000295639 0.05734588525124959 -0.050047443338802879 0.0090913360639155918 0.012026855530160847 0.0062278283415017309 0.021610589188180471 -0.03583354688477966 -0.023415259776576873 0.01504966758039533 -0.0091410300029175617 -0.033638215464789699 -0.00079762549875875678 -0.02017178065776825 0.002115017206881059 -0.039431394388278328 0.016488537103822917 -0.0062447363138198857 -0.036139939773467279 0.016600014933341525 0.0014462980901310018 0.036428421018300232 -0.0020964519762844773 0.019305002957247616
leaf_weight=1758 209 30 44 48 20 32 496 28 35 834 33 27 76 53 31 98 140 41 2770 125 191 36 101 30 31 579 229 27 322 89
leaf_count=1758 209 30 44 48 20 32 496 28 35 834 33 27 76 53 31 98 140 41 2770 125 191 36 101 30 31 579 229 27 322 89
internal_value=0 0.000294066 0.000173494 -0.00247884 0.00181149 0.0178899 0.0013188 0.00224137 -0.000155235 0.000551068 0.00627805 0.00705774 -0.00263131 -0.0174685 0.00757552 0.0244488 0.00610726 -0.0063366 -0.0019685 -0.0108787 -0.00670096 -0.0198632 0.00926164 -0.0298308 0.00773934 0.00849564 0.0123052 0.00193245 -0.000174775 0.00253793
internal_weight=0 8354 8324 3178 5146 153 4993 4456 2796 2731 1660 897 1834 86 1574 126 1448 537 3134 364 316 63 121 65 1308 1277 808 469 442 411
internal_count=8563 8354 8324 3178 5146 153 4993 4456 2796 2731 1660 897 1834 86 1574 126 1448 537 3134 364 316 63 121 65 1308 1277 808 469 442 411
shrinkage=0.1


end of trees

feature_importances:
Column_0=111
Column_2=103
Column_1=71
Column_14=71
Column_13=69
Column_9=65
Column_15=64
Column_3=62
Column_6=58
Column_8=54
Column_11=50
Column_12=43
Column_4=39
Column_10=35
Column_5=33
Column_7=32

parameters:
[boosting: gbdt]
[objective: regression]
[metric: l2]
[tree_learner: serial]
[device_type: cpu]
[data: ]
[valid: ]
[num_iterations: 10000]
[learning_rate: 0.1]
[num_leaves: 31]
[num_threads: 0]
[deterministic: 0]
[force_col_wise: 0]
[force_row_wise: 0]
[histogram_pool_size: -1]
[max_depth: -1]
[min_data_in_leaf: 20]
[min_sum_hessian_in_leaf: 0.001]
[bagging_fraction: 1]
[pos_bagging_fraction: 1]
[neg_bagging_fraction: 1]
[bagging_freq: 0]
[bagging_seed: 3]
[feature_fraction: 1]
[feature_fraction_bynode: 1]
[feature_fraction_seed: 2]
[extra_trees: 0]
[extra_seed: 6]
[early_stopping_round: 10]
[first_metric_only: 0]
[max_delta_step: 0]
[lambda_l1: 0]
[lambda_l2: 0]
[min_gain_to_split: 0]
[drop_rate: 0.1]
[max_drop: 50]
[skip_drop: 0.5]
[xgboost_dart_mode: 0]
[uniform_drop: 0]
[drop_seed: 4]
[top_rate: 0.2]
[other_rate: 0.1]
[min_data_per_group: 100]
[max_cat_threshold: 32]
[cat_l2: 10]
[cat_smooth: 10]
[max_cat_to_onehot: 4]
[top_k: 20]
[monotone_constraints: ]
[monotone_constraints_method: basic]
[monotone_penalty: 0]
[feature_contri: ]
[forcedsplits_filename: ]
[refit_decay_rate: 0.9]
[cegb_tradeoff: 1]
[cegb_penalty_split: 0]
[cegb_penalty_feature_lazy: ]
[cegb_penalty_feature_coupled: ]
[path_smooth: 0]
[interaction_constraints: ]
[verbosity: 1]
[saved_feature_importance_type: 0]
[max_bin: 255]
[max_bin_by_feature: ]
[min_data_in_bin: 3]
[bin_construct_sample_cnt: 200000]
[data_random_seed: 1]
[is_enable_sparse: 1]
[enable_bundle: 1]
[use_missing: 1]
[zero_as_missing: 0]
[feature_pre_filter: 1]
[pre_partition: 0]
[two_round: 0]
[header: 0]
[label_column: ]
[weight_column: ]
[group_column: ]
[ignore_column: ]
[categorical_feature: ]
[forcedbins_filename: ]
[objective_seed: 5]
[num_class: 1]
[is_unbalance: 0]
[scale_pos_weight: 1]
[sigmoid: 1]
[boost_from_average: 1]
[reg_sqrt: 0]
[alpha: 0.9]
[fair_c: 1]
[poisson_max_delta_step: 0.7]
[tweedie_variance_power: 1.5]
[lambdarank_truncation_level: 30]
[lambdarank_norm: 1]
[label_gain: ]
[eval_at: ]
[multi_error_top_k: 1]
[auc_mu_weights: ]
[num_machines: 1]
[local_listen_port: 12400]
[time_out: 120]
[machine_list_filename: ]
[machines: ]
[gpu_platform_id: -1]
[gpu_device_id: -1]
[gpu_use_dp: 0]
[num_gpu: 1]

end of parameters

pandas_categorical:null
