tree
version=v3
num_class=1
num_tree_per_iteration=1
label_index=0
max_feature_idx=15
objective=regression
feature_names=Column_0 Column_1 Column_2 Column_3 Column_4 Column_5 Column_6 Column_7 Column_8 Column_9 Column_10 Column_11 Column_12 Column_13 Column_14 Column_15
feature_infos=[1:49] [0:79] [1:49] [0:77] [0:9] [0:7] [0:8] [0:173] [0:221] [0:248] [0:7] [0:8] [0:8] [0:192] [0:231] [0:265]
tree_sizes=2783 2736 2731 2750 2753 2763 2752 2751 2761 2754 2739 2768 2757 2743 2772 2764 2770 2754 2796 2745

Tree=0
num_leaves=31
num_cat=0
split_feature=0 2 2 0 1 3 2 7 3 15 7 9 13 7 7 2 0 12 1 2 0 6 14 11 0 9 11 15 15 9
split_gain=73.1506 54.5341 45.1131 38.5614 16.6166 12.4187 15.3337 11.0833 9.76112 8.71436 12.212 7.93471 8.95364 7.21811 8.26241 6.95403 7.62473 6.58425 6.45492 6.09407 5.96397 6.34524 5.79492 5.70367 5.5696 8.67302 10.3684 5.96264 5.24805 5.00644
threshold=37.500000000000007 39.500000000000007 28.500000000000004 26.500000000000004 13.500000000000002 4.5000000000000009 21.500000000000004 3.5000000000000004 9.5000000000000018 4.5000000000000009 14.500000000000002 4.5000000000000009 12.500000000000002 9.5000000000000018 5.5000000000000009 40.500000000000007 24.500000000000004 3.5000000000000004 1.5000000000000002 24.500000000000004 15.500000000000002 3.5000000000000004 5.5000000000000009 3.5000000000000004 23.500000000000004 15.500000000000002 3.5000000000000004 16.500000000000004 44.500000000000007 7.5000000000000009
decision_type=2 2 2 2 2 2 2 2 2 2 2 2 2 2 2 2 2 2 2 2 2 2 2 2 2 2 2 2 2 2
left_child=2 4 3 5 9 6 11 -7 24 -2 22 -1 23 14 -5 16 -10 -8 -15 -20 21 -9 -11 -13 -4 27 -27 -26 -6 -18
right_child=1 -3 8 13 28 7 17 20 15 10 -12 12 -14 18 -16 -17 29 -19 19 -21 -22 -23 -24 -25 25 26 -28 -29 -30 -31
leaf_value=-0.033547163428199613 0.030496722080358425 -0.052248461634083088 -0.057365344615415093 0.00065027886079242758 0.037195628496145182 -0.075557651825791217 -0.060659462175209601 -0.074352685937556118 -0.077597486891686149 0.0073619263971704818 0.012376589020925532 0.038234652852049793 -0.032288422202803611 -0.021452302088524975 -0.042079630710685656 -0.084286207211608288 -0.083222486787577585 -0.0073653459399627488 0.031225562166735929 -0.012508202946580706 -0.033969996397970881 -0.012508202946580706 -0.050749960175278316 -0.015365345728035124 -0.034549018689229084 0.028634653106362935 -0.042926320566787371 -0.078191430983790874 -0.0022884229545480847 -0.037207450412574831
leaf_weight=66 58 154 180 128 246 104 102 79 112 22 93 75 39 46 70 139 28 30 132 42 387 21 78 27 98 40 41 46 39 152
leaf_count=66 58 154 180 128 246 104 102 79 112 22 93 75 39 46 70 139 28 30 132 42 387 21 78 27 98 40 41 46 39 152
internal_value=-0.0281837 0.000199871 -0.0371511 -0.0258327 0.015269 -0.0371718 -0.021914 -0.0459237 -0.0554012 -0.00349284 -0.0137073 -0.00493056 0.00846444 -0.000604581 -0.0144563 -0.0658758 -0.0571119 -0.0485472 0.0118619 0.0206691 -0.0395953 -0.0613653 -0.0379653 0.0240464 -0.0442542 -0.0337653 -0.00758757 -0.0484903 0.0317925 -0.0443653
internal_weight=0 690 2184 1348 536 930 339 591 836 251 193 207 141 418 198 431 292 132 220 174 487 100 100 102 405 225 81 144 285 180
internal_count=2874 690 2184 1348 536 930 339 591 836 251 193 207 141 418 198 431 292 132 220 174 487 100 100 102 405 225 81 144 285 180
shrinkage=1


Tree=1
num_leaves=31
num_cat=0
split_feature=2 0 1 12 7 3 2 2 0 12 0 1 3 4 15 1 7 10 12 15 14 7 0 2 9 13 5 1 10 0
split_gain=59.9473 88.3753 18.5554 13.8187 11.7536 11.6194 13.1133 10.4028 12.2925 9.83979 9.4353 7.70879 7.41431 7.54644 6.5877 6.37107 6.0101 7.6592 5.9649 5.80756 5.73773 8.9432 5.4555 5.42826 5.34108 8.25263 5.32931 4.81007 5.09686 4.69867
threshold=31.500000000000004 26.500000000000004 14.500000000000002 1.5000000000000002 8.5000000000000018 4.5000000000000009 21.500000000000004 40.500000000000007 32.500000000000007 1.5000000000000002 19.500000000000004 7.5000000000000009 18.500000000000004 2.5000000000000004 20.500000000000004 18.500000000000004 6.5000000000000009 3.5000000000000004 3.5000000000000004 9.5000000000000018 4.5000000000000009 11.500000000000002 34.500000000000007 20.500000000000004 4.5000000000000009 12.500000000000002 2.5000000000000004 1.5000000000000002 3.5000000000000004 40.500000000000007
decision_type=2 2 2 2 2 2 2 2 2 2 2 2 2 2 2 2 2 2 2 2 2 2 2 2 2 2 2 2 2 2
left_child=1 5 4 12 9 6 11 8 -5 -3 -7 24 13 -2 -4 19 -12 -18 26 -10 21 -9 -15 27 -1 -26 -8 -6 -29 -16
right_child=3 2 14 7 23 10 18 20 15 -11 16 -13 -14 22 29 -17 17 -19 -20 -21 -22 -23 -24 -25 25 -27 -28 28 -30 -31
leaf_value=-0.022359568732125419 -0.006182236507021148 0.050688078781453573 0.061163304161920423 -0.029994542264732822 0.016230399855251969 -0.031996653995496768 -0.045461100254740039 0.02735137302300026 0.018809748689333598 -0.0028087488631936483 -0.027813323792957124 0.048518426015096552 -0.033188524927411762 0.018135558475147594 0.016619679573419931 0.025259931802749637 -0.0057510180206134407 0.047172031864043208 0.018044226750349387 -0.026732843049934937 -0.047145466436536942 -0.049320715479552746 0.080066005207598212 0.024151893215284825 0.037516534162892239 -0.029171155929565429 -0.005535725131630898 0.076189423039339593 0.019924431471597583 0.057596570302007932
leaf_weight=42 58 41 227 290 29 278 70 29 42 213 105 68 35 33 74 75 232 31 39 84 245 32 25 181 72 25 64 69 21 45
leaf_count=42 58 41 227 290 29 278 70 29 42 213 105 68 35 33 74 75 232 31 39 84 245 32 25 181 72 25 64 69 21 45
internal_value=0 0.0101325 0.0330038 -0.0205857 0.0216563 -0.00992997 0.00394533 -0.0258409 -0.0168217 0.00582657 -0.0180919 0.0209278 0.00715202 0.0193237 0.0511728 0.00218381 -0.00758778 0.00048706 -0.0163748 -0.011552 -0.0403128 -0.0128701 0.0448297 0.0350589 0.00743029 0.020329 -0.0263923 0.0516484 0.0630609 0.0321151
internal_weight=0 1926 900 948 554 1026 380 797 491 254 646 207 151 116 346 201 368 263 173 126 306 61 58 300 139 97 134 119 90 119
internal_count=2874 1926 900 948 554 1026 380 797 491 254 646 207 151 116 346 201 368 263 173 126 306 61 58 300 139 97 134 119 90 119
shrinkage=0.1


Tree=2
num_leaves=31
num_cat=0
split_feature=0 2 2 0 1 3 2 7 3 2 1 12 2 2 8 1 8 7 1 13 13 12 15 13 3 7 15 12 8 15
split_gain=50.682 35.3726 30.8537 24.653 11.0455 7.94204 10.1296 8.18404 7.34906 6.6952 6.24412 5.394 5.26685 5.14371 6.49806 5.06516 6.06772 4.87693 4.85003 6.15103 6.20536 5.09414 4.84475 6.23038 4.75973 4.52527 4.46495 4.3694 4.14267 4.18918
threshold=37.500000000000007 39.500000000000007 28.500000000000004 26.500000000000004 13.500000000000002 4.5000000000000009 21.500000000000004 3.5000000000000004 9.5000000000000018 21.500000000000004 7.5000000000000009 1.5000000000000002 12.500000000000002 43.500000000000007 6.5000000000000009 29.500000000000004 49.500000000000007 14.500000000000002 16.500000000000004 11.500000000000002 15.500000000000002 1.5000000000000002 2.5000000000000004 4.5000000000000009 19.500000000000004 31.500000000000004 8.5000000000000018 3.5000000000000004 14.500000000000002 11.500000000000002
decision_type=2 2 2 2 2 2 2 2 2 2 2 2 2 2 2 2 2 2 2 2 2 2 2 2 2 2 2 2 2 2
left_child=2 4 3 5 9 6 10 -7 15 -2 12 -11 -1 14 24 16 -4 -13 19 21 -21 -5 -14 -24 -10 -19 -6 -8 -20 -30
right_child=1 -3 8 18 26 7 27 -9 13 11 -12 17 22 -15 -16 -17 -18 25 28 20 -22 -23 23 -25 -26 -27 -28 -29 29 -31
leaf_value=-0.028907398693263531 0.04250015870908673 -0.018614949266631882 -0.011228291659212825 0.065609832383968211 0.0672181761392983 -0.039633974146384462 -0.026482615167019413 -0.0087312695059688188 -0.020779342979192733 0.044437418968388535 0.043666584088521844 -0.019284896560780265 0.05489012713615711 -0.054014837310974867 -0.03164354865963491 0.029812647717503402 -0.050727068971503864 0.04922876060009003 0.06227907898525397 -0.041421468742191797 0.012951737788857007 0.019219772758030256 0.052156058095750357 -0.011130918463071189 0.04379954820587522 -0.0054289109779126722 0.040522638343585035 0.016932110786437988 0.052379013254092291 -0.001661170629085973
leaf_weight=32 89 154 335 27 93 104 102 487 25 33 68 68 26 83 302 26 44 28 48 32 61 192 21 60 21 33 192 30 26 32
leaf_count=32 89 154 335 27 93 104 102 487 25 33 68 68 26 83 302 26 44 28 48 32 61 192 21 60 21 33 192 30 26 32
internal_value=0 0.0236257 -0.00746418 0.00189603 0.0357621 -0.0071704 0.00503125 -0.0141693 -0.022557 0.0204654 0.0188351 0.00835996 0.00668726 -0.0316457 -0.0263105 -0.0128848 -0.0158139 -0.000869161 0.0220678 0.0157892 -0.00575732 0.0249391 0.0173324 0.00527682 0.00870232 0.0196599 0.0492338 -0.0166156 0.040548 0.0225637
internal_weight=0 690 2184 1348 536 930 339 591 836 251 207 162 139 431 348 405 379 129 418 312 93 219 107 81 46 61 285 132 106 58
internal_count=2874 690 2184 1348 536 930 339 591 836 251 207 162 139 431 348 405 379 129 418 312 93 219 107 81 46 61 285 132 106 58
shrinkage=0.1


Tree=3
num_leaves=31
num_cat=0
split_feature=0 2 2 0 3 2 7 1 1 2 1 9 15 9 2 7 3 1 14 2 5 9 7 4 12 7 7 1 14 11
split_gain=41.0525 29.0248 24.9915 21.3829 8.48242 8.92101 8.32004 8.30648 7.95958 6.93303 7.01555 6.3004 5.95512 7.20591 6.33231 5.58946 5.57919 5.14789 5.84967 5.07764 6.44694 5.88788 4.93307 4.8582 4.80317 9.20332 6.42121 5.45439 5.04369 4.68346
threshold=37.500000000000007 33.500000000000007 28.500000000000004 22.500000000000004 6.5000000000000009 21.500000000000004 9.5000000000000018 12.500000000000002 12.500000000000002 43.500000000000007 21.500000000000004 11.500000000000002 12.500000000000002 7.5000000000000009 31.500000000000004 4.5000000000000009 21.500000000000004 1.5000000000000002 10.500000000000002 11.500000000000002 2.5000000000000004 3.5000000000000004 39.500000000000007 1.5000000000000002 2.5000000000000004 5.5000000000000009 2.5000000000000004 8.5000000000000018 13.500000000000002 2.5000000000000004
decision_type=2 2 2 2 2 2 2 2 2 2 2 2 2 2 2 2 2 2 2 2 2 2 2 2 2 2 2 2 2 2
left_child=2 8 3 4 5 7 24 19 15 10 16 -7 22 -14 -15 -2 -3 18 -8 -1 21 -21 -4 -6 28 26 -26 -28 -5 -22
right_child=1 9 12 6 23 11 17 -9 -10 -11 -12 -13 13 14 -16 -17 -18 -19 -20 20 29 -23 -24 -25 25 -27 27 -29 -30 -31
leaf_value=-0.034150347464224871 -0.0063432108897429245 0.0044044202963511156 -0.015296315798794266 0.028507895639964517 -0.048519755680052963 -0.03483011035692124 0.03605000098546346 0.055836847238242629 0.048885091945786427 -0.028119906783103943 0.031946127884315723 0.015262321811733823 -0.053412228616628248 0.014329013547727041 -0.02755279001790726 0.032243443109371044 -0.047906744480133059 0.034253262759889734 -0.023020114239893461 -0.052510425990278081 0.049600989842901427 0.0027722312173535748 0.025466534681618216 -0.016511792140387595 -0.01955603857835134 -0.051081038285524419 0.059611746154982471 -0.0082706266641616819 -0.0080326808963791796 0.0031607791399344424
leaf_weight=34 52 75 411 105 61 105 30 32 246 88 66 33 94 42 257 135 28 237 38 22 49 155 32 213 48 39 29 20 59 39
leaf_count=34 52 75 411 105 61 105 30 32 246 88 66 33 94 42 257 135 28 237 38 22 49 155 32 213 48 39 29 20 59 39
internal_value=0 0.0212632 -0.00671776 0.00170643 -0.00965864 -0.0014918 0.0156639 0.00741345 0.0370641 -0.00535862 0.00649341 -0.0228515 -0.0203013 -0.0292621 -0.0216697 0.0215135 -0.00981609 0.0272943 0.00304023 0.00223102 0.00689881 -0.00409906 -0.0123518 -0.0236377 0.0038396 -0.0100553 0.00643957 0.0319047 0.0153622 0.0290195
internal_weight=0 690 2184 1348 743 469 605 331 433 257 169 138 836 393 299 187 103 305 68 299 265 177 443 274 300 136 97 49 164 88
internal_count=2874 690 2184 1348 743 469 605 331 433 257 169 138 836 393 299 187 103 305 68 299 265 177 443 274 300 136 97 49 164 88
shrinkage=0.1


Tree=4
num_leaves=31
num_cat=0
split_feature=0 2 2 0 15 1 7 3 2 7 1 9 3 2 8 0 9 6 13 9 15 13 1 9 1 14 8 7 12 2
split_gain=33.2525 23.6808 20.2431 17.3202 7.96806 8.23634 8.49479 6.87076 7.22601 6.73923 6.72825 6.57779 5.94174 5.7529 7.95277 5.39549 5.10333 4.46358 4.44241 4.47126 4.74848 4.19424 5.4564 4.5069 4.16979 4.73823 4.20941 4.1298 7.02088 4.02638
threshold=37.500000000000007 39.500000000000007 28.500000000000004 22.500000000000004 4.5000000000000009 7.5000000000000009 15.500000000000002 6.5000000000000009 21.500000000000004 9.5000000000000018 12.500000000000002 24.500000000000004 9.5000000000000018 30.500000000000004 8.5000000000000018 40.500000000000007 11.500000000000002 1.5000000000000002 12.500000000000002 3.5000000000000004 10.500000000000002 18.500000000000004 4.5000000000000009 6.5000000000000009 1.5000000000000002 10.500000000000002 41.500000000000007 5.5000000000000009 2.5000000000000004 42.500000000000007
decision_type=2 2 2 2 2 2 2 2 2 2 2 2 2 2 2 2 2 2 2 2 2 2 2 2 2 2 2 2 2 2
left_child=2 4 3 7 -2 6 11 8 10 27 17 -6 21 -7 -15 -16 -10 -1 19 -19 -21 22 -4 -24 25 -11 -26 -5 -29 -14
right_child=1 -3 12 9 5 13 -8 -9 16 24 -12 -13 29 14 15 -17 -18 18 -20 20 -22 -23 23 -25 26 -27 -28 28 -30 -31
leaf_value=-0.03677214693140101 0.052924505936669877 -0.015424900240712353 -0.020939362567404043 0.012576210430579229 -0.0018251745538278063 0.04064178474492311 0.028843049859178477 -0.021273887461989466 -0.031347099429085139 0.032445001006126406 0.050253162719309331 -0.069848968585332238 -0.021234674865524925 -0.036163267263999356 -0.0077335670590400699 0.052529003222783414 0.013736089431878293 -0.028001338243484497 -0.025379678224905944 0.011042234795616272 0.062307935357093815 -0.027346754789352418 -0.018767764404708266 0.015987726670803785 0.036093376169844371 -0.020718102078688773 -0.0029037788510322573 0.006457890281957146 -0.04597293551151569 -0.044378594885167391
leaf_weight=27 111 154 115 187 44 213 58 274 105 30 32 21 334 26 24 39 33 26 39 187 20 100 51 139 205 38 32 74 39 97
leaf_count=27 111 154 115 187 44 213 58 274 105 30 32 21 334 26 24 39 33 26 39 187 20 100 51 139 205 38 32 74 39 97
internal_value=0 0.0191369 -0.00604598 0.00153579 0.0290669 0.0228359 0.00102245 -0.00869278 -0.00134262 0.0140975 0.00667211 -0.0238021 -0.0182711 0.0317201 0.0103683 0.0295718 -0.0205663 0.00200791 0.00585741 0.0110859 0.0159954 -0.00957423 -0.00374718 0.00665862 0.0245649 0.00273621 0.0308279 0.00345564 -0.0116377 -0.0264434
internal_weight=0 690 2184 1348 536 425 123 743 469 605 331 65 836 302 89 63 138 299 272 233 207 405 305 190 305 68 237 300 113 431
internal_count=2874 690 2184 1348 536 425 123 743 469 605 331 65 836 302 89 63 138 299 272 233 207 405 305 190 305 68 237 300 113 431
shrinkage=0.1


Tree=5
num_leaves=31
num_cat=0
split_feature=0 2 2 2 1 3 7 12 9 2 7 7 15 1 1 12 0 15 3 3 9 3 6 7 13 6 11 3 0 3
split_gain=28.1069 38.6387 10.2826 8.54503 8.38511 6.89721 6.46671 7.12468 5.99835 6.86781 5.89773 5.67707 5.6162 9.39215 5.40288 6.16864 4.88448 5.08892 4.82852 4.61172 4.29076 4.24276 7.92291 4.16757 4.53008 4.15859 5.19937 5.69378 5.00115 5.18216
threshold=27.500000000000004 31.500000000000004 42.500000000000007 20.500000000000004 9.5000000000000018 4.5000000000000009 11.500000000000002 1.5000000000000002 5.5000000000000009 13.500000000000002 56.500000000000007 17.500000000000004 4.5000000000000009 1.5000000000000002 3.5000000000000004 2.5000000000000004 40.500000000000007 20.500000000000004 15.500000000000002 1.5000000000000002 7.5000000000000009 18.500000000000004 3.5000000000000004 1.0000000180025095e-35 4.5000000000000009 4.5000000000000009 2.5000000000000004 1.5000000000000002 22.500000000000004 7.5000000000000009
decision_type=2 2 2 2 2 2 2 2 2 2 2 2 2 2 2 2 2 2 2 2 2 2 2 2 2 2 2 2 2 2
left_child=3 4 11 5 6 8 7 -2 9 -1 23 19 13 -7 15 -10 17 -6 -9 -3 -21 22 -4 24 -5 26 27 -25 -28 -30
right_child=1 2 21 10 16 12 -8 18 14 -11 -12 -13 -14 -15 -16 -17 -18 -19 -20 20 -22 -23 -24 25 -26 -27 28 -29 29 -31
leaf_value=-0.049491956651210783 0.044034702889621261 -0.04598964777859775 -0.032089120522141461 -0.0050278988480567935 0.033093971296762809 -0.051550233454415298 0.026470287922355864 0.0028360864941694942 0.0478425931930542 0.012741437603215703 0.037255075573921208 0.011985643941382464 -0.00027282771815257859 0.0065854071329037355 0.053785708721946268 -0.016817808482382034 0.045081851856934058 0.0038928494896999632 -0.034315559764703116 -0.036640467411941956 0.0016599894525148929 -0.042625654737154649 0.032504721510189551 0.019602773586908977 -0.063825589692906332 0.0097580795570955444 -0.031355317808187809 -0.01497703478886531 0.0093106997807820644 -0.02910973998633298
leaf_weight=25 32 33 64 20 195 66 180 129 25 61 20 191 249 48 51 36 185 86 48 36 156 102 27 63 38 59 313 195 75 66
leaf_count=25 32 33 64 20 195 66 180 129 25 61 20 191 249 48 51 36 185 86 48 36 156 102 27 63 38 59 313 195 75 66
internal_value=0 0.00970514 -0.00954416 -0.0100768 0.023416 -0.000500047 0.012577 0.000611573 0.0145133 -0.00534967 -0.016405 -0.000693507 -0.00868912 -0.0270721 0.0297651 0.00968236 0.0324641 0.024157 -0.00723894 -0.0114567 -0.00552135 -0.0286212 -0.0129239 -0.0176995 -0.0435505 -0.0157548 -0.017869 -0.00653313 -0.0243109 -0.00867334
internal_weight=0 1464 609 1410 855 561 389 209 198 86 849 416 363 114 112 61 466 281 177 225 192 193 91 829 58 771 712 258 454 141
internal_count=2874 1464 609 1410 855 561 389 209 198 86 849 416 363 114 112 61 466 281 177 225 192 193 91 829 58 771 712 258 454 141
shrinkage=0.1


Tree=6
num_leaves=31
num_cat=0
split_feature=0 2 2 0 15 1 4 9 3 13 13 3 12 8 9 9 7 11 5 8 1 13 12 13 14 13 14 3 8 7
split_gain=23.2165 16.3374 14.9071 14.7209 5.04662 7.20741 4.99953 6.20392 4.73722 4.72579 6.15247 4.71866 5.27264 4.85886 4.6156 4.15206 4.05305 4.04179 5.42941 6.26482 3.94481 5.2655 7.5594 3.9316 9.57021 4.58343 3.82658 3.78774 4.01401 3.78664
threshold=40.500000000000007 28.500000000000004 37.500000000000007 26.500000000000004 4.5000000000000009 1.5000000000000002 1.5000000000000002 19.500000000000004 5.5000000000000009 4.5000000000000009 42.500000000000007 9.5000000000000018 1.5000000000000002 20.500000000000004 8.5000000000000018 5.5000000000000009 9.5000000000000018 2.5000000000000004 2.5000000000000004 14.500000000000002 15.500000000000002 8.5000000000000018 2.5000000000000004 30.500000000000004 10.500000000000002 51.500000000000007 55.500000000000007 24.500000000000004 22.500000000000004 30.500000000000004
decision_type=2 2 2 2 2 2 2 2 2 2 2 2 2 2 2 2 2 2 2 2 2 2 2 2 2 2 2 2 2 2
left_child=1 3 4 6 -2 -6 8 17 -1 -4 27 12 13 -3 -14 -13 -9 18 19 -8 21 22 -5 -17 -25 -26 -7 28 -11 -19
right_child=2 11 9 20 5 26 7 16 -10 10 -12 15 14 -15 -16 23 -18 29 -20 -21 -22 -23 -24 24 25 -27 -28 -29 -30 -31
leaf_value=-0.0046217096479315512 0.053805384288231534 0.037867202642171277 0.032910945881967961 0.0418814662530234 -0.015438759954352128 0.037122394877766807 -0.011747550600571253 0.05579037111381005 -0.034771443841358024 0.0081323144897337881 0.026477575302124023 -0.046350968043719021 -0.026469435682870392 -0.012418533274621675 -0.0030473822085227507 -0.022094664172515557 0.0076369678432291199 -0.0098376671709711604 0.018432596647482126 0.044303913008083 0.029290171719665799 -0.0019445644260126318 0.0015524590899656109 0.056884673108225287 0.002950964322904261 -0.050721815457710852 -0.00027104821056127547 -0.064614318764728049 -0.043626594748990291 -0.054035216853732165
leaf_weight=114 78 46 23 95 38 189 213 29 96 31 25 56 133 33 229 367 44 252 139 22 159 177 91 23 41 26 32 23 29 21
leaf_count=114 78 46 23 95 38 189 213 29 96 31 25 56 133 33 229 367 44 252 139 22 159 177 91 23 41 26 32 23 29 21
internal_value=0 -0.00396396 0.0203788 0.00271538 0.0315062 0.0247907 -0.0048282 -0.000868466 -0.0184044 -0.00824662 -0.0170117 -0.01413 -0.00654468 0.0168618 -0.0116527 -0.0206507 0.0267664 -0.00398647 0.00276628 -0.00650018 0.0161551 0.0104017 0.0221506 -0.0175015 0.00122855 -0.0178773 0.031708 -0.0301108 -0.0168845 -0.0132375
internal_weight=0 2406 468 1452 337 259 930 720 210 131 108 954 441 79 362 513 73 647 374 235 522 363 186 457 90 67 221 83 60 273
internal_count=2874 2406 468 1452 337 259 930 720 210 131 108 954 441 79 362 513 73 647 374 235 522 363 186 457 90 67 221 83 60 273
shrinkage=0.1


Tree=7
num_leaves=31
num_cat=0
split_feature=0 2 2 2 4 1 15 1 9 7 2 9 7 6 0 14 7 7 14 14 14 9 7 6 13 7 15 5 3 14
split_gain=19.587 26.7315 7.15042 6.94319 6.82113 6.65982 7.40653 5.60977 5.63465 9.0728 4.63179 6.088 4.98691 4.55259 5.61757 4.97077 4.94665 6.63793 4.98934 6.43751 4.52282 4.77147 5.27707 4.42869 4.17365 4.17281 4.11125 4.04656 3.96805 4.29198
threshold=28.500000000000004 33.500000000000007 42.500000000000007 20.500000000000004 1.5000000000000002 21.500000000000004 9.5000000000000018 17.500000000000004 6.5000000000000009 12.500000000000002 28.500000000000004 19.500000000000004 3.5000000000000004 3.5000000000000004 29.500000000000004 7.5000000000000009 31.500000000000004 20.500000000000004 3.5000000000000004 27.500000000000004 6.5000000000000009 3.5000000000000004 10.500000000000002 2.5000000000000004 7.5000000000000009 2.5000000000000004 44.500000000000007 1.5000000000000002 8.5000000000000018 5.5000000000000009
decision_type=2 2 2 2 2 2 2 2 2 2 2 2 2 2 2 2 2 2 2 2 2 2 2 2 2 2 2 2 2 2
left_child=4 3 5 25 27 6 23 8 9 -5 11 20 -12 14 -10 -15 17 18 -16 -20 21 -6 -23 -3 -17 -2 -8 -1 29 -14
right_child=1 2 -4 7 10 -7 26 -9 13 -11 12 -13 28 15 16 24 -18 -19 19 -21 -22 22 -24 -25 -26 -27 -28 -29 -30 -31
leaf_value=-0.056294386514595576 0.0029982910801966984 -0.016311380267143249 -0.024719755655807973 -0.060287808074105179 -0.027543425379377425 0.020533396418278033 -0.032175944577092712 0.027064568451827482 -0.032505179047584536 0.02160874903202057 0.03212603411891244 0.024757940246817774 -0.027069754543758574 0.025154121109732877 -0.02295755445957184 -0.056246754985589245 -0.01835954999923706 0.075777979080493635 0.040583982566992444 -0.016385979413986208 -0.0089971859099339281 0.0039595471907265577 0.039685234853199552 0.03210968451172698 -0.00060647598334721158 0.034776191538833205 0.0093922599156697605 -0.016748634662446388 -0.0290297820358663 0.0060657623323422038
leaf_weight=28 48 30 191 31 33 104 115 168 20 24 22 89 63 27 22 26 25 26 96 25 449 158 56 51 28 297 30 341 148 103
leaf_count=28 48 30 191 31 33 104 115 168 20 24 22 89 63 27 22 26 25 26 96 25 449 158 56 51 28 297 30 341 148 103
internal_value=0 0.00856576 -0.00932095 0.0193641 -0.00795639 -0.000408303 -0.0100452 0.012044 0.0048341 -0.0245511 -0.00407448 0.000130916 -0.0138996 0.0103127 0.0179555 -0.00987945 0.0231577 0.0292993 0.0208486 0.0288133 -0.00301823 0.0078504 0.0133083 0.014176 -0.0273962 0.0303549 -0.0235756 -0.0197494 -0.0171243 -0.00650977
internal_weight=0 1384 521 863 1490 330 226 518 350 55 1121 785 336 295 214 81 194 169 143 121 696 247 214 81 54 345 145 369 314 166
internal_count=2874 1384 521 863 1490 330 226 518 350 55 1121 785 336 295 214 81 194 169 143 121 696 247 214 81 54 345 145 369 314 166
shrinkage=0.1


Tree=8
num_leaves=31
num_cat=0
split_feature=0 2 2 0 0 2 1 11 5 6 10 6 3 7 14 15 5 0 3 15 8 6 4 12 8 12 4 14 7 13
split_gain=16.6105 11.9564 10.0822 8.00238 7.82568 7.8203 6.31969 6.27353 5.78401 7.45872 7.3264 5.26733 4.90469 4.3534 4.31489 3.99839 5.2811 4.91516 4.12808 4.12321 4.06051 3.99648 3.91838 3.8331 3.82579 4.88408 3.75495 3.73061 3.69035 3.64784
threshold=40.500000000000007 20.500000000000004 41.500000000000007 28.500000000000004 21.500000000000004 41.500000000000007 5.5000000000000009 1.5000000000000002 2.5000000000000004 1.5000000000000002 1.5000000000000002 1.0000000180025095e-35 5.5000000000000009 10.500000000000002 11.500000000000002 4.5000000000000009 3.5000000000000004 13.500000000000002 3.5000000000000004 8.5000000000000018 8.5000000000000018 2.5000000000000004 2.5000000000000004 1.0000000180025095e-35 42.500000000000007 2.5000000000000004 1.5000000000000002 41.500000000000007 4.5000000000000009 8.5000000000000018
decision_type=2 2 2 2 2 2 2 2 2 2 2 2 2 2 2 2 2 2 2 2 2 2 2 2 2 2 2 2 2 2
left_child=1 3 6 11 15 7 26 -6 9 -9 -11 -1 -13 22 -15 17 18 -3 19 -17 -19 -16 -14 -10 25 -7 -2 -4 -12 -22
right_child=2 4 27 -5 5 24 -8 8 23 10 28 12 13 14 21 16 -18 20 -20 -21 29 -23 -24 -25 -26 -27 -28 -29 -30 -31
leaf_value=-0.043522082383816059 -0.026471077853983102 -0.03032851413540218 -0.028832938587456419 0.022851149690636684 0.042047990688255855 0.0090401249130566928 0.030693069095445787 -0.062953268819385108 0.03765770235296452 0.022181320767248831 0.0099259047936170533 0.01037982417528446 -0.028143460154533385 -0.020490755754358631 0.048037255555391317 -0.027202225724856061 -0.041553705773855511 -0.027768264846368268 -0.024035778271101919 0.019035843566611962 0.044311800003051766 -0.004745386197016789 0.018995828287942069 0.0025540456175804139 -0.042573921804626789 -0.02923812532424927 0.016345092323091295 0.019646205414425244 -0.024627237751979957 -0.0013443272454398019
leaf_weight=26 33 46 57 221 35 60 302 27 33 62 39 325 110 34 32 30 114 22 193 54 35 26 21 542 60 75 54 22 149 35
leaf_count=26 33 46 57 221 35 60 302 27 33 62 39 325 110 34 32 30 114 22 193 54 35 26 21 542 60 75 54 22 149 35
internal_value=0 -0.00335292 0.0172375 0.00668205 -0.00830501 -0.00343166 0.0238519 0.000554489 -0.00115006 -0.0130211 -0.00762843 0.000456667 0.00254325 -0.00887777 0.00779485 -0.0182728 -0.0234377 -0.00363878 -0.0159821 0.00252225 0.00970608 0.0243761 -0.0205868 0.00456869 -0.0215635 -0.0122256 0.000104476 -0.0153324 -0.0174593 0.0214837
internal_weight=0 2406 468 795 1611 1082 389 887 852 277 250 574 548 223 92 529 391 138 277 84 92 58 131 575 195 135 87 79 188 70
internal_count=2874 2406 468 795 1611 1082 389 887 852 277 250 574 548 223 92 529 391 138 277 84 92 58 131 575 195 135 87 79 188 70
shrinkage=0.1


Tree=9
num_leaves=31
num_cat=0
split_feature=0 2 2 0 5 3 11 0 15 6 13 13 7 9 3 9 1 13 6 0 8 15 15 1 8 4 8 13 13 13
split_gain=13.4545 9.99858 8.53403 8.01934 5.87261 6.55124 6.59817 5.86861 8.22906 5.84108 4.61465 5.44509 4.46944 4.30277 4.17027 6.8857 5.60546 4.53314 4.14701 5.84164 4.13138 4.12491 4.00002 4.71712 3.83234 3.8103 5.39538 3.6557 4.53 3.61235
threshold=40.500000000000007 24.500000000000004 37.500000000000007 27.500000000000004 2.5000000000000004 4.5000000000000009 3.5000000000000004 19.500000000000004 4.5000000000000009 1.5000000000000002 2.5000000000000004 25.500000000000004 9.5000000000000018 5.5000000000000009 12.500000000000002 12.500000000000002 13.500000000000002 35.500000000000007 2.5000000000000004 17.500000000000004 3.5000000000000004 20.500000000000004 4.5000000000000009 1.5000000000000002 27.500000000000004 1.5000000000000002 14.500000000000002 4.5000000000000009 42.500000000000007 12.500000000000002
decision_type=2 2 2 2 2 2 2 2 2 2 2 2 2 2 2 2 2 2 2 2 2 2 2 2 2 2 2 2 2 2
left_child=1 3 22 4 9 6 13 -3 -9 -1 -5 12 -12 -6 15 16 -10 -17 19 -7 -11 -14 -2 -24 -13 -22 -27 -4 -29 -20
right_child=2 7 27 10 5 18 -8 8 14 20 11 24 21 -15 -16 17 -18 -19 29 -21 25 -23 23 -25 -26 26 -28 28 -30 -31
leaf_value=-0.04813797296704473 0.043785666196774216 -0.021860358161283722 0.030054067528766132 0.038103476990210383 0.010312502015204658 -0.024536417275667192 -0.01127092067788287 0.014164231078965323 -0.026140803292200167 -0.049517523958569482 -0.01075780761512843 0.012497746944427492 0.029156499604384108 0.050798912814685286 -0.017627696518352314 0.014549019288059344 0.0079879331588745116 -0.032416990010634715 -0.0089538694244541538 0.020948903386791548 -0.0272210909374829 -0.012126294742612278 -0.014591425186709354 0.023550288952313939 0.067868048906326292 -0.0042183234757585493 0.037671915505613607 -0.025094158031854288 0.023462866306304932 -0.055179630355401479
leaf_weight=37 78 282 23 76 42 40 41 175 154 21 110 25 84 70 367 193 70 23 73 96 58 34 38 221 25 253 35 83 25 22
leaf_count=37 78 282 23 76 42 40 41 175 154 21 110 25 84 70 367 193 70 23 73 96 58 34 38 221 25 253 35 83 25 22
internal_value=0 -0.00301763 0.0155137 0.00376443 -0.00185218 0.00700259 0.0230519 -0.0091451 -0.00549367 -0.0102686 0.016267 0.0102973 0.00374339 0.0356165 -0.00975653 -0.00319127 -0.0154756 0.00954801 -0.00362747 0.00757087 -0.00645071 0.0172615 0.023933 0.0179542 0.0401829 -0.00383683 0.000872504 -0.00614504 -0.0138541 -0.0196588
internal_weight=0 2406 468 1142 788 384 153 1264 982 404 354 278 228 112 807 440 224 216 231 136 367 118 337 259 50 346 288 131 108 95
internal_count=2874 2406 468 1142 788 384 153 1264 982 404 354 278 228 112 807 440 224 216 231 136 367 118 337 259 50 346 288 131 108 95
shrinkage=0.1


Tree=10
num_leaves=31
num_cat=0
split_feature=2 0 12 13 11 14 2 7 15 1 9 10 14 7 3 7 9 9 13 6 11 7 6 3 13 0 1 14 12 3
split_gain=11.4376 16.163 5.46884 4.49599 4.4839 5.65424 4.15756 4.70332 4.59498 6.12489 5.68546 5.5229 4.75244 4.18163 6.02453 4.1569 3.81552 6.76193 7.49882 4.90963 4.19174 5.17231 3.68455 3.53425 5.48167 4.27185 3.49386 3.339 3.27823 3.22373
threshold=31.500000000000004 28.500000000000004 1.5000000000000002 15.500000000000002 5.5000000000000009 79.500000000000014 16.500000000000004 74.500000000000014 22.500000000000004 23.500000000000004 6.5000000000000009 1.5000000000000002 11.500000000000002 35.500000000000007 15.500000000000002 11.500000000000002 18.500000000000004 23.500000000000004 8.5000000000000018 3.5000000000000004 2.5000000000000004 3.5000000000000004 2.5000000000000004 4.5000000000000009 12.500000000000002 13.500000000000002 7.5000000000000009 28.500000000000004 2.5000000000000004 10.500000000000002
decision_type=2 2 2 2 2 2 2 2 2 2 2 2 2 2 2 2 2 2 2 2 2 2 2 2 2 2 2 2 2 2
left_child=1 16 3 22 5 -4 -3 8 9 10 15 -10 -13 14 -12 -8 20 29 -19 -20 21 -1 -2 24 28 -25 -24 -14 -23 -18
right_child=2 6 4 -5 -6 -7 7 -9 11 -11 13 12 27 -15 -16 -17 17 18 19 -21 -22 23 26 25 -26 -27 -28 -29 -30 -31
leaf_value=-0.022310098721867518 -0.0078570377442144582 0.027513587518014773 -0.012124272076045576 -0.015704619592311338 -0.045365281594105258 0.038227421952330552 -0.043400036636739969 0.057522367153848925 0.034576290100812916 0.04396421889127311 0.027432361559968602 0.004798343845389106 -0.066105513095855717 -0.017503299978044298 -0.0046084102657106196 0.00798059586555727 0.052208016174180173 0.0196906965225935 0.0080769464373588572 -0.051283472305849981 -0.013069870791167294 0.016731780388998609 -0.0015751069784164429 -0.035768788307905197 -0.016757704091794563 0.0029930212684706149 0.048022911378315519 -0.014421890974044799 0.054902319312095639 0.0062648281455039978
leaf_weight=84 31 207 735 51 39 23 32 21 24 59 213 44 25 36 81 31 42 64 22 38 436 63 20 32 33 255 49 25 35 24
leaf_count=84 31 207 735 51 39 23 32 21 24 59 213 44 25 36 81 31 42 64 22 38 436 63 20 32 33 255 49 25 35 24
internal_value=0 0.00442588 -0.00899181 0.00845773 -0.0122978 -0.0105965 0.0153173 0.0110456 0.00933325 0.0139208 0.00941041 -0.00823921 -0.0191708 0.0146657 0.0186048 -0.0181175 -0.00327925 0.00964325 -0.00411996 -0.029518 -0.00589682 0.000333167 0.0207805 0.00488349 0.0184937 -0.00132885 0.0336467 -0.0402637 0.0303641 0.0355014
internal_weight=0 1926 948 151 797 758 798 591 570 452 393 118 94 330 294 63 1128 190 124 60 938 502 100 418 131 287 69 50 98 66
internal_count=2874 1926 948 151 797 758 798 591 570 452 393 118 94 330 294 63 1128 190 124 60 938 502 100 418 131 287 69 50 98 66
shrinkage=0.1


Tree=11
num_leaves=31
num_cat=0
split_feature=0 2 2 0 2 1 5 6 1 15 15 3 13 13 1 10 15 7 4 11 9 3 12 14 3 7 3 14 10 7
split_gain=9.91313 7.4918 6.21019 4.83283 5.4045 5.62054 5.69138 4.67827 4.47433 5.33024 4.92907 6.40618 4.63195 4.52043 4.28193 4.13648 3.95343 3.93241 3.91196 3.70442 4.15354 4.51543 3.70066 5.19636 3.89983 3.81939 3.68061 3.57422 3.53968 3.48752
threshold=40.500000000000007 20.500000000000004 41.500000000000007 21.500000000000004 43.500000000000007 21.500000000000004 2.5000000000000004 1.5000000000000002 5.5000000000000009 4.5000000000000009 2.5000000000000004 4.5000000000000009 8.5000000000000018 20.500000000000004 5.5000000000000009 1.5000000000000002 9.5000000000000018 11.500000000000002 2.5000000000000004 5.5000000000000009 7.5000000000000009 4.5000000000000009 3.5000000000000004 7.5000000000000009 2.5000000000000004 3.5000000000000004 5.5000000000000009 53.500000000000007 2.5000000000000004 16.500000000000004
decision_type=2 2 2 2 2 2 2 2 2 2 2 2 2 2 2 2 2 2 2 2 2 2 2 2 2 2 2 2 2 2
left_child=1 8 14 -3 5 6 7 -5 9 10 11 -1 -10 -14 -2 -9 18 28 -17 20 21 -8 23 26 -24 -25 -11 -16 -6 -23
right_child=2 3 -4 4 17 -7 19 15 12 22 -12 -13 13 -15 27 16 -18 -19 -20 -21 -22 29 24 25 -26 -27 -28 -29 -30 -31
leaf_value=0.02914371563167107 -0.0010397767198496851 -0.014343370294413181 -0.012245362016219128 -0.057656372070312503 0.025059713147304676 0.015324247094037022 0.011769314006317495 0.012268123986586086 0.026276485923609122 0.0081781172124963056 -0.037682700841153258 -0.020376273368795716 -0.009085292138836602 0.026695462402242881 0.028809339538508772 0.015846388854763725 -0.034675275648341462 -0.035547071807086467 -0.031461486117593175 -0.037256107641303021 0.0086528885349130748 -0.050859443843364716 -0.046061095347007114 -0.0042056112377731889 0.0056973872152534695 0.038967619853861192 -0.033076433411666321 -0.0012012897653782622 -0.025255001464794424 -0.0046938155094782517
leaf_weight=41 87 529 79 25 27 191 43 53 163 95 61 72 110 52 255 44 85 80 29 23 387 36 24 27 37 85 28 47 29 30
leaf_count=41 87 529 79 25 27 191 43 53 163 95 61 72 110 52 255 44 85 80 29 23 387 36 24 27 37 85 28 47 29 30
internal_value=0 -0.00259022 0.0133164 -0.00651018 -0.00268046 -7.44723e-07 -0.00387766 -0.0167531 0.00535323 -0.00088517 -0.014775 -0.00240884 0.0143749 0.00239989 0.0185076 -0.0119068 -0.0200161 -0.0213202 -0.00294715 0.00197708 0.00379636 -0.0134465 0.00727978 0.0129765 -0.0146666 0.0285598 -0.00121316 0.0241388 -0.000996121 -0.0298751
internal_weight=0 2406 468 1611 1082 946 755 236 795 470 174 113 325 162 389 211 158 136 73 519 496 109 296 235 61 112 123 302 56 66
internal_count=2874 2406 468 1611 1082 946 755 236 795 470 174 113 325 162 389 211 158 136 73 519 496 109 296 235 61 112 123 302 56 66
shrinkage=0.1


Tree=12
num_leaves=31
num_cat=0
split_feature=2 0 7 11 1 12 2 15 14 3 2 1 2 4 5 15 15 8 8 9 14 7 7 14 12 4 9 0 0 0
split_gain=8.35327 10.5274 5.83752 4.69408 4.48921 5.38749 5.20596 5.21818 4.30383 4.34951 4.31279 4.40304 4.2559 4.12442 3.99298 3.88991 6.53985 4.50338 3.99497 3.64325 3.62258 3.59043 4.69325 3.91025 3.48729 3.28339 3.18947 3.21318 6.10546 2.983
threshold=37.500000000000007 22.500000000000004 16.500000000000004 3.5000000000000004 9.5000000000000018 1.5000000000000002 32.500000000000007 10.500000000000002 57.500000000000007 6.5000000000000009 21.500000000000004 12.500000000000002 12.500000000000002 2.5000000000000004 2.5000000000000004 5.5000000000000009 7.5000000000000009 11.500000000000002 10.500000000000002 4.5000000000000009 2.5000000000000004 26.500000000000004 60.500000000000007 23.500000000000004 4.5000000000000009 3.5000000000000004 3.5000000000000004 17.500000000000004 19.500000000000004 38.500000000000007
decision_type=2 2 2 2 2 2 2 2 2 2 2 2 2 2 2 2 2 2 2 2 2 2 2 2 2 2 2 2 2 2
left_child=1 8 4 20 5 -3 24 -8 9 10 11 12 -1 -5 26 17 -17 -12 -18 -20 -2 23 -23 -15 -6 29 -14 -28 -29 -7
right_child=3 2 -4 13 6 25 7 -9 -10 -11 15 -13 14 21 -16 16 18 -19 19 -21 -22 22 -24 -25 -26 -27 27 28 -30 -31
leaf_value=-0.028930601320768658 0.025425391608760475 0.027576155989777806 0.016829472896923502 -0.032122928915279257 0.019313090841939922 -0.0010764311356791136 0.024543111998101941 -0.034009189473258122 0.040207774490118031 -0.015511667702433674 -0.021019311348597209 0.04135958561673761 -0.03822898055825915 -0.0087411469534823781 0.02497182714651866 -0.058073151442739702 0.023611098527908325 0.030809481049838824 -0.056105436881383267 -0.0084540906197884506 -0.0064095054815212884 -0.039807636726577333 0.0073776221275329602 0.044234302098100836 -0.015869138702269522 -0.043548863219178245 0.029456756346755559 -0.052177005735310644 0.0062857236360248777 -0.024567109206691386
leaf_weight=38 42 51 498 140 309 348 23 45 20 344 30 32 21 38 83 36 28 38 21 68 240 53 35 22 31 23 36 22 95 64
leaf_count=38 42 51 498 140 309 348 23 45 20 344 30 32 21 38 83 36 28 38 21 68 240 53 35 22 31 23 36 22 95 64
internal_value=0 0.00268152 0.00815289 -0.010839 0.00331963 -0.00317311 0.0110536 -0.0142047 -0.00566952 -0.00669816 -0.00116559 0.00612749 0.00230571 -0.0198188 0.0069243 -0.0119567 -0.0208014 0.00794384 -0.00933318 -0.0196977 -0.00166814 -0.00817971 -0.0210408 0.0106832 0.0161053 -0.0067782 -0.00168457 0.00333133 -0.00470727 -0.00472547
internal_weight=0 2304 1392 570 894 486 408 68 912 892 548 327 295 288 257 221 153 68 117 89 282 148 88 60 340 435 174 153 117 412
internal_count=2874 2304 1392 570 894 486 408 68 912 892 548 327 295 288 257 221 153 68 117 89 282 148 88 60 340 435 174 153 117 412
shrinkage=0.1


Tree=13
num_leaves=31
num_cat=0
split_feature=0 2 15 2 5 15 2 0 15 6 11 9 3 3 3 9 14 7 9 0 4 8 7 14 1 15 0 0 3 14
split_gain=7.55525 5.85764 4.77279 4.58599 4.22592 5.35277 8.60251 6.37649 4.94535 4.33063 4.05649 4.0295 7.27239 3.65473 3.56644 3.44549 4.91576 3.86772 3.28616 3.22359 3.26423 4.30185 3.15032 3.34062 5.05761 3.1311 3.05501 2.9277 3.36508 2.91591
threshold=37.500000000000007 37.500000000000007 4.5000000000000009 46.500000000000007 2.5000000000000004 21.500000000000004 23.500000000000004 15.500000000000002 36.500000000000007 1.5000000000000002 3.5000000000000004 13.500000000000002 6.5000000000000009 29.500000000000004 6.5000000000000009 6.5000000000000009 2.5000000000000004 3.5000000000000004 19.500000000000004 31.500000000000004 2.5000000000000004 16.500000000000004 51.500000000000007 5.5000000000000009 9.5000000000000018 1.5000000000000002 25.500000000000004 42.500000000000007 12.500000000000002 13.500000000000002
decision_type=2 2 2 2 2 2 2 2 2 2 2 2 2 2 2 2 2 2 2 2 2 2 2 2 2 2 2 2 2 2
left_child=1 4 -2 13 8 7 14 11 9 -1 15 -6 -13 22 29 -3 -17 -18 -16 20 21 -12 23 -4 27 -9 -22 28 -25 -7
right_child=2 10 3 -5 5 6 -8 25 -10 -11 19 12 -14 -15 18 16 17 -19 -20 -21 26 -23 -24 24 -26 -27 -28 -29 -30 -31
leaf_value=-0.03191070500491322 0.026221667083375384 -0.034310315212895792 0.026454084793726601 -0.027994523980678657 -0.023717051353117434 0.059548638463020324 -0.032084736845107993 0.027533083719511825 0.030398567404065813 -0.005546277459722442 0.0095499443156378608 0.049526180028915408 -0.025323228593225833 -0.020358003987822421 -0.031063767936494614 0.044877505043278573 0.029403098959189196 -0.013597542186763801 0.021680300292514623 -0.042466902778004162 -0.021630816874296771 -0.044227383066626158 0.033830179929733278 -0.010853114904779377 0.01109916873124181 0.0081420023160375613 0.028401865752843709 0.0022127088962816724 -0.061343769593672319 0.0067909815094687733
leaf_weight=69 132 31 75 39 99 20 99 96 35 642 21 25 27 43 27 23 26 107 21 66 23 51 50 33 245 628 26 51 22 22
leaf_count=69 132 31 75 39 99 20 99 96 35 642 21 25 27 43 27 23 26 107 21 66 23 51 50 33 245 628 26 51 22 22
internal_value=0 -0.0028819 0.00912185 0.00507673 -0.000527766 0.00351818 -0.0117431 0.00681462 -0.00629839 -0.00810485 -0.0142749 -0.0118779 0.0106621 0.00756185 0.0106327 -0.00386039 0.00219055 -0.0051914 -0.00798824 -0.0246894 -0.0149926 -0.0285423 0.010084 0.00729691 0.0032035 0.0107132 0.00491714 -0.0150459 -0.0310494 0.0319137
internal_weight=0 2184 690 558 1810 1064 189 875 746 711 374 151 52 519 90 187 156 133 48 187 121 72 476 426 351 724 49 106 55 42
internal_count=2874 2184 690 558 1810 1064 189 875 746 711 374 151 52 519 90 187 156 133 48 187 121 72 476 426 351 724 49 106 55 42
shrinkage=0.1


Tree=14
num_leaves=31
num_cat=0
split_feature=2 1 15 6 3 0 2 6 0 15 1 2 2 10 6 13 3 11 5 14 7 7 8 8 14 1 1 8 1 5
split_gain=6.55397 5.45624 9.57425 7.09513 6.81064 5.3196 4.8885 5.80585 4.46971 4.95371 5.5401 5.18879 4.06379 3.99494 3.87098 3.84945 3.7963 3.26649 3.20924 3.16982 2.99876 2.97968 3.94067 5.04076 3.52451 3.4797 2.86123 2.73644 6.84627 5.13456
threshold=19.500000000000004 1.0000000180025095e-35 4.5000000000000009 4.5000000000000009 9.5000000000000018 28.500000000000004 14.500000000000002 1.5000000000000002 19.500000000000004 87.500000000000014 29.500000000000004 43.500000000000007 32.500000000000007 1.5000000000000002 2.5000000000000004 9.5000000000000018 7.5000000000000009 5.5000000000000009 5.5000000000000009 19.500000000000004 2.5000000000000004 60.500000000000007 22.500000000000004 15.500000000000002 3.5000000000000004 9.5000000000000018 8.5000000000000018 9.5000000000000018 4.5000000000000009 2.5000000000000004
decision_type=2 2 2 2 2 2 2 2 2 2 2 2 2 2 2 2 2 2 2 2 2 2 2 2 2 2 2 2 2 2
left_child=5 13 -3 8 15 6 -1 -8 -4 10 12 14 27 16 -12 -5 -2 18 21 -9 -7 22 23 24 -14 -25 -24 28 -10 -29
right_child=1 2 3 4 -6 20 7 19 9 -11 11 -13 17 -15 -16 -17 -18 -19 -20 -21 -22 -23 26 25 -26 -27 -28 29 -30 -31
leaf_value=-0.013210987793160723 0.014429861450769816 0.015397097878158093 -0.020265902976715128 0.067887154029261682 -8.9102254973517534e-05 -0.0055859917402267464 -0.033358129965407511 0.0098303276559580932 0.054017338053933509 -0.042423323262482882 0.0051211790692421702 -0.020819035172462464 0.010625310795647758 -0.018541389844327603 0.05084012928216354 0.015711351312123811 -0.026582338060102156 -0.047637071132659914 0.028671799302101137 0.04306542724370957 0.022357663819353089 0.0170541952694616 -0.00024291017781133238 -0.015445855685642787 -0.025544347416641369 0.035276015416571972 -0.040208554635813215 -0.028275698305744876 0.0023930942085054188 0.0018216307454579615
leaf_weight=154 83 320 191 31 90 45 28 184 29 32 31 24 35 318 46 26 31 25 20 34 262 31 23 21 117 38 81 76 225 223
leaf_count=154 83 320 191 31 90 45 28 184 29 32 31 24 35 318 46 26 31 25 20 34 262 31 23 21 117 38 81 76 225 223
internal_value=0 -0.00272765 -0.000223797 -0.00375644 0.0170407 0.00836043 0.000761213 0.00950804 -0.00616746 -0.00366718 -0.00248039 0.0197797 -0.00486202 -0.0127836 0.0324338 0.0440877 0.00327742 -0.0126649 -0.0102761 0.0150138 0.0182617 -0.0125274 -0.0154386 -0.00758615 -0.0172158 0.0172225 -0.03137 0.000655008 0.0082872 -0.00582853
internal_weight=0 2167 1735 1415 147 707 400 246 1268 1077 1045 101 944 432 77 57 114 391 366 218 307 346 315 211 152 59 104 553 254 299
internal_count=2874 2167 1735 1415 147 707 400 246 1268 1077 1045 101 944 432 77 57 114 391 366 218 307 346 315 211 152 59 104 553 254 299
shrinkage=0.1


Tree=15
num_leaves=31
num_cat=0
split_feature=0 2 2 15 4 5 7 5 1 14 9 3 13 6 11 12 10 2 14 3 12 2 10 14 3 3 4 6 3 14
split_gain=5.58095 3.85019 3.54936 3.47874 9.11106 3.40629 4.58738 4.03149 4.64118 4.46383 4.968 4.42955 7.21782 5.34183 4.89027 4.1643 3.38396 3.27131 2.95918 3.18569 4.22144 2.94275 2.8718 6.20089 3.01139 3.55417 3.30581 3.45635 3.14192 2.88959
threshold=40.500000000000007 20.500000000000004 41.500000000000007 1.5000000000000002 1.5000000000000002 4.5000000000000009 4.5000000000000009 2.5000000000000004 18.500000000000004 26.500000000000004 15.500000000000002 16.500000000000004 26.500000000000004 3.5000000000000004 2.5000000000000004 4.5000000000000009 1.0000000180025095e-35 42.500000000000007 66.500000000000014 6.5000000000000009 1.5000000000000002 34.500000000000007 1.5000000000000002 16.500000000000004 3.5000000000000004 5.5000000000000009 1.5000000000000002 2.5000000000000004 6.5000000000000009 8.5000000000000018
decision_type=2 2 2 2 2 2 2 2 2 2 2 2 2 2 2 2 2 2 2 2 2 2 2 2 2 2 2 2 2 2
left_child=1 16 -2 4 -3 7 -7 8 15 10 -10 13 -13 17 -15 22 -1 -9 19 -18 -21 -6 23 29 26 -26 -24 -28 -27 -5
right_child=2 3 -4 5 21 6 -8 11 9 -11 -12 12 -14 14 -16 -17 18 -19 -20 20 -22 -23 24 -25 25 28 27 -29 -30 -31
leaf_value=0.029207634986663351 0.013916176166816358 -0.035516883929570517 -0.009333116532881049 -0.0030938471688164606 0.014670512347649307 -0.047813591467482708 -0.010422977109750112 0.0021033572254206072 -0.0026677742600440982 -0.0220171267116392 0.048752404486431797 -0.021483664814083057 0.020366669529014166 0.057010613141521331 0.011904732994387084 0.024678922736126443 0.0066239406394450022 -0.029048700429297782 0.039085234772591369 0.026384728796341839 -0.011012219385586707 0.052462829436574668 -0.043813746571540836 0.042333111166954041 -0.057874934598803524 0.011556185143334527 -0.017123395038975611 0.03072490187791678 -0.03022314040433793 -0.04496880242457757
leaf_weight=49 389 33 79 45 78 42 150 379 42 37 34 174 54 31 107 23 422 37 21 34 269 28 20 22 40 21 36 26 126 26
leaf_count=49 389 33 79 45 78 42 150 379 42 37 34 174 54 31 107 23 422 37 21 34 269 28 20 22 40 21 36 26 126 26
internal_value=0 -0.00194351 0.00999162 -0.00475365 0.0103684 -0.00618162 -0.0186022 -0.00431853 -0.0113511 0.00646816 0.020336 0.000160036 -0.0115717 0.00498828 0.0220372 -0.0165812 0.00375102 -0.000667379 0.00207894 0.00100703 -0.00681586 0.0246534 -0.0192027 -0.00405466 -0.0244398 -0.0314462 -0.00846183 0.00294202 -0.0242547 -0.0184283
internal_weight=0 2406 468 1611 139 1472 192 1280 498 113 76 782 228 554 138 385 795 416 746 725 303 106 362 93 269 187 82 62 147 71
internal_count=2874 2406 468 1611 139 1472 192 1280 498 113 76 782 228 554 138 385 795 416 746 725 303 106 362 93 269 187 82 62 147 71
shrinkage=0.1


Tree=16
num_leaves=31
num_cat=0
split_feature=1 15 2 0 11 4 10 14 7 13 10 2 3 13 13 0 3 15 13 11 15 3 1 9 2 9 3 15 1 9
split_gain=5.11895 7.24957 5.08699 4.8609 3.37535 3.32795 3.7824 5.04765 3.05338 4.19377 4.03765 3.83822 4.01469 3.52776 3.02265 3.72858 2.92909 2.80863 2.74925 4.2401 3.66683 3.37991 2.77273 2.69722 3.5586 2.70127 2.65835 3.07914 4.43159 3.77188
threshold=1.0000000180025095e-35 1.5000000000000002 32.500000000000007 22.500000000000004 1.5000000000000002 1.0000000180025095e-35 1.5000000000000002 22.500000000000004 19.500000000000004 30.500000000000004 3.5000000000000004 43.500000000000007 4.5000000000000009 54.500000000000007 8.5000000000000018 40.500000000000007 7.5000000000000009 12.500000000000002 15.500000000000002 2.5000000000000004 8.5000000000000018 4.5000000000000009 7.5000000000000009 11.500000000000002 22.500000000000004 8.5000000000000018 12.500000000000002 8.5000000000000018 11.500000000000002 17.500000000000004
decision_type=2 2 2 2 2 2 2 2 2 2 2 2 2 2 2 2 2 2 2 2 2 2 2 2 2 2 2 2 2 2
left_child=-1 -2 3 5 -4 -3 7 -7 -6 11 -11 12 -10 -12 26 18 23 -17 19 22 -21 -22 -16 24 25 -8 -5 -28 -29 -30
right_child=1 2 4 14 8 6 16 -9 9 10 13 -13 -14 -15 15 17 -18 -19 -20 20 21 -23 -24 -25 -26 -27 27 28 29 -31
leaf_value=-0.0079650421724432995 0.021032683028185624 -0.039008805274963379 0.033003661604154681 0.021196798812090658 -0.01320589076792336 0.0042118699113024944 -0.0015257973727342245 0.059371482190631687 0.041855547825495408 -0.0054825386580298931 0.071347810924053193 -0.029663308913057504 -0.0057251308047980599 0.013922268800113513 -0.0022170513868331912 0.031719164821234623 -0.017631177306175232 0.00377148748198642 0.0070534705494840937 -0.026574792283954041 0.046271812103011394 -0.0015550833940505982 -0.047633316313348169 0.029581703777824132 -0.023634130614144461 0.031382293800512953 0.031263053119182586 -0.031317859964492996 -0.012045389619366877 0.040408121164028463
leaf_weight=630 188 25 21 257 403 79 148 21 21 34 20 55 114 23 20 66 140 79 144 33 22 45 41 28 63 30 30 39 29 26
leaf_count=630 188 25 21 257 403 79 148 21 21 34 20 55 114 23 20 66 140 79 144 33 22 45 41 28 63 30 30 39 29 26
internal_value=0 0.00223617 0.000517428 0.00405652 -0.00647368 -0.00338775 -0.00163819 0.0157954 -0.00771103 0.000582703 0.0202696 -0.00739569 0.00167631 0.0406318 0.0088402 0.00329075 -0.00590068 0.0164925 -0.00298549 -0.0119644 0.00071033 0.0141493 -0.0327427 0.000204417 -0.00320871 0.00402051 0.0153947 0.00336927 -0.005533 0.0127508
internal_weight=0 2244 2056 1365 691 534 509 100 670 267 77 190 135 43 831 450 409 145 305 161 100 67 61 269 241 178 381 124 94 55
internal_count=2874 2244 2056 1365 691 534 509 100 670 267 77 190 135 43 831 450 409 145 305 161 100 67 61 269 241 178 381 124 94 55
shrinkage=0.1


Tree=17
num_leaves=31
num_cat=0
split_feature=1 15 2 0 15 1 2 10 8 0 7 14 5 6 13 15 8 11 9 3 3 2 3 15 12 1 1 8 3 3
split_gain=4.14635 6.0468 4.64418 5.20481 3.65528 4.33839 3.67237 3.26432 2.91669 3.24834 3.2022 3.00709 3.54842 2.77956 2.71248 3.42638 4.60403 3.44682 2.66951 3.19732 3.04855 3.00666 2.60149 2.88852 2.59263 4.37931 2.71957 5.66535 2.85966 5.65041
threshold=1.0000000180025095e-35 4.5000000000000009 20.500000000000004 21.500000000000004 87.500000000000014 28.500000000000004 46.500000000000007 1.0000000180025095e-35 5.5000000000000009 29.500000000000004 39.500000000000007 40.500000000000007 2.5000000000000004 4.5000000000000009 8.5000000000000018 7.5000000000000009 22.500000000000004 2.5000000000000004 25.500000000000004 13.500000000000002 5.5000000000000009 24.500000000000004 6.5000000000000009 50.500000000000007 4.5000000000000009 10.500000000000002 17.500000000000004 11.500000000000002 6.5000000000000009 11.500000000000002
decision_type=2 2 2 2 2 2 2 2 2 2 2 2 2 2 2 2 2 2 2 2 2 2 2 2 2 2 2 2 2 2
left_child=-1 8 7 13 5 6 24 -3 9 -2 11 12 -10 14 -4 -16 17 -17 19 20 -14 -22 -7 -24 26 -26 -5 -28 -29 -30
right_child=1 2 3 4 -6 22 -8 -9 10 -11 -12 -13 18 -15 15 16 -18 -19 -20 -21 21 -23 23 -25 25 -27 27 28 29 -31
leaf_value=-0.0071685379838186602 -0.031201274196306868 0.037828357653184375 -0.027402157831512043 -0.0061651081557837764 -0.033033203356193773 0.043924121712816178 -0.027386553276259946 0.0053372777649438553 0.0028118472014154708 0.01460138112306595 0.04663400755774591 -0.018332086077758245 0.035456047415733341 0.017142117644349735 -0.037915467045136861 0.047157112757364915 -0.0302570249636968 -0.0010089939221357689 0.0021253006798880444 0.059253200215678065 0.027278201865113302 -0.025057160712423778 0.00061221778392791756 0.038439281891893461 0.047909857589623024 -0.003128721490502358 0.030231197343932259 -0.027266690211418351 0.041942051258580443 -0.0101347010683369
leaf_weight=630 30 33 149 482 33 29 53 491 126 32 31 28 75 24 28 24 30 39 42 31 23 21 80 27 29 40 72 39 29 74
leaf_count=630 30 33 149 482 33 29 53 491 126 32 31 28 75 24 28 24 30 39 42 31 23 21 80 27 29 40 72 39 29 74
internal_value=0 0.00201256 -0.000547473 -0.00379167 -0.00031276 0.00081908 -0.00193061 0.00738347 0.0125384 -0.00756119 0.0158439 0.0130853 0.0158516 -0.0154709 -0.0183698 -0.0072473 0.00198612 0.01734 0.0244089 0.0306483 0.0231967 0.00229996 0.0173576 0.0101574 -0.000166991 0.0183223 -0.00199998 0.00738129 -0.00420457 0.00452769
internal_weight=0 2244 1805 1281 987 954 818 524 439 62 377 346 318 294 270 121 93 63 192 150 119 44 136 107 765 69 696 214 142 103
internal_count=2874 2244 1805 1281 987 954 818 524 439 62 377 346 318 294 270 121 93 63 192 150 119 44 136 107 765 69 696 214 142 103
shrinkage=0.1


Tree=18
num_leaves=31
num_cat=0
split_feature=5 2 9 1 5 0 7 2 13 15 12 7 3 15 15 12 3 3 1 10 2 15 7 13 1 13 15 10 7 1
split_gain=3.96059 4.6572 4.10091 3.39363 3.75892 4.43434 4.21885 4.59514 3.65847 3.59951 2.94365 3.16182 3.9996 2.84898 6.52702 3.13073 3.6776 4.04617 3.18871 3.69306 4.47044 5.45513 3.45293 3.02637 2.7846 2.98193 2.95594 3.27394 2.78726 3.98363
threshold=2.5000000000000004 24.500000000000004 2.5000000000000004 34.500000000000007 3.5000000000000004 22.500000000000004 3.5000000000000004 26.500000000000004 4.5000000000000009 61.500000000000007 1.5000000000000002 58.500000000000007 15.500000000000002 82.500000000000014 53.500000000000007 2.5000000000000004 21.500000000000004 17.500000000000004 18.500000000000004 1.5000000000000002 21.500000000000004 7.5000000000000009 10.500000000000002 10.500000000000002 1.0000000180025095e-35 32.500000000000007 1.5000000000000002 1.0000000180025095e-35 10.500000000000002 4.5000000000000009
decision_type=2 2 2 2 2 2 2 2 2 2 2 2 2 2 2 2 2 2 2 2 2 2 2 2 2 2 2 2 2 2
left_child=2 10 -1 4 6 -6 -3 -8 -7 -10 -2 12 24 14 15 18 17 -17 19 22 21 23 -4 -21 -12 26 -26 -28 -29 -30
right_child=1 3 13 -5 5 8 7 -9 9 -11 11 -13 -14 -15 -16 16 -18 -19 -20 20 -22 -23 -24 -25 25 -27 27 28 29 -31
leaf_value=-0.031300458418471476 0.023184238045902576 0.023125541701421636 0.0026727414793438382 0.021578674639264744 -0.024482398008117242 0.012862162435284027 -0.035401783159800936 0.0027333303598257213 -0.0052630305596410411 -0.04110158778006031 -0.0020052388682961463 0.045198249667882918 -0.010403870922677659 -0.039898670713106793 0.047757415890693669 -0.011436209983603899 -0.037360368731121224 0.027959982074540236 0.016940696645028813 -0.00039941388133325078 -0.017958031610438699 0.032787070112923783 0.047623863935470578 -0.040899188319842024 0.040262347273528579 0.047948969776431725 0.042104867215339958 -0.0052975954417895559 0.049472203629988214 0.0064046967881066456
leaf_weight=56 118 91 54 60 131 104 35 325 292 31 160 20 136 21 25 258 48 29 97 152 190 48 25 21 32 24 26 133 27 105
leaf_count=56 118 91 54 60 131 104 35 325 292 31 160 20 136 21 25 258 48 29 97 152 190 48 25 21 32 24 26 133 27 105
internal_value=0 0.00276185 -0.00498968 -0.00152672 -0.00290068 -0.00838796 0.00388846 -0.00097425 -0.00345033 -0.00870264 0.00863188 0.00604187 0.00482394 -0.00346757 -0.0026597 -0.00402676 -0.0117403 -0.00745541 0.000375352 -0.00290391 -0.00671007 0.00296012 0.0168978 -0.00531557 0.00890872 0.0139411 0.0114142 0.00824189 0.00491948 0.015214
internal_weight=0 1850 1024 1069 1009 558 451 360 427 323 781 663 643 968 947 922 335 287 587 490 411 221 79 173 507 347 323 291 265 132
internal_count=2874 1850 1024 1069 1009 558 451 360 427 323 781 663 643 968 947 922 335 287 587 490 411 221 79 173 507 347 323 291 265 132
shrinkage=0.1


Tree=19
num_leaves=31
num_cat=0
split_feature=0 2 6 5 0 9 13 2 0 12 4 4 13 6 11 7 0 3 0 14 1 8 1 3 15 15 9 13 14 6
split_gain=3.28834 3.29103 3.81669 4.23159 3.03206 3.04615 3.74481 3.02657 2.82294 2.7842 2.58911 2.54635 2.60352 4.07483 5.81052 5.09624 3.99134 3.45387 4.33367 3.69918 3.04611 2.52176 2.40276 2.91388 3.51671 4.3168 9.15331 3.62969 3.29534 3.04321
threshold=34.500000000000007 16.500000000000004 2.5000000000000004 1.5000000000000002 36.500000000000007 13.500000000000002 30.500000000000004 44.500000000000007 40.500000000000007 3.5000000000000004 1.5000000000000002 1.5000000000000002 10.500000000000002 3.5000000000000004 3.5000000000000004 5.5000000000000009 27.500000000000004 4.5000000000000009 27.500000000000004 9.5000000000000018 4.5000000000000009 11.500000000000002 26.500000000000004 21.500000000000004 44.500000000000007 9.5000000000000018 21.500000000000004 9.5000000000000018 10.500000000000002 4.5000000000000009
decision_type=2 2 2 2 2 2 2 2 2 2 2 2 2 2 2 2 2 2 2 2 2 2 2 2 2 2 2 2 2 2
left_child=11 -2 4 -4 21 6 10 22 -7 -9 -6 12 17 14 15 -14 -15 18 19 20 -1 -3 23 24 25 29 28 -28 -27 -5
right_child=1 2 3 7 5 8 -8 9 -10 -11 -12 -13 13 16 -16 -17 -18 -19 -20 -21 -22 -23 -24 -25 -26 26 27 -29 -30 -31
leaf_value=-0.041485125628801495 0.019295001698329168 -0.0014556601643562319 -0.036015993356704711 0.033252478094704184 0.032289303764700891 0.0076504128448890915 0.039884491371256964 0.0071768829899449514 -0.028553873444757155 -0.038743128724720167 -0.0070289310321067144 -0.00022849820884828276 0.024671499077546396 -0.05627329257272539 -0.035104526982953153 -0.028468502140962162 -0.0051521062850952148 -0.011558371437767338 0.051799709172475908 0.020014423819688654 0.010424720644950867 -0.04729741821686427 0.02799959421516901 -0.0076413510739803325 0.046407394011815394 -0.0036313583905046641 0.048780477869099587 -0.00083316256602605191 -0.053907377459108834 -0.0085796604102308105
leaf_weight=26 136 20 21 83 20 33 28 31 62 23 103 1465 59 42 48 26 24 173 21 52 20 30 83 80 30 22 29 30 32 22
leaf_count=26 136 20 21 83 20 33 28 31 62 23 103 1465 59 42 48 26 24 173 21 52 20 30 83 80 30 22 29 30 32 22
internal_value=0 0.00493751 0.00244055 0.0078927 -0.00651128 -0.00194839 0.00687796 0.00987567 -0.0159776 -0.0123816 -0.000635722 -0.0023173 -0.00854966 -0.0173704 -0.00729007 0.00841691 -0.0376838 -0.00253826 0.010575 0.00174113 -0.0189156 -0.0289607 0.0128 0.00895375 0.014307 0.00988952 -0.00367511 0.0235532 -0.0334246 0.0244876
internal_weight=0 918 782 486 296 246 151 465 95 54 123 1956 491 199 133 85 66 292 119 98 46 50 411 328 248 218 113 59 54 105
internal_count=2874 918 782 486 296 246 151 465 95 54 123 1956 491 199 133 85 66 292 119 98 46 50 411 328 248 218 113 59 54 105
shrinkage=0.1


end of trees

feature_importances:
Column_2=72
Column_0=58
Column_3=58
Column_1=56
Column_7=55
Column_15=50
Column_13=39
Column_9=38
Column_14=35
Column_12=26
Column_6=24
Column_8=23
Column_5=18
Column_11=18
Column_4=16
Column_10=14

parameters:
[boosting: gbdt]
[objective: regression]
[metric: l2]
[tree_learner: serial]
[device_type: cpu]
[data: ]
[valid: ]
[num_iterations: 10000]
[learning_rate: 0.1]
[num_leaves: 31]
[num_threads: 0]
[deterministic: 0]
[force_col_wise: 0]
[force_row_wise: 0]
[histogram_pool_size: -1]
[max_depth: -1]
[min_data_in_leaf: 20]
[min_sum_hessian_in_leaf: 0.001]
[bagging_fraction: 1]
[pos_bagging_fraction: 1]
[neg_bagging_fraction: 1]
[bagging_freq: 0]
[bagging_seed: 3]
[feature_fraction: 1]
[feature_fraction_bynode: 1]
[feature_fraction_seed: 2]
[extra_trees: 0]
[extra_seed: 6]
[early_stopping_round: 10]
[first_metric_only: 0]
[max_delta_step: 0]
[lambda_l1: 0]
[lambda_l2: 0]
[min_gain_to_split: 0]
[drop_rate: 0.1]
[max_drop: 50]
[skip_drop: 0.5]
[xgboost_dart_mode: 0]
[uniform_drop: 0]
[drop_seed: 4]
[top_rate: 0.2]
[other_rate: 0.1]
[min_data_per_group: 100]
[max_cat_threshold: 32]
[cat_l2: 10]
[cat_smooth: 10]
[max_cat_to_onehot: 4]
[top_k: 20]
[monotone_constraints: ]
[monotone_constraints_method: basic]
[monotone_penalty: 0]
[feature_contri: ]
[forcedsplits_filename: ]
[refit_decay_rate: 0.9]
[cegb_tradeoff: 1]
[cegb_penalty_split: 0]
[cegb_penalty_feature_lazy: ]
[cegb_penalty_feature_coupled: ]
[path_smooth: 0]
[interaction_constraints: ]
[verbosity: 1]
[saved_feature_importance_type: 0]
[max_bin: 255]
[max_bin_by_feature: ]
[min_data_in_bin: 3]
[bin_construct_sample_cnt: 200000]
[data_random_seed: 1]
[is_enable_sparse: 1]
[enable_bundle: 1]
[use_missing: 1]
[zero_as_missing: 0]
[feature_pre_filter: 1]
[pre_partition: 0]
[two_round: 0]
[header: 0]
[label_column: ]
[weight_column: ]
[group_column: ]
[ignore_column: ]
[categorical_feature: ]
[forcedbins_filename: ]
[objective_seed: 5]
[num_class: 1]
[is_unbalance: 0]
[scale_pos_weight: 1]
[sigmoid: 1]
[boost_from_average: 1]
[reg_sqrt: 0]
[alpha: 0.9]
[fair_c: 1]
[poisson_max_delta_step: 0.7]
[tweedie_variance_power: 1.5]
[lambdarank_truncation_level: 30]
[lambdarank_norm: 1]
[label_gain: ]
[eval_at: ]
[multi_error_top_k: 1]
[auc_mu_weights: ]
[num_machines: 1]
[local_listen_port: 12400]
[time_out: 120]
[machine_list_filename: ]
[machines: ]
[gpu_platform_id: -1]
[gpu_device_id: -1]
[gpu_use_dp: 0]
[num_gpu: 1]

end of parameters

pandas_categorical:null
