tree
version=v3
num_class=1
num_tree_per_iteration=1
label_index=0
max_feature_idx=15
objective=regression
feature_names=Column_0 Column_1 Column_2 Column_3 Column_4 Column_5 Column_6 Column_7 Column_8 Column_9 Column_10 Column_11 Column_12 Column_13 Column_14 Column_15
feature_infos=[1:49] [0:67] [1:49] [0:75] [0:7] [0:8] [0:7] [0:197] [0:218] [0:247] [0:7] [0:7] [0:8] [0:176] [0:160] [0:225]
tree_sizes=2714 2742 2763 2768 2737 2779 2762 2762 2747 2764 2752 2766 2752 2759 2780 2767 2775 2796

Tree=0
num_leaves=31
num_cat=0
split_feature=0 2 2 1 1 0 12 15 11 12 8 0 9 2 0 9 14 12 1 10 5 14 11 9 8 2 3 14 7 9
split_gain=55.9325 24.9403 21.5997 20.1911 19.017 12.6568 8.69821 8.1909 8.13294 7.79841 9.65152 7.58634 7.42852 6.51005 7.80927 6.40227 6.16304 5.85389 5.78013 5.70338 6.08817 6.97865 5.3787 5.13124 5.05932 5.59881 5.00022 4.96842 4.90903 4.52925
threshold=27.500000000000004 31.500000000000004 31.500000000000004 7.5000000000000009 1.5000000000000002 35.500000000000007 1.5000000000000002 8.5000000000000018 2.5000000000000004 1.5000000000000002 19.500000000000004 35.500000000000007 22.500000000000004 45.500000000000007 44.500000000000007 5.5000000000000009 12.500000000000002 4.5000000000000009 1.0000000180025095e-35 2.5000000000000004 3.5000000000000004 7.5000000000000009 3.5000000000000004 27.500000000000004 4.5000000000000009 20.500000000000004 12.500000000000002 4.5000000000000009 3.5000000000000004 3.5000000000000004
decision_type=2 2 2 2 2 2 2 2 2 2 2 2 2 2 2 2 2 2 2 2 2 2 2 2 2 2 2 2 2 2
left_child=2 4 3 6 7 15 16 11 19 10 -4 24 -9 14 18 29 -1 -5 -3 20 21 -8 -7 -21 -2 -26 -15 28 -11 -6
right_child=1 13 9 17 5 22 8 12 -10 27 -12 -13 -14 26 -16 -17 -18 -19 -20 23 -22 -23 -24 -25 25 -27 -28 -29 -30 -31
leaf_value=-0.22698528600089687 -0.30252099828559809 -0.28588234326418704 -0.2282352859677832 -0.24865999585142357 -0.23513183750922489 -0.21332457210367717 -0.25566611528064004 -0.2986830452955847 -0.2847018367875393 -0.31235293079825005 -0.29530845499534686 -0.2075035792726013 -0.22923528594129222 -0.25900451592190771 -0.20301789559061872 -0.24222722111704564 -0.28323528451078078 -0.29339657456417911 -0.25596762724056193 -0.28564599873263291 -0.22905161247677017 -0.28168356041395637 -0.17490195404730069 -0.23394957153069201 -0.20223528665654797 -0.26677187031276595 -0.31506455196027605 -0.29853085063741158 -0.26996190356744126 -0.18096255994735552
leaf_weight=64 21 85 45 518 29 112 253 67 583 34 41 41 20 26 23 248 28 31 269 224 49 174 54 21 20 41 41 406 139 33
leaf_count=64 21 85 45 518 29 112 253 67 583 34 41 41 20 26 23 248 28 31 269 224 49 174 54 21 20 41 41 406 139 33
internal_value=-0.264706 -0.24612 -0.272753 -0.267433 -0.234168 -0.223109 -0.273823 -0.259235 -0.275919 -0.28831 -0.260212 -0.242626 -0.282718 -0.264587 -0.259482 -0.235042 -0.244105 -0.251186 -0.263151 -0.268818 -0.262437 -0.266268 -0.200826 -0.281215 -0.260187 -0.245612 -0.29331 -0.292484 -0.278293 -0.2063
internal_weight=0 1130 2610 1945 686 476 1396 210 1304 665 86 123 87 444 377 310 92 549 354 721 476 427 166 245 82 61 67 579 173 62
internal_count=3740 1130 2610 1945 686 476 1396 210 1304 665 86 123 87 444 377 310 92 549 354 721 476 427 166 245 82 61 67 579 173 62
shrinkage=1


Tree=1
num_leaves=31
num_cat=0
split_feature=0 2 2 1 0 4 12 15 1 11 1 3 2 0 12 8 1 14 14 12 12 9 10 5 14 13 15 6 15 12
split_gain=45.3053 20.7462 17.4957 16.3548 14.7576 10.8704 7.04555 6.92833 8.48003 6.58768 6.32747 6.74989 6.3218 9.32364 6.31671 7.81773 5.8 6.26173 4.99206 4.86471 4.74165 4.69748 4.61974 4.93142 5.6527 4.48314 5.67412 4.93507 4.374 4.28768
threshold=27.500000000000004 28.500000000000004 31.500000000000004 7.5000000000000009 35.500000000000007 2.5000000000000004 1.5000000000000002 4.5000000000000009 1.5000000000000002 2.5000000000000004 1.5000000000000002 16.500000000000004 45.500000000000007 44.500000000000007 1.5000000000000002 19.500000000000004 17.500000000000004 2.5000000000000004 12.500000000000002 1.5000000000000002 4.5000000000000009 5.5000000000000009 2.5000000000000004 3.5000000000000004 7.5000000000000009 15.500000000000002 12.500000000000002 2.5000000000000004 2.5000000000000004 3.5000000000000004
decision_type=2 2 2 2 2 2 2 2 2 2 2 2 2 2 2 2 2 2 2 2 2 2 2 2 2 2 2 2 2 2
left_child=2 4 3 6 5 10 18 -6 -9 22 -2 21 13 16 15 -4 17 -3 28 -19 -5 -12 23 24 -8 26 27 -23 -1 -10
right_child=1 12 14 20 7 -7 9 8 29 -11 11 -13 -14 -15 -16 -17 -18 19 -20 -21 -22 25 -24 -25 -26 -27 -28 -29 -30 -31
leaf_value=0.067698530852794647 -0.010168820057275161 -0.03235797913450944 0.032823526859283449 0.014441286689066059 0.080640873630515864 0.049068986872831982 0.00813578409639743 -0.0022873108727591378 0.069375473802739937 -0.017996368665842415 0.065224334597587585 -0.02884694536526998 -0.025743634665190286 0.057522764626671288 -0.025000302861597462 -0.027542322219871896 0.028298666260459206 0.03296554833650589 -0.016676467657089234 -0.0015086487900438927 -0.02582162964728571 -0.0037083140734968517 -0.014858102530849224 0.03208883222268552 -0.015279918292473103 0.053254977060902514 -0.023424337891971365 0.051722719023625054 0.013698530495166778 0.023243477837792761
leaf_weight=24 106 57 45 518 61 90 253 35 66 583 28 24 67 34 579 41 77 48 28 278 31 29 245 49 174 31 34 36 40 29
leaf_count=24 106 57 45 518 61 90 253 35 66 583 28 24 67 34 579 41 77 48 28 278 31 29 245 49 174 31 34 36 40 29
internal_value=0 0.0167271 -0.00724199 -0.00245462 0.0301812 0.0187334 -0.00820512 0.0528371 0.0397907 -0.0100921 0.00925352 0.0205654 0.00308108 0.0069905 -0.0212441 0.00404446 0.00325551 -0.00177928 0.0185409 0.00356731 0.0121678 0.0280711 -0.00370074 0.00204202 -0.00140598 0.0200689 0.00967727 0.026992 0.0339485 0.0552931
internal_weight=0 1130 2610 1945 569 378 1396 191 130 1304 288 182 561 494 665 86 460 383 92 326 549 158 721 476 427 130 99 65 64 95
internal_count=3740 1130 2610 1945 569 378 1396 191 130 1304 288 182 561 494 665 86 460 383 92 326 549 158 721 476 427 130 99 65 64 95
shrinkage=0.1


Tree=2
num_leaves=31
num_cat=0
split_feature=0 2 2 1 0 14 12 1 3 3 0 13 3 8 0 15 1 14 15 15 7 0 9 0 14 11 12 7 12 3
split_gain=36.8975 16.3373 16.2639 15.0686 10.8662 7.48546 6.3672 6.34775 7.762 6.23368 5.85191 5.47302 5.13324 5.28096 5.97831 5.27132 5.03565 5.87819 5.71509 4.90553 4.80341 4.65773 4.51767 4.46734 4.52986 4.40168 5.03296 4.34919 6.21713 4.2425
threshold=28.500000000000004 32.500000000000007 31.500000000000004 5.5000000000000009 35.500000000000007 16.500000000000004 4.5000000000000009 1.0000000180025095e-35 1.0000000180025095e-35 3.5000000000000004 10.500000000000002 16.500000000000004 9.5000000000000018 13.500000000000002 21.500000000000004 9.5000000000000018 7.5000000000000009 24.500000000000004 7.5000000000000009 9.5000000000000018 31.500000000000004 27.500000000000004 28.500000000000004 32.500000000000007 14.500000000000002 2.5000000000000004 1.5000000000000002 12.500000000000002 1.0000000180025095e-35 9.5000000000000018
decision_type=2 2 2 2 2 2 2 2 2 2 2 2 2 2 2 2 2 2 2 2 2 2 2 2 2 2 2 2 2 2
left_child=1 3 4 25 7 -6 20 8 -2 22 -3 12 13 -12 19 -16 18 -18 29 -15 21 27 -4 -9 -25 -1 -27 28 -5 -11
right_child=2 10 9 6 5 -7 -8 23 -10 16 11 -13 -14 14 15 -17 17 -19 -20 -21 -22 -23 -24 24 -26 26 -28 -29 -30 -31
leaf_value=-0.0031358325191053874 0.048118224030449276 -0.043803516800483965 0.010638741904594859 0.057158044288898341 0.026970295220848147 0.062605994668873885 -0.027182995213402644 0.033366751987701178 -0.020469244424398847 -0.029945901036262514 -0.018738595906056858 -0.030016771878333806 -0.02195013104433037 -0.034801124135653179 0.077680793404579174 0.013235783378283184 -1.341305192439787e-05 0.056075379523363979 -0.030706136443398216 0.018985516902727959 0.059906454086303712 0.044271999911258103 0.06185362140337626 0.025296358121376414 -0.020313703856970136 0.017345166603724163 -0.017475925906796322 -0.0087093830108642585 0.0095804550859050711 0.023445986276087558
leaf_weight=739 21 89 61 29 127 110 45 174 77 22 76 188 166 30 22 30 124 22 110 39 20 38 24 51 38 45 535 123 519 46
leaf_count=739 21 89 61 29 127 110 45 174 77 22 76 188 166 30 22 30 124 22 110 39 20 38 24 51 38 45 535 123 519 46
internal_value=0 -0.00602917 0.0163632 -0.00175378 0.0268733 0.0435101 0.00932276 0.0159511 -0.00577193 0.000996273 -0.020011 -0.016168 -0.0089956 0.0019204 0.0148963 0.040501 -0.00532708 0.00843832 -0.0166178 -0.00439998 0.0115762 0.0102129 0.0250994 0.0240457 0.0058224 -0.00825358 -0.0147743 0.00828403 0.0120982 0.00617214
internal_weight=0 2733 1007 2093 598 237 774 361 98 409 640 551 363 197 121 52 324 146 178 69 729 709 85 263 89 1319 580 671 548 68
internal_count=3740 2733 1007 2093 598 237 774 361 98 409 640 551 363 197 121 52 324 146 178 69 729 709 85 263 89 1319 580 671 548 68
shrinkage=0.1


Tree=3
num_leaves=31
num_cat=0
split_feature=0 2 2 1 1 15 10 0 10 10 12 3 0 3 15 13 2 0 1 4 9 11 1 14 8 14 0 3 3 8
split_gain=29.887 13.4257 13.4247 14.247 11.5293 7.97883 7.75158 7.31067 6.96682 7.45941 6.51058 11.12 5.93624 8.7732 5.88265 6.35545 6.22226 4.97301 4.93137 5.54193 4.78515 5.6582 6.92309 5.25892 7.08158 4.61506 4.57518 4.41217 4.23178 4.57289
threshold=28.500000000000004 40.500000000000007 28.500000000000004 10.500000000000002 1.5000000000000002 8.5000000000000018 1.5000000000000002 36.500000000000007 4.5000000000000009 1.0000000180025095e-35 1.5000000000000002 1.0000000180025095e-35 20.500000000000004 6.5000000000000009 9.5000000000000018 8.5000000000000018 27.500000000000004 42.500000000000007 17.500000000000004 3.5000000000000004 8.5000000000000018 3.5000000000000004 4.5000000000000009 5.5000000000000009 10.500000000000002 20.500000000000004 21.500000000000004 4.5000000000000009 1.0000000180025095e-35 10.500000000000002
decision_type=2 2 2 2 2 2 2 2 2 2 2 2 2 2 2 2 2 2 2 2 2 2 2 2 2 2 2 2 2 2
left_child=2 4 3 12 5 6 -2 8 9 -6 11 -4 13 -1 -9 16 -16 -17 19 27 -12 22 23 24 -22 -7 28 -11 -5 -30
right_child=1 -3 10 26 7 25 -8 14 -10 18 20 -13 -14 -15 15 17 -18 -19 -20 -21 21 -23 -24 -25 -26 -27 -28 -29 29 -31
leaf_value=-0.0020769927674119579 0.061920273448190379 -0.012658284133986423 0.073006667977287651 0.036993506481481156 0.072041120983305437 -0.027805374109226729 0.0050714272373127492 0.062108467761860346 0.058358730822801588 0.017815950529260948 -0.029302329301390952 -0.0079802894795482811 0.0040233802442850332 -0.021919416234375089 0.039399891573449843 0.027738150954246522 -0.030796750102724348 0.080010721672858512 0.035916454561295046 0.055164301991462709 0.041762266635894774 -0.027714011703218733 0.0066212514936923985 -0.037699374082413591 -0.023872807746132218 0.022276414995608125 0.034923926989237471 -0.010025176209838768 -0.023102283716201783 0.014691688639394355
leaf_weight=636 31 152 21 43 21 92 106 86 40 91 269 88 541 343 23 52 28 28 62 20 25 175 200 88 48 23 117 152 50 89
leaf_count=636 31 152 21 43 21 92 106 86 40 91 269 88 541 343 23 52 28 28 62 20 25 175 200 88 48 23 117 152 50 89
internal_value=0 0.0147269 -0.00542625 -0.00045817 0.0195953 0.00163239 0.017935 0.0271022 0.0188465 0.0142786 -0.0153135 0.0076227 -0.00438334 -0.00902893 0.0417876 0.0284471 0.000860559 0.0460336 0.0105462 0.00456544 -0.0184191 -0.0129572 -0.00580369 -0.0212384 -0.00139504 -0.017789 0.0194959 0.000400925 0.00957784 0.00109673
internal_weight=0 1007 2733 1819 855 252 137 603 386 346 914 109 1520 979 217 131 51 80 325 263 805 536 361 161 73 115 299 243 182 139
internal_count=3740 1007 2733 1819 855 252 137 603 386 346 914 109 1520 979 217 131 51 80 325 263 805 536 361 161 73 115 299 243 182 139
shrinkage=0.1


Tree=4
num_leaves=31
num_cat=0
split_feature=0 2 1 2 12 0 14 3 15 0 0 9 2 7 11 3 14 9 6 1 8 13 3 3 9 1 10 12 8 0
split_gain=24.2084 12.3464 13.0686 11.7104 8.02915 7.61123 6.29269 5.94563 5.8229 5.53033 5.43139 5.25756 5.71154 5.6815 5.22069 5.10891 5.0179 4.97289 4.73821 4.58249 6.20939 4.4437 5.56397 4.2487 5.03514 4.15021 7.46754 5.48082 4.95387 8.06853
threshold=28.500000000000004 42.500000000000007 4.5000000000000009 31.500000000000004 2.5000000000000004 35.500000000000007 7.5000000000000009 15.500000000000002 9.5000000000000018 9.5000000000000018 23.500000000000004 9.5000000000000018 16.500000000000004 3.5000000000000004 2.5000000000000004 14.500000000000002 1.5000000000000002 11.500000000000002 1.5000000000000002 12.500000000000002 11.500000000000002 2.5000000000000004 5.5000000000000009 4.5000000000000009 28.500000000000004 8.5000000000000018 1.5000000000000002 2.5000000000000004 11.500000000000002 31.500000000000004
decision_type=2 2 2 2 2 2 2 2 2 2 2 2 2 2 2 2 2 2 2 2 2 2 2 2 2 2 2 2 2 2
left_child=1 2 -1 5 9 15 -7 10 -8 -4 18 13 -13 -11 -12 25 -5 -16 -6 20 -10 22 -20 24 -18 26 -2 -28 29 -27
right_child=3 -3 4 16 7 6 8 -9 19 11 14 12 -14 -15 17 -17 23 -19 21 -21 -22 -23 -24 -25 -26 28 27 -29 -30 -31
leaf_value=-0.01056010064222471 0.045883761275382268 -0.029613165097667815 -0.035162425270447363 -0.034906534407589888 -0.051204712494559913 0.003762601067622503 0.0619535390691376 -0.028778743614321169 -0.03374416367574172 0.034998326134263423 0.044857912442900917 0.059146999346243373 0.017028547366780621 0.0013716668031125701 -0.022457024008035661 -0.0096284428468117345 0.0068059737483660392 0.029984906225493459 0.05494194145386036 0.049998955594168774 0.037249414197036194 -0.010321305367191141 -0.0050929918100959381 -0.0023737200638577608 0.057771564381463192 0.048346566192565429 0.01818066608338129 -0.023368711676448585 0.055236281055424899 -0.026427069858268454
leaf_weight=1214 42 188 26 37 23 48 94 92 22 57 44 37 248 424 40 78 63 33 26 45 28 243 38 281 28 31 63 64 56 27
leaf_count=1214 42 188 26 37 23 48 94 92 22 57 44 37 248 424 40 78 63 33 26 45 28 243 38 281 28 31 63 64 56 27
internal_value=0 -0.00488363 -0.00305685 0.0132542 0.00378684 0.0221725 0.0360962 -0.00562802 0.0443079 0.0101942 -0.000863221 0.0117337 0.0224966 0.00535653 0.0176493 0.0130314 0.000214726 0.0012496 -0.00742675 0.0268481 0.00601224 -0.00414697 0.0192962 0.00370797 0.0224877 0.0192768 0.00933078 -0.0027576 0.0340214 0.0135381
internal_weight=0 2733 2545 1007 1331 598 237 539 189 792 447 766 285 481 117 361 409 73 330 95 50 307 64 372 91 283 169 127 114 58
internal_count=3740 2733 2545 1007 1331 598 237 539 189 792 447 766 285 481 117 361 409 73 330 95 50 307 64 372 91 283 169 127 114 58
shrinkage=0.1


Tree=5
num_leaves=31
num_cat=0
split_feature=0 2 2 0 3 1 13 11 0 14 5 1 7 14 15 8 7 14 9 7 13 2 13 15 8 12 1 3 9 0
split_gain=19.7072 10.3911 10.1843 8.28449 5.97492 6.35565 6.78606 5.43818 6.18446 5.64178 5.35281 5.32573 9.96593 5.19498 5.1206 5.36732 5.03944 5.70849 5.83391 6.15434 6.93736 5.02829 6.26798 5.61279 5.29177 4.74498 5.73219 4.91868 6.27651 5.46566
threshold=29.500000000000004 25.500000000000004 31.500000000000004 21.500000000000004 18.500000000000004 4.5000000000000009 19.500000000000004 1.5000000000000002 35.500000000000007 9.5000000000000018 2.5000000000000004 10.500000000000002 9.5000000000000018 24.500000000000004 16.500000000000004 15.500000000000002 14.500000000000002 3.5000000000000004 8.5000000000000018 8.5000000000000018 10.500000000000002 22.500000000000004 5.5000000000000009 8.5000000000000018 4.5000000000000009 2.5000000000000004 1.5000000000000002 9.5000000000000018 14.500000000000002 14.500000000000002
decision_type=2 2 2 2 2 2 2 2 2 2 2 2 2 2 2 2 2 2 2 2 2 2 2 2 2 2 2 2 2 2
left_child=1 3 7 16 5 -3 14 -2 -9 -10 -11 21 -13 -4 -7 -16 17 18 -1 20 -20 23 -23 24 -5 26 -19 28 -27 -30
right_child=2 4 13 11 -6 6 -8 8 9 10 -12 12 -14 -15 15 -17 -18 25 19 -21 -22 22 -24 -25 -26 27 -28 -29 29 -31
leaf_value=-0.00069279183623611291 0.064813214966229035 -0.016604564914139371 -0.0053956033822321735 -0.0069998496252557515 -0.027008760822605966 0.012231033462050714 -0.021252335739135743 0.0092681213022386272 0.0065706767141819004 0.0070130681991577154 0.051181562288891619 0.05628262584026044 -0.0027709527342927222 0.024839467177433627 -0.033037493609991232 0.0084176819771528254 -0.022313150350864119 -0.013790599552131969 0.098477661868800304 0.00010736937876100893 0.017948612272739414 0.016437559127807616 -0.032113345036139856 -0.0054556436972184623 0.031710967421531677 -0.015639613459749922 0.0088563699975158228 -0.034125276712270884 0.062157823280854667 -0.0055663555860519416
leaf_weight=93 28 465 302 46 197 304 125 269 64 35 127 65 51 70 61 64 130 169 23 27 20 45 65 110 152 164 330 91 22 26
leaf_count=93 28 465 302 46 197 304 125 269 64 35 127 65 51 70 61 64 130 169 23 27 20 45 65 110 152 164 330 91 22 26
internal_value=0 -0.00407143 0.0129421 0.00115008 -0.0110664 -0.00798428 -0.000748851 0.0219387 0.0195135 0.0317081 0.041639 0.011362 0.0303194 0.000293792 0.00522536 -0.0118124 -0.00382999 -0.00134003 0.0157204 0.0375265 0.0610223 0.00610114 -0.0122516 0.0126557 0.0227175 -0.00480743 0.00118635 -0.0146784 -0.0063309 0.0254739
internal_weight=0 2845 895 1629 1216 1019 554 523 495 226 162 534 116 372 429 125 1095 965 163 70 43 418 110 308 198 802 499 303 212 48
internal_count=3740 2845 895 1629 1216 1019 554 523 495 226 162 534 116 372 429 125 1095 965 163 70 43 418 110 308 198 802 499 303 212 48
shrinkage=0.1


Tree=6
num_leaves=31
num_cat=0
split_feature=0 2 0 2 1 7 8 5 0 12 3 2 14 1 11 13 1 15 8 15 14 8 12 8 8 14 1 13 0 2
split_gain=16.2944 13.4017 7.42369 6.71468 5.94264 10.9987 6.26506 6.1005 5.77424 7.25571 7.72036 6.13608 6.57217 5.26209 4.9715 4.88731 4.93706 4.64037 6.84016 4.53279 4.26342 4.45706 4.19637 4.17108 4.84561 4.09969 4.03569 4.13961 3.92337 3.81355
threshold=20.500000000000004 23.500000000000004 39.500000000000007 33.500000000000007 9.5000000000000018 8.5000000000000018 8.5000000000000018 4.5000000000000009 31.500000000000004 1.0000000180025095e-35 12.500000000000002 45.500000000000007 26.500000000000004 8.5000000000000018 2.5000000000000004 4.5000000000000009 7.5000000000000009 8.5000000000000018 4.5000000000000009 22.500000000000004 12.500000000000002 24.500000000000004 2.5000000000000004 16.500000000000004 7.5000000000000009 5.5000000000000009 19.500000000000004 14.500000000000002 15.500000000000002 39.500000000000007
decision_type=2 2 2 2 2 2 2 2 2 2 2 2 2 2 2 2 2 2 2 2 2 2 2 2 2 2 2 2 2 2
left_child=3 2 4 13 7 6 -6 17 9 -3 15 12 26 -1 -7 16 22 18 -2 -5 21 23 -11 24 -12 -15 27 -10 -21 -14
right_child=1 8 -4 19 5 14 -8 -9 11 10 20 -13 29 25 -16 -17 -18 -19 -20 28 -22 -23 -24 -25 -26 -27 -28 -29 -30 -31
leaf_value=-0.0075432966380542879 -0.014344385797030304 0.035238573463951671 0.046850211215271081 -0.025955521484667607 0.014846675323717523 0.030674585737287999 0.067822926804639291 0.046715743155092804 0.011166927099227906 0.023787573293635719 0.017668568529188633 -0.024601140852067986 0.053458818062296458 0.028195687107843898 -0.01531530153333095 -0.0070584197338642339 0.038385459835882541 -0.0073676543576376777 0.020753225257042155 -0.015440682988417775 -0.041096597805965779 -0.047270487711347384 -0.021577942168170758 0.036879219043822513 -0.031789500782122983 0.00076787202857261493 0.035565735612596787 -0.01284533523555313 0.036887888804725981 0.0022112230118364099
leaf_weight=1047 73 41 71 264 33 40 69 37 200 38 32 51 53 73 57 397 54 196 232 38 86 29 44 21 52 215 42 112 23 20
leaf_count=1047 73 41 71 264 33 40 69 37 200 38 32 51 53 73 57 397 54 196 232 38 86 29 44 21 52 215 42 112 23 20
internal_value=0 0.00589665 0.015968 -0.00738858 0.0129929 0.0277575 0.0506836 0.00753165 -0.00050086 -0.00572852 -0.00795913 0.00818275 0.0120984 -0.00425053 0.0036496 -0.00145381 0.0149067 0.00463782 0.0123528 -0.0202787 -0.0237198 -0.0125675 -0.000554898 -0.00298282 -0.0129483 0.00772006 0.0064646 0.00254714 0.00428976 0.0394184
internal_weight=0 2080 808 1660 737 199 102 538 1272 794 753 478 427 1335 97 533 136 501 305 325 220 134 82 105 84 288 354 312 61 73
internal_count=3740 2080 808 1660 737 199 102 538 1272 794 753 478 427 1335 97 533 136 501 305 325 220 134 82 105 84 288 354 312 61 73
shrinkage=0.1


Tree=7
num_leaves=31
num_cat=0
split_feature=0 1 3 2 15 1 9 13 2 4 0 7 9 0 12 9 7 9 11 8 13 12 13 10 4 2 2 15 1 1
split_gain=13.3573 8.99677 7.74639 7.57038 6.82716 6.27561 6.40515 9.13306 4.98832 4.97642 5.09329 4.93072 4.93063 4.7627 4.64871 4.6076 4.53984 5.58165 4.39515 4.10193 6.88347 3.83609 5.43373 3.86306 3.77131 5.34404 3.7475 3.6214 4.81455 5.59575
threshold=27.500000000000004 1.5000000000000002 6.5000000000000009 27.500000000000004 5.5000000000000009 4.5000000000000009 15.500000000000002 8.5000000000000018 24.500000000000004 2.5000000000000004 37.500000000000007 6.5000000000000009 25.500000000000004 12.500000000000002 1.5000000000000002 14.500000000000002 3.5000000000000004 5.5000000000000009 2.5000000000000004 17.500000000000004 6.5000000000000009 1.0000000180025095e-35 7.5000000000000009 1.0000000180025095e-35 3.5000000000000004 33.500000000000007 22.500000000000004 8.5000000000000018 8.5000000000000018 4.5000000000000009
decision_type=2 2 2 2 2 2 2 2 2 2 2 2 2 2 2 2 2 2 2 2 2 2 2 2 2 2 2 2 2 2
left_child=2 4 5 27 9 8 14 12 11 10 -2 16 -8 -4 -7 19 18 -18 -1 20 -13 22 -15 -23 -25 -26 -9 -3 29 -29
right_child=1 3 13 -5 -6 6 7 26 -10 -11 -12 15 -14 21 -16 -17 17 -19 -20 -21 -22 23 -24 24 25 -27 -28 28 -30 -31
leaf_value=0.025059171863224195 -0.0094192350522065774 0.037291926913282002 -0.023192068223559528 0.005988622412987088 -0.016403945803642274 0.025786202995083003 0.10012738846597219 0.039394691160746981 -0.017073492593916037 0.056348166682503448 0.038497169123541924 0.0071639808889937739 0.031601221362749739 -0.010163314700126649 -0.00016132863986231116 0.025695649573677468 -0.002449107382978712 0.053951505270410094 -0.03551305890083313 0.020264805590405183 -0.031371024649912919 0.025910319853574039 0.058836557467778529 -0.011806005321340764 0.022856056849161786 -0.025434142712390785 -0.0049107985198497779 0.036960615634918217 0.028958300980486615 -0.020098208487033847
leaf_weight=23 78 152 218 438 200 79 21 28 253 22 31 73 21 25 548 38 28 47 25 34 127 32 21 801 75 33 60 25 129 55
leaf_count=23 78 152 218 438 200 79 21 28 253 22 31 73 21 25 548 38 28 47 25 34 127 32 21 801 75 33 60 25 129 55
internal_value=0 0.00908248 -0.00393226 0.0148256 -0.00478072 0.00111301 0.00729644 0.0274977 -0.00611053 0.0129647 0.00420837 0.000911313 0.0658643 -0.00981493 0.00310798 -0.00660188 0.0175259 0.0328953 -0.00648886 -0.0118468 -0.0173057 -0.0068603 0.0213366 -0.00823868 -0.00944085 0.00810072 0.0091864 0.0255474 0.0170059 -0.00226733
internal_weight=0 1130 2610 799 331 1405 757 130 648 131 109 395 42 1205 627 272 123 75 48 234 200 987 46 941 909 108 88 361 209 80
internal_count=3740 1130 2610 799 331 1405 757 130 648 131 109 395 42 1205 627 272 123 75 48 234 200 987 46 941 909 108 88 361 209 80
shrinkage=0.1


Tree=8
num_leaves=31
num_cat=0
split_feature=0 2 1 2 7 2 3 8 12 3 0 14 14 5 11 3 0 0 9 8 15 8 9 2 11 4 11 8 8 7
split_gain=11.373 10.5507 9.76261 6.10006 5.33667 5.3923 6.4851 5.37588 4.73768 5.47584 6.20656 4.64987 6.41843 4.53113 4.45731 4.74715 4.30201 4.18341 5.29155 4.3909 6.00291 5.77957 4.30176 4.12228 4.35029 4.09545 4.03692 3.92196 3.8385 3.70117
threshold=35.500000000000007 42.500000000000007 4.5000000000000009 16.500000000000004 14.500000000000002 45.500000000000007 8.5000000000000018 19.500000000000004 2.5000000000000004 15.500000000000002 23.500000000000004 53.500000000000007 38.500000000000007 2.5000000000000004 1.5000000000000002 11.500000000000002 42.500000000000007 9.5000000000000018 11.500000000000002 29.500000000000004 2.5000000000000004 18.500000000000004 4.5000000000000009 14.500000000000002 3.5000000000000004 1.5000000000000002 2.5000000000000004 9.5000000000000018 44.500000000000007 9.5000000000000018
decision_type=2 2 2 2 2 2 2 2 2 2 2 2 2 2 2 2 2 2 2 2 2 2 2 2 2 2 2 2 2 2
left_child=1 2 11 -2 5 6 -5 -8 17 10 28 12 14 -6 15 25 -9 -4 19 20 21 22 -19 -20 -25 -1 27 -12 -10 -14
right_child=3 -3 8 4 13 -7 7 16 9 -11 26 -13 29 -15 -16 -17 -18 18 23 -21 -22 -23 -24 24 -26 -27 -28 -29 -30 -31
leaf_value=0.0084704319636027033 0.045123276998430994 -0.022417458181685591 -0.03022311650789701 0.0030357597146447252 -0.051924950402715934 -0.024024263601149284 0.045796301605504589 -0.01775639275709788 -0.0090126103221011087 -0.020758201059747919 0.055462715625762937 -0.042998274196596714 0.0026243126392364504 0.0055445572251782704 -0.0081599812434112358 -0.013116227742284537 0.042118542194366455 0.052960065901279454 0.058749921895839552 -0.027634393149300624 0.0035388888553040858 0.075314564808555279 -0.0048829235964351235 0.025013065628083472 -0.0045408806566036115 0.068203214081850913 0.0049761873116527782 0.012427392668194242 0.03334236766981042 0.062732919341041929
leaf_weight=24 59 235 26 127 23 31 109 30 307 122 40 34 20 34 1281 32 20 20 27 38 524 23 36 203 66 22 138 45 23 21
leaf_count=24 59 235 26 127 23 31 109 30 307 122 40 34 20 34 1281 32 20 20 27 38 524 23 36 203 66 22 138 45 23 21
internal_value=0 -0.0019954 -0.000433163 0.0152397 0.0105254 0.0155907 0.0198847 0.0333426 0.00484144 -0.00158228 0.00264821 -0.00645813 -0.00557073 -0.0176449 -0.00674679 0.0164621 0.00619358 0.00934405 0.010442 0.00533529 0.00741298 0.0331095 0.0157753 0.0215007 0.0177619 0.0370383 0.0155357 0.0326793 -0.0060606 0.0334116
internal_weight=0 3307 3072 433 374 317 286 159 1638 675 553 1434 1400 57 1359 78 50 963 937 641 603 79 56 296 269 46 223 85 330 41
internal_count=3740 3307 3072 433 374 317 286 159 1638 675 553 1434 1400 57 1359 78 50 963 937 641 603 79 56 296 269 46 223 85 330 41
shrinkage=0.1


Tree=9
num_leaves=31
num_cat=0
split_feature=0 2 3 15 13 9 3 15 8 15 0 1 13 6 0 7 7 2 14 10 13 9 15 0 13 8 2 8 9 12
split_gain=9.85599 9.1834 4.6705 4.64816 6.80288 4.90246 6.17987 6.17431 4.56852 7.51219 5.78919 5.46082 5.39113 4.93454 5.62868 4.77093 4.63932 4.43548 5.0607 4.23808 4.22489 5.91914 5.91676 4.11673 3.73304 7.33638 6.92911 4.68762 3.46168 3.42282
threshold=20.500000000000004 23.500000000000004 6.5000000000000009 11.500000000000002 1.0000000180025095e-35 20.500000000000004 17.500000000000004 14.500000000000002 4.5000000000000009 8.5000000000000018 23.500000000000004 8.5000000000000018 14.500000000000002 3.5000000000000004 23.500000000000004 8.5000000000000018 4.5000000000000009 6.5000000000000009 22.500000000000004 1.5000000000000002 6.5000000000000009 15.500000000000002 1.5000000000000002 28.500000000000004 19.500000000000004 41.500000000000007 35.500000000000007 32.500000000000007 14.500000000000002 3.5000000000000004
decision_type=2 2 2 2 2 2 2 2 2 2 2 2 2 2 2 2 2 2 2 2 2 2 2 2 2 2 2 2 2 2
left_child=2 8 17 24 -5 28 7 -7 -2 10 16 12 13 14 -11 -13 -10 -1 20 -12 21 22 -19 -9 25 27 -26 -3 -6 -24
right_child=1 3 -4 4 5 6 -8 23 9 11 19 15 -14 -15 -16 -17 -18 18 -20 -21 -22 -23 29 -25 26 -27 -28 -29 -30 -31
leaf_value=0.044358185217494059 -0.0033615278945842257 0.0079117339338575093 -0.011777446089693196 0.036690270720106187 -0.011499711598355509 -0.022174126009146373 -0.022527692019939424 0.0073945898835251975 0.046818028584770535 0.0057219245367579989 0.059813718497753146 0.038239657713307278 0.022500903749217593 0.022328590658994823 -0.043055867803269539 0.0023177519048515121 -0.0040725479155410962 0.042450799047946935 -0.023973565195736134 0.028096092718963822 -0.0052618536559662019 0.058338571242664172 0.0043101638158162432 0.050972368924514115 0.011844703774241841 0.066290476350557237 -0.033999165706336501 -0.040270079885210308 -0.034954387464641051 -0.03219199560839555
leaf_weight=21 142 525 724 33 282 30 60 41 23 36 55 72 48 26 69 76 81 38 95 180 505 23 225 46 68 21 64 21 81 29
leaf_count=21 142 525 724 33 282 30 60 41 23 36 55 72 48 26 69 76 81 38 95 180 505 23 225 46 68 21 64 21 81 29
internal_value=0 0.00458603 -0.00574635 -0.000709781 -0.00738643 -0.01008 0.0035651 0.016946 0.012923 0.0163951 0.0268259 0.00558142 -0.00616916 -0.0166742 -0.0263321 0.0197933 0.0071821 -0.00108127 -0.00212414 0.0355194 0.000407196 0.00949567 0.00564846 0.0304357 0.00476335 0.0082894 -0.0103826 0.00605859 -0.0167334 0.000142594
internal_weight=0 2080 1660 1272 573 540 177 117 808 666 339 327 179 131 105 148 104 936 915 235 820 315 292 87 699 567 132 546 363 254
internal_count=3740 2080 1660 1272 573 540 177 117 808 666 339 327 179 131 105 148 104 936 915 235 820 315 292 87 699 567 132 546 363 254
shrinkage=0.1


Tree=10
num_leaves=31
num_cat=0
split_feature=1 0 10 2 1 10 7 4 11 8 3 7 8 3 2 10 2 0 7 7 2 2 12 1 7 11 7 10 8 4
split_gain=8.89618 8.69827 6.84682 5.9683 4.96803 4.78272 5.37221 4.86527 4.74925 4.49078 4.32905 5.25866 5.65663 6.56562 5.16587 5.34858 4.10351 3.95084 3.53041 3.52242 3.51856 3.36317 4.39355 3.39638 5.15272 4.73361 3.91523 5.2716 3.59257 3.4278
threshold=1.5000000000000002 28.500000000000004 1.0000000180025095e-35 20.500000000000004 13.500000000000002 4.5000000000000009 12.500000000000002 3.5000000000000004 1.5000000000000002 7.5000000000000009 4.5000000000000009 14.500000000000002 20.500000000000004 6.5000000000000009 31.500000000000004 1.5000000000000002 6.5000000000000009 34.500000000000007 10.500000000000002 9.5000000000000018 22.500000000000004 42.500000000000007 2.5000000000000004 5.5000000000000009 7.5000000000000009 3.5000000000000004 6.5000000000000009 1.5000000000000002 25.500000000000004 2.5000000000000004
decision_type=2 2 2 2 2 2 2 2 2 2 2 2 2 2 2 2 2 2 2 2 2 2 2 2 2 2 2 2 2 2
left_child=2 3 20 4 16 7 -7 10 18 -9 -3 12 13 -12 15 -15 -2 -16 -4 -17 -1 22 23 29 25 26 27 -25 -26 -5
right_child=1 5 8 21 -6 6 -8 9 -10 -11 11 -13 -14 14 17 19 -18 -19 -20 -21 -22 -23 -24 24 28 -27 -28 -29 -30 -31
leaf_value=0.051131572467940194 0.040890166376318253 0.019877782964738466 0.0011389320095380147 -0.016452282015234233 0.028042385132625854 0.058829750425436284 1.3270857743918896e-05 -0.0032874616980552679 -0.0098374973232428775 0.053662877215279473 -0.024140844984752378 -0.033987577416394889 -0.015928479363309576 0.071533874528748653 -0.019016019740830298 0.010919251872433557 0.0015525691464037714 0.020865268618972213 0.050588955391537065 0.055871554302132656 0.0055805488381274913 -0.02054921641945839 -0.010250959518032336 0.061699605217346777 0.0042520593194400559 -0.010158579129921763 0.067367626402689063 0.010449416054920717 -0.029747671347398027 0.017410973555002457
leaf_weight=28 28 186 42 128 99 44 24 20 1172 45 41 38 94 28 46 72 501 54 22 23 43 120 436 26 153 38 23 88 39 39
leaf_count=28 28 186 42 128 99 44 24 20 1172 45 41 38 94 28 46 72 501 54 22 23 43 120 436 26 153 38 23 88 39 39
internal_value=0 0.00357464 -0.00665425 -0.000282687 0.00748242 0.012843 0.038071 0.0101916 -0.00838896 0.0361397 0.00729357 0.0013828 0.0051372 0.0126379 0.0193999 0.0331234 0.00363471 0.00251988 0.0181374 0.0218024 0.0235443 -0.00475653 -0.00280279 0.00327848 0.00865824 0.0210695 0.0297313 0.0221381 -0.00265414 -0.0085441
internal_weight=0 2433 1307 1718 628 715 68 647 1236 65 582 396 358 264 223 123 529 100 64 95 71 1090 970 534 367 175 137 114 192 167
internal_count=3740 2433 1307 1718 628 715 68 647 1236 65 582 396 358 264 223 123 529 100 64 95 71 1090 970 534 367 175 137 114 192 167
shrinkage=0.1


Tree=11
num_leaves=31
num_cat=0
split_feature=0 3 11 0 7 9 14 7 7 5 14 10 8 7 1 15 13 13 8 11 5 8 3 8 5 13 8 9 12 12
split_gain=7.50526 6.90991 6.10872 5.0684 4.91234 4.52978 4.2728 4.09353 5.91281 3.84881 4.4895 3.6831 3.50677 6.70923 4.33571 3.52165 6.3036 5.63285 3.51792 3.3999 3.36341 3.17644 4.74759 4.12449 3.49752 6.30421 5.90131 3.443 3.38269 3.15554
threshold=35.500000000000007 12.500000000000002 1.5000000000000002 19.500000000000004 3.5000000000000004 7.5000000000000009 16.500000000000004 1.0000000180025095e-35 3.5000000000000004 3.5000000000000004 30.500000000000004 4.5000000000000009 22.500000000000004 14.500000000000002 16.500000000000004 9.5000000000000018 8.5000000000000018 7.5000000000000009 9.5000000000000018 3.5000000000000004 2.5000000000000004 30.500000000000004 6.5000000000000009 48.500000000000007 2.5000000000000004 11.500000000000002 24.500000000000004 14.500000000000002 2.5000000000000004 1.5000000000000002
decision_type=2 2 2 2 2 2 2 2 2 2 2 2 2 2 2 2 2 2 2 2 2 2 2 2 2 2 2 2 2 2
left_child=1 2 5 21 -3 -1 12 -5 29 -10 19 -6 13 14 15 16 -2 -17 -19 -11 -8 22 24 -23 26 -26 27 -4 -27 -9
right_child=6 4 3 7 11 -7 20 8 9 10 -12 -13 -14 -15 -16 17 -18 18 -20 -21 -22 23 -24 -25 25 28 -28 -29 -30 -31
leaf_value=-0.0071682943451789119 0.069396503075309424 -0.025123120185100673 -0.013054387248121203 -0.026114838984277512 -0.0078622277550360834 0.03855209085676406 -0.002865697886492755 0.052543571804250989 -0.00033917388388218772 0.01931170979116717 0.054318142652511593 0.021833881404664784 -0.021368584964010451 -0.029771555049551857 0.052964491576984012 -0.039022437662913884 0.0052791030996519588 -0.012666339725255965 0.04467902235362841 -0.0092128566136726979 0.030912818802071029 -0.032473978918531668 -0.015521733140623249 -0.00026329598256519862 0.025468969932108218 0.011773530509736804 0.046433092440877649 0.015635190725326539 -0.025842722256978354 0.015895115309841421
leaf_weight=31 23 165 256 45 581 72 37 28 1048 117 25 45 45 36 29 29 46 20 23 65 145 92 222 70 132 45 21 50 51 146
leaf_count=31 23 165 256 45 581 72 37 28 1048 117 25 45 45 36 29 29 46 20 23 65 145 92 222 70 132 45 21 50 51 146
internal_value=0 -0.00162097 0.000942055 -7.59732e-05 -0.00977338 0.0247916 0.01238 0.003582 0.00451717 0.00212202 0.0145826 -0.00572752 0.00392114 0.0094456 0.0177504 0.0105078 0.0266516 -0.00496333 0.0180068 0.00912436 0.0240458 -0.0058181 -0.00316237 -0.0185558 0.00178138 0.0112883 -0.0048473 -0.00836655 -0.0082101 0.0217926
internal_weight=0 3307 2516 2413 791 103 433 1474 1429 1255 207 626 251 206 170 141 69 72 43 182 182 939 777 162 555 228 327 306 96 174
internal_count=3740 3307 2516 2413 791 103 433 1474 1429 1255 207 626 251 206 170 141 69 72 43 182 182 939 777 162 555 228 327 306 96 174
shrinkage=0.1


Tree=12
num_leaves=31
num_cat=0
split_feature=2 1 15 0 2 8 9 15 10 0 9 13 13 13 8 14 0 10 9 10 0 3 9 2 8 14 13 1 14 2
split_gain=7.0151 7.5636 5.84136 6.21848 5.46751 5.38402 5.15695 5.15688 5.08946 8.7293 4.66977 4.25413 4.15803 6.85763 4.08887 4.02605 3.94464 4.67816 3.91037 3.64274 3.44517 3.87145 3.38876 3.29518 3.20893 3.19857 4.27709 3.14383 4.60386 3.12579
threshold=42.500000000000007 7.5000000000000009 8.5000000000000018 31.500000000000004 15.500000000000002 2.5000000000000004 21.500000000000004 23.500000000000004 1.5000000000000002 25.500000000000004 6.5000000000000009 9.5000000000000018 34.500000000000007 13.500000000000002 13.500000000000002 14.500000000000002 29.500000000000004 3.5000000000000004 10.500000000000002 1.5000000000000002 34.500000000000007 5.5000000000000009 2.5000000000000004 20.500000000000004 11.500000000000002 33.500000000000007 17.500000000000004 1.5000000000000002 8.5000000000000018 19.500000000000004
decision_type=2 2 2 2 2 2 2 2 2 2 2 2 2 2 2 2 2 2 2 2 2 2 2 2 2 2 2 2 2 2
left_child=1 2 3 4 10 -3 -4 -8 9 14 22 15 13 19 18 -12 29 25 -6 -5 -21 -22 -1 -19 -9 26 -18 28 -10 -7
right_child=-2 5 6 12 8 16 7 24 27 -11 11 -13 -14 -15 -16 -17 17 23 -20 20 21 -23 -24 -25 -26 -27 -28 -29 -30 -31
leaf_value=0.032333527952432634 -0.014560323512475742 -0.03549087547830173 -0.012530140528859358 0.063513844956954321 -0.029435041387166294 0.015616718088517167 -0.0053276106283284622 0.060996360438210634 -0.0022407988110325367 0.052442221961370328 0.036430792048059664 0.054164613263551577 0.063003096133470535 -0.016518351125220456 0.02002335186042483 -0.019593786027120509 0.012920520108725346 0.0067836345537849096 0.013557859028086944 -0.016743879616260528 0.062732525234637057 0.0077941446468747901 -0.015975585636102931 0.051406377915419257 0.013484615290706809 0.038264630936287548 -0.025506208283560618 7.2974216211870845e-05 -0.022273294166126084 0.0015276311890573691
leaf_weight=20 304 28 687 24 56 213 138 21 233 41 29 43 20 48 63 23 168 23 34 20 23 29 53 59 44 37 35 394 226 604
leaf_count=20 304 28 687 24 56 213 138 21 233 41 29 43 20 48 63 23 168 23 34 20 23 29 53 59 44 37 35 394 226 604
internal_value=0 0.00128822 -0.00207655 0.00199962 -0.000467517 0.00783036 -0.00839233 0.00561102 -0.00315464 0.011465 0.016279 0.0308938 0.0202775 0.0143434 0.000484157 0.0116507 0.00889532 0.0182693 -0.0131933 0.0297743 0.0185278 0.0320938 -0.00274021 0.0388902 0.0288346 0.0112238 0.00629522 -0.00647962 -0.0121043 0.0052008
internal_weight=0 3436 2269 1379 1215 1167 890 203 1047 194 168 95 164 144 153 52 1139 322 90 96 72 52 73 82 65 240 203 853 459 817
internal_count=3740 3436 2269 1379 1215 1167 890 203 1047 194 168 95 164 144 153 52 1139 322 90 96 72 52 73 82 65 240 203 853 459 817
shrinkage=0.1


Tree=13
num_leaves=31
num_cat=0
split_feature=1 0 15 10 2 10 7 4 9 7 8 3 0 8 14 12 5 14 3 2 7 0 15 13 0 8 9 8 0 11
split_gain=5.73274 5.3693 5.05006 5.00327 4.65889 3.46628 4.08026 3.93845 3.49188 3.68422 5.34764 3.68229 5.05059 3.38727 3.30503 4.40944 3.99369 5.23064 4.07702 4.87493 3.73384 4.96718 6.79143 4.35233 3.55547 3.86321 4.44363 3.19776 3.10258 3.02879
threshold=1.5000000000000002 28.500000000000004 61.500000000000007 1.0000000180025095e-35 5.5000000000000009 4.5000000000000009 12.500000000000002 3.5000000000000004 55.500000000000007 14.500000000000002 6.5000000000000009 19.500000000000004 40.500000000000007 17.500000000000004 5.5000000000000009 1.5000000000000002 2.5000000000000004 14.500000000000002 10.500000000000002 15.500000000000002 8.5000000000000018 20.500000000000004 8.5000000000000018 9.5000000000000018 26.500000000000004 7.5000000000000009 5.5000000000000009 7.5000000000000009 20.500000000000004 2.5000000000000004
decision_type=2 2 2 2 2 2 2 2 2 2 2 2 2 2 2 2 2 2 2 2 2 2 2 2 2 2 2 2 2 2
left_child=3 2 4 -1 -2 7 -7 8 9 11 -11 -3 13 -13 15 -5 17 20 19 -18 21 23 -23 -16 25 26 -17 -9 -28 -21
right_child=1 5 -4 14 -6 6 -8 27 -10 10 -12 12 -14 -15 16 24 18 -19 -20 29 -22 22 -24 -25 -26 -27 28 -29 -30 -31
leaf_value=0.02047314614477292 0.046175219254060228 0.013851347006401983 -0.047764503820375968 0.040344046442597002 -0.00014441210772116693 0.049719853538342497 -0.001538701867684722 -0.0020300187170505524 -0.028537713453687469 -0.054095167699067498 0.0061490181379201944 -0.0054919565575463434 0.031189550730315124 -0.054893576191819241 -0.031760162432143031 -0.009545342688975127 0.030200755483699295 -0.037710860793036649 -0.015495300321763265 0.011978489455285964 -0.021409995547712668 0.060428477216649935 -0.016454930007457732 0.021327917472175932 -0.020595878284228476 -0.0034217858108980905 0.017766968309879304 0.046027201546563042 0.073467744737863536 -0.010345071928748667
leaf_weight=71 22 409 22 27 1674 44 24 20 29 23 41 35 22 23 47 23 53 99 207 91 146 27 20 23 76 174 20 45 20 183
leaf_count=71 22 409 22 27 1674 44 24 20 29 23 41 35 22 23 47 23 53 99 207 91 146 27 20 23 76 174 20 45 20 183
internal_value=0 0.00286954 -0.000161065 -0.00534169 0.000456432 0.0101515 0.0316286 0.00789421 0.00528682 0.00706062 -0.0155012 0.0100135 -0.00960751 -0.0250823 -0.00682458 0.00156989 -0.01001 -0.0181186 -0.0045131 0.00243894 -0.0107436 0.00256654 0.0277121 -0.0143169 -0.00177484 0.00426059 0.0254786 0.0312404 0.0456174 -0.00293104
internal_weight=0 2433 1718 1307 1696 715 68 647 582 553 64 489 80 58 1236 340 896 362 534 327 263 117 47 70 313 237 63 65 40 274
internal_count=3740 2433 1718 1307 1696 715 68 647 582 553 64 489 80 58 1236 340 896 362 534 327 263 117 47 70 313 237 63 65 40 274
shrinkage=0.1


Tree=14
num_leaves=31
num_cat=0
split_feature=2 12 0 2 1 2 2 14 15 12 8 10 15 8 8 14 9 13 11 15 10 0 3 15 13 3 7 6 13 10
split_gain=5.44205 5.78821 6.77856 3.99966 4.12625 4.53964 4.42674 5.94192 5.21814 4.2762 3.95247 4.2584 3.93403 3.50707 3.50762 3.85193 5.37068 5.36121 3.50001 4.00075 3.75967 3.68312 3.47167 3.46277 3.2096 3.23673 4.31211 4.0986 5.10639 4.98117
threshold=42.500000000000007 1.5000000000000002 42.500000000000007 4.5000000000000009 7.5000000000000009 31.500000000000004 36.500000000000007 6.5000000000000009 31.500000000000004 2.5000000000000004 7.5000000000000009 2.5000000000000004 5.5000000000000009 3.5000000000000004 27.500000000000004 12.500000000000002 4.5000000000000009 10.500000000000002 5.5000000000000009 8.5000000000000018 1.0000000180025095e-35 31.500000000000004 4.5000000000000009 6.5000000000000009 1.5000000000000002 8.5000000000000018 11.500000000000002 2.5000000000000004 7.5000000000000009 1.5000000000000002
decision_type=2 2 2 2 2 2 2 2 2 2 2 2 2 2 2 2 2 2 2 2 2 2 2 2 2 2 2 2 2 2
left_child=1 13 3 -3 18 10 7 9 -8 -7 11 12 -6 -1 15 23 -17 -18 19 21 -21 -5 -23 -15 -22 27 -27 -26 29 -29
right_child=-2 2 -4 4 5 6 8 -9 -10 -11 -12 -13 -14 14 -16 16 17 -19 -20 20 24 22 -24 -25 25 26 -28 28 -30 -31
leaf_value=-0.027086756059101654 -0.012824345291837267 0.03583909992513986 0.027858577511576284 -0.0024847388711086542 0.045432328326361522 0.033033152988978791 -0.0041298445902372659 -0.037093044891953468 0.046429578730693234 -0.02175523710661921 0.012638119839539287 -0.027330179172649717 -0.0035358835856119791 0.038880989694187788 -0.0053751135433929556 0.045220872044563293 -0.028820729134034141 0.02286050190382144 0.037606126368045806 0.018251848022143049 -0.032063266030256297 0.04651082343068616 0.0059865618363404887 0.011007993502749338 -0.013470255443826318 -0.0091350852499180787 -0.034336858440418637 -0.010281650573015215 -0.004308085894584656 0.050353111184778671
leaf_weight=21 304 29 83 1075 21 28 95 80 26 29 512 57 75 117 69 25 49 34 20 45 69 29 78 72 192 221 98 20 125 42
leaf_count=21 304 29 83 1075 21 28 95 80 26 29 512 57 75 117 69 25 49 34 20 45 69 29 78 72 192 221 98 20 125 42
internal_value=0 0.00113463 -0.000327619 -0.00111638 -0.00148128 0.00405547 -0.00720381 -0.019514 0.00673416 0.00515836 0.00842374 -0.0056793 0.00717591 0.0126551 0.0149353 0.0196539 0.00458855 -0.0076501 -0.00401872 -0.00443622 -0.00984052 -0.000723628 0.0169698 0.0282627 -0.0114887 -0.00945483 -0.0168773 -0.00320739 0.00732988 0.0307935
internal_weight=0 3436 3049 2966 2937 923 258 137 121 57 665 153 96 387 366 297 108 83 2014 1994 812 1182 107 189 767 698 319 379 187 62
internal_count=3740 3436 3049 2966 2937 923 258 137 121 57 665 153 96 387 366 297 108 83 2014 1994 812 1182 107 189 767 698 319 379 187 62
shrinkage=0.1


Tree=15
num_leaves=31
num_cat=0
split_feature=0 3 11 1 5 14 4 2 8 0 7 3 2 11 8 3 0 14 14 8 8 2 15 9 9 12 15 4 9 3
split_gain=4.82463 3.93186 6.1942 4.55978 4.22044 7.34378 3.81298 3.77512 3.72918 3.13853 3.77495 3.18977 4.59858 4.40915 4.76517 4.2034 3.08699 3.94407 3.38095 2.89177 2.87037 3.16688 5.09447 3.90006 2.8698 3.4276 5.25708 3.19278 4.25162 6.29452
threshold=9.5000000000000018 15.500000000000002 1.5000000000000002 1.5000000000000002 2.5000000000000004 2.5000000000000004 2.5000000000000004 29.500000000000004 9.5000000000000018 25.500000000000004 21.500000000000004 8.5000000000000018 23.500000000000004 2.5000000000000004 20.500000000000004 4.5000000000000009 35.500000000000007 26.500000000000004 12.500000000000002 22.500000000000004 4.5000000000000009 21.500000000000004 3.5000000000000004 6.5000000000000009 15.500000000000002 3.5000000000000004 24.500000000000004 3.5000000000000004 19.500000000000004 6.5000000000000009
decision_type=2 2 2 2 2 2 2 2 2 2 2 2 2 2 2 2 2 2 2 2 2 2 2 2 2 2 2 2 2 2
left_child=-1 2 -2 4 5 8 20 -7 -4 24 11 15 -13 -14 -15 -11 18 19 -3 -18 -6 22 23 -22 25 26 -5 28 29 -26
right_child=1 16 3 9 6 7 -8 -9 -10 10 -12 12 13 14 -16 -17 17 -19 -20 -21 21 -23 -24 -25 27 -27 -28 -29 -30 -31
leaf_value=-0.014543082908142444 0.025378819614385085 -0.0027479644097826062 0.048821424160684856 -8.4761853849366886e-05 -0.029072225342194242 -0.01147956012510786 0.020600273774729838 -0.037221986395972122 -0.0077156454324722292 0.01385261564148843 -0.018737237595699049 0.046433054642243822 -0.010691825061474208 0.034382650791929009 -0.019635857045650483 -0.0064990924801796111 0.00742886822957259 0.03288258997405448 -0.019638704274381913 -0.030545453059262248 0.0058776289224624634 -0.0063609757010013833 -0.0014635167692018591 0.062886850429432734 0.065527688384056093 -0.016067593978412117 0.051839321404695521 0.035532799769531602 -0.0047360951096061775 -0.0041078555363195917
leaf_weight=215 113 272 28 778 36 306 90 70 20 287 44 55 53 89 20 157 65 41 210 29 21 248 92 28 25 134 20 44 123 27
leaf_count=215 113 272 28 778 36 306 90 70 20 287 44 55 53 89 20 157 65 41 210 29 21 248 92 28 25 134 20 44 123 27
internal_value=0 0.000887025 0.00242541 0.00149742 -0.00418113 -0.0115698 0.00190198 -0.016272 0.0252643 0.00437035 0.00962467 0.0115126 0.0214493 0.0129671 0.024471 0.00665618 -0.00636358 0.00700181 -0.010107 -0.00428661 -0.00205766 0.000442407 0.0124086 0.0384543 0.00115201 -0.00126847 0.00121659 0.0114529 0.00539852 0.0293708
internal_weight=0 3525 2908 2795 939 424 515 376 48 1856 705 661 217 162 109 444 617 135 482 94 425 389 141 49 1151 932 798 219 175 52
internal_count=3740 3525 2908 2795 939 424 515 376 48 1856 705 661 217 162 109 444 617 135 482 94 425 389 141 49 1151 932 798 219 175 52
shrinkage=0.1


Tree=16
num_leaves=31
num_cat=0
split_feature=2 12 0 1 2 8 14 3 8 15 14 6 9 1 15 8 14 2 14 14 2 15 8 9 15 12 8 8 13 14
split_gain=4.25734 4.40295 5.27131 3.14617 4.58103 3.36489 4.62837 3.43079 3.2847 3.82406 3.17478 3.54098 3.90336 3.46131 3.40339 4.29573 3.14931 3.51589 3.09052 3.34436 4.07568 3.09759 2.99194 5.506 3.79066 2.97024 2.85597 2.70776 3.16657 5.19508
threshold=42.500000000000007 1.5000000000000002 44.500000000000007 8.5000000000000018 31.500000000000004 7.5000000000000009 17.500000000000004 1.0000000180025095e-35 67.500000000000014 8.5000000000000018 5.5000000000000009 2.5000000000000004 9.5000000000000018 10.500000000000002 16.500000000000004 12.500000000000002 52.500000000000007 11.500000000000002 19.500000000000004 6.5000000000000009 36.500000000000007 23.500000000000004 10.500000000000002 19.500000000000004 14.500000000000002 3.5000000000000004 3.5000000000000004 27.500000000000004 10.500000000000002 11.500000000000002
decision_type=2 2 2 2 2 2 2 2 2 2 2 2 2 2 2 2 2 2 2 2 2 2 2 2 2 2 2 2 2 2
left_child=1 26 3 8 5 6 -5 -7 9 16 -9 13 -13 -12 15 -15 17 -3 19 25 -21 -20 23 -11 -25 -6 -1 28 29 -28
right_child=-2 2 -4 4 18 7 -8 10 -10 22 11 12 -14 14 -16 -17 -18 -19 21 20 -22 -23 -24 24 -26 -27 27 -29 -30 -31
leaf_value=-0.024812169869740806 -0.011342878056395996 0.023120062609217062 0.03226265364459583 -0.014329129401768479 0.011530285188928248 0.030107167080829018 0.03071026719849685 0.026376422606408597 0.023926103048854407 -0.0081305826118784064 -0.029366826547516718 0.047412218201544981 0.0062678949369324582 -0.01901152660449346 -0.028792837835275212 0.02696426785181439 -0.037326240133155476 -0.00043983415539922387 -0.0052590038846520824 -0.046286261320114139 -0.0045558746565471991 0.043588701316288544 -0.013095747351424018 -0.0025322926895959036 0.041564863446083941 -0.030368496024090315 0.022597071422939808 -0.004736041180465533 0.030525551084429028 -0.011772705159253544
leaf_weight=21 304 67 49 107 64 95 29 80 45 259 45 31 90 30 26 63 22 1160 34 50 44 21 536 35 44 23 113 69 112 72
leaf_count=21 304 67 49 107 64 95 29 80 45 259 45 31 90 30 26 63 22 1160 34 50 44 21 536 35 44 23 113 69 112 72
internal_value=0 0.00100356 -0.000271767 -0.000803163 0.00442439 0.0090937 -0.00472514 0.0131793 -0.00280931 -0.003376 0.00877338 0.00383218 0.016809 -0.00574218 0.00319151 0.0121334 0.000174267 0.000846648 -0.00736759 -0.0136757 -0.0267529 0.0133919 -0.00844956 -0.00108165 0.0220281 0.000453596 0.0110513 0.013109 0.0172549 0.00922073
internal_weight=0 3436 3049 3000 832 596 136 460 2168 2123 365 285 121 164 119 93 1249 1227 236 181 94 55 874 338 79 87 387 366 297 185
internal_count=3740 3436 3049 3000 832 596 136 460 2168 2123 365 285 121 164 119 93 1249 1227 236 181 94 55 874 338 79 87 387 366 297 185
shrinkage=0.1


Tree=17
num_leaves=31
num_cat=0
split_feature=0 4 10 7 0 14 2 6 7 15 7 13 8 9 0 3 4 13 9 10 2 0 13 14 12 10 13 3 3 0
split_gain=3.82794 3.13653 4.22357 4.88272 4.48318 4.54832 6.90307 3.70752 3.45225 3.38924 3.61828 3.65408 3.27557 5.14296 3.17081 3.1484 3.05166 3.02802 2.94843 5.35297 4.73812 4.07375 4.10852 4.00353 3.67557 3.08028 3.42118 2.96773 4.81601 4.00789
threshold=9.5000000000000018 2.5000000000000004 1.0000000180025095e-35 14.500000000000002 36.500000000000007 14.500000000000002 9.5000000000000018 1.5000000000000002 8.5000000000000018 2.5000000000000004 15.500000000000002 4.5000000000000009 11.500000000000002 16.500000000000004 21.500000000000004 3.5000000000000004 1.5000000000000002 7.5000000000000009 16.500000000000004 2.5000000000000004 25.500000000000004 25.500000000000004 2.5000000000000004 5.5000000000000009 2.5000000000000004 4.5000000000000009 8.5000000000000018 7.5000000000000009 10.500000000000002 17.500000000000004
decision_type=2 2 2 2 2 2 2 2 2 2 2 2 2 2 2 2 2 2 2 2 2 2 2 2 2 2 2 2 2 2
left_child=-1 2 8 4 5 6 -4 -7 -2 10 11 -3 -9 -14 -12 -10 -5 -6 20 23 27 -22 -23 -20 -25 26 -21 -8 -29 -30
right_child=1 9 3 16 17 7 18 12 15 -11 14 -13 13 -15 -16 -17 -18 -19 19 25 21 22 -24 24 -26 -27 -28 28 29 -31
leaf_value=-0.012954096551551376 0.026714700301910973 -0.0057233369350433352 0.046241070330142978 0.010192442517126761 -0.0059768894715095632 -0.031551303090275949 0.0053580682100615564 -0.019301353363280604 -0.033875466341322123 0.0031766944901554239 -0.02487430782229812 0.042743703254631588 0.012332401672999066 -0.016743355864119309 0.025081128378709155 0.020945067256689071 -0.024438628155580708 0.019042471188238298 0.040910858057794125 0.017869646449883779 -0.019530550298462828 0.041059957444667818 -0.0055190943400649471 0.033659023419022563 -0.0099154173719639693 0.030947941094636916 -0.021070672129536727 -0.02287449195041313 0.047334565967321399 -0.0025334643312247404
leaf_weight=215 94 20 32 31 67 74 579 141 22 852 27 70 141 107 24 20 142 174 63 30 251 22 136 32 49 20 91 111 20 83
leaf_count=215 94 20 32 31 67 74 579 141 22 852 27 70 141 107 24 20 142 174 63 30 251 22 136 32 49 20 91 111 20 83
internal_value=0 0.000790108 -0.00107794 -0.00205099 -0.000791655 -0.00235761 0.000287142 -0.0110345 0.0160649 0.00555335 0.0199144 0.0319732 -0.00713152 -0.000212381 -0.00136587 -0.00777045 -0.0182331 0.0120869 -0.000701779 0.00844293 -0.00287003 -0.0116123 0.000966596 0.0220043 0.00729918 -0.00540697 -0.011416 0.00163892 -0.00842362 0.00714965
internal_weight=0 3525 2532 2396 2223 1982 1519 463 136 993 141 90 389 248 51 42 173 241 1487 285 1202 409 158 144 81 141 121 793 214 103
internal_count=3740 3525 2532 2396 2223 1982 1519 463 136 993 141 90 389 248 51 42 173 241 1487 285 1202 409 158 144 81 141 121 793 214 103
shrinkage=0.1


end of trees

feature_importances:
Column_0=66
Column_2=57
Column_8=53
Column_14=42
Column_1=41
Column_3=40
Column_9=37
Column_15=37
Column_7=32
Column_13=32
Column_12=31
Column_10=24
Column_11=20
Column_4=12
Column_5=10
Column_6=6

parameters:
[boosting: gbdt]
[objective: regression]
[metric: l2]
[tree_learner: serial]
[device_type: cpu]
[data: ]
[valid: ]
[num_iterations: 10000]
[learning_rate: 0.1]
[num_leaves: 31]
[num_threads: 0]
[deterministic: 0]
[force_col_wise: 0]
[force_row_wise: 0]
[histogram_pool_size: -1]
[max_depth: -1]
[min_data_in_leaf: 20]
[min_sum_hessian_in_leaf: 0.001]
[bagging_fraction: 1]
[pos_bagging_fraction: 1]
[neg_bagging_fraction: 1]
[bagging_freq: 0]
[bagging_seed: 3]
[feature_fraction: 1]
[feature_fraction_bynode: 1]
[feature_fraction_seed: 2]
[extra_trees: 0]
[extra_seed: 6]
[early_stopping_round: 10]
[first_metric_only: 0]
[max_delta_step: 0]
[lambda_l1: 0]
[lambda_l2: 0]
[min_gain_to_split: 0]
[drop_rate: 0.1]
[max_drop: 50]
[skip_drop: 0.5]
[xgboost_dart_mode: 0]
[uniform_drop: 0]
[drop_seed: 4]
[top_rate: 0.2]
[other_rate: 0.1]
[min_data_per_group: 100]
[max_cat_threshold: 32]
[cat_l2: 10]
[cat_smooth: 10]
[max_cat_to_onehot: 4]
[top_k: 20]
[monotone_constraints: ]
[monotone_constraints_method: basic]
[monotone_penalty: 0]
[feature_contri: ]
[forcedsplits_filename: ]
[refit_decay_rate: 0.9]
[cegb_tradeoff: 1]
[cegb_penalty_split: 0]
[cegb_penalty_feature_lazy: ]
[cegb_penalty_feature_coupled: ]
[path_smooth: 0]
[interaction_constraints: ]
[verbosity: 1]
[saved_feature_importance_type: 0]
[max_bin: 255]
[max_bin_by_feature: ]
[min_data_in_bin: 3]
[bin_construct_sample_cnt: 200000]
[data_random_seed: 1]
[is_enable_sparse: 1]
[enable_bundle: 1]
[use_missing: 1]
[zero_as_missing: 0]
[feature_pre_filter: 1]
[pre_partition: 0]
[two_round: 0]
[header: 0]
[label_column: ]
[weight_column: ]
[group_column: ]
[ignore_column: ]
[categorical_feature: ]
[forcedbins_filename: ]
[objective_seed: 5]
[num_class: 1]
[is_unbalance: 0]
[scale_pos_weight: 1]
[sigmoid: 1]
[boost_from_average: 1]
[reg_sqrt: 0]
[alpha: 0.9]
[fair_c: 1]
[poisson_max_delta_step: 0.7]
[tweedie_variance_power: 1.5]
[lambdarank_truncation_level: 30]
[lambdarank_norm: 1]
[label_gain: ]
[eval_at: ]
[multi_error_top_k: 1]
[auc_mu_weights: ]
[num_machines: 1]
[local_listen_port: 12400]
[time_out: 120]
[machine_list_filename: ]
[machines: ]
[gpu_platform_id: -1]
[gpu_device_id: -1]
[gpu_use_dp: 0]
[num_gpu: 1]

end of parameters

pandas_categorical:null
