tree
version=v3
num_class=1
num_tree_per_iteration=1
label_index=0
max_feature_idx=15
objective=regression
feature_names=Column_0 Column_1 Column_2 Column_3 Column_4 Column_5 Column_6 Column_7 Column_8 Column_9 Column_10 Column_11 Column_12 Column_13 Column_14 Column_15
feature_infos=[1:49] [0:72] [1:49] [0:68] [0:8] [0:8] [0:8] [8:231] [0:175] [0:252] [0:8] [0:8] [0:8] [0:193] [0:196] [0:275]
tree_sizes=2807 2846 2855 2856 2859 2862 2866 2862 2848 2867 2852 2871 2846 2858 2865 2850 2871 2860 2866 2864 2857 2859 2856 2838 2863 2855 2874 2867 2853 2829 2819 2796 2828

Tree=0
num_leaves=31
num_cat=0
split_feature=2 2 0 0 1 1 12 1 8 0 2 0 8 1 0 11 0 2 8 15 8 4 0 10 1 12 8 14 2 14
split_gain=295.234 111.39 84.0505 79.5817 52.5781 33.2394 32.8436 30.5007 29.4051 20.7832 19.7567 18.7058 17.8345 16.6301 16.4491 15.9256 16.1843 15.8446 15.3416 18.6391 15.1377 14.8507 14.3675 14.0767 13.8889 14.9912 12.8545 10.774 9.8049 10.5801
threshold=38.500000000000007 26.500000000000004 19.500000000000004 26.500000000000004 8.5000000000000018 4.5000000000000009 2.5000000000000004 13.500000000000002 13.500000000000002 26.500000000000004 20.500000000000004 31.500000000000004 15.500000000000002 19.500000000000004 16.500000000000004 1.5000000000000002 36.500000000000007 40.500000000000007 12.500000000000002 6.5000000000000009 15.500000000000002 1.5000000000000002 24.500000000000004 2.5000000000000004 1.5000000000000002 2.5000000000000004 20.500000000000004 6.5000000000000009 19.500000000000004 28.500000000000004
decision_type=2 2 2 2 2 2 2 2 2 2 2 2 2 2 2 2 2 2 2 2 2 2 2 2 2 2 2 2 2 2
left_child=1 2 7 12 6 21 10 8 14 -2 22 23 24 18 28 -7 20 -11 19 -6 -17 -5 -4 27 -3 -26 -9 -8 29 -1
right_child=9 3 4 5 13 15 11 26 -10 17 -12 -13 -14 -15 -16 16 -18 -19 -20 -21 -22 -23 -24 -25 25 -27 -28 -29 -30 -31
leaf_value=0.045898987884186726 -0.0076155900814975502 0.018161278400106583 0.06726375579439621 0.00030779680676516069 0.10316351659612516 0.11357758851443843 0.034108806436976932 0.082877828607309148 0.026390987990593556 0.042450897971475346 0.057540348000875055 0.070058900264921925 0.012277862825814695 0.09386512644423306 0.058537629977694426 0.0623825534849453 0.082759407548043395 0.0077798176938450175 0.062152320267105168 0.073251842468578382 0.028080163723301112 0.043759408585118231 0.084390986453246858 0.031908514272696559 0.050903054810559602 0.026250559490672384 0.044564286618420323 0.057938831050969024 0.028759408988326126 0.11009274016706194
leaf_weight=523 624 428 1725 93 292 66 249 304 760 188 1511 394 569 577 1001 674 305 441 649 727 159 510 684 503 543 452 123 797 420 27
leaf_count=523 624 428 1725 93 292 66 249 304 760 188 1511 394 569 577 1001 674 305 441 649 727 159 510 684 503 543 452 123 797 420 27
internal_value=0.0519549 0.0558341 0.0608274 0.0410263 0.066218 0.0562226 0.0612349 0.0469874 0.0431014 0.00531488 0.0665043 0.050604 0.0272413 0.0792316 0.0495448 0.0658209 0.0630511 0.0181426 0.0741695 0.0818232 0.055835 0.0370579 0.0721268 0.0456555 0.0332246 0.0397041 0.0718414 0.0522661 0.0402646 0.0490503
internal_weight=0 15065 11266 3799 8108 1807 5863 3158 2731 1253 3920 1943 1992 2245 1971 1204 1138 629 1668 1019 833 603 2409 1549 1423 995 427 1046 970 550
internal_count=16318 15065 11266 3799 8108 1807 5863 3158 2731 1253 3920 1943 1992 2245 1971 1204 1138 629 1668 1019 833 603 2409 1549 1423 995 427 1046 970 550
shrinkage=1


Tree=1
num_leaves=31
num_cat=0
split_feature=2 2 0 0 0 5 1 1 12 0 8 1 2 1 8 1 12 2 2 13 5 2 8 7 10 11 1 9 0 10
split_gain=240.29 85.7406 83.5834 52.68 49.7751 46.0205 28.7128 22.5422 20.7569 23.282 20.0541 19.9602 19.6905 18.5499 17.9455 16.284 14.6092 14.1668 13.113 12.2886 12.0991 11.8188 12.2366 11.9005 11.662 11.5553 10.8203 10.3085 10.0518 12.7205
threshold=28.500000000000004 40.500000000000007 31.500000000000004 26.500000000000004 16.500000000000004 2.5000000000000004 7.5000000000000009 4.5000000000000009 2.5000000000000004 24.500000000000004 12.500000000000002 14.500000000000002 18.500000000000004 2.5000000000000004 18.500000000000004 13.500000000000002 2.5000000000000004 27.500000000000004 19.500000000000004 41.500000000000007 3.5000000000000004 17.500000000000004 21.500000000000004 14.500000000000002 1.0000000180025095e-35 1.5000000000000002 14.500000000000002 2.5000000000000004 36.500000000000007 1.5000000000000002
decision_type=2 2 2 2 2 2 2 2 2 2 2 2 2 2 2 2 2 2 2 2 2 2 2 2 2 2 2 2 2 2
left_child=2 3 4 14 13 8 10 -5 9 17 -7 19 -8 20 24 16 -4 21 -15 -10 -1 23 -23 -6 -2 -9 -26 -17 29 -27
right_child=1 -3 15 7 5 6 12 25 11 -11 -12 -13 -14 18 -16 27 -18 -19 -20 -21 -22 22 -24 -25 26 28 -28 -29 -30 -31
leaf_value=-0.019566587246354468 0.023872216138185871 -0.048030177708395481 0.033158189628895322 -0.017249647531126913 0.020083555850115689 -0.0051598636645146393 0.026853570255049825 0.052082881145179276 -0.00026097244201070174 0.030938651013747306 -0.029877940864763527 0.028747298142325559 -0.00095677288981385654 0.007524887325478272 -0.04426171713336801 -0.024850006537003953 0.0099912543634050784 -0.025874907970428469 -0.014863363938386907 -0.072396568705638251 -0.06570358615849288 0.010994960295801276 -0.053258212208747872 0.060085424018460655 -0.0269901345229779 0.028279992240667347 -0.0032835267698813858 0.045024089232257758 0.021106796205654081 -0.0067270343782368063
leaf_weight=683 58 903 521 534 550 1408 411 56 1475 831 428 257 669 568 401 22 570 95 485 24 62 2467 30 86 927 125 243 524 293 612
leaf_count=683 58 903 521 534 550 1408 411 56 1475 831 428 257 669 568 401 22 570 95 485 24 62 2467 30 86 927 125 243 524 293 612
internal_value=0 -0.0207721 0.00708907 -0.0131962 0.00382081 0.00694096 -0.00331142 -0.000427361 0.0120821 0.0160118 -0.010922 0.00299864 0.00962661 -0.0113305 -0.0258945 0.0281102 0.0210545 0.0121691 -0.00278689 -0.00141591 -0.0234062 0.0133227 0.010223 0.0254926 -0.0198967 0.00784437 -0.0220665 0.0422086 0.00543917 -0.000789615
internal_weight=0 4152 12166 3249 10529 8731 2916 1620 5815 4059 1836 1756 1080 1798 1629 1637 1091 3228 1053 1499 745 3133 2497 636 1228 1086 1170 546 1030 737
internal_count=16318 4152 12166 3249 10529 8731 2916 1620 5815 4059 1836 1756 1080 1798 1629 1637 1091 3228 1053 1499 745 3133 2497 636 1228 1086 1170 546 1030 737
shrinkage=0.1


Tree=2
num_leaves=31
num_cat=0
split_feature=2 8 1 1 2 0 0 2 2 12 4 0 1 1 5 0 2 13 1 2 0 8 7 3 7 2 1 0 15 14
split_gain=197.665 77.5579 54.4268 52.9258 44.0198 32.2091 26.5472 24.4353 23.5647 23.0428 20.5057 16.8679 16.5169 15.6047 15.2906 14.4863 14.4328 15.5413 13.8727 13.5702 10.4092 10.3987 9.33125 9.25392 8.66213 8.39197 8.67709 8.39161 8.64416 8.24157
threshold=38.500000000000007 13.500000000000002 14.500000000000002 13.500000000000002 26.500000000000004 16.500000000000004 24.500000000000004 31.500000000000004 21.500000000000004 1.0000000180025095e-35 1.5000000000000002 20.500000000000004 2.5000000000000004 5.5000000000000009 2.5000000000000004 33.500000000000007 17.500000000000004 13.500000000000002 3.5000000000000004 43.500000000000007 35.500000000000007 21.500000000000004 9.5000000000000018 3.5000000000000004 8.5000000000000018 11.500000000000002 4.5000000000000009 24.500000000000004 3.5000000000000004 14.500000000000002
decision_type=2 2 2 2 2 2 2 2 2 2 2 2 2 2 2 2 2 2 2 2 2 2 2 2 2 2 2 2 2 2
left_child=1 2 4 12 5 22 24 -5 -4 -7 27 -2 -3 14 25 -9 -14 21 -8 23 -16 -18 -1 -13 -6 26 -12 -11 -29 -24
right_child=11 3 8 7 6 9 18 15 -10 10 13 19 16 -15 20 -17 17 -19 -20 -21 -22 -23 29 -25 -26 -27 -28 28 -30 -31
leaf_value=-0.021769772382831842 -0.057408820224290127 -0.028491237801072641 0.042903838851580438 0.014035658201958873 -0.00025044509128436149 0.045165996017154826 -0.011608895888695351 -0.03767990814232678 0.015882754443262082 -0.021091530776957176 0.045952491412560144 0.009284286201000214 0.0039443922786184049 0.019916379317885542 -0.0033993588623829549 0.027655242487441663 -0.0033016167504795581 -0.036985549279968215 0.010028805948146013 -0.046104900986770468 0.031142954211285774 -0.028238299087836195 -0.0079214205428705369 -0.026756922229489027 -0.026851594671196341 0.010783938451913687 -0.025192686617374421 0.037797672995205589 -0.0057477223481370819 0.019264985110661756
leaf_weight=359 334 916 510 1010 149 186 507 161 879 281 120 84 433 1525 1213 43 586 301 713 366 94 234 472 469 686 3250 20 58 213 146
leaf_count=359 334 916 510 1010 149 186 507 161 879 281 120 84 433 1525 1213 43 586 301 713 366 94 234 472 469 686 3250 20 58 213 146
internal_value=0 0.00317412 0.00725635 -0.00943716 0.00467801 0.00805535 -0.00836627 0.00765958 0.0258041 0.0104421 0.00948864 -0.0381629 -0.0178402 0.0111274 0.00827385 -0.0239083 -0.0115619 -0.0175514 0.00103674 -0.0311681 -0.000915061 -0.0104177 -0.00894736 -0.0212823 -0.0221048 0.0118166 0.0357889 -0.00898319 0.00357196 -0.00149874
internal_weight=0 15065 11381 3684 9992 7937 2055 1214 1389 6960 6774 1253 2470 6222 4697 204 1554 1121 1220 919 1307 820 977 553 835 3390 140 552 271 618
internal_count=16318 15065 11381 3684 9992 7937 2055 1214 1389 6960 6774 1253 2470 6222 4697 204 1554 1121 1220 919 1307 820 977 553 835 3390 140 552 271 618
shrinkage=0.1


Tree=3
num_leaves=31
num_cat=0
split_feature=2 0 2 5 0 0 1 8 11 1 2 2 1 12 0 8 1 2 12 13 1 0 2 8 0 2 12 8 14 0
split_gain=161.182 62.3316 56.0655 37.4068 37.1315 26.4371 23.2645 20.3748 18.0549 13.8985 13.2309 12.485 13.3031 11.9706 15.2046 11.7435 11.2738 11.7735 11.6364 10.6782 10.3305 10.3069 11.6614 10.2881 14.0452 9.49851 8.84396 8.67516 12.1956 9.13511
threshold=28.500000000000004 31.500000000000004 40.500000000000007 2.5000000000000004 27.500000000000004 19.500000000000004 7.5000000000000009 13.500000000000002 2.5000000000000004 3.5000000000000004 19.500000000000004 26.500000000000004 1.0000000180025095e-35 2.5000000000000004 24.500000000000004 27.500000000000004 13.500000000000002 12.500000000000002 2.5000000000000004 14.500000000000002 4.5000000000000009 20.500000000000004 18.500000000000004 17.500000000000004 36.500000000000007 15.500000000000002 2.5000000000000004 17.500000000000004 22.500000000000004 9.5000000000000018
decision_type=2 2 2 2 2 2 2 2 2 2 2 2 2 2 2 2 2 2 2 2 2 2 2 2 2 2 2 2 2 2
left_child=1 3 4 5 15 11 7 -5 10 -6 -8 12 19 14 25 20 17 -3 -19 26 -2 22 -10 -11 -25 -7 -1 28 29 -14
right_child=2 16 -4 6 9 13 8 -9 21 23 -12 -13 27 -15 -16 -17 -18 18 -20 -21 -22 -23 -24 24 -26 -27 -28 -29 -30 -31
leaf_value=0.001403387412312984 -0.028118225558224894 0.043712456422773278 -0.039054538119802973 -0.0065008432008304001 -0.01448001709434228 0.028189001423971995 0.03478942006143905 -0.029411434001171046 -0.00079446400205294304 0.011210745581153654 0.004670435534422159 -0.030987811101669517 -0.023856805832613084 0.0038228160159736028 0.026512290159000529 -0.045078986049708676 0.035689879025950104 0.025420489505065227 0.0031187026248764745 -0.038941418306500303 -0.011576928713359887 0.0030892979619758475 -0.045162062410615454 -0.035642378309131723 0.028012721210718156 0.0086169508122935744 -0.020826176722203535 -0.011545820846790221 0.046145449082056686 0.010695460761384444
leaf_weight=643 613 154 903 1689 423 280 262 504 120 890 329 135 84 1416 831 177 546 452 485 102 983 448 117 113 50 2167 248 205 90 859
leaf_count=643 613 154 903 1689 423 280 262 504 120 890 329 135 84 1416 831 177 546 452 485 102 983 448 117 113 50 2167 248 205 90 859
internal_value=0 0.00580604 -0.0170126 0.00298369 -0.0108864 0.00716181 -0.00551951 -0.0117662 0.00521639 0.000830328 0.0180227 -0.00145742 0.000329488 0.0115063 0.0148254 -0.0206405 0.0239591 0.0180883 0.0138769 -0.00829259 -0.0179302 -0.00583254 -0.0226975 0.00698064 -0.0161163 0.0108565 -0.00478397 0.00724526 0.0109744 0.00761763
internal_weight=0 12166 4152 10529 3249 7060 3469 2193 1276 1476 591 2366 2231 4694 3278 1773 1637 1091 937 993 1596 685 237 1053 163 2447 891 1238 1033 943
internal_count=16318 12166 4152 10529 3249 7060 3469 2193 1276 1476 591 2366 2231 4694 3278 1773 1637 1091 937 993 1596 685 237 1053 163 2447 891 1238 1033 943
shrinkage=0.1


Tree=4
num_leaves=31
num_cat=0
split_feature=2 0 2 1 8 11 2 8 2 4 1 4 5 12 1 0 10 0 0 10 0 14 1 5 3 13 2 14 11 9
split_gain=132.294 57.0464 59.5646 32.3865 27.5489 23.5578 15.1166 15.0549 14.2128 13.5592 13.2437 13.2591 12.2413 12.1843 10.7944 9.5917 9.2617 9.19818 9.01659 10.1666 8.62881 11.4158 7.84814 7.7479 7.71029 7.44062 7.29677 7.29642 7.4082 9.69866
threshold=37.500000000000007 31.500000000000004 25.500000000000004 2.5000000000000004 13.500000000000002 2.5000000000000004 24.500000000000004 15.500000000000002 45.500000000000007 2.5000000000000004 3.5000000000000004 1.5000000000000002 2.5000000000000004 2.5000000000000004 27.500000000000004 14.500000000000002 1.0000000180025095e-35 20.500000000000004 20.500000000000004 1.0000000180025095e-35 20.500000000000004 23.500000000000004 18.500000000000004 3.5000000000000004 9.5000000000000018 5.5000000000000009 7.5000000000000009 8.5000000000000018 2.5000000000000004 8.5000000000000018
decision_type=2 2 2 2 2 2 2 2 2 2 2 2 2 2 2 2 2 2 2 2 2 2 2 2 2 2 2 2 2 2
left_child=1 2 3 4 13 9 -3 14 18 -5 11 -8 20 23 15 -4 -17 24 -2 -20 21 -7 27 -1 -14 -9 -19 28 29 -21
right_child=8 6 7 5 -6 12 10 25 -10 -11 -12 -13 17 -15 -16 16 -18 26 19 22 -22 -23 -24 -25 -26 -27 -28 -29 -30 -31
leaf_value=0.0058463741880907145 -0.03940537648650657 0.024653064140512156 -0.029828118333002418 0.0095556631819210917 -0.024528850522562328 -0.0030866135765054373 -0.056228087425231936 -0.007982129190522845 -0.048501997606066251 0.023218731846818594 0.015035345510523618 9.0493696362839329e-05 -0.0093473871967248764 -0.010079854829179729 0.033420112680216309 0.029432800990432058 -0.0083810610432766795 0.048469359402855239 0.024952818751335145 -0.027820857917820969 0.014514758456328393 0.033724408572719945 -0.0022587395356800741 -0.034485670255154983 -0.038581772168364489 -0.030423858677799055 -0.0019687099761656196 -0.037540886604445739 -0.027849392971051996 0.02932407395406203
leaf_weight=1704 283 1226 205 2430 556 895 50 202 298 1036 881 255 285 815 61 67 1948 30 50 54 767 93 167 49 132 550 653 311 199 66
leaf_count=1704 283 1226 205 2430 556 895 50 202 298 1036 881 255 285 815 61 67 1948 30 50 54 767 93 167 49 132 550 653 311 199 66
internal_value=0 0.00278839 6.70456e-05 0.00398227 -0.00434721 0.00809892 0.0168667 -0.0121253 -0.029075 0.0136396 0.00881772 -0.00914206 0.00137246 2.23295e-05 -0.00807999 -0.0092203 -0.00712373 -0.00689844 -0.0239517 -0.0187884 0.00655651 0.000378392 -0.0215325 0.00471901 -0.0186014 -0.0243956 0.000246725 -0.0266416 -0.0160156 0.00360885
internal_weight=0 14890 12478 9445 3124 6321 2412 3033 1428 3466 1186 305 2855 2568 2281 2220 2015 1100 1130 847 1755 988 797 1753 417 752 683 630 319 120
internal_count=16318 14890 12478 9445 3124 6321 2412 3033 1428 3466 1186 305 2855 2568 2281 2220 2015 1100 1130 847 1755 988 797 1753 417 752 683 630 319 120
shrinkage=0.1


Tree=5
num_leaves=31
num_cat=0
split_feature=2 2 0 0 8 1 8 1 5 3 7 3 0 1 10 1 12 11 0 10 12 1 0 4 9 2 6 1 2 3
split_gain=108.124 49.0651 35.055 32.544 23.907 20.0762 17.3578 15.6409 13.6967 12.8407 11.4988 12.0348 11.4815 13.9235 10.9365 10.7612 13.0056 10.6319 10.5701 12.7241 10.2447 9.99027 9.93626 11.2558 9.28187 8.99787 7.84296 7.64659 11.7267 7.64535
threshold=38.500000000000007 20.500000000000004 31.500000000000004 27.500000000000004 18.500000000000004 1.0000000180025095e-35 13.500000000000002 5.5000000000000009 2.5000000000000004 6.5000000000000009 22.500000000000004 6.5000000000000009 24.500000000000004 18.500000000000004 1.0000000180025095e-35 19.500000000000004 2.5000000000000004 2.5000000000000004 20.500000000000004 3.5000000000000004 1.5000000000000002 2.5000000000000004 16.500000000000004 1.5000000000000002 2.5000000000000004 25.500000000000004 1.0000000180025095e-35 13.500000000000002 32.500000000000007 3.5000000000000004
decision_type=2 2 2 2 2 2 2 2 2 2 2 2 2 2 2 2 2 2 2 2 2 2 2 2 2 2 2 2 2 2
left_child=1 3 4 6 5 -3 7 22 17 -10 21 -12 -2 14 -14 16 -5 25 -19 -20 -9 -8 -1 -24 -25 -7 -22 -6 -29 -15
right_child=12 2 -4 15 27 8 10 20 9 -11 11 -13 13 29 -16 -17 -18 18 19 -21 26 -23 23 24 -26 -27 -28 28 -30 -31
leaf_value=-0.0081923960409289679 -0.0394974080934411 -0.014558119705691659 0.0099904876578837763 0.027932481463015742 -0.028518294833845017 0.018181095951786533 -0.025619485539694627 0.044345658100568335 0.0021159456227276777 -0.018296166181478321 0.052464231476187707 -0.0021668031675006272 0.028532133861021564 0.054699442783991498 -0.030775409608345385 0.041270238416900966 0.0075303760711918771 -0.012532292454213393 0.0090981297682736443 -0.026809592584593107 -0.044543725252151493 -0.0036466297811391401 -0.017209758998259255 -0.014151469936147769 0.0099443301819492503 0.0016560686828514877 0.01583225445072629 0.0045722532628187495 -0.040107412366981968 -0.0037789006416614236
leaf_weight=533 525 1353 1630 633 579 659 288 130 555 693 64 109 33 27 538 233 617 610 779 113 22 735 184 171 2455 659 977 201 83 130
leaf_count=533 525 1353 1630 633 579 659 288 130 555 693 64 109 33 27 538 233 617 610 779 113 22 735 184 171 2455 659 977 201 83 130
internal_value=0 0.00234757 -0.00307728 0.00835124 -0.00646691 -0.00400592 0.00490053 0.00776238 -0.000496298 -0.00921866 -0.0058003 0.0180435 -0.0282252 -0.0200961 -0.0273478 0.0215398 0.017862 0.00336381 -0.00238798 0.00454928 0.017939 -0.00983254 0.00432554 0.00669994 0.00837526 0.00991858 0.0145027 -0.0219258 -0.00848554 0.00627788
internal_weight=0 15065 7914 7151 6284 5421 5668 4472 4068 1248 1196 173 1253 728 571 1483 1250 2820 1502 892 1129 1023 3343 2810 2626 1318 999 863 284 157
internal_count=16318 15065 7914 7151 6284 5421 5668 4472 4068 1248 1196 173 1253 728 571 1483 1250 2820 1502 892 1129 1023 3343 2810 2626 1318 999 863 284 157
shrinkage=0.1


Tree=6
num_leaves=31
num_cat=0
split_feature=2 0 2 1 12 0 11 15 12 2 1 11 9 6 13 14 8 8 7 8 2 0 1 14 1 0 3 4 3 9
split_gain=89.8152 38.5458 31.5628 24.8631 23.8191 21.7744 17.1697 16.283 14.4077 13.3975 11.8408 11.7033 11.2174 10.664 10.5817 10.574 10.4423 9.31033 12.4929 9.19945 8.81632 8.59637 8.42975 8.85629 8.3443 8.30824 8.10295 8.34913 7.94624 10.693
threshold=28.500000000000004 19.500000000000004 42.500000000000007 14.500000000000002 2.5000000000000004 26.500000000000004 2.5000000000000004 6.5000000000000009 1.5000000000000002 19.500000000000004 13.500000000000002 1.5000000000000002 4.5000000000000009 1.0000000180025095e-35 39.500000000000007 33.500000000000007 10.500000000000002 8.5000000000000018 27.500000000000004 2.5000000000000004 20.500000000000004 17.500000000000004 4.5000000000000009 46.500000000000007 14.500000000000002 27.500000000000004 21.500000000000004 1.5000000000000002 8.5000000000000018 6.5000000000000009
decision_type=2 2 2 2 2 2 2 2 2 2 2 2 2 2 2 2 2 2 2 2 2 2 2 2 2 2 2 2 2 2
left_child=1 6 5 4 7 13 8 12 -1 15 28 -7 -3 -2 17 21 24 18 -6 -9 -21 -8 26 -24 -15 -5 27 -13 29 -10
right_child=2 3 -4 25 14 11 9 19 10 -11 -12 22 -14 16 -16 -17 -18 -19 -20 20 -22 -23 23 -25 -26 -27 -28 -29 -30 -31
leaf_value=0.03155475219353935 -0.045495658854315106 0.0041430454738069292 -0.033180537375400734 0.011444806961843811 0.0024278518159821004 0.035545726784740585 -0.013692081997879838 0.031953627799378069 -0.0094194507090056834 -0.022120871351811514 0.024776147991601674 -0.038784823973973592 0.021541674583936219 -0.011691889554362169 -0.036469146163984278 0.030861249938607217 -0.022172572465449947 -0.0067556948728331248 0.040417705571397823 0.0087879910548724748 -0.0024063556190478479 0.010256582761512083 7.2693905371713503e-05 0.041586161763579765 0.013659124704728643 0.027285094238115183 -0.043104046350949776 -0.0024476379408008854 -0.015193742287667442 0.011156440355414831
leaf_weight=151 121 505 637 591 1094 83 565 122 492 744 163 75 1392 596 87 80 877 1326 94 1616 1246 204 1063 54 166 753 77 403 422 519
leaf_count=151 121 505 637 591 1094 83 565 122 492 744 163 75 1392 596 87 80 877 1326 94 1616 1246 204 1063 54 166 753 77 403 422 519
internal_value=0 0.00433407 -0.0126995 0.0077967 0.0055472 -0.00898786 -0.00481598 0.00966598 0.00203053 -0.0123244 -0.000762797 -0.00110601 0.01691 -0.0168473 -0.00218206 -0.00373944 -0.0147323 -0.000995512 0.00543378 0.0050608 0.00391442 -0.00733899 -0.00292545 0.00207961 -0.00616923 0.0203196 -0.0129987 -0.00814908 -0.00366779 0.00114325
internal_weight=0 12166 4152 8826 7482 3515 3340 4881 1747 1593 1596 1755 1897 1760 2601 849 1639 2514 1188 2984 2862 769 1672 1117 762 1344 555 478 1433 1011
internal_count=16318 12166 4152 8826 7482 3515 3340 4881 1747 1593 1596 1755 1897 1760 2601 849 1639 2514 1188 2984 2862 769 1672 1117 762 1344 555 478 1433 1011
shrinkage=0.1


Tree=7
num_leaves=31
num_cat=0
split_feature=2 0 12 2 1 8 5 0 2 1 1 12 4 2 1 0 8 10 8 3 14 0 3 9 2 9 13 9 13 0
split_gain=74.7118 34.8555 25.9397 17.8767 17.079 19.0818 17.017 16.1718 15.3911 14.5856 14.3442 15.533 12.333 11.7583 9.58684 11.1603 9.22394 11.9838 9.19888 9.17186 8.99074 8.73233 7.98242 9.85559 7.95964 7.66829 7.657 7.63976 7.45484 7.45362
threshold=32.500000000000007 27.500000000000004 2.5000000000000004 42.500000000000007 7.5000000000000009 14.500000000000002 2.5000000000000004 21.500000000000004 24.500000000000004 16.500000000000004 14.500000000000002 1.5000000000000002 1.5000000000000002 16.500000000000004 1.5000000000000002 24.500000000000004 8.5000000000000018 1.5000000000000002 25.500000000000004 9.5000000000000018 5.5000000000000009 20.500000000000004 16.500000000000004 7.5000000000000009 22.500000000000004 3.5000000000000004 9.5000000000000018 35.500000000000007 9.5000000000000018 21.500000000000004
decision_type=2 2 2 2 2 2 2 2 2 2 2 2 2 2 2 2 2 2 2 2 2 2 2 2 2 2 2 2 2 2
left_child=1 2 6 7 5 20 13 -2 -6 -9 11 -3 -13 -1 22 18 -14 -18 -16 25 -4 -21 23 -15 28 29 -11 -19 -23 -8
right_child=3 10 4 -5 8 -7 19 9 -10 26 -12 12 16 14 15 -17 17 27 -20 21 -22 24 -24 -25 -26 -27 -28 -29 -30 -31
leaf_value=0.017652180691560111 -0.025145281863223193 0.02845687069783702 -0.020598777633188937 -0.029862482862158136 0.010013114645274518 -0.029338201374773044 -0.034972871593807055 -0.010838067106968535 -0.014245424808968916 0.034384452531097134 0.022278613368091463 -0.012855881203466389 0.013489093776183623 -0.010821119769588931 0.0064830845105843474 0.026461682890678618 0.025416720501134096 -0.0090376397365168355 -0.036428476548662374 -0.03328055351167112 -0.0034382299032685404 -0.0065152983043504798 -0.04311461783945561 0.0083963081526116853 -0.025127654192877599 0.0029328103260487372 0.002680749201727479 0.050990983843803406 0.037457002134158694 0.0020648485248528636
leaf_weight=840 562 318 391 637 854 498 115 1130 377 109 927 335 1169 546 2440 286 142 584 51 185 1393 115 48 522 122 1186 253 22 58 103
leaf_count=840 562 318 391 637 854 498 115 1130 377 109 927 335 1169 546 2440 286 142 584 51 185 1393 115 48 522 122 1186 253 22 58 103
internal_value=0 0.00300689 3.53745e-05 -0.0152267 -0.00690957 -0.0120307 0.00372248 -0.0106877 0.00258381 -0.00524188 0.0116147 0.00776821 0.00484681 0.00692199 0.00460672 0.00775258 0.0079404 -0.000731291 0.00560453 -0.00431535 -0.00719931 -0.0162484 -0.00322129 -0.00142833 -0.00556721 -0.000235675 0.0122269 -0.00685838 0.00822686 -0.0174734
internal_weight=0 13627 10130 2691 3513 2282 6617 2054 1231 1492 3497 2570 2252 4733 3893 2777 1917 748 2491 1884 1784 480 1116 1068 295 1404 362 606 173 218
internal_count=16318 13627 10130 2691 3513 2282 6617 2054 1231 1492 3497 2570 2252 4733 3893 2777 1917 748 2491 1884 1784 480 1116 1068 295 1404 362 606 173 218
shrinkage=0.1


Tree=8
num_leaves=31
num_cat=0
split_feature=2 0 1 8 2 1 0 12 2 1 5 1 9 10 0 3 13 1 7 3 15 7 4 8 4 0 10 14 9 3
split_gain=62.424 27.1195 26.1639 25.503 17.1152 16.7276 13.5856 13.4292 11.4076 10.9674 10.0256 9.57469 11.1583 9.2878 8.58217 9.63578 12.0637 10.0755 8.40511 8.35358 8.94948 7.9097 7.72762 7.33044 7.15176 8.21161 8.90102 7.12549 7.02838 7.37248
threshold=26.500000000000004 24.500000000000004 19.500000000000004 13.500000000000002 39.500000000000007 5.5000000000000009 16.500000000000004 1.5000000000000002 38.500000000000007 4.5000000000000009 2.5000000000000004 11.500000000000002 31.500000000000004 2.5000000000000004 36.500000000000007 16.500000000000004 11.500000000000002 29.500000000000004 12.500000000000002 6.5000000000000009 12.500000000000002 9.5000000000000018 1.5000000000000002 17.500000000000004 1.5000000000000002 10.500000000000002 1.0000000180025095e-35 2.5000000000000004 7.5000000000000009 6.5000000000000009
decision_type=2 2 2 2 2 2 2 2 2 2 2 2 2 2 2 2 2 2 2 2 2 2 2 2 2 2 2 2 2 2
left_child=2 8 3 5 9 6 21 -7 28 22 -8 -6 27 19 15 16 -11 -18 -17 20 -5 -1 -3 -20 -9 -26 -27 -13 -2 -30
right_child=1 4 -4 13 11 7 10 24 -10 14 -12 12 -14 -15 -16 18 17 -19 23 -21 -22 -23 -24 -25 25 26 -28 -29 29 -31
leaf_value=-0.023415063232078148 -0.021864722004231021 -0.032392887759889515 0.022046701525889934 0.00049587767614228076 -0.028257813178044697 0.031601605673504486 0.0070408288470078344 -0.0070830540595648115 -0.030472280439876376 0.017698317588721948 -0.0027085004177519949 0.024159380367824012 0.04108661831693447 -0.013431631745294085 0.019910556527561157 -0.036288599911190218 -0.010947944341866502 0.052511929582666476 0.0098089912013240074 -0.009822835524876913 0.02876895077970644 -0.001994212400886207 -0.004320470203736603 -0.036354537540011937 -0.025572580715705607 0.054258141636848445 0.01148271455440378 -0.02181061917578268 0.0032222244530747839 -0.014591329296797337
leaf_weight=283 632 116 761 433 356 314 3696 233 525 487 1476 42 47 1075 348 105 341 27 146 498 151 441 634 45 58 50 1797 171 354 676
leaf_count=283 632 116 761 433 356 314 3696 233 525 487 1476 42 47 1075 348 105 341 27 146 498 151 441 634 45 58 50 1797 171 354 676
internal_value=0 -0.00923625 0.0041418 0.00284474 -0.0028349 0.0053493 0.00246256 0.0122907 -0.0176221 0.00121015 0.00425854 -0.0176033 -0.00301481 -0.00684838 0.00614969 0.00198915 0.00737269 -0.00629192 -0.0135613 -0.000307713 0.00780621 -0.0103673 -0.00866234 -0.00106723 0.00945453 0.0114772 0.0126407 -0.0127461 -0.0135629 -0.008469
internal_weight=0 5052 11266 10505 2865 8348 5896 2452 2187 2249 5172 616 260 2157 1499 1151 855 368 296 1082 584 724 750 191 2138 1905 1847 213 1662 1030
internal_count=16318 5052 11266 10505 2865 8348 5896 2452 2187 2249 5172 616 260 2157 1499 1151 855 368 296 1082 584 724 750 191 2138 1905 1847 213 1662 1030
shrinkage=0.1


Tree=9
num_leaves=31
num_cat=0
split_feature=2 1 2 0 12 8 7 8 11 14 1 15 2 5 0 1 12 13 3 10 14 8 1 4 12 14 12 0 3 14
split_gain=52.3071 22.3176 22.2121 18.9305 17.4985 13.6256 12.6174 12.5744 11.2119 11.3857 9.82566 9.56831 10.9061 11.2719 9.45948 9.41781 9.26999 8.59347 7.87558 7.81415 8.57602 8.58209 7.81414 7.68678 7.326 7.26313 7.34755 7.25851 7.26018 7.20243
threshold=24.500000000000004 5.5000000000000009 39.500000000000007 27.500000000000004 2.5000000000000004 27.500000000000004 22.500000000000004 13.500000000000002 2.5000000000000004 6.5000000000000009 27.500000000000004 10.500000000000002 10.500000000000002 2.5000000000000004 20.500000000000004 3.5000000000000004 1.5000000000000002 1.5000000000000002 28.500000000000004 1.5000000000000002 48.500000000000007 15.500000000000002 19.500000000000004 1.5000000000000002 1.5000000000000002 20.500000000000004 1.5000000000000002 21.500000000000004 6.5000000000000009 3.5000000000000004
decision_type=2 2 2 2 2 2 2 2 2 2 2 2 2 2 2 2 2 2 2 2 2 2 2 2 2 2 2 2 2 2
left_child=1 4 3 5 11 18 8 16 9 -6 -9 14 -13 -14 29 23 -3 -10 -2 -17 21 25 -18 -5 -4 26 -21 -19 -29 -1
right_child=2 7 24 15 6 -7 -8 10 17 -11 -12 12 13 -15 -16 19 22 27 -20 20 -22 -23 -24 -25 -26 -27 -28 28 -30 -31
leaf_value=-0.012275008328499334 -0.0066703599518288352 0.030312265388194887 -0.00013270947066220369 -0.034507949196774031 -0.024492132348509936 -0.033354503584549569 0.013451582187730255 0.00012885276953126818 0.0073761604048989031 0.0016133928783369569 0.028905468678656426 0.050126319697925026 -0.00076013309761178342 -0.035906027038892112 0.012040731645121615 0.022625028316512308 0.0099953336657319231 -0.034914732550660646 -0.035816699452698234 0.031116417734711261 0.049822799059060903 -0.014978818614432152 0.028207883194640834 -0.0030308414498964945 -0.023700294368804085 -0.015327878490979994 0.0056654972084601157 0.0020235198108773484 -0.030300552072003484 0.0040965304768120925
leaf_weight=310 2703 331 154 92 208 223 264 1259 99 849 131 28 233 150 1529 263 1848 313 96 135 39 235 270 495 919 134 710 152 128 2018
leaf_count=310 2703 331 154 92 208 223 264 1259 99 849 131 28 233 150 1529 263 1848 313 96 135 39 235 270 495 919 134 710 152 128 2018
internal_value=0 0.0044308 -0.00723455 -0.00449536 0.000759434 -0.00956533 -0.00692615 0.0104375 -0.010002 -0.00352374 0.00284089 0.00438434 -0.0101204 -0.0145248 0.00592995 0.00279017 0.0147492 -0.0198974 -0.00767002 0.00695431 0.00366508 0.00218226 0.012317 -0.00796422 -0.0203178 0.00630162 0.00973162 -0.0244506 -0.0127532 0.00191647
internal_weight=0 10120 6198 5125 6281 3022 2013 3839 1749 1057 1390 4268 411 383 3857 2103 2449 692 2799 1516 1253 1214 2118 587 1073 979 845 593 280 2328
internal_count=16318 10120 6198 5125 6281 3022 2013 3839 1749 1057 1390 4268 411 383 3857 2103 2449 692 2799 1516 1253 1214 2118 587 1073 979 845 593 280 2328
shrinkage=0.1


Tree=10
num_leaves=31
num_cat=0
split_feature=2 0 8 5 2 0 2 0 0 1 11 0 1 13 1 4 2 3 1 8 14 2 11 6 0 12 8 7 15 9
split_gain=42.3687 20.3857 19.0641 16.6321 13.7097 13.3961 12.8571 10.65 10.2967 10.2776 11.0529 10.8 9.8557 10.0349 9.13785 9.00058 7.84341 7.77202 7.4506 7.50284 7.04212 8.5254 6.75151 6.4517 6.99797 6.29989 7.3833 6.25384 6.13837 7.20245
threshold=24.500000000000004 31.500000000000004 15.500000000000002 2.5000000000000004 39.500000000000007 33.500000000000007 18.500000000000004 15.500000000000002 18.500000000000004 1.0000000180025095e-35 2.5000000000000004 36.500000000000007 27.500000000000004 12.500000000000002 5.5000000000000009 1.5000000000000002 32.500000000000007 20.500000000000004 7.5000000000000009 11.500000000000002 3.5000000000000004 45.500000000000007 2.5000000000000004 1.0000000180025095e-35 30.500000000000004 1.5000000000000002 21.500000000000004 13.500000000000002 2.5000000000000004 7.5000000000000009
decision_type=2 2 2 2 2 2 2 2 2 2 2 2 2 2 2 2 2 2 2 2 2 2 2 2 2 2 2 2 2 2
left_child=1 3 4 7 5 12 18 17 -8 -4 -11 16 13 28 15 -9 -12 -1 19 -5 21 -6 -20 -10 -25 26 -16 -21 29 -2
right_child=2 -3 9 6 20 -7 8 14 23 10 11 -13 -14 -15 25 -17 -18 -19 22 27 -22 -23 -24 24 -26 -27 -28 -29 -30 -31
leaf_value=-0.0029254554955284104 -0.0047525596911789942 0.01607632878651238 -0.032511376470618601 0.0052197205399224659 0.015594064835774697 0.0105680284636935 -0.026789564960083719 -0.014775035096251447 -0.034351902337450731 0.0021007283700732733 -0.011191502078012987 0.014611939298972655 0.029039294204928658 -0.013770510758502523 0.037635538788402784 0.0056674641430589081 -0.031462550885099874 -0.048096217066049579 0.025291766213555625 -0.026288471056178292 -0.021740061381081147 -0.039420968133050044 0.0024939072764899634 -0.0027018141398315169 -0.039856793857970335 0.011172559464446563 -0.023930353197184479 0.0011733317535195576 -0.0031993557982851681 0.028377189193393146
leaf_weight=798 122 1226 307 499 118 794 295 230 76 381 352 89 88 902 170 3388 417 40 234 187 536 37 292 1164 53 1297 22 149 1913 142
leaf_count=798 122 1226 307 499 118 794 295 230 76 381 352 89 88 902 170 3388 417 40 234 187 536 37 292 1164 53 1297 22 149 1913 142
internal_value=0 0.00398772 -0.00651109 0.00232136 -0.00331391 -0.00104649 -0.00381857 0.00536705 -0.00993135 -0.0161316 -0.012073 -0.0183669 -0.00395837 -0.00490147 0.00708155 0.00436791 -0.0221837 -0.00508158 0.00331375 -0.00255866 -0.0163114 0.00246144 0.0126359 -0.00608512 -0.0043199 0.0136752 0.0305811 -0.0141105 -0.00122674 0.0130672
internal_weight=0 10120 6198 8894 4652 3961 2949 5945 1588 1546 1239 858 3167 3079 5107 3618 769 838 1361 835 691 155 526 1293 1217 1489 192 336 2177 264
internal_count=16318 10120 6198 8894 4652 3961 2949 5945 1588 1546 1239 858 3167 3079 5107 3618 769 838 1361 835 691 155 526 1293 1217 1489 192 336 2177 264
shrinkage=0.1


Tree=11
num_leaves=31
num_cat=0
split_feature=11 12 8 1 2 0 14 11 6 2 0 9 3 7 1 8 2 8 5 9 6 4 3 3 3 10 0 7 13 9
split_gain=35.864 22.7749 22.3051 15.7935 14.5488 14.3376 12.9606 11.5545 12.7664 10.6415 11.8567 10.4656 11.5764 10.3537 9.71183 9.50895 9.42184 9.12667 10.2331 8.8094 8.77567 8.71296 9.16007 9.09372 8.57895 8.43705 7.84835 7.84095 7.75693 9.42204
threshold=2.5000000000000004 1.5000000000000002 15.500000000000002 1.0000000180025095e-35 19.500000000000004 20.500000000000004 22.500000000000004 1.5000000000000002 1.5000000000000002 33.500000000000007 35.500000000000007 8.5000000000000018 28.500000000000004 12.500000000000002 13.500000000000002 22.500000000000004 43.500000000000007 6.5000000000000009 3.5000000000000004 4.5000000000000009 1.0000000180025095e-35 2.5000000000000004 25.500000000000004 7.5000000000000009 6.5000000000000009 1.0000000180025095e-35 17.500000000000004 10.500000000000002 1.0000000180025095e-35 17.500000000000004
decision_type=2 2 2 2 2 2 2 2 2 2 2 2 2 2 2 2 2 2 2 2 2 2 2 2 2 2 2 2 2 2
left_child=1 11 4 15 6 -6 17 13 19 14 -11 27 -13 -5 -4 -3 20 26 -19 -9 -7 23 -23 28 -16 -22 -2 -1 -10 -30
right_child=2 3 9 7 5 16 -8 8 21 10 -12 12 -14 -15 24 -17 -18 18 -20 -21 25 22 -24 -25 -26 -27 -28 -29 29 -31
leaf_value=-0.0028835628068808357 -0.01356332302093506 -0.0036455518766778904 -0.015179792294376777 0.0038599657435570995 -0.013437603858077544 -0.023628128023996747 0.022929339503206792 -0.033633996442064544 0.034689490769499093 -0.030731942230149318 0.015661792601308518 0.036017049747611843 -0.040243083522433332 0.031081979880109429 0.016752431120268359 -0.041758383722866284 -0.023036688209875769 -0.00028517149925768914 -0.033297614880970543 -0.00030303989233595606 0.029750400328753042 0.013770599141447985 -0.019681146980702193 -0.0049865520913171283 -0.0097947786325018344 0.00045782167223053336 0.019213429392920329 0.024501763994157003 0.006276377568519103 -0.038175575222287865
leaf_weight=231 90 1754 950 248 1334 146 357 143 93 494 62 382 21 320 221 68 184 888 105 178 102 1385 87 1071 271 2731 388 191 1774 49
leaf_count=231 90 1754 950 248 1334 146 357 143 93 494 62 382 21 320 221 68 184 888 105 178 102 1385 87 1071 271 2731 388 191 1774 49
internal_value=0 0.00478329 -0.00459479 0.00297284 -0.00168521 -0.00474302 0.0058372 0.00571225 0.00410997 -0.0138055 -0.0255585 0.0205177 0.0320432 0.0191963 -0.00927386 -0.00506798 -0.00107607 0.00168908 -0.00377591 -0.0151514 0.000280344 0.00549658 0.0117935 0.00239344 0.00212988 0.00151248 0.0130421 0.00951122 0.00651869 0.00508156
internal_weight=0 7995 8323 7170 6325 4497 1828 5348 4780 1998 556 825 403 568 1442 1822 3163 1471 993 321 2979 4459 1472 2987 492 2833 478 422 1916 1823
internal_count=16318 7995 8323 7170 6325 4497 1828 5348 4780 1998 556 825 403 568 1442 1822 3163 1471 993 321 2979 4459 1472 2987 492 2833 478 422 1916 1823
shrinkage=0.1


Tree=12
num_leaves=31
num_cat=0
split_feature=2 0 10 7 2 12 8 5 0 1 2 15 10 6 10 1 14 8 2 8 2 3 9 1 13 0 5 2 9 3
split_gain=30.8143 15.1324 13.5409 13.0353 12.9122 11.3504 11.2155 11.0539 11.9954 10.5901 10.2454 9.25489 9.78057 8.17735 7.81438 7.53478 6.52034 6.44226 6.25865 6.54808 6.1502 6.00876 5.98829 7.42641 5.9746 5.61128 5.31867 5.12959 5.12729 7.1597
threshold=24.500000000000004 15.500000000000002 1.0000000180025095e-35 18.500000000000004 38.500000000000007 2.5000000000000004 8.5000000000000018 2.5000000000000004 21.500000000000004 15.500000000000002 19.500000000000004 12.500000000000002 1.5000000000000002 3.5000000000000004 3.5000000000000004 4.5000000000000009 43.500000000000007 32.500000000000007 8.5000000000000018 27.500000000000004 20.500000000000004 19.500000000000004 5.5000000000000009 15.500000000000002 2.5000000000000004 41.500000000000007 3.5000000000000004 19.500000000000004 18.500000000000004 17.500000000000004
decision_type=2 2 2 2 2 2 2 2 2 2 2 2 2 2 2 2 2 2 2 2 2 2 2 2 2 2 2 2 2 2
left_child=1 18 13 7 5 6 16 17 11 14 -5 12 -9 -2 -7 -8 -4 22 -1 26 -21 -12 -3 -24 -15 28 -20 -13 -17 -30
right_child=2 3 4 10 -6 9 15 8 -10 -11 21 27 -14 24 -16 25 -18 -19 19 20 -22 -23 23 -25 -26 -27 -28 -29 29 -31
leaf_value=0.014171488370214189 0.005386902845424155 0.0011107996559415027 0.006657607586127226 0.021320679953629476 -0.015860068524396007 -0.0095739348667134225 -0.016228479993763475 0.029155335668474437 0.0023733093011524785 0.0040003187061654717 0.0081547862788041436 -0.021889811082625055 -0.012058835240398967 0.066403153031430351 -0.025971200995751332 0.0013051480226571675 0.061632780866189445 -0.050642572939395905 -0.0050666653067344613 -0.054235153465435428 0.0050982987284660343 -0.020733795497152541 0.0073234286103471633 0.026105501254399616 0.008684863304269725 0.039897904974041568 -0.031762553365142263 -0.065045182042651709 -0.0023325075223607924 -0.046020313137668675
leaf_weight=126 184 1578 1115 781 1187 1355 454 64 1802 459 360 71 574 47 370 781 22 20 949 58 25 90 3271 225 29 33 81 45 103 59
leaf_count=126 184 1578 1115 781 1187 1355 454 64 1802 459 360 71 574 47 370 781 22 20 949 58 25 90 3271 225 29 33 81 45 103 59
internal_value=0 0.00340078 -0.00555274 0.00484511 -0.00653079 -0.00419995 0.000308503 0.00330828 -0.00205803 -0.00949903 0.0143957 -0.0126486 -0.0079245 0.0167846 -0.013091 -0.00558547 0.00772133 0.00600092 -0.00695206 -0.00934341 -0.0363636 0.00237707 0.00622418 0.00853223 0.0443791 -0.000634729 -0.00716605 -0.0386311 -0.00205316 -0.0182435
internal_weight=0 10120 6198 8881 5938 4751 2567 7650 2556 2184 1231 754 638 260 1725 1430 1137 5094 1239 1113 83 450 5074 3496 76 976 1030 116 943 162
internal_count=16318 10120 6198 8881 5938 4751 2567 7650 2556 2184 1231 754 638 260 1725 1430 1137 5094 1239 1113 83 450 5074 3496 76 976 1030 116 943 162
shrinkage=0.1


Tree=13
num_leaves=31
num_cat=0
split_feature=11 12 8 1 10 2 0 12 11 6 6 1 0 9 3 0 2 9 13 0 4 10 2 9 8 15 3 13 5 0
split_gain=27.5767 17.9648 16.6066 12.3513 11.3696 10.4644 10.1191 12.1619 9.15291 9.92304 9.10008 8.70196 8.49926 8.27874 9.06922 8.14382 10.7999 9.17056 7.92091 7.54586 8.11204 8.32273 7.47241 7.42016 7.3651 7.12961 7.07756 6.95497 6.83124 6.79458
threshold=2.5000000000000004 1.5000000000000002 15.500000000000002 1.0000000180025095e-35 1.0000000180025095e-35 38.500000000000007 33.500000000000007 2.5000000000000004 1.5000000000000002 1.5000000000000002 2.5000000000000004 5.5000000000000009 35.500000000000007 8.5000000000000018 28.500000000000004 33.500000000000007 33.500000000000007 10.500000000000002 15.500000000000002 6.5000000000000009 2.5000000000000004 2.5000000000000004 19.500000000000004 4.5000000000000009 27.500000000000004 12.500000000000002 25.500000000000004 23.500000000000004 2.5000000000000004 32.500000000000007
decision_type=2 2 2 2 2 2 2 2 2 2 2 2 2 2 2 2 2 2 2 2 2 2 2 2 2 2 2 2 2 2
left_child=1 13 4 24 -2 6 7 25 10 12 18 -9 23 -1 -15 16 -4 -17 -5 -11 21 -21 -23 -10 -3 29 -22 -20 -24 -6
right_child=2 3 15 8 5 -7 -8 11 9 19 -12 -13 -14 14 -16 17 -18 -19 27 20 26 22 28 -25 -26 -27 -28 -29 -30 -31
leaf_value=0.0083795310055475095 0.019692554229816785 -0.0035717942765532383 -0.0096990784390170587 0.016400674287624623 0.0033337976402360346 -0.015534277770580055 0.0094191720494646823 -0.016258602984290306 -0.040000286775416345 -0.051115849117437995 0.031184159680491402 -0.0015571697696691097 0.020891112644793625 0.031936959017321707 -0.035561860743023102 -0.015541180491447449 -0.027521297944489348 0.021539033251208858 -0.052043374647965303 0.0056539439479877029 0.012967976814721466 0.0072397537179441267 -0.00505092848368265 -0.0061196261889314004 -0.046960811018943789 -0.011928498089625574 -0.01660558397686759 0.0027424759922489044 -0.027761872775891691 -0.034243075701655176
leaf_weight=422 243 1782 1265 217 2678 549 790 915 116 24 252 719 59 382 21 125 465 143 37 2057 1371 298 432 146 40 382 86 62 191 49
leaf_count=422 243 1782 1265 217 2678 549 790 915 116 24 252 719 59 382 21 125 465 143 37 2057 1371 298 432 146 40 382 86 62 191 49
internal_value=0 0.00419438 -0.00402909 0.00258645 -0.00151854 -0.00236601 -0.00105942 -0.00280475 0.00500901 0.00358293 0.0170102 -0.00978961 -0.0133985 0.0181688 0.0284197 -0.0119766 -0.0144894 0.00424416 0.00570688 0.00480541 0.00510803 0.00211655 -0.00578401 -0.0211202 -0.00452435 0.000866296 0.0112224 -0.017733 -0.0120137 0.0026586
internal_weight=0 7995 8323 7170 6325 6082 5533 4743 5348 4780 568 1634 321 825 403 1998 1730 268 316 4459 4435 2978 921 262 1822 3109 1457 99 623 2727
internal_count=16318 7995 8323 7170 6325 6082 5533 4743 5348 4780 568 1634 321 825 403 1998 1730 268 316 4459 4435 2978 921 262 1822 3109 1457 99 623 2727
shrinkage=0.1


Tree=14
num_leaves=31
num_cat=0
split_feature=2 0 3 9 4 12 0 0 1 15 4 6 11 2 5 11 1 10 9 3 8 7 12 5 13 10 10 10 12 6
split_gain=23.6621 14.5675 12.1929 11.7151 11.5494 12.1346 11.5487 9.99407 7.68634 15.4004 9.35824 8.3009 7.3334 7.17115 6.995 6.71096 7.75974 6.52993 6.45357 7.33701 6.37935 8.7808 6.83402 6.21965 8.16894 9.27433 6.0426 6.02136 5.99428 5.93727
threshold=20.500000000000004 20.500000000000004 13.500000000000002 1.5000000000000002 1.5000000000000002 3.5000000000000004 27.500000000000004 33.500000000000007 6.5000000000000009 10.500000000000002 1.5000000000000002 3.5000000000000004 1.5000000000000002 17.500000000000004 3.5000000000000004 2.5000000000000004 1.5000000000000002 1.0000000180025095e-35 6.5000000000000009 1.0000000180025095e-35 25.500000000000004 14.500000000000002 1.0000000180025095e-35 3.5000000000000004 16.500000000000004 1.5000000000000002 1.5000000000000002 2.5000000000000004 2.5000000000000004 1.5000000000000002
decision_type=2 2 2 2 2 2 2 2 2 2 2 2 2 2 2 2 2 2 2 2 2 2 2 2 2 2 2 2 2 2
left_child=4 15 3 -3 5 13 20 12 9 10 -5 29 -4 14 -1 16 -2 -10 26 -20 22 -22 -6 27 25 -25 -18 -24 -17 -11
right_child=1 2 7 8 6 -7 -8 -9 17 11 -12 -13 -14 -15 -16 28 18 -19 19 -21 21 -23 23 24 -26 -27 -28 -29 -30 -31
leaf_value=0.012798175978518667 -0.01656549073529966 -0.030781570502689912 0.016122740296756519 -0.017902498575993357 0.026332591517248018 -0.033943288931011284 0.014310425093019677 0.0033009471390334473 0.032489108145236971 -0.046240478334292567 0.0066593721806804465 0.011329209973227304 -0.014256732009345142 -0.012429365226998926 -0.029604149271141401 -0.0078241961920512207 0.021845975214121294 0.0062666623911416426 0.042886142432689671 0.0040973562073280982 -0.033388394614060721 0.0061531455853046516 0.0071727820678030799 0.030448542435963951 0.028454695242207225 -0.030024187230482335 -0.016520960010558718 -0.00065131836674843567 -0.019825361792596512 -0.015148290251637553
leaf_weight=336 330 105 85 173 138 137 1267 602 100 71 1501 106 1219 320 44 903 49 1886 54 503 108 117 2981 30 41 164 253 1468 772 455
leaf_count=336 330 105 85 173 138 137 1267 602 100 71 1501 106 1219 320 44 903 49 1886 54 503 108 117 2981 30 41 164 253 1468 772 455
internal_value=0 -0.00336328 -0.00067613 0.00221963 0.00431146 -0.00672643 0.00577467 -0.00735643 0.00302697 -0.000900288 0.00412102 -0.0142004 -0.0122765 -0.0013997 0.00788843 -0.00927708 -0.00353166 0.00758703 0.00147552 0.00785785 0.00363185 -0.0128268 0.00439983 0.00375364 -0.0121016 -0.0206727 -0.0102959 0.00459113 -0.0133555 -0.0193451
internal_weight=0 9167 6303 4397 7151 837 6314 1906 4292 2306 1674 632 1304 700 380 2864 1189 1986 859 557 5047 225 4822 4684 235 194 302 4449 1675 526
internal_count=16318 9167 6303 4397 7151 837 6314 1906 4292 2306 1674 632 1304 700 380 2864 1189 1986 859 557 5047 225 4822 4684 235 194 302 4449 1675 526
shrinkage=0.1


Tree=15
num_leaves=31
num_cat=0
split_feature=11 12 10 2 0 1 8 4 14 3 11 7 2 0 9 3 7 1 8 13 8 9 3 0 2 5 13 10 1 14
split_gain=20.3589 13.6978 13.4518 13.3472 9.78812 9.19893 7.97323 7.27489 6.94477 8.11026 6.83161 8.11028 7.67007 7.52583 6.47913 8.03412 6.56933 6.31941 7.83525 6.16104 6.02994 6.13198 6.24613 8.88938 5.51093 6.58104 5.48235 9.05554 7.9523 6.65491
threshold=2.5000000000000004 1.5000000000000002 1.0000000180025095e-35 32.500000000000007 20.500000000000004 1.0000000180025095e-35 9.5000000000000018 1.5000000000000002 22.500000000000004 12.500000000000002 1.5000000000000002 12.500000000000002 42.500000000000007 7.5000000000000009 7.5000000000000009 22.500000000000004 9.5000000000000018 32.500000000000007 12.500000000000002 14.500000000000002 15.500000000000002 7.5000000000000009 8.5000000000000018 16.500000000000004 22.500000000000004 3.5000000000000004 6.5000000000000009 3.5000000000000004 23.500000000000004 6.5000000000000009
decision_type=2 2 2 2 2 2 2 2 2 2 2 2 2 2 2 2 2 2 2 2 2 2 2 2 2 2 2 2 2 2
left_child=1 14 7 4 8 20 24 -2 9 -4 11 -7 13 -12 16 -16 -1 -5 -19 -13 21 -3 -23 -24 -6 -26 27 29 -28 -8
right_child=2 5 3 17 6 10 26 -9 -10 -11 12 19 -14 -15 15 -17 -18 18 -20 -21 -22 22 23 -25 25 -27 28 -29 -30 -31
leaf_value=-0.007264238029070523 -0.017550086053934964 -0.0085835824358041456 -0.0061588488775555809 -0.013154741329933281 0.010621433301235285 0.0010852621687996772 0.030131245723792485 0.022096437960863115 0.0079739341809265864 -0.022406645050353332 -0.042606561865125389 0.037031418826128988 -0.027075520445065327 0.0039378191954534186 0.028792982688293361 -0.01675845765790274 0.018646200079666941 0.053065088298171761 -0.025545237603641691 0.0089351055798707179 -0.021258745042000027 0.011040076637363817 -0.042021086760636039 0.00050794849206942214 0.0022685372990220499 -0.030531897269762482 -0.011035606603124248 -0.035485486481703965 0.014646825933978506 0.002115659112575061
leaf_weight=184 55 763 1860 1675 987 248 112 292 276 368 35 185 83 4662 389 43 209 32 21 135 181 498 58 322 1038 65 1005 51 137 349
leaf_count=184 55 763 1860 1675 987 248 112 292 276 368 35 185 83 4662 389 43 209 32 21 135 181 498 58 322 1038 65 1005 51 137 349
internal_value=0 0.00360391 -0.00346189 -0.00430043 -0.00214911 0.00219986 0.00108778 0.0158124 -0.00698894 -0.00884251 0.00429054 0.0146588 0.0030585 0.00359099 0.0158064 0.0242589 0.0065151 -0.012079 0.0219176 0.0251783 -0.00393678 -0.00202619 0.00367232 -0.00598333 0.00519307 0.000335601 -0.00409968 0.00449864 -0.00795461 0.00892205
internal_weight=0 7995 8323 7976 6248 7170 3744 347 2504 2228 5348 568 4780 4697 825 432 393 1728 53 320 1822 1641 878 380 2090 1103 1654 512 1142 461
internal_count=16318 7995 8323 7976 6248 7170 3744 347 2504 2228 5348 568 4780 4697 825 432 393 1728 53 320 1822 1641 878 380 2090 1103 1654 512 1142 461
shrinkage=0.1


Tree=16
num_leaves=31
num_cat=0
split_feature=2 11 3 9 0 7 12 4 9 8 13 3 12 10 8 4 9 15 0 13 8 7 1 11 15 14 9 5 14 8
split_gain=17.4098 11.0703 11.7988 10.8205 10.1501 9.94476 14.3477 8.43546 8.47513 13.7853 8.23496 9.38583 9.30008 7.87572 7.85213 7.83348 7.7997 7.67997 7.57606 7.37172 7.71884 7.12783 6.66559 8.488 6.64577 6.8556 6.46473 6.35858 6.26641 6.22348
threshold=20.500000000000004 1.5000000000000002 13.500000000000002 7.5000000000000009 40.500000000000007 18.500000000000004 2.5000000000000004 1.5000000000000002 16.500000000000004 15.500000000000002 2.5000000000000004 7.5000000000000009 2.5000000000000004 1.5000000000000002 27.500000000000004 3.5000000000000004 13.500000000000002 34.500000000000007 24.500000000000004 7.5000000000000009 10.500000000000002 12.500000000000002 8.5000000000000018 3.5000000000000004 6.5000000000000009 1.0000000180025095e-35 11.500000000000002 2.5000000000000004 12.500000000000002 8.5000000000000018
decision_type=2 2 2 2 2 2 2 2 2 2 2 2 2 2 2 2 2 2 2 2 2 2 2 2 2 2 2 2 2 2
left_child=5 -2 3 19 13 6 18 -8 9 22 11 -5 15 14 17 24 -17 -4 27 20 28 -15 23 -9 25 -12 -25 -1 -3 -14
right_child=1 2 4 10 -6 -7 7 8 -10 -11 12 -13 29 21 -16 16 -18 -19 -20 -21 -22 -23 -24 26 -26 -27 -28 -29 -30 -31
leaf_value=0.0058763082148538389 0.012954139539578184 -0.0029419303104117681 0.0029682139122246096 0.029267383186405552 0.015412150040950652 0.012732830670850995 -0.019945314759540249 -0.0014641130442827777 0.014247627446756644 -0.027112132310867312 0.062490013986825944 0.0017701546209199087 0.00058717924797976461 -0.021191593000845249 -0.044680792279541498 0.036052747193264637 0.0042292407685262301 0.062941813987234363 0.013772503065686618 -0.011462325470118565 0.0086355681600523929 -0.0088079056990933297 0.014459629318653008 -0.019230766910495183 -0.0031533824062969793 0.0079584537153570053 -0.084129668772220612 -0.004515928388710364 -0.027296020670701533 -0.013043151798104884
leaf_weight=2392 421 546 298 223 153 1041 307 915 272 236 24 280 675 766 32 146 163 23 887 1348 510 1182 234 66 996 585 20 781 131 665
leaf_count=2392 421 546 298 223 153 1041 307 915 272 236 24 280 675 766 32 146 163 23 887 1348 510 1182 234 66 996 585 20 781 131 665
internal_value=0 -0.00288492 -0.00364735 -0.00135354 -0.00952862 0.00369823 0.00215894 -0.00466061 -0.00196847 -0.00496696 0.00205288 0.0139608 0.000212171 -0.011187 0.00255639 0.00468535 0.0192656 0.00726539 0.00560232 -0.00640203 -0.000655377 -0.0136775 -0.000735169 -0.0042872 0.00187831 0.0101075 -0.0343235 0.00331837 -0.00765446 -0.00617713
internal_weight=0 9167 8746 6292 2454 7151 6110 2050 1743 1471 3757 503 3254 2301 353 1914 309 321 4060 2535 1187 1948 1235 1001 1605 609 86 3173 677 1340
internal_count=16318 9167 8746 6292 2454 7151 6110 2050 1743 1471 3757 503 3254 2301 353 1914 309 321 4060 2535 1187 1948 1235 1001 1605 609 86 3173 677 1340
shrinkage=0.1


Tree=17
num_leaves=31
num_cat=0
split_feature=11 0 12 10 6 9 4 1 2 3 7 9 1 10 13 14 14 2 11 13 15 2 2 5 5 15 15 3 3 14
split_gain=15.0153 11.1694 10.541 10.2246 9.26089 8.56944 8.09553 7.82818 7.63229 7.44795 9.39606 9.3557 8.64445 7.26074 7.08887 6.8291 6.20387 6.14174 6.02646 5.98521 7.93514 5.90256 5.80934 5.74809 5.74325 8.04589 12.5948 5.57378 5.55666 6.08887
threshold=2.5000000000000004 20.500000000000004 1.5000000000000002 3.5000000000000004 1.5000000000000002 1.5000000000000002 1.0000000180025095e-35 23.500000000000004 16.500000000000004 8.5000000000000018 12.500000000000002 6.5000000000000009 1.5000000000000002 1.0000000180025095e-35 1.5000000000000002 3.5000000000000004 33.500000000000007 25.500000000000004 1.5000000000000002 5.5000000000000009 5.5000000000000009 30.500000000000004 28.500000000000004 3.5000000000000004 3.5000000000000004 24.500000000000004 7.5000000000000009 12.500000000000002 15.500000000000002 42.500000000000007
decision_type=2 2 2 2 2 2 2 2 2 2 2 2 2 2 2 2 2 2 2 2 2 2 2 2 2 2 2 2 2 2
left_child=2 8 -1 13 -5 -4 -7 14 16 11 12 17 -11 28 -6 -14 23 -8 -12 20 -17 24 -21 -2 -15 26 -26 -24 29 -3
right_child=1 3 5 4 7 6 9 -9 -10 10 18 -13 15 21 -16 19 -18 -19 -20 22 -22 -23 27 -25 25 -27 -28 -29 -30 -31
leaf_value=0.013799492619254373 0.00098054094628973322 0.0082472330547985022 -0.023187782026048917 -0.032465648237201904 0.037189987767487769 -0.035874852483922789 0.0022172785478911986 0.017445114778198361 -0.010648259012816214 -0.019676931580853842 0.019462390613457392 0.0090810691581624439 -0.020660618309340725 0.0050825354172473625 -0.010847250240234037 0.015664253844559647 0.029448641469513162 -0.013761509918711251 0.0016414027843323449 0.015752777370095949 -0.012387543045766822 -0.0050546811117891926 0.021607026277166427 -0.029606119762448702 0.0084205812215805056 0.029555155237515771 -0.035962293234964214 -0.028856097184694729 0.068122388067699616 0.060697539329528809
leaf_weight=825 637 193 134 144 32 55 1460 131 2301 378 242 2552 173 2499 768 131 69 288 879 342 438 1131 33 68 115 45 144 65 21 25
leaf_count=825 637 193 134 144 32 55 1460 131 2301 378 242 2552 173 2499 768 131 69 288 879 342 438 1131 33 68 115 45 144 65 21 25
internal_value=0 -0.00297305 0.00309503 -0.000168909 -0.00886544 0.00186334 0.00234044 -0.00521514 -0.0077588 0.00264152 -0.0014951 0.00522065 -0.0065135 0.00207139 -0.00892576 -0.00230387 0.000831195 -0.000415382 0.00548857 0.000843517 -0.00592922 0.00104326 0.0096019 -0.00196966 0.00350376 -0.00947441 -0.0162556 -0.0118634 0.0189947 0.0142622
internal_weight=0 8323 7995 5248 1075 7170 7036 931 3075 6981 2681 4300 1560 4173 800 1182 774 1748 1121 1009 569 3934 440 705 2803 304 259 98 239 218
internal_count=16318 8323 7995 5248 1075 7170 7036 931 3075 6981 2681 4300 1560 4173 800 1182 774 1748 1121 1009 569 3934 440 705 2803 304 259 98 239 218
shrinkage=0.1


Tree=18
num_leaves=31
num_cat=0
split_feature=12 10 2 1 9 3 8 14 13 8 9 15 1 14 4 14 13 3 15 15 14 9 0 4 2 4 7 15 15 2
split_gain=13.5525 16.2856 12.4162 11.9994 8.82958 9.67362 9.32407 8.83776 7.65044 6.88301 6.04303 9.19612 7.18808 6.86385 6.45609 5.6549 5.50198 5.40009 5.31939 5.89704 7.95545 5.55995 5.14071 5.22706 5.05189 6.17397 5.02172 5.04218 5.24876 4.92168
threshold=2.5000000000000004 1.0000000180025095e-35 16.500000000000004 13.500000000000002 2.5000000000000004 13.500000000000002 25.500000000000004 5.5000000000000009 28.500000000000004 14.500000000000002 7.5000000000000009 6.5000000000000009 3.5000000000000004 1.0000000180025095e-35 3.5000000000000004 29.500000000000004 40.500000000000007 6.5000000000000009 18.500000000000004 25.500000000000004 9.5000000000000018 1.5000000000000002 36.500000000000007 1.5000000000000002 22.500000000000004 1.0000000180025095e-35 19.500000000000004 2.5000000000000004 22.500000000000004 39.500000000000007
decision_type=2 2 2 2 2 2 2 2 2 2 2 2 2 2 2 2 2 2 2 2 2 2 2 2 2 2 2 2 2 2
left_child=2 -2 18 9 7 10 29 -4 -8 24 12 13 -6 -12 -13 -9 -11 -15 21 20 -20 -1 23 -5 25 -3 -27 -28 -29 -7
right_child=1 3 4 22 5 6 8 15 -10 16 11 14 -14 17 -16 -17 -18 -19 19 -21 -22 -23 -24 -25 -26 26 27 28 -30 -31
leaf_value=-0.03726760796878649 0.019234988927249091 -0.050560238361358645 0.0051003921039920446 -0.017844377082722788 -0.0073728053766334879 -0.00086694248633585212 -0.045259156853882314 -0.026043403516077014 0.01407889457685607 -0.011374429679419306 0.060575806683507462 -0.00023583889357896371 0.0036451178432093858 0.016874231304973366 0.016223873513458421 0.02653103064407002 -0.036067169691835134 0.0040269700529282559 -0.0020290008613041469 0.017300595045089722 -0.076780285810430851 0.012255914276200356 0.018035081286843009 0.003281805647444402 -0.0085766600593209334 -0.0026642194127335268 0.057785781134258619 -0.0010471132719838941 0.030618727819560328 -0.019063986023498139
leaf_weight=23 302 25 187 131 928 1094 97 292 28 1139 29 1829 1636 768 274 22 98 570 35 40 24 1579 208 1105 1771 1632 22 185 73 172
leaf_count=23 302 25 187 131 928 1094 97 292 28 1139 29 1829 1636 768 274 22 98 570 35 40 24 1579 208 1105 1771 1632 22 185 73 172
internal_value=0 -0.00345682 0.00240257 -0.00452943 0.000738876 0.00160587 -0.00591184 -0.0121102 -0.0319674 -0.0068713 0.0033389 0.00605921 -0.000342648 0.0124444 0.0019087 -0.0223598 -0.0133307 0.0114012 0.0101547 -0.0123406 -0.0324363 0.0115449 0.00349036 0.0010427 -0.00471643 -0.00118703 -0.000541458 0.0118312 0.0079126 -0.00333921
internal_weight=0 6691 9627 6389 7926 7425 1391 501 125 4945 6034 3470 2564 1367 2103 314 1237 1338 1701 99 59 1602 1444 1236 3708 1937 1912 280 258 1266
internal_count=16318 6691 9627 6389 7926 7425 1391 501 125 4945 6034 3470 2564 1367 2103 314 1237 1338 1701 99 59 1602 1444 1236 3708 1937 1912 280 258 1266
shrinkage=0.1


Tree=19
num_leaves=31
num_cat=0
split_feature=11 0 4 10 12 2 6 14 8 14 2 6 1 13 7 8 13 9 3 9 2 0 9 10 2 2 10 14 14 1
split_gain=12.1557 9.09574 8.13275 8.10298 7.52388 9.7493 7.23797 6.80607 6.79912 6.46175 8.84625 5.97482 5.93795 5.70633 5.68204 5.46277 6.08536 5.65224 5.36106 5.49405 6.27644 6.85583 7.67898 5.23044 6.4656 5.18064 6.72695 5.24412 5.11592 9.09113
threshold=2.5000000000000004 20.500000000000004 2.5000000000000004 3.5000000000000004 2.5000000000000004 16.500000000000004 1.5000000000000002 18.500000000000004 42.500000000000007 7.5000000000000009 44.500000000000007 2.5000000000000004 23.500000000000004 1.5000000000000002 22.500000000000004 27.500000000000004 10.500000000000002 9.5000000000000018 28.500000000000004 7.5000000000000009 25.500000000000004 21.500000000000004 5.5000000000000009 2.5000000000000004 26.500000000000004 19.500000000000004 1.0000000180025095e-35 33.500000000000007 6.5000000000000009 5.5000000000000009
decision_type=2 2 2 2 2 2 2 2 2 2 2 2 2 2 2 2 2 2 2 2 2 2 2 2 2 2 2 2 2 2
left_child=2 8 4 7 5 -1 -5 9 25 10 -3 -7 13 -8 23 17 -17 -9 19 20 -4 -22 -23 24 28 26 -2 -28 29 -6
right_child=1 3 18 6 14 11 12 15 -10 -11 -12 -13 -14 -15 -16 16 -18 -19 -20 -21 21 22 -24 -25 -26 -27 27 -29 -30 -31
leaf_value=0.017324573830479667 0.041671323196755518 0.005152128023524276 0.0074302483253970882 -0.028750392070247068 -0.031076409157953767 -0.0012163121766025379 0.033484083041548728 0.0012393400778153718 -0.035581937579461091 -0.0052169957724820908 -0.034252851039676339 0.010479569700520644 0.015076419347115145 -0.0096149833290837712 0.020747298370172949 0.0082071385475305427 -0.039025958738428485 0.018026988864654588 -0.011128807143800578 0.011126524238320798 -0.030837507838127661 0.012464074697923957 -0.026454492356326131 -0.01470369981933934 -0.018297593210424696 -0.009447572653372701 -0.0041921364359049137 0.022718709172346654 0.0050523239835886889 0.014707871760640825
leaf_weight=420 36 1657 698 144 114 2303 32 317 81 1482 59 539 131 768 81 65 47 546 157 1840 102 161 74 516 210 1869 1011 78 710 70
leaf_count=420 36 1657 698 144 114 2303 32 317 81 1482 59 539 131 768 81 65 47 546 157 1840 102 161 74 516 210 1869 1011 78 710 70
internal_value=0 -0.00267501 0.00278475 -0.00014452 0.000291872 0.00310351 -0.00788638 0.00184985 -0.00699371 -0.000380059 0.00379729 0.00100187 -0.0046593 -0.00789102 -0.00509999 0.00916395 -0.0116139 0.0118605 0.00686529 0.00784792 0.0020193 -0.00918796 0.000208866 -0.00639235 -0.0025077 -0.00622029 -0.000858687 -0.00226464 0.00120133 -0.0136585
internal_weight=0 8323 7995 5248 4963 3262 1075 4173 3075 3198 1716 2842 931 800 1701 975 112 863 3032 2875 1035 337 235 1620 1104 2994 1125 1089 894 184
internal_count=16318 8323 7995 5248 4963 3262 1075 4173 3075 3198 1716 2842 931 800 1701 975 112 863 3032 2875 1035 337 235 1620 1104 2994 1125 1089 894 184
shrinkage=0.1


Tree=20
num_leaves=31
num_cat=0
split_feature=8 1 2 15 2 2 6 0 15 5 12 4 13 12 7 11 3 14 3 0 13 5 10 11 10 15 8 13 8 0
split_gain=11.0213 10.6364 10.3861 9.14523 8.92691 8.41301 8.38664 8.19054 7.18187 6.28546 6.28255 6.12299 5.83971 5.71566 7.83714 5.65607 5.38288 5.55783 7.14685 4.97218 4.92659 6.99849 5.73924 4.77071 4.99082 7.64058 7.09827 5.56564 5.55018 7.88018
threshold=20.500000000000004 5.5000000000000009 8.5000000000000018 12.500000000000002 11.500000000000002 41.500000000000007 1.5000000000000002 21.500000000000004 24.500000000000004 1.5000000000000002 2.5000000000000004 2.5000000000000004 15.500000000000002 1.5000000000000002 60.500000000000007 2.5000000000000004 17.500000000000004 5.5000000000000009 20.500000000000004 36.500000000000007 13.500000000000002 3.5000000000000004 3.5000000000000004 1.5000000000000002 2.5000000000000004 6.5000000000000009 15.500000000000002 13.500000000000002 9.5000000000000018 20.500000000000004
decision_type=2 2 2 2 2 2 2 2 2 2 2 2 2 2 2 2 2 2 2 2 2 2 2 2 2 2 2 2 2 2
left_child=1 3 -2 10 -5 13 -4 -8 16 -10 23 -9 15 14 -3 -11 -6 -18 -19 20 21 -15 -23 -1 25 27 -26 28 29 -25
right_child=2 5 6 4 8 -7 7 11 9 12 -12 -13 -14 19 -16 -17 17 18 -20 -21 -22 22 -24 24 26 -27 -28 -29 -30 -31
leaf_value=0.023379837787977541 0.022971447880538006 0.013956490792334082 -0.024872310963241898 0.019677753976939882 -0.020442112725326395 -0.010858592324230185 -0.014413870298658522 -0.0104649882853236 -0.029200235434940887 0.045104650150645867 -0.0046708894126976912 0.0080078395577068001 -0.013090780343132458 0.0057799712332631545 -0.049382831156253817 0.0057691342240079836 0.033871955150052119 0.029999203311985939 -0.029559908558924992 0.012709466876141906 -0.0028120802566107468 -0.0057470810277010101 -0.050634684988430573 -0.0014787440314704989 -0.0016120995928625963 -0.0014295921364114814 -0.029606183441643865 -0.011303781016149383 0.018883792966090399 0.014764695649542964
leaf_weight=101 106 840 287 97 682 357 643 291 56 55 2080 468 87 3029 20 109 38 29 66 541 1235 153 35 648 1368 1644 97 138 464 554
leaf_count=101 106 840 287 97 682 357 643 291 56 55 2080 468 87 3029 20 109 38 29 66 541 1235 153 35 648 1368 1644 97 138 464 554
internal_value=0 0.000913664 -0.00739228 -0.00142536 -0.00942669 0.0040448 -0.00929788 -0.00610967 -0.0119429 0.00109277 -5.04531e-05 0.000925372 0.00785137 0.00495382 0.0124835 0.0189609 -0.0168532 0.00155005 -0.0113787 0.0036569 0.00255685 0.00461797 -0.0141038 0.00186628 0.00142401 0.00350154 -0.00346563 0.00799533 0.00959393 0.00600783
internal_weight=0 14523 1795 8313 1219 6210 1689 1402 1122 307 7094 759 251 5853 860 164 815 133 95 4993 4452 3217 188 5014 4913 3448 1465 1804 1666 1202
internal_count=16318 14523 1795 8313 1219 6210 1689 1402 1122 307 7094 759 251 5853 860 164 815 133 95 4993 4452 3217 188 5014 4913 3448 1465 1804 1666 1202
shrinkage=0.1


Tree=21
num_leaves=31
num_cat=0
split_feature=11 0 10 8 15 15 0 4 2 9 3 7 4 5 13 2 12 7 9 0 14 1 8 8 6 1 9 7 1 7
split_gain=9.23596 10.3218 9.26976 7.49204 7.73219 7.57549 7.46515 7.69733 6.6127 6.26503 6.26369 6.29581 6.03121 9.69616 8.30667 7.80488 12.1285 9.1868 6.90359 6.00132 5.95386 5.8591 5.74091 5.66778 5.51457 5.29386 5.17554 4.96736 4.91297 4.87443
threshold=1.5000000000000002 8.5000000000000018 2.5000000000000004 15.500000000000002 57.500000000000007 25.500000000000004 39.500000000000007 1.5000000000000002 46.500000000000007 27.500000000000004 15.500000000000002 55.500000000000007 2.5000000000000004 3.5000000000000004 13.500000000000002 20.500000000000004 4.5000000000000009 18.500000000000004 10.500000000000002 22.500000000000004 19.500000000000004 3.5000000000000004 21.500000000000004 9.5000000000000018 5.5000000000000009 1.0000000180025095e-35 2.5000000000000004 13.500000000000002 3.5000000000000004 12.500000000000002
decision_type=2 2 2 2 2 2 2 2 2 2 2 2 2 2 2 2 2 2 2 2 2 2 2 2 2 2 2 2 2 2
left_child=19 -2 8 4 6 -5 7 9 12 -4 11 -9 13 15 -14 16 17 26 -16 28 -21 27 29 -18 25 -17 -3 -12 -1 -7
right_child=1 2 3 5 -6 22 -8 10 -10 -11 21 -13 14 -15 18 24 23 -19 -20 20 -22 -23 -24 -25 -26 -27 -28 -29 -30 -31
leaf_value=-0.019362864891688029 -0.018775247012982606 -0.01204587256837034 -0.010332494703973657 -0.013045203918117587 -0.033954730252145043 -0.0074632200755571062 0.015854966159228684 0.0021190194210683514 -0.027742349902788802 -0.049197192965669836 -0.04135945625603199 -0.041149772878955396 0.008535660343608335 -0.015219399503412398 -0.018177105448347459 -0.0097961188570873173 -0.0073039687424898154 0.040039344228707356 0.0052432843239984834 0.019553806563911987 -0.026346922914187117 -0.0019899843284026347 -0.0059466831498409638 -0.060878429810206094 -0.051163170519082452 0.00039839759702937861 0.0060996569896412788 -0.011487045664279188 0.007280555355452723 0.036123036546043201
leaf_weight=96 305 167 353 1180 71 38 257 3074 75 47 80 34 2269 376 235 666 40 77 271 487 30 478 199 39 23 2166 2675 183 248 79
leaf_count=96 305 167 353 1180 71 38 257 3074 75 47 80 34 2269 376 235 666 40 77 271 487 30 478 199 39 23 2166 2675 183 248 79
internal_value=0 -0.000561496 -0.000194865 -0.00321911 -0.00121106 -0.00936271 -0.000695126 -0.00169616 0.00182807 -0.0148991 -0.000324065 0.00164568 0.00207438 0.000346926 0.00595197 0.00134692 0.00491045 0.00595682 -0.00563377 0.0100802 0.0168903 -0.00858583 0.00438838 -0.0337521 -0.00239511 -0.00199904 0.0050334 -0.0205737 -0.000154818 0.0219668
internal_weight=0 15457 15152 6073 4577 1496 4506 4249 9079 400 3849 3108 9004 6229 2775 5853 2998 2919 506 861 517 741 316 79 2855 2832 2842 263 344 117
internal_count=16318 15457 15152 6073 4577 1496 4506 4249 9079 400 3849 3108 9004 6229 2775 5853 2998 2919 506 861 517 741 316 79 2855 2832 2842 263 344 117
shrinkage=0.1


Tree=22
num_leaves=31
num_cat=0
split_feature=0 6 5 0 3 2 11 13 10 8 1 9 6 9 7 0 15 1 4 1 15 1 15 7 6 13 2 9 2 11
split_gain=8.13601 10.856 7.28639 6.35874 7.04872 6.77213 6.80594 6.66043 12.9338 7.24687 7.02489 5.96283 5.84277 5.83167 5.71756 5.70238 5.64033 5.62518 5.62118 5.89606 7.27982 6.37191 5.2214 6.81741 5.10563 5.18109 6.41367 6.1539 5.1369 5.72997
threshold=19.500000000000004 1.0000000180025095e-35 3.5000000000000004 42.500000000000007 6.5000000000000009 19.500000000000004 1.5000000000000002 7.5000000000000009 3.5000000000000004 9.5000000000000018 22.500000000000004 27.500000000000004 4.5000000000000009 7.5000000000000009 12.500000000000002 25.500000000000004 40.500000000000007 5.5000000000000009 1.5000000000000002 8.5000000000000018 11.500000000000002 14.500000000000002 12.500000000000002 14.500000000000002 2.5000000000000004 15.500000000000002 29.500000000000004 1.0000000180025095e-35 10.500000000000002 2.5000000000000004
decision_type=2 2 2 2 2 2 2 2 2 2 2 2 2 2 2 2 2 2 2 2 2 2 2 2 2 2 2 2 2 2
left_child=2 13 24 4 7 22 14 8 -3 -9 18 -8 -12 -2 -7 16 -13 -17 19 -11 21 -21 -6 -24 25 27 -27 -1 -26 -30
right_child=1 3 -4 -5 5 6 11 9 -10 10 12 15 -14 -15 -16 17 -18 -19 -20 20 -22 -23 23 -25 28 26 -28 -29 29 -31
leaf_value=0.034001792170280633 -0.01641733326782403 0.010092347262283811 -0.017653811141118535 0.016104185523895118 0.010039550567424539 -0.0061989836808707989 -0.0022776721985087738 0.0051197080930256858 -0.013399455272234405 -0.044362052854819173 0.027228467562876713 -0.036057465055893211 -0.02260751803716024 0.0074448765479317005 0.029796086983722554 -0.024960190306107202 0.020591899752616882 0.0030127650915190234 -0.0044529035732738878 0.035818153084852755 -0.056611053510145705 -0.02670786998101643 -0.016340266332101595 0.009655940578534054 0.018979712765409343 -0.026540791491667434 0.0015005090809243871 -0.0042275644471424338 0.0080887800026120567 -0.0054083389974651733
leaf_weight=43 497 2377 347 312 841 72 3552 1739 260 78 109 145 30 129 114 108 20 215 987 39 22 28 209 195 161 228 127 2028 528 778
leaf_count=43 497 2377 347 312 841 72 3552 1739 260 78 109 145 30 129 114 108 20 215 987 39 22 28 209 195 161 228 127 2028 528 778
internal_value=0 0.00132299 -0.00376866 0.00202394 0.00162959 -0.000930956 -0.00284059 0.0041007 0.00777613 0.000904102 -0.00476561 -0.00370167 0.0164725 -0.0115 0.0158625 -0.0140665 -0.0291909 -0.00634042 -0.00732375 -0.024291 -0.00670062 0.00968787 0.00555105 -0.00379259 -0.00253101 -0.00534714 -0.0165091 -0.00343381 0.00212605 4.83829e-05
internal_weight=0 12078 4240 11452 11140 5471 4226 5669 2637 3032 1293 4040 139 626 186 488 165 323 1154 167 89 67 1245 404 3893 2426 355 2071 1467 1306
internal_count=16318 12078 4240 11452 11140 5471 4226 5669 2637 3032 1293 4040 139 626 186 488 165 323 1154 167 89 67 1245 404 3893 2426 355 2071 1467 1306
shrinkage=0.1


Tree=23
num_leaves=31
num_cat=0
split_feature=2 1 12 13 10 2 5 15 9 6 9 15 4 0 3 11 7 14 11 13 1 13 14 12 4 3 15 8 2 2
split_gain=7.50518 7.94851 9.94426 8.86317 7.85251 6.80921 6.33272 5.82433 5.66143 5.29891 5.05495 4.50511 9.55603 6.67359 7.3084 4.97365 4.52457 4.43132 4.39208 4.16623 7.79753 5.29781 4.11312 5.62658 4.03791 4.01556 4.57317 5.47705 4.37584 4.01991
threshold=45.500000000000007 14.500000000000002 2.5000000000000004 2.5000000000000004 1.5000000000000002 16.500000000000004 3.5000000000000004 18.500000000000004 47.500000000000007 3.5000000000000004 2.5000000000000004 15.500000000000002 2.5000000000000004 23.500000000000004 15.500000000000002 2.5000000000000004 23.500000000000004 1.5000000000000002 1.5000000000000002 12.500000000000002 2.5000000000000004 20.500000000000004 10.500000000000002 3.5000000000000004 1.0000000180025095e-35 2.5000000000000004 9.5000000000000018 7.5000000000000009 6.5000000000000009 9.5000000000000018
decision_type=2 2 2 2 2 2 2 2 2 2 2 2 2 2 2 2 2 2 2 2 2 2 2 2 2 2 2 2 2 2
left_child=1 2 5 4 22 7 8 17 11 19 -3 13 -13 14 -7 -14 18 -1 -15 20 -8 -21 23 -4 -5 28 -27 -28 -19 -29
right_child=-2 10 3 24 -6 6 9 -9 -10 -11 -12 12 15 16 -16 -17 -18 25 -20 21 -22 -23 -24 -25 -26 26 27 29 -30 -31
leaf_value=0.041311624064678101 -0.015724256134673254 -0.013478767828975649 0.057701795056181143 -0.031390318202395594 -0.0011581285590144216 0.00028532679292356299 -0.055638571485640512 -0.027631012333763971 -0.034952880103479737 0.022588212490081791 0.0060798911292932216 -0.028545462281296133 0.030623841285705569 0.033592626796318935 -0.018797044484120496 -0.0070227223190855483 0.022466799560934309 -0.029972470222517502 0.0041139858402415115 0.021911903835357505 -0.012435153559330971 -0.029908689067644236 0.0089614161089354872 0.012044007290493359 -0.0056827101842292027 0.015643615137888704 0.024450839690442358 0.020915486262394832 0.0035248812314718605 -0.023362517018908079
leaf_weight=41 298 139 53 62 622 3767 63 45 44 35 2678 152 56 52 212 94 160 43 1803 47 124 34 153 55 4204 687 53 26 419 97
leaf_count=41 298 139 53 62 622 3767 63 45 44 35 2678 152 56 52 212 94 160 43 1803 47 124 34 153 55 4204 687 53 26 419 97
internal_value=0 0.000292499 -0.000736391 -0.00416876 0.00495057 0.00145796 0.000117898 0.00776696 0.000792876 -0.0140054 0.0051148 0.00104269 -0.0108745 0.00164312 -0.000731377 0.00703199 0.00633202 0.00893308 0.00494034 -0.0187844 -0.0269903 0.00016005 0.0195085 0.0344501 -0.00605633 0.00793117 0.0119591 -0.00242311 0.000407162 -0.0140029
internal_weight=0 16020 13203 5149 883 8054 6643 1411 6340 303 2817 6296 302 5994 3979 150 2015 1366 1855 268 187 81 261 108 4266 1325 863 176 462 123
internal_count=16318 16020 13203 5149 883 8054 6643 1411 6340 303 2817 6296 302 5994 3979 150 2015 1366 1855 268 187 81 261 108 4266 1325 863 176 462 123
shrinkage=0.1


Tree=24
num_leaves=31
num_cat=0
split_feature=11 14 8 13 7 1 12 12 14 0 2 15 12 4 6 2 14 12 3 7 15 3 13 14 4 2 2 3 1 13
split_gain=7.00878 7.79527 6.37759 7.07975 7.1479 6.06564 5.1195 4.96203 6.45054 4.81169 6.50847 5.03319 4.23982 4.1984 5.04173 4.92249 6.66106 4.61989 4.5241 7.26831 5.0737 4.48095 4.9752 4.44262 5.53449 5.02623 5.28091 4.09489 5.91666 4.18937
threshold=2.5000000000000004 24.500000000000004 8.5000000000000018 7.5000000000000009 41.500000000000007 1.0000000180025095e-35 1.0000000180025095e-35 2.5000000000000004 14.500000000000002 21.500000000000004 37.500000000000007 2.5000000000000004 5.5000000000000009 2.5000000000000004 1.5000000000000002 17.500000000000004 22.500000000000004 4.5000000000000009 23.500000000000004 50.500000000000007 9.5000000000000018 11.500000000000002 47.500000000000007 14.500000000000002 4.5000000000000009 16.500000000000004 32.500000000000007 15.500000000000002 2.5000000000000004 11.500000000000002
decision_type=2 2 2 2 2 2 2 2 2 2 2 2 2 2 2 2 2 2 2 2 2 2 2 2 2 2 2 2 2 2
left_child=5 2 9 4 -4 -1 -7 8 -5 -2 11 -11 27 15 23 17 -17 -8 20 -20 21 22 -16 24 25 -15 -27 -3 29 -29
right_child=1 12 3 7 -6 6 13 -9 -10 10 -12 -13 -14 14 18 16 -18 -19 19 -21 -22 -23 -24 -25 -26 26 -28 28 -30 -31
leaf_value=-0.0027532509241354965 -0.0059378756510924148 0.0099371210950262422 -0.0020456753418679765 -0.00258225507542323 0.035579473181412767 0.017484305143820173 0.011162929575322039 -0.014622419144383711 -0.020187889230251315 0.019318603894635702 -0.012643130910969198 0.0031922312981032676 -0.033359298429318833 -0.029731531585416488 0.012938899445322763 -0.00032402649750607046 -0.052161767959594735 -0.024810185950053368 -0.016596251915038471 0.036849685445908574 0.0049158427628231355 0.028001020438627369 -0.037812007367610936 -0.030060508241087705 -0.031721856241876428 0.025192528914629933 -0.013080364553367391 -0.047443210787889434 0.0050202743215704447 -0.0069724868763895598
leaf_weight=1939 830 850 1741 1242 52 257 590 1005 250 223 229 1465 28 31 565 2931 25 38 142 31 931 218 20 59 44 123 51 41 299 68
leaf_count=1939 830 850 1741 1242 52 257 590 1005 250 223 229 1465 28 31 565 2931 25 38 142 31 931 218 20 59 44 123 51 41 299 68
internal_value=0 -0.00203122 -0.00333951 -0.0057485 -0.000954483 0.00211455 0.00367312 -0.00919089 -0.00553226 0.000422626 0.00317652 0.00532267 0.00512772 0.00306103 0.00648368 0.000945752 -0.000762438 0.00898621 0.00840104 -0.00701923 0.00993951 0.015764 0.0112038 -0.00538775 0.000458407 0.00736539 0.0139746 0.00598435 -0.00225059 -0.0221954
internal_weight=0 8323 7037 4290 1793 7995 6056 2497 1492 2747 1917 1688 1286 5799 2215 3584 2956 628 1907 173 1734 803 585 308 249 205 174 1258 408 109
internal_count=16318 8323 7037 4290 1793 7995 6056 2497 1492 2747 1917 1688 1286 5799 2215 3584 2956 628 1907 173 1734 803 585 308 249 205 174 1258 408 109
shrinkage=0.1


Tree=25
num_leaves=31
num_cat=0
split_feature=0 10 12 2 1 5 6 9 8 0 12 13 0 8 8 14 9 4 14 9 0 13 15 0 12 3 2 1 14 15
split_gain=6.41329 7.96764 6.69932 7.2205 5.79402 5.50678 5.53689 5.1445 4.86135 9.09205 5.82754 4.84627 4.84369 5.15517 6.45485 4.5904 4.40287 5.4986 4.3299 4.0389 7.10062 4.97909 4.30848 4.72565 4.18974 3.95909 3.94997 4.84949 6.74716 5.67343
threshold=8.5000000000000018 1.0000000180025095e-35 2.5000000000000004 16.500000000000004 13.500000000000002 2.5000000000000004 1.0000000180025095e-35 44.500000000000007 13.500000000000002 34.500000000000007 1.0000000180025095e-35 40.500000000000007 24.500000000000004 25.500000000000004 23.500000000000004 7.5000000000000009 7.5000000000000009 1.5000000000000002 41.500000000000007 12.500000000000002 40.500000000000007 16.500000000000004 15.500000000000002 28.500000000000004 1.5000000000000002 9.5000000000000018 26.500000000000004 1.5000000000000002 3.5000000000000004 4.5000000000000009
decision_type=2 2 2 2 2 2 2 2 2 2 2 2 2 2 2 2 2 2 2 2 2 2 2 2 2 2 2 2 2 2
left_child=-1 16 3 15 11 7 -7 12 9 -8 -10 -4 13 14 18 -3 17 -2 26 22 21 24 25 -24 -21 -14 -5 28 29 -28
right_child=1 2 4 5 -6 6 8 -9 10 -11 -12 -13 19 -15 -16 -17 -18 -19 -20 20 -22 -23 23 -25 -26 -27 27 -29 -30 -31
leaf_value=-0.013410136137787458 -0.029084232201178867 0.015563690744678416 -0.0036044475803069134 0.0020114530041222783 0.0029672368355518719 -0.021507008035490119 -0.0023841702946552422 -0.020380549013614656 0.017466688245090088 0.020553688198176739 -0.01389928806551282 -0.018273294286385869 0.0086950848928800378 -0.026981958435542547 0.057666917145252232 0.0040410868844091069 0.019219785082269705 0.01017294082281401 0.044922237369147217 0.010013180716735562 0.030531813291942374 0.013181546685241519 0.020308312475681309 -0.022253403703371685 -0.01566787950747402 0.022874915202458698 0.039297486727054305 -0.0015788965111921641 -0.038574786887814599 -0.019875934373500739
leaf_weight=349 48 507 4533 2874 1408 163 1407 100 67 197 511 237 637 67 20 1087 338 139 22 82 68 126 40 75 282 285 26 484 96 43
leaf_count=349 48 507 4533 2874 1408 163 1407 100 67 197 511 237 637 67 20 1087 338 139 22 82 68 126 40 75 282 285 26 484 96 43
internal_value=0 0.000293076 -0.000118761 0.00158188 -0.00266945 0.000309471 -0.00372851 0.00208703 -0.00240042 0.000433011 -0.0102634 -0.00433328 0.00251687 0.000499575 0.00101606 0.00770606 0.0124082 9.62333e-05 0.000696448 0.00711049 0.000250496 -0.00395181 0.0108018 -0.00744933 -0.00988259 0.0130782 0.000420272 -0.00662603 -0.021431 0.0024213
internal_weight=0 15969 15444 9266 6178 7672 2345 5327 2182 1604 578 4770 5227 3632 3565 1594 525 187 3545 1595 558 490 1037 115 364 922 3523 649 165 69
internal_count=16318 15969 15444 9266 6178 7672 2345 5327 2182 1604 578 4770 5227 3632 3565 1594 525 187 3545 1595 558 490 1037 115 364 922 3523 649 165 69
shrinkage=0.1


Tree=26
num_leaves=31
num_cat=0
split_feature=0 4 4 10 5 11 1 0 1 3 13 6 10 14 14 9 6 15 0 13 0 13 2 0 2 5 1 7 8 7
split_gain=6.04713 6.52773 5.98537 7.50867 7.33274 6.82889 6.52422 5.08177 5.24185 5.49492 5.14245 5.41384 5.12554 5.01373 5.23556 6.54086 6.23802 6.25707 8.95201 6.65443 6.02553 5.25723 7.40787 6.06241 7.66944 4.85674 4.78691 4.73656 4.72999 4.71563
threshold=46.500000000000007 6.5000000000000009 1.5000000000000002 1.0000000180025095e-35 3.5000000000000004 2.5000000000000004 8.5000000000000018 31.500000000000004 1.5000000000000002 8.5000000000000018 15.500000000000002 2.5000000000000004 1.5000000000000002 24.500000000000004 6.5000000000000009 14.500000000000002 2.5000000000000004 25.500000000000004 27.500000000000004 39.500000000000007 34.500000000000007 7.5000000000000009 8.5000000000000018 23.500000000000004 32.500000000000007 1.0000000180025095e-35 29.500000000000004 8.5000000000000018 20.500000000000004 25.500000000000004
decision_type=2 2 2 2 2 2 2 2 2 2 2 2 2 2 2 2 2 2 2 2 2 2 2 2 2 2 2 2 2 2
left_child=1 2 4 -4 6 7 -1 8 9 12 26 27 -5 14 15 -7 -16 21 19 -19 -20 22 -18 -23 -25 -15 -10 -12 -27 -14
right_child=-2 -3 3 5 -6 13 -8 -9 10 -11 11 -13 29 25 16 -17 17 18 20 -21 -22 23 -24 24 -26 28 -28 -29 -30 -31
leaf_value=-0.0086304270854168381 0.027599884607369386 -0.040481681860983373 0.013554460768432312 -0.021615692786872389 -0.023878870495242777 0.0025544895790945133 0.0042559077150743866 0.0092618185200275052 0.0044016989657095261 -0.011469437780705366 0.019131083698833692 0.0034359493518468019 0.0012465012522330518 -0.043153848960286095 -0.0094889488021848573 -0.010604968184454437 0.062792982090087171 -0.011797421348506008 0.062997056978444252 0.044176282619054506 0.011764655600894583 -0.018557977093302685 0.0020114094958649026 0.0081530784130901916 -0.021063918013905371 0.0092227195323814331 0.04451437483231227 -0.020791447023719045 -0.0067826781637412466 0.037083054843701814
leaf_weight=942 79 40 437 96 193 2177 674 951 3575 550 34 322 1089 21 1887 457 21 116 48 26 44 345 444 296 129 779 30 236 242 38
leaf_count=942 79 40 437 96 193 2177 674 951 3575 550 34 322 1089 21 1887 457 21 116 48 26 44 345 444 296 129 779 30 236 242 38
internal_value=0 -0.000134269 -3.46394e-05 0.000646899 -0.00545605 0.000242642 -0.0032558 0.0024726 0.0013911 -0.00316791 0.00331703 -0.00532086 0.000565404 -0.00195211 -0.0030658 0.000271319 -0.00568498 -0.000798592 0.0141948 -0.00154871 0.0384946 -0.00363945 0.00475638 -0.00870966 -0.000715139 0.00444996 0.00473551 -0.0157642 0.00542908 0.00245483
internal_weight=0 16239 16199 14390 1809 13953 1616 6921 5970 1773 4197 592 1223 7032 5990 2634 3356 1469 234 142 92 1235 465 770 425 1042 3605 270 1021 1127
internal_count=16318 16239 16199 14390 1809 13953 1616 6921 5970 1773 4197 592 1223 7032 5990 2634 3356 1469 234 142 92 1235 465 770 425 1042 3605 270 1021 1127
shrinkage=0.1


Tree=27
num_leaves=31
num_cat=0
split_feature=5 4 5 8 1 7 6 13 2 7 0 4 1 10 2 15 7 0 12 9 0 3 10 15 7 0 14 7 8 1
split_gain=5.39148 5.72926 9.72721 5.52376 6.83384 5.20963 6.90534 4.95481 5.86642 5.37301 4.64157 4.49339 4.38204 4.41831 4.73303 5.63253 5.35401 5.2187 4.76557 4.6546 4.36039 4.30771 6.07343 4.66482 4.94005 4.28151 8.37906 4.61973 4.41398 4.50772
threshold=1.0000000180025095e-35 2.5000000000000004 3.5000000000000004 23.500000000000004 30.500000000000004 24.500000000000004 5.5000000000000009 2.5000000000000004 32.500000000000007 34.500000000000007 7.5000000000000009 6.5000000000000009 5.5000000000000009 2.5000000000000004 20.500000000000004 2.5000000000000004 18.500000000000004 17.500000000000004 1.5000000000000002 4.5000000000000009 27.500000000000004 14.500000000000002 4.5000000000000009 4.5000000000000009 12.500000000000002 22.500000000000004 12.500000000000002 20.500000000000004 7.5000000000000009 11.500000000000002
decision_type=2 2 2 2 2 2 2 2 2 2 2 2 2 2 2 2 2 2 2 2 2 2 2 2 2 2 2 2 2 2
left_child=-1 2 3 4 5 6 10 9 11 25 -2 20 13 14 16 19 17 -12 -19 -16 -9 23 -23 24 -15 26 28 -28 -3 -30
right_child=1 7 -4 -5 -6 -7 -8 8 -10 -11 12 -13 -14 21 15 -17 -18 18 -20 -21 -22 22 -24 -25 -26 -27 27 -29 29 -31
leaf_value=-0.028308909686643687 -0.025822891651744576 0.028812466323375703 -0.012558932506466567 -0.013255838026210529 0.036812080472707752 0.01921751775123455 -0.038405433297157288 0.0010906131242291403 -0.0043071964544615727 0.028605334520820647 -0.0079028171229075239 -0.039203473269939421 0.0031306718459681556 -0.019945214390754702 0.030140344092720435 -0.0064787399228787264 0.041645943777901789 -0.015684525397690861 0.0057761197465412114 0.0010684162378311157 0.0077466556972640545 -0.029290714554044583 0.01997075587511063 -0.00027776639277543152 0.0093712124973535545 -0.00094649693859157286 0.023961407090853721 0.068553184966246281 0.0025601188808479568 -0.038806448131799703
leaf_weight=67 71 50 730 329 50 135 48 2950 1421 124 415 25 2720 285 76 1490 35 110 1744 200 1477 151 30 797 72 402 103 30 149 32
leaf_count=67 71 50 730 329 50 135 48 2950 1421 124 415 25 2720 285 76 1490 35 110 1744 200 1477 151 30 797 72 402 103 30 149 32
internal_value=0 0.000116713 -0.00146852 -0.000544103 -4.79396e-05 -0.000267894 -0.000586979 0.00234067 0.00128699 0.00929378 -0.000365494 0.00307256 -0.000143036 -0.00179049 -0.000153017 -0.00404812 0.00283255 0.00223384 0.00450283 0.00907373 0.0033113 -0.00678263 -0.0211258 -0.00453296 -0.0140327 0.00616763 0.0140244 0.0340197 0.00251201 -0.00475331
internal_weight=0 16251 9488 8758 8429 8379 8244 6763 5873 890 8196 4452 8125 5405 4070 1766 2304 2269 1854 276 4427 1335 181 1154 357 766 364 133 231 181
internal_count=16318 16251 9488 8758 8429 8379 8244 6763 5873 890 8196 4452 8125 5405 4070 1766 2304 2269 1854 276 4427 1335 181 1154 357 766 364 133 231 181
shrinkage=0.1


Tree=28
num_leaves=31
num_cat=0
split_feature=2 5 1 0 0 15 12 0 10 15 13 13 1 0 13 10 15 14 14 15 2 7 15 13 2 9 2 2 8 14
split_gain=4.99195 4.88714 5.13828 6.1184 5.99642 5.93772 8.61179 6.33112 6.00221 4.99173 5.42056 4.97897 4.89061 7.24485 6.66378 6.29016 5.90853 4.54086 5.42652 6.89928 4.87456 5.78758 4.47288 4.44532 6.99553 4.38156 4.23187 3.88191 4.52488 3.84578
threshold=46.500000000000007 1.0000000180025095e-35 14.500000000000002 3.5000000000000004 46.500000000000007 12.500000000000002 4.5000000000000009 12.500000000000002 1.0000000180025095e-35 16.500000000000004 7.5000000000000009 54.500000000000007 1.5000000000000002 23.500000000000004 13.500000000000002 3.5000000000000004 2.5000000000000004 42.500000000000007 8.5000000000000018 8.5000000000000018 35.500000000000007 15.500000000000002 16.500000000000004 12.500000000000002 23.500000000000004 14.500000000000002 11.500000000000002 9.5000000000000018 9.5000000000000018 6.5000000000000009
decision_type=2 2 2 2 2 2 2 2 2 2 2 2 2 2 2 2 2 2 2 2 2 2 2 2 2 2 2 2 2 2
left_child=1 -1 3 -3 5 6 11 9 22 10 -7 12 -5 14 16 -16 -14 18 -15 20 -20 -22 -9 27 -25 -13 -10 28 -18 -24
right_child=-2 2 -4 4 -6 7 -8 8 26 -11 -12 25 13 17 15 -17 23 -19 19 -21 21 -23 29 24 -26 -27 -28 -29 -30 -31
leaf_value=-0.027817662829352965 -0.014996124001126314 -0.037322240869204208 0.0042008769420771395 -0.0017741304699120414 0.035655919170897936 -0.0032526734200390901 -0.018265271224712921 0.040255322080591453 0.0075347008055480077 0.0022340324458102107 0.058826121840721529 0.0081925390855125766 0.01318599980315263 0.012123610188748531 -0.020034736750176793 0.0070044862166527781 -0.012638560086488724 0.037594892297472274 0.0097074625304300489 -0.0096042573409421111 -0.038505245903705028 0.018926390899079187 -0.036823675483465199 0.045259912115223011 -0.013951714616268873 -0.046339078501957225 -0.0080145641815269723 -0.00063840477896375577 0.046398547775036582 0.013508539824258715
leaf_weight=62 219 45 2804 3494 46 22 236 46 189 142 39 23 403 1021 281 124 20 49 730 350 47 28 20 53 32 41 2368 3284 37 63
leaf_count=62 219 45 2804 3494 46 22 236 46 189 142 39 23 403 1021 281 124 20 49 730 350 47 28 20 53 32 41 2368 3284 37 63
internal_value=0 0.000203997 0.000312331 -0.000511631 -0.000386026 -0.000512181 0.000616126 -0.00451652 -0.00580347 0.0125118 0.036437 0.00106097 0.00123975 0.00287011 0.00044226 -0.0117561 0.0017325 0.00749011 0.0068122 0.00211701 0.00721322 -0.0170641 0.0152427 0.000385223 0.0229685 -0.0267418 -0.00686524 -0.000189328 0.0256838 0.0013803
internal_weight=0 16099 16037 13233 13188 13142 10253 2889 2686 203 61 10017 9953 6459 4234 405 3829 2225 2176 1155 805 75 129 3426 85 64 2557 3341 57 83
internal_count=16318 16099 16037 13233 13188 13142 10253 2889 2686 203 61 10017 9953 6459 4234 405 3829 2225 2176 1155 805 75 129 3426 85 64 2557 3341 57 83
shrinkage=0.1


Tree=29
num_leaves=31
num_cat=0
split_feature=11 0 8 0 1 9 8 2 2 13 1 3 7 0 2 8 8 11 11 15 2 15 7 7 5 3 15 14 3 1
split_gain=4.78477 5.14612 4.9499 5.70988 5.3303 6.27568 5.0422 5.39159 4.86286 4.54765 7.55812 6.39163 4.5342 4.44861 6.36854 6.86162 6.22175 5.72397 5.12104 4.28033 4.23241 6.00851 4.47266 4.64325 4.1071 3.92739 3.84572 3.86234 3.77389 3.72629
threshold=1.5000000000000002 7.5000000000000009 8.5000000000000018 42.500000000000007 3.5000000000000004 7.5000000000000009 1.5000000000000002 11.500000000000002 22.500000000000004 10.500000000000002 24.500000000000004 33.500000000000007 12.500000000000002 27.500000000000004 39.500000000000007 6.5000000000000009 3.5000000000000004 2.5000000000000004 2.5000000000000004 8.5000000000000018 19.500000000000004 1.0000000180025095e-35 16.500000000000004 48.500000000000007 3.5000000000000004 5.5000000000000009 27.500000000000004 13.500000000000002 22.500000000000004 18.500000000000004
decision_type=2 2 2 2 2 2 2 2 2 2 2 2 2 2 2 2 2 2 2 2 2 2 2 2 2 2 2 2 2 2
left_child=12 -2 4 9 5 13 -7 -8 -6 11 20 -4 19 -3 15 16 18 -17 -15 28 22 25 29 -24 -10 -22 27 -21 -1 -11
right_child=1 2 3 -5 8 6 7 -9 24 10 -12 -13 -14 14 -16 17 -18 -19 -20 26 21 -23 23 -25 -26 -27 -28 -29 -30 -31
leaf_value=0.016206980731663288 -0.015383305664347336 -0.012905177383711844 -0.00010486418943163817 0.019306769873946906 0.0082137482300332684 -0.042292371571063997 0.025664688373098567 0.0013998159898557091 0.0019356272727078787 -0.0033852433463288701 0.010301278096934159 -0.044237773120403293 0.013554883804437829 -0.037228038618641511 -0.045392760038375862 0.010300102617059437 0.030432743057608604 -0.052566937009493511 0.021771048115832466 -0.010824309493981157 0.040512486978581078 -0.010599902363135559 0.015043841422136342 -0.028853903545273674 -0.020789113640785218 -0.0027210524741639484 0.0256000851392746 -0.056558883332070854 -0.028162897175008601 -0.033920725972153419
leaf_weight=149 226 627 5888 128 1752 25 98 1396 1903 566 288 33 491 31 25 28 120 30 28 153 38 1803 224 27 83 47 25 21 22 43
leaf_count=149 226 627 5888 128 1752 25 98 1396 1903 566 288 33 491 31 25 28 120 30 28 153 38 1803 224 27 83 47 25 21 22 43
internal_value=0 -0.000404144 -0.000181881 -0.00166463 0.00200992 -0.00165928 0.0022462 0.00299149 0.00437359 -0.00196432 -0.00511105 -0.000350834 0.00725534 -0.00833242 0.00261078 0.00767445 0.0173601 -0.0222173 -0.00922847 -0.00110432 -0.00672631 -0.00937502 -0.000911481 0.0103218 0.000985902 0.0166069 -0.0110746 -0.016344 0.0104986 -0.00554128
internal_weight=0 15457 15231 9085 6146 2408 1519 1494 3738 8957 3036 5921 861 889 262 237 179 58 59 370 2748 1888 860 251 1986 85 199 174 171 609
internal_count=16318 15457 15231 9085 6146 2408 1519 1494 3738 8957 3036 5921 861 889 262 237 179 58 59 370 2748 1888 860 251 1986 85 199 174 171 609
shrinkage=0.1


Tree=30
num_leaves=31
num_cat=0
split_feature=5 6 14 2 1 15 3 0 11 10 3 10 2 12 7 14 7 7 2 15 0 8 13 8 3 3 15 8 7 8
split_gain=4.24441 6.47907 6.1053 5.79539 4.66333 5.18454 6.19713 4.53256 6.96351 5.36016 5.12486 5.07033 4.73831 5.07335 4.90362 4.64117 4.80056 4.5678 4.54786 4.50815 5.92951 4.45973 4.85407 4.2761 4.25793 5.21118 4.42516 4.11778 4.0984 6.24235
threshold=2.5000000000000004 2.5000000000000004 35.500000000000007 37.500000000000007 18.500000000000004 8.5000000000000018 12.500000000000002 24.500000000000004 1.5000000000000002 3.5000000000000004 5.5000000000000009 4.5000000000000009 26.500000000000004 4.5000000000000009 27.500000000000004 15.500000000000002 9.5000000000000018 8.5000000000000018 22.500000000000004 31.500000000000004 32.500000000000007 3.5000000000000004 15.500000000000002 34.500000000000007 22.500000000000004 27.500000000000004 25.500000000000004 24.500000000000004 30.500000000000004 15.500000000000002
decision_type=2 2 2 2 2 2 2 2 2 2 2 2 2 2 2 2 2 2 2 2 2 2 2 2 2 2 2 2 2 2
left_child=3 2 -2 7 5 6 -3 12 -9 21 11 15 13 24 18 16 -11 -12 -15 -7 27 22 -10 -4 26 -26 -1 -21 29 -19
right_child=1 4 23 -5 -6 19 -8 8 9 10 17 -13 -14 14 -16 -17 -18 28 -20 20 -22 -23 -24 -25 25 -27 -28 -29 -30 -31
leaf_value=0.0020971511573813512 -0.0055176882507900404 0.01280491485762498 0.02140864866028587 -0.0069188351364609622 0.01119498046544882 -0.0076213929163435655 -0.0070894733716399122 0.02193816051477903 0.0016669966280460358 0.010455073537053289 -0.029917485248751759 -0.043069078542035205 -0.0055085646994111788 -0.015598879822275855 0.024571153521537784 0.026988469660282136 -0.035200416944066032 0.018892171699116486 -0.06470839952429136 0.016274669480650393 0.043184872734837419 0.0083441221372445879 -0.026315363124012947 -0.019136573281139137 -0.040683581022655263 0.0045225965626099537 0.021530202974875769 -0.018192501772533766 -0.012987395491864945 -0.022481554001569749
leaf_weight=4983 3600 486 139 805 455 869 231 227 446 37 41 58 1117 88 23 30 61 213 24 73 41 1745 72 32 51 51 120 66 90 44
leaf_count=4983 3600 486 139 805 455 869 231 227 446 37 41 58 1117 88 23 30 61 213 24 73 41 1745 72 32 51 51 120 66 90 44
internal_value=0 -0.00211717 -0.00464074 0.00122856 0.00216757 -0.000158293 0.00639543 0.00191742 0.00508481 0.0037363 -0.00489439 -0.0185416 0.000414416 0.00165336 -0.0174857 -0.00742761 -0.0179631 0.00164784 -0.0261223 -0.00463781 0.00976625 0.00592544 -0.00222244 0.0138212 0.00214976 -0.0180805 0.00255413 -9.10377e-05 0.00537746 0.0118087
internal_weight=0 5992 3771 10326 2221 1766 717 9521 3064 2837 574 186 6457 5340 135 128 98 388 112 1049 180 2263 518 171 5205 102 5103 139 347 257
internal_count=16318 5992 3771 10326 2221 1766 717 9521 3064 2837 574 186 6457 5340 135 128 98 388 112 1049 180 2263 518 171 5205 102 5103 139 347 257
shrinkage=0.1


Tree=31
num_leaves=31
num_cat=0
split_feature=4 5 4 8 7 9 3 12 9 15 2 9 1 10 13 14 0 7 7 15 14 0 9 11 5 2 9 12 8 7
split_gain=4.12944 7.06967 4.38411 4.35736 4.4647 4.9052 6.04234 4.05667 4.73771 3.94043 4.75028 4.93127 3.94976 3.73791 5.93796 5.77044 9.15917 4.99595 5.64961 5.75038 4.52233 4.48235 4.22501 3.57348 3.56643 3.56141 3.9883 3.47634 3.7502 7.34934
threshold=2.5000000000000004 3.5000000000000004 6.5000000000000009 43.500000000000007 22.500000000000004 14.500000000000002 20.500000000000004 2.5000000000000004 43.500000000000007 15.500000000000002 14.500000000000002 6.5000000000000009 23.500000000000004 1.5000000000000002 16.500000000000004 10.500000000000002 25.500000000000004 34.500000000000007 24.500000000000004 18.500000000000004 29.500000000000004 23.500000000000004 7.5000000000000009 2.5000000000000004 1.0000000180025095e-35 24.500000000000004 8.5000000000000018 1.5000000000000002 25.500000000000004 11.500000000000002
decision_type=2 2 2 2 2 2 2 2 2 2 2 2 2 2 2 2 2 2 2 2 2 2 2 2 2 2 2 2 2 2
left_child=1 3 13 4 7 6 25 8 9 12 -11 -12 -1 14 15 16 17 18 19 21 -17 22 -2 -13 -15 -6 -27 28 -26 -30
right_child=2 -3 -4 -5 5 -7 -8 -9 -10 10 11 23 -14 24 -16 20 -18 -19 -20 -21 -22 -23 -24 -25 27 26 -28 -29 29 -31
leaf_value=0.0013265723081863894 0.00064341545104980476 -0.010802975011198488 -0.030330981030350642 -0.037394095398485663 0.047862373136762365 -0.0055344654122988389 -0.027298703789710999 -0.0039505903469129458 -0.033159565889253853 0.020700550717966899 -0.03502010030801906 0.013225740288931226 0.032112848120076316 -0.026915291315979431 -0.018367210068280185 -0.003138164400709847 0.037148422662055855 0.042601053190953808 -0.049812787473201753 -0.034755506083883086 0.019119568373407086 -0.029241340217136202 0.03624542196591695 -0.017240266562110248 0.010555217464307121 -0.0039446139481009506 0.047383206213514016 0.00038818481568088088 -0.059610508058382118 0.0036586283163709955
leaf_weight=5355 60 730 42 32 67 90 20 2768 41 42 86 63 42 45 79 346 165 33 20 29 124 21 75 99 651 41 24 5014 23 91
leaf_count=5355 60 730 42 32 67 90 20 2768 41 42 86 63 42 45 79 346 165 33 20 29 124 21 75 99 651 41 24 5014 23 91
internal_value=0 -0.00134766 0.00187778 -0.00056061 -0.00042572 0.0129676 0.0239228 -0.000807217 0.000711788 0.000955981 -0.0103996 -0.0156665 0.00156615 0.00207742 0.00788667 0.0102625 0.0190424 0.00648997 0.000676966 0.00613532 0.00273409 0.0137368 0.0204223 -0.00539238 0.00112783 0.0316837 0.0150072 0.0013462 0.00762528 -0.0091062
internal_weight=0 9500 6818 8770 8738 242 152 8496 5728 5687 290 248 5397 6776 952 873 403 238 205 185 470 156 135 162 5824 132 65 5779 765 114
internal_count=16318 9500 6818 8770 8738 242 152 8496 5728 5687 290 248 5397 6776 952 873 403 238 205 185 470 156 135 162 5824 132 65 5779 765 114
shrinkage=0.1


Tree=32
num_leaves=31
num_cat=0
split_feature=13 4 5 15 7 9 9 15 0 10 6 11 9 14 2 0 9 3 15 8 15 1 13 15 12 5 1 0 14 14
split_gain=3.93519 4.2409 4.74676 6.20747 4.16237 4.5641 4.04866 4.97595 4.55354 3.92463 4.31191 3.87553 5.02146 4.78283 5.46255 4.39535 4.43805 5.64931 5.1296 7.74103 4.3501 4.2655 4.1425 5.66197 4.58525 5.42342 4.99927 4.53405 4.08953 3.95398
threshold=1.5000000000000002 1.5000000000000002 3.5000000000000004 20.500000000000004 14.500000000000002 22.500000000000004 7.5000000000000009 24.500000000000004 37.500000000000007 1.0000000180025095e-35 1.5000000000000002 2.5000000000000004 7.5000000000000009 13.500000000000002 20.500000000000004 21.500000000000004 5.5000000000000009 12.500000000000002 11.500000000000002 11.500000000000002 2.5000000000000004 5.5000000000000009 5.5000000000000009 43.500000000000007 2.5000000000000004 2.5000000000000004 5.5000000000000009 16.500000000000004 3.5000000000000004 6.5000000000000009
decision_type=2 2 2 2 2 2 2 2 2 2 2 2 2 2 2 2 2 2 2 2 2 2 2 2 2 2 2 2 2 2
left_child=9 2 4 -4 5 6 7 8 -2 10 -1 12 13 14 20 -16 17 18 19 29 -3 -20 23 24 25 27 -27 -14 -29 -17
right_child=1 11 3 -5 -6 -7 -8 -9 -10 -11 -12 -13 22 -15 15 16 -18 -19 21 -21 -22 -23 -24 -25 -26 26 -28 28 -30 -31
leaf_value=-0.027005799611409503 -0.010271273829607054 -0.0058409972360339794 -0.028795722744574672 0.020304124249565986 0.010287543776121783 -0.023947652287719667 0.0011582808979487015 -0.045635372008147997 0.037553855209123521 0.0025990717746289856 0.020374921209282346 -0.0015746713904699772 -0.02460072866507939 -0.012134404247754242 -0.013512974325104142 0.033810101055550851 -0.012182945803384096 0.031223699234818159 -0.05206928760917099 -0.03431405732708593 0.007705437133475726 -0.0048876843894972953 0.0061453520542860719 0.049845959175200689 -0.010900668254898639 -0.028116996552456509 0.0082912937032453959 -0.016505516011540485 0.017119709637731996 -0.0019422076642513276
leaf_weight=21 383 313 152 31 193 121 708 38 21 1353 225 6754 35 365 402 87 181 76 27 31 977 66 2796 21 391 88 66 41 307 48
leaf_count=21 383 313 152 31 193 121 708 38 21 1353 225 6754 35 365 402 87 181 76 27 31 977 66 2796 21 391 88 66 41 307 48
internal_value=0 -0.00051184 -0.00529389 -0.0204783 -0.00339585 -0.00547365 -0.00352987 -0.0110394 -0.00778531 0.00471156 0.0163302 9.06717e-05 0.00187094 -0.00153026 0.000222695 -0.0056735 0.000434006 0.00725093 0.000216444 0.0107501 0.00441859 -0.0185856 0.00420773 -0.00150102 -0.00266297 0.00333506 -0.0125134 0.00970757 0.0131581 0.0210982
internal_weight=0 14719 1647 183 1464 1271 1150 442 404 1599 246 13072 6318 2573 2208 918 516 335 259 166 1290 93 3745 949 928 537 154 383 348 135
internal_count=16318 14719 1647 183 1464 1271 1150 442 404 1599 246 13072 6318 2573 2208 918 516 335 259 166 1290 93 3745 949 928 537 154 383 348 135
shrinkage=0.1


end of trees

feature_importances:
Column_2=121
Column_0=119
Column_1=101
Column_8=79
Column_9=59
Column_3=57
Column_14=57
Column_15=55
Column_12=52
Column_13=52
Column_7=50
Column_10=46
Column_4=39
Column_11=39
Column_5=38
Column_6=26

parameters:
[boosting: gbdt]
[objective: regression]
[metric: l2]
[tree_learner: serial]
[device_type: cpu]
[data: ]
[valid: ]
[num_iterations: 10000]
[learning_rate: 0.1]
[num_leaves: 31]
[num_threads: 0]
[deterministic: 0]
[force_col_wise: 0]
[force_row_wise: 0]
[histogram_pool_size: -1]
[max_depth: -1]
[min_data_in_leaf: 20]
[min_sum_hessian_in_leaf: 0.001]
[bagging_fraction: 1]
[pos_bagging_fraction: 1]
[neg_bagging_fraction: 1]
[bagging_freq: 0]
[bagging_seed: 3]
[feature_fraction: 1]
[feature_fraction_bynode: 1]
[feature_fraction_seed: 2]
[extra_trees: 0]
[extra_seed: 6]
[early_stopping_round: 10]
[first_metric_only: 0]
[max_delta_step: 0]
[lambda_l1: 0]
[lambda_l2: 0]
[min_gain_to_split: 0]
[drop_rate: 0.1]
[max_drop: 50]
[skip_drop: 0.5]
[xgboost_dart_mode: 0]
[uniform_drop: 0]
[drop_seed: 4]
[top_rate: 0.2]
[other_rate: 0.1]
[min_data_per_group: 100]
[max_cat_threshold: 32]
[cat_l2: 10]
[cat_smooth: 10]
[max_cat_to_onehot: 4]
[top_k: 20]
[monotone_constraints: ]
[monotone_constraints_method: basic]
[monotone_penalty: 0]
[feature_contri: ]
[forcedsplits_filename: ]
[refit_decay_rate: 0.9]
[cegb_tradeoff: 1]
[cegb_penalty_split: 0]
[cegb_penalty_feature_lazy: ]
[cegb_penalty_feature_coupled: ]
[path_smooth: 0]
[interaction_constraints: ]
[verbosity: 1]
[saved_feature_importance_type: 0]
[max_bin: 255]
[max_bin_by_feature: ]
[min_data_in_bin: 3]
[bin_construct_sample_cnt: 200000]
[data_random_seed: 1]
[is_enable_sparse: 1]
[enable_bundle: 1]
[use_missing: 1]
[zero_as_missing: 0]
[feature_pre_filter: 1]
[pre_partition: 0]
[two_round: 0]
[header: 0]
[label_column: ]
[weight_column: ]
[group_column: ]
[ignore_column: ]
[categorical_feature: ]
[forcedbins_filename: ]
[objective_seed: 5]
[num_class: 1]
[is_unbalance: 0]
[scale_pos_weight: 1]
[sigmoid: 1]
[boost_from_average: 1]
[reg_sqrt: 0]
[alpha: 0.9]
[fair_c: 1]
[poisson_max_delta_step: 0.7]
[tweedie_variance_power: 1.5]
[lambdarank_truncation_level: 30]
[lambdarank_norm: 1]
[label_gain: ]
[eval_at: ]
[multi_error_top_k: 1]
[auc_mu_weights: ]
[num_machines: 1]
[local_listen_port: 12400]
[time_out: 120]
[machine_list_filename: ]
[machines: ]
[gpu_platform_id: -1]
[gpu_device_id: -1]
[gpu_use_dp: 0]
[num_gpu: 1]

end of parameters

pandas_categorical:null
