tree
version=v3
num_class=1
num_tree_per_iteration=1
label_index=0
max_feature_idx=15
objective=regression
feature_names=Column_0 Column_1 Column_2 Column_3 Column_4 Column_5 Column_6 Column_7 Column_8 Column_9 Column_10 Column_11 Column_12 Column_13 Column_14 Column_15
feature_infos=[1:49] [0:63] [1:49] [0:72] [0:7] [0:7] [0:7] [0:205] [1:188] [0:178] [0:8] [0:8] [0:7] [0:208] [0:235] [0:248]
tree_sizes=2780 2784 2780 2779 2788 2782 2779 2775 2774 2785 2780 2779 2789 2769 2777 2766 2790 2756 2771 2767 2773 2769 2781 2773 2795 2785

Tree=0
num_leaves=31
num_cat=0
split_feature=0 2 2 12 0 0 3 10 2 9 6 0 14 14 10 1 4 1 2 14 2 1 2 13 6 14 13 2 8 12
split_gain=112.255 48.597 37.9412 20.441 19.3924 17.0854 16.4588 11.2381 10.8159 10.5741 10.2943 10.177 12.6716 9.08587 10.1889 15.1775 8.89357 8.12581 7.75583 7.1876 8.77312 7.06438 6.96214 8.03382 6.92111 9.97996 6.88124 6.63123 6.29112 6.11237
threshold=33.500000000000007 24.500000000000004 42.500000000000007 2.5000000000000004 22.500000000000004 42.500000000000007 23.500000000000004 1.5000000000000002 39.500000000000007 26.500000000000004 2.5000000000000004 23.500000000000004 3.5000000000000004 19.500000000000004 2.5000000000000004 16.500000000000004 1.5000000000000002 15.500000000000002 23.500000000000004 3.5000000000000004 18.500000000000004 3.5000000000000004 35.500000000000007 5.5000000000000009 1.5000000000000002 5.5000000000000009 5.5000000000000009 20.500000000000004 15.500000000000002 1.5000000000000002
decision_type=2 2 2 2 2 2 2 2 2 2 2 2 2 2 2 2 2 2 2 2 2 2 2 2 2 2 2 2 2 2
left_child=1 4 3 5 10 8 7 22 19 13 -1 -9 -13 14 15 -5 -12 29 -16 -2 21 -21 23 -3 -22 -26 -27 -18 -24 -6
right_child=2 6 -4 9 17 -7 -8 11 -10 -11 16 12 -14 -15 18 -17 27 -19 -20 20 24 -23 28 -25 25 26 -28 -29 -30 -31
leaf_value=-0.026319664619693088 0.050335216248452885 0.028911750423771886 -0.029285379807534005 -0.014241566467667013 0.022390011509295968 0.045609825080306664 -0.058123820361690261 -0.045504723548472487 -0.027021751887621639 0.026224597851471763 -0.035209986964825128 0.016213541084681267 -0.03139979599244936 0.018603603813676928 -0.0042766544509452832 0.069532867403293896 0.012629246217628712 0.026801776010652575 -0.052115481022476977 -0.007609987825550754 -0.027175204568978525 0.054860598884413254 -0.0016099878549211584 -0.021820513635314526 -0.037609986901246846 0.047675725082592824 0.011428473280826948 -0.022204581903945312 -0.064882713451493573 -0.0066448402764499046
leaf_weight=558 73 69 191 95 90 323 253 418 51 133 75 68 314 103 54 28 209 136 91 23 46 85 30 57 33 70 208 74 33 373
leaf_count=558 73 69 191 95 90 323 253 418 51 133 75 68 314 103 54 28 209 136 91 23 46 85 30 57 33 70 208 74 33 373
internal_value=-0.00845555 -0.0207003 0.0125518 0.0181951 -0.00867929 0.0271269 -0.0353636 -0.0295412 0.016991 0.00203287 -0.0178283 -0.0347225 -0.0229241 -0.00663964 -0.0163413 0.00482904 -0.00459323 0.00531155 -0.0342996 0.0211632 0.0165836 0.0415567 -0.00760999 0.00596144 0.00902867 0.0143836 0.0205555 0.00352075 -0.0347528 -0.00100092
internal_weight=0 2757 1607 1416 1515 912 1242 989 589 504 916 800 382 371 268 123 358 599 145 538 465 108 189 126 357 311 278 283 63 463
internal_count=4364 2757 1607 1416 1515 912 1242 989 589 504 916 800 382 371 268 123 358 599 145 538 465 108 189 126 357 311 278 283 63 463
shrinkage=1


Tree=1
num_leaves=31
num_cat=0
split_feature=0 2 2 12 12 0 3 7 8 0 2 10 0 14 2 9 1 4 0 13 11 8 0 2 9 14 7 15 2 8
split_gain=90.9267 39.5951 30.7324 16.5572 15.5343 13.8392 13.334 11.3789 9.65201 11.5644 9.12813 9.08247 9.21437 10.7002 9.22069 8.79161 10.1908 8.63407 8.17377 8.11794 7.43666 7.37464 7.03527 8.33661 6.9413 6.43856 6.31791 5.69137 7.87744 5.63479
threshold=33.500000000000007 23.500000000000004 42.500000000000007 2.5000000000000004 1.5000000000000002 42.500000000000007 23.500000000000004 8.5000000000000018 7.5000000000000009 17.500000000000004 25.500000000000004 1.5000000000000002 23.500000000000004 2.5000000000000004 34.500000000000007 8.5000000000000018 4.5000000000000009 2.5000000000000004 26.500000000000004 15.500000000000002 1.5000000000000002 6.5000000000000009 38.500000000000007 32.500000000000007 4.5000000000000009 11.500000000000002 2.5000000000000004 16.500000000000004 23.500000000000004 35.500000000000007
decision_type=2 2 2 2 2 2 2 2 2 2 2 2 2 2 2 2 2 2 2 2 2 2 2 2 2 2 2 2 2 2
left_child=1 4 3 5 7 10 11 -1 20 25 21 19 -13 -14 26 27 -17 29 -19 24 -6 -2 23 -12 -3 -10 -15 28 -5 -11
right_child=2 6 -4 15 8 -7 -8 -9 9 17 22 12 13 14 -16 16 -18 18 -20 -21 -22 -23 -24 -25 -26 -27 -28 -29 -30 -31
leaf_value=-0.0038919035299324698 0.0019572995641097732 -0.041208109304308897 -0.018746854960723387 0.046152241271117639 0.025440835290484961 0.048658829664482789 -0.04396474306047659 0.043858602617222534 -0.026330189280590773 0.0044830736480181736 0.021487501748826035 -0.032704183853724422 0.032306264340877536 -0.05610418527022653 -0.040028181422742143 -0.0084611076447698805 0.028043073701551399 0.011612755986484322 0.05178502238682145 -0.059591434001922607 -0.022482971245457669 0.045021639843758253 0.027328681831638658 -0.02239440013003606 0.015652987400167868 0.0040611711274022638 -0.00092328843080772551 -0.037206546176563611 -0.019359952688217164 -0.037804702009473529
leaf_weight=81 49 25 191 29 36 323 257 130 177 316 81 459 48 23 124 108 262 148 77 20 322 211 155 93 152 115 212 55 50 35
leaf_count=81 49 25 191 29 36 323 257 130 177 316 81 459 48 23 124 108 262 148 77 20 322 211 155 93 152 115 212 55 50 35
internal_value=0 -0.0110203 0.0189066 0.0239856 0.000465511 0.0320242 -0.0235241 0.0255278 -0.00384783 0.00185048 0.0229019 -0.0185822 -0.0229909 -0.0120367 -0.0179655 0.00943957 0.0173878 0.0100688 0.0253606 0.000798085 -0.0176638 0.0369057 0.0118351 -0.00196662 0.00762176 -0.014361 -0.00632397 -0.012507 0.00468883 0.000266344
internal_weight=0 2757 1607 1416 1437 912 1320 211 1226 868 589 1063 866 407 359 504 370 576 225 197 358 260 329 174 177 292 235 134 79 351
internal_count=4364 2757 1607 1416 1437 912 1320 211 1226 868 589 1063 866 407 359 504 370 576 225 197 358 260 329 174 177 292 235 134 79 351
shrinkage=0.1


Tree=2
num_leaves=31
num_cat=0
split_feature=0 2 2 12 12 0 3 2 4 0 9 9 2 3 14 10 1 13 15 13 10 14 0 4 15 1 7 2 7 2
split_gain=73.6506 32.7386 24.8932 16.3771 13.4113 11.2097 10.2694 10.0133 8.86833 9.08096 8.24409 7.89247 7.81902 7.30791 7.135 8.41644 12.3512 6.91913 6.81094 6.63924 6.57059 7.51806 9.53998 6.83518 6.28655 5.88166 6.09482 5.86335 5.42093 5.37237
threshold=33.500000000000007 25.500000000000004 42.500000000000007 1.5000000000000002 2.5000000000000004 42.500000000000007 23.500000000000004 16.500000000000004 2.5000000000000004 27.500000000000004 5.5000000000000009 26.500000000000004 39.500000000000007 24.500000000000004 19.500000000000004 2.5000000000000004 12.500000000000002 1.0000000180025095e-35 5.5000000000000009 36.500000000000007 1.5000000000000002 8.5000000000000018 28.500000000000004 3.5000000000000004 7.5000000000000009 20.500000000000004 5.5000000000000009 23.500000000000004 10.500000000000002 35.500000000000007
decision_type=2 2 2 2 2 2 2 2 2 2 2 2 2 2 2 2 2 2 2 2 2 2 2 2 2 2 2 2 2 2
left_child=1 3 4 10 5 12 20 13 -9 -10 28 14 19 17 15 16 24 -5 -12 -2 29 22 23 -22 -6 26 -23 -17 -1 -3
right_child=2 6 -4 7 11 -7 -8 8 9 -11 18 -13 -14 -15 -16 27 -18 -19 -20 -21 21 25 -24 -25 -26 -27 -28 -29 -30 -31
leaf_value=-0.048769312826069916 0.020410483203226734 0.01324806553742814 -0.016872169672272591 0.062478510618209838 0.028766523352984727 0.043792944911279177 -0.041061633388649245 -0.017371789424396981 -0.0045164105744895785 0.040914900038602223 0.018462901480427577 0.029395903302426626 -0.016810058963065054 -0.036752038668183717 0.023372689359685752 0.0021884206268522476 0.059958275105502161 0.0081355979621170679 0.058435990044048862 0.057079179781404414 -0.028826527759946624 -0.07188101895153523 0.018532035848762417 0.0064431510037846031 -0.028423319678557546 -0.0075761903638709082 -0.032614705415575637 -0.039406413036388359 0.016136330366134644 -0.023496978812747534
leaf_weight=22 483 108 191 25 29 323 244 638 259 53 109 133 51 34 103 54 37 373 70 55 232 48 79 72 57 73 224 91 31 63
leaf_count=22 483 108 191 25 29 323 244 638 259 53 109 133 51 34 103 54 37 373 70 55 232 48 79 72 57 73 224 91 31 63
internal_value=0 -0.00991826 0.0170159 -0.000747964 0.021587 0.0288217 -0.0228674 -0.00487517 -0.0106152 0.00320109 0.0238374 0.00849561 0.0206117 0.00774762 0.00100306 -0.00759423 0.0116468 0.0115491 0.0340948 0.0241591 -0.0179292 -0.0220726 -0.0124277 -0.0204732 -0.00913837 -0.0327798 -0.0395441 -0.0239159 -0.0108056 -0.000289582
internal_weight=0 2757 1607 1614 1416 912 1143 1382 950 312 232 504 589 432 371 268 123 398 179 538 899 728 383 304 86 345 272 145 53 171
internal_count=4364 2757 1607 1614 1416 912 1143 1382 950 312 232 504 589 432 371 268 123 398 179 538 899 728 383 304 86 345 272 145 53 171
shrinkage=0.1


Tree=3
num_leaves=31
num_cat=0
split_feature=0 2 2 0 12 2 1 9 4 14 12 13 9 2 11 3 1 1 9 4 13 0 9 1 0 11 8 1 0 7
split_gain=59.657 26.5526 20.8383 17.5666 15.2644 12.6581 11.6876 11.6147 10.2375 9.80103 9.64654 7.14206 6.8394 6.48911 6.25836 6.62499 12.2417 8.79731 7.18322 6.87264 6.43905 6.1136 6.46587 5.94959 8.05915 5.95593 6.46522 5.79573 5.51924 5.33236
threshold=33.500000000000007 35.500000000000007 32.500000000000007 38.500000000000007 1.5000000000000002 16.500000000000004 15.500000000000002 8.5000000000000018 1.0000000180025095e-35 52.500000000000007 2.5000000000000004 1.5000000000000002 38.500000000000007 42.500000000000007 3.5000000000000004 23.500000000000004 15.500000000000002 10.500000000000002 40.500000000000007 2.5000000000000004 22.500000000000004 46.500000000000007 5.5000000000000009 1.5000000000000002 17.500000000000004 2.5000000000000004 20.500000000000004 7.5000000000000009 30.500000000000004 18.500000000000004
decision_type=2 2 2 2 2 2 2 2 2 2 2 2 2 2 2 2 2 2 2 2 2 2 2 2 2 2 2 2 2 2
left_child=1 4 10 -4 7 23 13 -1 -7 14 21 -9 29 -5 15 16 17 19 -17 27 -21 22 -2 25 -25 26 -6 -10 -16 -13
right_child=2 -3 3 6 5 8 -8 11 9 -11 -12 12 -14 -15 28 18 -18 -19 -20 20 -22 -23 -24 24 -26 -27 -28 -29 -30 -31
leaf_value=-0.0090578089534448323 -0.0028533586114645008 -0.0324740043403033 -0.022497587343810296 0.0092054564919736657 0.019489042592954031 -0.052180594229890458 0.030906175949412924 0.080204448724786437 -0.016457993804283862 0.0513731484413147 0.01110417314378892 0.01853914102283093 -0.01908462977770603 -0.027734912029454408 -0.033269937718525912 -0.038140087699890135 0.020387043461606309 -0.037119158723137598 0.025067828666596188 0.0014692815431093767 0.055836361149946848 0.058933565265511814 0.031884300719552533 -0.0082374419855034877 0.028077919036149979 -0.034684482110398158 -0.040755015093347308 0.01518064755659837 0.012803748498360315 0.057981233477592466
leaf_weight=130 60 408 211 144 79 62 193 24 530 25 354 109 33 71 195 125 148 110 21 236 24 73 501 92 182 56 23 65 30 50
leaf_count=130 60 408 211 144 79 62 193 24 530 25 354 109 33 71 195 125 148 110 21 236 24 73 501 92 182 56 23 65 30 50
internal_value=0 -0.00892643 0.0153144 0.0009278 -0.00483643 -0.00818682 0.0130424 0.014559 -0.0123555 -0.0107192 0.0243278 0.0287729 0.0223439 -0.00299346 -0.0117652 -0.00901992 -0.00639263 -0.0104998 -0.0290485 -0.00707505 0.00648778 0.0317113 0.028169 0.00697286 0.0158844 -0.0084814 0.0059046 -0.0130017 -0.0271268 0.0309423
internal_weight=0 2757 1607 619 2349 2003 408 346 1571 1509 988 216 192 215 1484 1259 1113 965 146 855 260 634 561 432 274 158 102 595 225 159
internal_count=4364 2757 1607 619 2349 2003 408 346 1571 1509 988 216 192 215 1484 1259 1113 965 146 855 260 634 561 432 274 158 102 595 225 159
shrinkage=0.1


Tree=4
num_leaves=31
num_cat=0
split_feature=0 2 2 9 5 1 2 15 7 0 8 9 2 0 10 1 14 15 1 3 9 3 8 11 3 14 10 13 0 6
split_gain=48.3222 23.2619 17.1709 10.7328 10.4685 9.41733 9.2262 9.16363 7.71883 7.38755 7.07843 7.03778 6.81194 14.0172 6.48462 6.47679 6.00719 5.57602 5.84866 5.25836 6.86782 5.22412 5.63873 5.21162 4.87496 5.59307 5.00024 4.98246 4.84403 4.7642
threshold=33.500000000000007 23.500000000000004 42.500000000000007 5.5000000000000009 2.5000000000000004 3.5000000000000004 41.500000000000007 7.5000000000000009 5.5000000000000009 19.500000000000004 9.5000000000000018 4.5000000000000009 28.500000000000004 38.500000000000007 1.0000000180025095e-35 14.500000000000002 2.5000000000000004 9.5000000000000018 4.5000000000000009 17.500000000000004 26.500000000000004 3.5000000000000004 7.5000000000000009 1.5000000000000002 9.5000000000000018 4.5000000000000009 1.5000000000000002 10.500000000000002 25.500000000000004 4.5000000000000009
decision_type=2 2 2 2 2 2 2 2 2 2 2 2 2 2 2 2 2 2 2 2 2 2 2 2 2 2 2 2 2 2
left_child=1 4 3 7 19 10 9 -2 11 14 -5 -6 -7 -14 -3 16 -10 29 -19 20 23 22 -18 -1 26 -26 -20 -28 -23 -11
right_child=2 6 -4 5 8 12 -8 -9 15 17 -12 -13 13 -15 -16 -17 21 18 24 -21 -22 28 -24 -25 25 -27 27 -29 -30 -31
leaf_value=0.032632173101107283 0.01733541397086109 0.026357987252148714 -0.014362191089004748 -0.018964792561271919 -0.054226861534447501 0.032481428400280267 -0.04105518372266885 -0.02951498627662659 0.045970340875478896 -0.020642126362133577 0.016742295229009219 -0.00097279735775881039 -0.0081912698625009276 0.028385813155741554 -0.029618425376948112 0.033176542626803411 -0.017418683033723098 -0.021318995531159221 0.068667703866958626 -0.030165841019883451 0.040716812110716302 -0.0092011394708052929 0.035655514262188444 -0.010351785259731745 0.024558684706687928 -0.015201220408944059 -0.007563641428947449 0.04012329715948839 0.018500765258895942 0.015237874519534228
leaf_weight=30 83 22 191 92 29 548 149 84 39 380 140 172 158 311 349 136 26 99 20 98 31 230 87 472 50 121 50 39 87 41
leaf_count=30 83 22 191 92 29 548 149 84 39 380 140 172 158 311 349 136 26 99 20 98 31 230 87 472 50 121 50 39 87 41
internal_value=0 -0.00803379 0.0137829 0.0175793 0.000769863 0.0207628 -0.0176178 -0.00623006 0.00832184 -0.0146355 0.00258259 -0.00865622 0.0249101 0.0160635 -0.0262991 0.0139625 0.00839081 -0.00922659 -0.000427476 -0.00887656 -0.00496221 0.00498244 0.0234438 -0.00778302 0.00695917 -0.00357552 0.0234861 0.0133329 -0.00159841 -0.0171479
internal_weight=0 2757 1607 1416 1437 1249 1320 167 806 1171 232 201 1017 469 371 605 469 800 379 631 533 430 113 502 280 171 109 89 317 421
internal_count=4364 2757 1607 1416 1437 1249 1320 167 806 1171 232 201 1017 469 371 605 469 800 379 631 533 430 113 502 280 171 109 89 317 421
shrinkage=0.1


Tree=5
num_leaves=31
num_cat=0
split_feature=0 2 2 0 0 1 8 12 3 7 9 13 5 12 14 3 1 9 0 10 2 13 4 8 1 13 4 4 10 8
split_gain=39.1409 19.2796 14.2745 12.5925 10.8761 8.92281 7.5256 7.15515 7.09357 5.58898 8.64686 10.6149 6.29119 6.37418 5.29723 11.9599 5.87482 6.58137 5.59145 6.3067 5.52993 5.28028 5.27665 5.42504 5.13134 6.77486 5.05028 4.87976 4.78981 4.82374
threshold=33.500000000000007 25.500000000000004 32.500000000000007 38.500000000000007 22.500000000000004 15.500000000000002 4.5000000000000009 2.5000000000000004 23.500000000000004 11.500000000000002 4.5000000000000009 2.5000000000000004 1.5000000000000002 1.5000000000000002 1.5000000000000002 9.5000000000000018 17.500000000000004 44.500000000000007 27.500000000000004 1.0000000180025095e-35 34.500000000000007 18.500000000000004 1.5000000000000002 8.5000000000000018 17.500000000000004 16.500000000000004 1.0000000180025095e-35 1.0000000180025095e-35 1.5000000000000002 48.500000000000007
decision_type=2 2 2 2 2 2 2 2 2 2 2 2 2 2 2 2 2 2 2 2 2 2 2 2 2 2 2 2 2 2
left_child=1 4 7 28 9 -5 -6 -2 14 10 -1 -12 -11 -14 15 -3 17 18 19 -16 -18 -7 -21 -24 25 -15 -9 -8 -4 -30
right_child=2 8 3 5 6 21 27 26 -10 12 11 -13 13 24 16 -17 20 -19 -20 22 -22 -23 23 -25 -26 -27 -28 -29 29 -31
leaf_value=-0.038172741013544578 0.026223623789318071 -0.016756688164813179 0.018408598776521356 -0.0032567711486372838 -0.017572245279023815 0.014848498839598438 -0.019414285123348238 -0.024078389008839927 -0.032288981082498051 -0.040277492006619772 0.029451280054838765 -0.012634084439068511 0.049227729168805211 0.0062789739042088608 0.01520680534212213 0.061488693555196129 0.01678141144414743 -0.066613113469090962 -0.0021472094907905117 -0.051336730003356937 -0.018464730751801686 0.05012333894532825 0.0034460468078727153 -0.028465737918248548 0.04597904777526856 -0.035777517709326238 0.012858264203159473 0.01684949608051289 -0.032292094338056326 0.012829880629267014
leaf_weight=108 634 56 29 215 86 130 40 42 244 30 69 456 33 207 38 30 96 29 165 75 83 63 67 260 25 47 312 513 154 28
leaf_count=108 634 56 29 215 86 130 40 42 244 30 69 456 33 207 38 30 96 29 165 75 83 63 67 260 25 47 312 513 154 28
internal_value=0 -0.00723041 0.0124046 0.000497533 -0.000193174 0.0107546 0.0099468 0.0198646 -0.0171675 -0.00683876 -0.0124039 -0.00710287 0.00346161 0.00766729 -0.0130633 0.0105382 -0.0155599 -0.0200768 -0.0178461 -0.0237332 0.000438228 0.0263631 -0.0274141 -0.0219272 0.00275154 -0.00150313 0.00847595 0.0142264 -0.019336 -0.0253503
internal_weight=0 2757 1607 619 1614 408 639 988 1143 975 633 525 342 312 899 86 813 634 605 440 179 193 402 327 279 254 354 553 211 182
internal_count=4364 2757 1607 619 1614 408 639 988 1143 975 633 525 342 312 899 86 813 634 605 440 179 193 402 327 279 254 354 553 211 182
shrinkage=0.1


Tree=6
num_leaves=31
num_cat=0
split_feature=0 2 2 12 9 4 14 9 2 1 3 15 2 8 13 11 0 7 9 9 14 9 14 3 14 14 13 10 8 8
split_gain=31.7042 15.9369 12.7139 10.8476 8.67871 8.45988 9.14799 8.36383 8.24649 7.29508 7.15665 7.06961 5.98552 5.67508 5.5227 5.33995 5.32482 5.26526 5.25709 5.02093 4.95541 5.50331 4.79255 7.31072 7.07901 4.71514 6.97476 4.70989 4.6753 4.67195
threshold=33.500000000000007 35.500000000000007 42.500000000000007 1.5000000000000002 8.5000000000000018 1.0000000180025095e-35 51.500000000000007 5.5000000000000009 16.500000000000004 3.5000000000000004 24.500000000000004 7.5000000000000009 9.5000000000000018 7.5000000000000009 1.5000000000000002 3.5000000000000004 42.500000000000007 24.500000000000004 6.5000000000000009 38.500000000000007 19.500000000000004 14.500000000000002 4.5000000000000009 1.0000000180025095e-35 11.500000000000002 2.5000000000000004 12.500000000000002 2.5000000000000004 23.500000000000004 20.500000000000004
decision_type=2 2 2 2 2 2 2 2 2 2 2 2 2 2 2 2 2 2 2 2 2 2 2 2 2 2 2 2 2 2
left_child=1 3 7 4 -1 -5 8 11 10 13 12 -2 17 20 -6 -10 -11 -7 27 22 21 -9 -16 -24 -25 26 -3 -14 -27 -20
right_child=2 25 -4 5 14 6 -8 9 15 16 -12 -13 18 -15 19 -17 -18 -19 29 -21 -22 -23 23 24 -26 28 -28 -29 -30 -31
leaf_value=-0.0074031698159300365 0.014111362074513035 0.021066623553633691 -0.013054330904446349 -0.034816488562798016 0.070524887864788374 -0.041020508392437087 0.042035620241630371 -0.037788750727971394 -0.0065748236865966966 0.015419468246803403 -0.041337090304919652 -0.027039355394386112 -0.020833457048450198 0.011943659176932107 0.060301084202878621 -0.02336593126635915 0.030459890784444041 0.01838613283634186 0.035325500852352865 -0.015851315630204751 -0.064134754687547688 0.026058919562233818 -0.03586101929346721 -0.006283276467709928 0.048212734176151795 -0.041830804997898013 -0.039785655467740953 0.025929074117115564 -0.017988147454027752 0.0011916966871781784
leaf_weight=130 83 48 191 98 24 37 41 27 1257 647 28 84 56 158 34 223 370 25 148 33 20 27 21 37 67 166 31 35 163 55
leaf_count=130 83 48 191 98 24 37 41 27 1257 647 28 84 56 158 34 223 370 25 148 33 20 27 21 37 67 166 31 35 163 55
internal_value=0 -0.00650737 0.0111642 -0.00333873 0.0130116 -0.0061631 -0.00468907 0.0144309 -0.00571681 0.0172412 0.00734119 -0.0065872 0.0111698 0.00124008 0.0252983 -0.00910484 0.0208914 -0.0170662 0.0171244 0.019645 -0.0216135 -0.00586492 0.0270121 0.0179575 0.0288247 -0.0247503 -0.00281212 -0.00284787 -0.0300182 0.0260774
internal_weight=0 2757 1607 2349 346 2003 1905 1416 1864 1249 384 167 356 232 216 1480 1017 62 294 192 74 54 159 125 104 408 79 91 329 203
internal_count=4364 2757 1607 2349 346 2003 1905 1416 1864 1249 384 167 356 232 216 1480 1017 62 294 192 74 54 159 125 104 408 79 91 329 203
shrinkage=0.1


Tree=7
num_leaves=31
num_cat=0
split_feature=0 2 0 1 8 10 9 2 4 0 7 9 15 1 8 12 2 4 13 2 14 0 8 2 14 8 7 10 0 9
split_gain=26.2021 20.6595 15.0707 10.6484 8.5535 7.88966 6.71516 6.46696 7.7219 6.06081 6.02176 5.69685 6.73718 7.19432 5.72259 4.90499 4.88956 4.87416 7.04798 5.52894 5.80262 4.8596 4.81047 4.77586 4.77492 4.73824 4.97007 4.71572 4.43213 5.34537
threshold=38.500000000000007 25.500000000000004 22.500000000000004 2.5000000000000004 6.5000000000000009 1.5000000000000002 7.5000000000000009 32.500000000000007 4.5000000000000009 24.500000000000004 1.5000000000000002 8.5000000000000018 13.500000000000002 7.5000000000000009 31.500000000000004 1.5000000000000002 17.500000000000004 1.5000000000000002 11.500000000000002 15.500000000000002 1.0000000180025095e-35 45.500000000000007 4.5000000000000009 41.500000000000007 11.500000000000002 6.5000000000000009 10.500000000000002 3.5000000000000004 26.500000000000004 3.5000000000000004
decision_type=2 2 2 2 2 2 2 2 2 2 2 2 2 2 2 2 2 2 2 2 2 2 2 2 2 2 2 2 2 2
left_child=1 2 17 15 -4 -3 21 8 11 -10 16 24 13 25 -14 -2 -6 18 -1 -19 -21 -5 -17 -8 -7 -13 -27 -25 -12 -30
right_child=3 5 4 6 10 7 23 -9 9 -11 28 12 14 -15 -16 22 -18 19 -20 20 -22 -23 -24 27 -26 26 -28 -29 29 -31
leaf_value=-0.0061907455325126651 0.02394017233993068 0.0035666495313247046 -0.0070119826690010411 -0.010385560141555195 0.010745791026524135 -0.015227480924555234 0.0259840714771611 -0.022876105349212444 -0.0066902969564710344 0.058536324418824295 0.0072804831679741944 0.017954271670543788 -0.042213178121707808 0.020159786251875072 0.0092843439309827757 -0.063064821845009209 -0.053087091729754503 0.013182005834305425 -0.049169384726023273 -0.053204516493357147 -0.0049633230817945385 0.034767491420110069 -0.010371321138709484 0.016413424706753391 -0.050577094739881062 -0.055498814412525722 -0.005946329236030579 -0.028928079456090928 -0.0092793189897769825 0.028569776638444649
leaf_weight=108 33 240 184 116 28 112 600 674 28 29 199 33 71 130 31 21 21 174 59 26 608 30 99 81 58 35 48 32 41 415
leaf_count=108 33 240 184 116 28 112 600 674 28 29 199 33 71 130 31 21 21 174 59 26 608 30 99 81 58 35 48 32 41 415
internal_value=0 -0.00425759 0.00276099 0.0141022 0.0121854 -0.0130391 0.0184314 -0.0162299 -0.00843942 0.0264952 0.0172029 -0.0122836 -0.00495385 0.00400561 -0.026562 -0.0102032 -0.0166112 -0.00582251 -0.0213748 -0.00260811 -0.00694167 -0.00110754 -0.0195927 0.0224323 -0.0272879 -0.0140982 -0.026842 0.00357335 0.0197326 0.0251667
internal_weight=0 3352 1863 1012 888 1489 859 1249 575 57 704 518 348 246 102 153 49 975 167 808 634 146 120 713 170 116 83 113 655 456
internal_count=4364 3352 1863 1012 888 1489 859 1249 575 57 704 518 348 246 102 153 49 975 167 808 634 146 120 713 170 116 83 113 655 456
shrinkage=0.1


Tree=8
num_leaves=31
num_cat=0
split_feature=0 2 2 12 7 9 3 9 2 9 12 0 1 3 14 3 2 8 1 15 8 14 13 10 0 8 3 8 7 1
split_gain=21.6703 12.1995 11.4829 8.56044 7.29923 7.29596 7.06678 6.56591 6.5251 6.29444 7.74654 6.1752 6.1428 5.8316 5.76238 5.67895 5.61859 8.44123 5.88418 5.14074 4.91907 5.59258 4.62144 4.61384 4.44675 6.09388 4.43371 5.27839 4.36975 4.31403
threshold=28.500000000000004 38.500000000000007 16.500000000000004 2.5000000000000004 1.5000000000000002 15.500000000000002 24.500000000000004 53.500000000000007 34.500000000000007 9.5000000000000018 1.5000000000000002 46.500000000000007 4.5000000000000009 24.500000000000004 3.5000000000000004 1.5000000000000002 26.500000000000004 6.5000000000000009 27.500000000000004 3.5000000000000004 16.500000000000004 25.500000000000004 25.500000000000004 2.5000000000000004 46.500000000000007 31.500000000000004 20.500000000000004 23.500000000000004 13.500000000000002 5.5000000000000009
decision_type=2 2 2 2 2 2 2 2 2 2 2 2 2 2 2 2 2 2 2 2 2 2 2 2 2 2 2 2 2 2
left_child=2 3 6 11 -4 13 12 -5 9 -6 -11 14 -1 -3 -2 -12 17 29 19 -18 21 -21 -20 -7 25 -25 27 -22 -14 -16
right_child=1 5 4 7 8 23 -8 -9 -10 10 15 -13 28 -15 16 -17 18 -19 22 20 26 -23 -24 24 -26 -27 -28 -29 -30 -31
leaf_value=-0.0017658716310625492 0.033756045858183557 -0.016374628058099371 -0.047750780862920422 -0.0014188487622244605 -0.01293139832289838 0.020238314800792273 -0.039672955356795214 0.039080058973889026 -0.02214201674094567 0.027102289681738997 0.021921739101409914 0.040246794683237871 0.011723521709442139 -0.066791824357850221 -0.037221980137484414 -0.0075201515698064721 0.015600719876014269 0.023949607258819672 0.056907817348837854 -0.0071657607315951943 -0.059512037322634749 0.050055648684501658 -0.0018588392630867338 -0.028159445464611056 0.03109008860588074 0.016857994850291765 -0.067659904198213064 -0.00072353663189070566 0.041653419062495235 0.0075322673789092482
leaf_weight=184 126 127 51 580 724 90 29 43 325 94 75 96 125 28 35 518 104 415 32 117 21 20 23 100 25 43 22 56 80 56
leaf_count=184 126 127 51 580 724 90 29 43 325 94 75 96 125 28 35 518 104 415 32 117 21 20 23 100 25 43 22 56 80 56
internal_value=0 0.00712144 -0.00697288 0.0107774 -0.0104631 -0.00833438 0.00794803 0.00137642 -0.00936762 -0.00642525 0.000431306 0.0159927 0.0114982 -0.0254823 0.0137255 -0.00379647 0.0109243 0.0179014 0.00198659 -0.00292234 -0.011085 0.00118773 0.0323327 0.00196763 -0.00782023 -0.0146227 -0.0280686 -0.0167568 0.0234035 -0.0096809
internal_weight=0 2159 2205 1746 1787 413 418 623 1736 1411 687 1123 389 155 1027 593 901 506 395 340 236 137 55 258 168 143 99 77 205 91
internal_count=4364 2159 2205 1746 1787 413 418 623 1736 1411 687 1123 389 155 1027 593 901 506 395 340 236 137 55 258 168 143 99 77 205 91
shrinkage=0.1


Tree=9
num_leaves=31
num_cat=0
split_feature=0 2 5 1 10 7 6 9 11 13 2 2 9 8 5 1 0 8 1 12 0 9 13 2 4 3 13 3 2 15
split_gain=18.3993 11.9671 10.1225 7.86271 7.13661 6.9833 8.39036 5.28459 6.08589 5.20214 5.02114 6.75478 4.97856 4.96465 9.30922 6.55012 4.94032 4.88852 4.88463 4.6969 4.44608 4.67049 4.33522 5.28789 4.27291 5.21215 5.84345 5.88133 4.27557 5.96505
threshold=39.500000000000007 25.500000000000004 2.5000000000000004 2.5000000000000004 1.5000000000000002 9.5000000000000018 1.5000000000000002 2.5000000000000004 2.5000000000000004 1.0000000180025095e-35 11.500000000000002 15.500000000000002 7.5000000000000009 16.500000000000004 3.5000000000000004 8.5000000000000018 24.500000000000004 65.500000000000014 3.5000000000000004 1.5000000000000002 37.500000000000007 18.500000000000004 3.5000000000000004 11.500000000000002 2.5000000000000004 9.5000000000000018 16.500000000000004 14.500000000000002 36.500000000000007 8.5000000000000018
decision_type=2 2 2 2 2 2 2 2 2 2 2 2 2 2 2 2 2 2 2 2 2 2 2 2 2 2 2 2 2 2
left_child=1 2 9 -2 -3 6 -4 -6 20 -1 -11 -12 -5 14 -8 -15 -10 18 22 -17 -9 -22 -7 -24 -18 28 27 -27 29 -26
right_child=3 4 5 12 7 17 13 8 16 10 11 -13 -14 15 -16 19 24 -19 -20 -21 21 -23 23 -25 25 26 -28 -29 -30 -31
leaf_value=0.029890105692115993 -0.0096725235834266218 0.0057352373661215322 -0.042509092255072163 -0.0011962429387494923 -0.038690353728629445 0.036605648087287272 7.8534577669722323e-05 -0.0055321400524467558 -0.027852404865432768 -0.036520961078546819 0.019920641046830979 -0.0098890435259999642 0.020442298545863977 -0.025404840540663106 0.042081140915552775 0.044286745170067102 -0.021612582136602963 -0.021315451562404636 0.024046507529007694 -0.0043461775022839745 -0.0041184439545586 0.063404030799865715 -0.042699970190341663 0.0059454141547844851 -0.00066135227680206308 -0.073518531379245577 0.011876370035685027 -0.014807955396699383 -0.010997912960667764 0.067278434123311734
leaf_weight=37 132 249 44 128 74 37 178 465 267 59 87 602 628 107 75 29 204 35 378 63 21 20 26 159 24 21 65 91 31 28
leaf_count=37 132 249 44 128 74 37 178 465 267 59 87 602 628 107 75 29 204 35 378 63 21 20 26 159 24 21 65 91 31 28
internal_value=0 -0.0032819 0.00201253 0.0128467 -0.00978454 0.00806801 -0.000822877 -0.0127322 -0.0111794 -0.00671199 -0.00852252 -0.00612498 0.0167786 0.00323507 0.0125299 -0.00858197 -0.0170151 0.0150127 0.0171319 0.0109838 -0.00274872 0.0288193 0.00535825 -0.000891234 -0.0107789 -0.00227869 -0.0119743 -0.0258162 0.0183975 0.0359216
internal_weight=0 3476 1916 888 1560 1131 496 1311 1237 785 748 689 756 452 253 199 731 635 600 92 506 41 222 185 464 260 177 112 83 52
internal_count=4364 3476 1916 888 1560 1131 496 1311 1237 785 748 689 756 452 253 199 731 635 600 92 506 41 222 185 464 260 177 112 83 52
shrinkage=0.1


Tree=10
num_leaves=31
num_cat=0
split_feature=0 2 0 9 7 3 3 1 2 5 7 7 5 4 14 2 8 2 4 1 15 9 7 2 6 9 12 7 0 1
split_gain=16.2612 11.504 9.70161 7.09698 7.03957 6.15755 5.7686 5.71765 9.90231 6.00646 5.27834 7.22078 6.83488 5.25853 5.27658 5.67841 5.25395 5.15018 4.69907 4.44551 4.34842 4.2434 4.15011 6.28838 4.74832 4.17999 3.90905 4.37688 3.71761 3.71367
threshold=19.500000000000004 41.500000000000007 39.500000000000007 1.5000000000000002 52.500000000000007 3.5000000000000004 23.500000000000004 6.5000000000000009 25.500000000000004 1.5000000000000002 9.5000000000000018 14.500000000000002 3.5000000000000004 4.5000000000000009 6.5000000000000009 11.500000000000002 49.500000000000007 18.500000000000004 1.0000000180025095e-35 11.500000000000002 15.500000000000002 13.500000000000002 10.500000000000002 37.500000000000007 2.5000000000000004 15.500000000000002 1.5000000000000002 44.500000000000007 10.500000000000002 28.500000000000004
decision_type=2 2 2 2 2 2 2 2 2 2 2 2 2 2 2 2 2 2 2 2 2 2 2 2 2 2 2 2 2 2
left_child=6 2 3 -2 16 -5 22 9 10 -7 12 -12 20 14 -11 -16 29 -14 19 -4 -9 -20 24 26 25 -1 -24 28 -28 -3
right_child=1 4 18 5 -6 7 -8 8 -10 13 11 -13 17 -15 15 -17 -18 -19 21 -21 -22 -23 23 -25 -26 -27 27 -29 -30 -31
leaf_value=-0.03006797500566584 -0.035680788025564077 -0.018106176853179931 -0.029169395219448002 0.013049264269810852 -0.058117450186700538 -0.053469551526583163 -0.032556861950003589 0.0021447908336466011 -0.0038580799944323606 0.0051884147694440394 0.053097084898879571 0.015353989601135255 0.066095709800720215 0.027811579374556847 -0.058284350541921763 -0.010222833172445024 0.025294488511587443 0.0048032698960139841 0.0079469933406540634 0.02789716124534607 -0.038323939868382048 0.024000288839704301 0.032142233412440234 -0.03697560267014937 -0.004008139887047772 0.0093060685742285942 -0.026612488597126335 0.038616277621342593 0.0015253477770349256 0.023112056901057564
leaf_weight=207 49 245 43 465 33 26 115 110 556 246 69 191 26 47 26 451 38 29 277 20 35 406 41 44 199 31 59 26 230 24
leaf_count=207 49 245 43 465 33 26 115 110 556 246 69 191 26 47 26 451 38 29 277 20 35 406 41 44 199 31 59 26 230 24
internal_value=0 0.00322439 0.00515613 0.00197357 -0.0142294 0.00278388 -0.0115563 0.000149551 0.00512164 -0.00619674 0.0159754 0.0253704 0.00376186 -0.00460052 -0.00670753 -0.0128425 -0.00951184 0.0337779 0.0150792 -0.011053 -0.00762352 0.0174897 -0.00867095 -0.00131095 -0.0154078 -0.0249394 0.00309704 -0.00068344 -0.00421905 -0.0144287
internal_weight=0 3412 3072 2326 340 2277 952 1812 1016 796 460 260 200 770 723 477 307 55 746 63 145 683 837 400 437 238 356 315 289 269
internal_count=4364 3412 3072 2326 340 2277 952 1812 1016 796 460 260 200 770 723 477 307 55 746 63 145 683 837 400 437 238 356 315 289 269
shrinkage=0.1


Tree=11
num_leaves=31
num_cat=0
split_feature=0 2 2 14 14 13 10 8 9 7 7 1 14 11 3 9 10 3 4 7 8 12 3 1 6 13 9 10 6 6
split_gain=13.3723 8.66901 8.32844 6.56743 8.46954 6.39928 6.65147 6.29566 7.38271 6.31663 5.76611 5.35483 5.69551 5.55394 5.23866 4.76745 6.41971 4.728 7.9776 6.58716 6.4656 5.62453 4.48162 4.46342 4.39076 4.04706 4.85731 4.04165 5.88979 4.00372
threshold=27.500000000000004 32.500000000000007 16.500000000000004 2.5000000000000004 30.500000000000004 33.500000000000007 1.5000000000000002 7.5000000000000009 25.500000000000004 1.5000000000000002 1.5000000000000002 2.5000000000000004 3.5000000000000004 2.5000000000000004 24.500000000000004 14.500000000000002 4.5000000000000009 19.500000000000004 3.5000000000000004 54.500000000000007 21.500000000000004 3.5000000000000004 24.500000000000004 7.5000000000000009 1.5000000000000002 16.500000000000004 17.500000000000004 1.0000000180025095e-35 2.5000000000000004 2.5000000000000004
decision_type=2 2 2 2 2 2 2 2 2 2 2 2 2 2 2 2 2 2 2 2 2 2 2 2 2 2 2 2 2 2
left_child=2 7 14 -3 5 6 29 8 11 -9 -4 13 -13 -2 23 22 -17 20 21 -20 -11 25 -8 -1 -22 26 -19 28 -12 -5
right_child=1 3 10 4 -6 -7 15 9 -10 17 27 12 -14 -15 -16 16 -18 18 19 -21 24 -23 -24 -25 -26 -27 -28 -29 -30 -31
leaf_value=0.0024504736562569939 -0.0049661156378294291 0.020503915903659967 -0.042987472998599216 0.037870518480028426 0.017808971429864564 0.02146986049634439 -0.023877291635999196 -0.015086825800613619 0.025334930624582887 0.027597369069075828 -0.017886489629745483 0.036770059606608223 -0.0078569110565715368 -0.059396160776550716 -0.033651791358816213 -0.0052230401965212237 -0.055800015798636853 -0.044405669324538294 0.043709077445360331 -0.017593943576018015 -0.030261873740416306 -0.053913076400756835 -0.063426129221916192 0.025573639734648171 0.012489744398412826 0.020836051398267351 0.0061732392671496371 -0.0088934860697543906 0.039578815230301455 -0.0093100464021837383
leaf_weight=240 38 104 48 35 120 54 158 71 81 437 31 34 180 37 29 242 28 34 65 24 26 25 35 128 316 48 43 1574 42 37
leaf_count=240 38 104 48 35 120 54 158 71 81 437 31 34 180 37 29 242 28 34 65 24 26 25 35 128 316 48 43 1574 42 37
internal_value=0 0.00531174 -0.00576878 -0.00296316 -0.00640544 -0.0113388 -0.0146503 0.00992277 -0.00134676 0.0137517 -0.00882237 -0.00882503 -0.000766645 -0.0318183 0.00726861 -0.0190473 -0.0104681 0.0157631 0.0034594 0.0271779 0.0195379 -0.0106136 -0.0310494 0.0104933 0.00923962 -0.0019537 -0.0161603 -0.00782667 0.0151757 0.013625
internal_weight=0 2272 2092 813 709 589 535 1459 370 1089 1695 289 214 75 397 463 270 1018 239 89 779 150 193 368 342 125 77 1647 73 72
internal_count=4364 2272 2092 813 709 589 535 1459 370 1089 1695 289 214 75 397 463 270 1018 239 89 779 150 193 368 342 125 77 1647 73 72
shrinkage=0.1


Tree=12
num_leaves=31
num_cat=0
split_feature=0 2 0 9 2 7 6 7 6 13 3 9 6 0 10 0 8 14 1 9 8 2 13 11 1 8 9 14 15 7
split_gain=11.7986 8.61434 7.21947 8.08252 6.26345 5.98356 5.73863 5.73595 5.63552 5.19583 6.38853 5.15691 4.94463 6.48329 6.02387 5.71959 5.41905 6.36455 4.8662 4.82772 9.29624 4.52966 4.49383 4.69062 4.47456 4.18404 4.14252 3.77428 5.01191 7.88545
threshold=19.500000000000004 41.500000000000007 42.500000000000007 2.5000000000000004 17.500000000000004 1.0000000180025095e-35 1.5000000000000002 52.500000000000007 4.5000000000000009 36.500000000000007 23.500000000000004 44.500000000000007 3.5000000000000004 27.500000000000004 2.5000000000000004 26.500000000000004 6.5000000000000009 2.5000000000000004 1.5000000000000002 29.500000000000004 12.500000000000002 36.500000000000007 8.5000000000000018 2.5000000000000004 5.5000000000000009 49.500000000000007 25.500000000000004 11.500000000000002 10.500000000000002 10.500000000000002
decision_type=2 2 2 2 2 2 2 2 2 2 2 2 2 2 2 2 2 2 2 2 2 2 2 2 2 2 2 2 2 2
left_child=11 2 3 6 18 -6 -2 25 9 10 12 -1 13 26 22 -16 17 -15 -5 -12 -21 -10 23 -14 -19 -3 27 28 -7 -30
right_child=1 7 -4 4 5 8 -8 -9 21 -11 19 -13 14 16 15 -17 -18 24 -20 20 -22 -23 -24 -25 -26 -27 -28 -29 29 -31
leaf_value=-0.0082823416207938507 -0.039377875800256611 -0.012486281907912969 0.015810208854655044 -0.0020863791172568862 -0.041870871931314474 -0.006894041801968666 0.0031425477178008473 -0.051973389495502821 0.027863909691337525 0.019215116051561905 -0.024651463793383704 -0.044536852473165939 0.051742949017456602 0.044114531874656679 0.0091346251613953541 -0.038466455954678208 0.01606427670521721 -0.045965493884351519 0.019287795972471176 0.054601154088974008 -0.025727459087091332 -0.018703562498092654 -0.023639895187483898 3.9707726620613265e-05 -0.0022530307520681352 0.02296232902689984 0.037658421241718795 -0.019498734817736681 0.046053255539314421 -0.013255516588687897
leaf_weight=911 77 269 471 148 32 292 54 33 127 132 180 41 28 20 34 98 471 36 380 25 34 25 36 47 67 38 23 144 51 40
leaf_count=911 77 269 471 148 32 292 54 33 127 132 180 41 28 20 34 98 471 36 380 25 34 25 36 47 67 38 23 144 51 40
internal_value=0 0.00274655 0.00441816 0.00235524 0.00363902 0.00101328 -0.0218504 -0.012357 0.00173176 0.00013455 -0.00141443 -0.00984372 0.00118754 0.00393935 -0.0117675 -0.0262056 0.0111833 -0.00750748 0.0132965 -0.0165145 0.00831009 0.0202048 0.0054021 0.0193423 -0.0175312 -0.00809851 -0.00388407 -0.00569712 -0.000508002 0.0199835
internal_weight=0 3412 3072 2601 2470 1942 131 340 1910 1758 1626 952 1387 1144 243 132 594 123 528 239 59 152 111 75 103 307 550 527 383 91
internal_count=4364 3412 3072 2601 2470 1942 131 340 1910 1758 1626 952 1387 1144 243 132 594 123 528 239 59 152 111 75 103 307 550 527 383 91
shrinkage=0.1


Tree=13
num_leaves=31
num_cat=0
split_feature=0 12 0 11 1 10 13 3 2 0 6 9 5 1 15 14 7 9 8 0 2 8 8 11 7 8 8 0 10 9
split_gain=9.55689 7.50469 6.52285 6.82953 4.92696 6.17507 4.85921 4.64492 4.44355 4.92451 5.08027 6.70698 4.37459 6.49533 5.23039 4.4664 4.21682 3.95162 3.92302 5.74491 3.86568 4.57947 3.824 6.25207 3.82237 3.72581 6.43273 6.1209 5.72575 4.04142
threshold=19.500000000000004 2.5000000000000004 45.500000000000007 1.5000000000000002 15.500000000000002 1.5000000000000002 16.500000000000004 24.500000000000004 15.500000000000002 7.5000000000000009 2.5000000000000004 17.500000000000004 2.5000000000000004 5.5000000000000009 2.5000000000000004 3.5000000000000004 3.5000000000000004 60.500000000000007 8.5000000000000018 17.500000000000004 41.500000000000007 67.500000000000014 20.500000000000004 2.5000000000000004 52.500000000000007 16.500000000000004 7.5000000000000009 38.500000000000007 4.5000000000000009 32.500000000000007
decision_type=2 2 2 2 2 2 2 2 2 2 2 2 2 2 2 2 2 2 2 2 2 2 2 2 2 2 2 2 2 2
left_child=6 2 3 7 -3 -6 8 -2 22 -10 16 12 14 -14 -12 -16 -11 -7 19 -18 21 25 23 -1 -22 26 29 28 -28 -5
right_child=1 4 -4 20 5 17 -8 -9 9 10 11 -13 13 -15 15 -17 18 -19 -20 -21 24 -23 -24 -25 -26 -27 27 -29 -30 -31
leaf_value=0.041332179109255476 0.030354211109430613 -0.0080819930566760501 0.024221357853053002 -0.0061967743705436977 0.043501605666600746 -0.0019333944847322489 -0.02355450226382895 -0.013437094976162091 0.020705236379916853 -0.050983474129124698 0.039560418426990512 -0.022838711476587989 0.056888934893485836 0.0011316472954220242 -0.05207674169540405 0.0018042190372943878 0.023697930331132849 0.039490986704826356 -0.02203625772181932 -0.039901468455791476 -0.006441994156274531 0.038741535471903316 -0.019064486026763916 -0.010506915575579595 -0.053096349537372592 -0.0032932174045207175 0.010482590231630538 0.031667215085547901 -0.036046424508094789 0.024018842160701753
leaf_weight=60 147 841 179 386 39 292 182 29 52 38 20 91 39 45 25 40 49 25 222 20 144 37 31 38 20 580 477 138 28 50
leaf_count=60 147 841 179 386 39 292 182 29 52 38 20 91 39 45 25 40 49 25 222 20 144 37 31 38 20 580 477 138 28 50
internal_value=0 0.00247189 0.00591954 0.00431049 -0.00390783 0.00595305 -0.00885935 0.0231386 -0.00538595 -0.00879384 -0.0113982 -0.000951044 0.0108346 0.027019 -0.00515931 -0.0189192 -0.0196543 0.00133351 -0.0155632 0.00526332 0.0025289 0.00394654 0.0115478 0.0212313 -0.0121315 0.00317052 0.006645 0.0130031 0.00790276 -0.00273168
internal_weight=0 3412 2215 2036 1197 356 952 176 770 641 589 260 169 84 85 65 329 317 291 69 1860 1696 129 98 164 1659 1079 643 505 436
internal_count=4364 3412 2215 2036 1197 356 952 176 770 641 589 260 169 84 85 65 329 317 291 69 1860 1696 129 98 164 1659 1079 643 505 436
shrinkage=0.1


Tree=14
num_leaves=31
num_cat=0
split_feature=0 2 5 4 10 11 4 2 3 8 0 6 7 9 3 13 9 3 8 1 13 4 12 14 8 14 8 13 1 11
split_gain=8.01115 7.43375 6.93764 5.82287 4.70931 4.84616 4.30496 4.29217 4.27517 4.16321 4.01772 5.13601 5.59524 7.04789 3.98773 4.8916 4.78135 4.98917 4.76284 3.86919 3.83787 3.81954 3.76244 3.57125 3.42914 3.4166 3.28865 5.60722 5.12378 3.90848
threshold=42.500000000000007 25.500000000000004 2.5000000000000004 1.0000000180025095e-35 1.5000000000000002 2.5000000000000004 2.5000000000000004 38.500000000000007 10.500000000000002 39.500000000000007 27.500000000000004 2.5000000000000004 7.5000000000000009 11.500000000000002 23.500000000000004 16.500000000000004 14.500000000000002 8.5000000000000018 15.500000000000002 1.5000000000000002 1.0000000180025095e-35 3.5000000000000004 3.5000000000000004 11.500000000000002 16.500000000000004 20.500000000000004 21.500000000000004 5.5000000000000009 4.5000000000000009 1.5000000000000002
decision_type=2 2 2 2 2 2 2 2 2 2 2 2 2 2 2 2 2 2 2 2 2 2 2 2 2 2 2 2 2 2
left_child=1 2 20 8 21 -6 -7 14 23 -9 11 12 13 24 16 -16 17 18 -8 -18 -1 -3 26 -4 -5 -24 -12 -28 -29 -30
right_child=-2 4 3 10 5 6 7 9 -10 -11 22 -13 -14 -15 15 -17 19 -19 -20 -21 -22 -23 25 -25 -26 -27 27 28 29 -31
leaf_value=0.026770634989480714 0.011076283276500837 0.011363688584517789 0.028243534799133031 -0.020258291172129766 -0.0018446915083352947 -0.021678863133749237 -0.017493444505859823 -0.031400210094881489 -0.038612407975726661 0.007332904838226937 0.029409361287367111 0.014779912248469782 0.0054094809362787086 0.015426660959537215 -0.046400014406595476 0.0030704910435327671 0.056940116059212453 -0.02928288904950023 0.034697043233447605 0.01032279877581148 -0.0061918884439248027 -0.018290552055394208 -0.017241123481230303 -0.020659020263701679 -0.060518889567431282 0.024712018767992658 0.046070068648883272 -0.043005279790271411 0.049846992194652558 0.00097457107570436273
leaf_weight=37 568 222 28 56 611 368 34 111 45 37 204 276 259 39 39 41 21 64 36 117 779 54 55 32 34 30 35 22 20 90
leaf_count=37 568 222 28 56 611 368 34 111 45 37 204 276 259 39 39 41 21 64 36 117 779 54 55 32 34 30 35 22 20 90
internal_value=0 -0.00165736 0.00244618 0.00720458 -0.00642961 -0.00866736 -0.0134699 -0.00742819 -0.0153126 -0.0217169 0.00931557 0.00435218 -0.00306549 -0.0200811 -0.00142042 -0.0210464 0.00435192 -0.0091029 0.00934738 0.0174167 -0.00469726 0.00556177 0.016543 0.00216217 -0.0354679 -0.00243413 0.0208908 0.010485 0.00104951 0.00986047
internal_weight=0 3796 2041 1225 1755 1479 868 500 105 148 1120 664 388 129 352 80 272 134 70 138 816 276 456 60 90 85 371 167 132 110
internal_count=4364 3796 2041 1225 1755 1479 868 500 105 148 1120 664 388 129 352 80 272 134 70 138 816 276 456 60 90 85 371 167 132 110
shrinkage=0.1


Tree=15
num_leaves=31
num_cat=0
split_feature=5 11 0 2 8 7 9 8 1 4 2 1 13 13 10 14 8 1 3 2 7 7 0 13 2 7 8 1 9 8
split_gain=7.62424 7.15095 6.95808 5.77063 5.07118 4.95137 10.8412 4.15387 4.13008 4.27747 4.90503 3.92114 3.82236 3.58735 3.82183 3.56798 3.56558 3.94849 7.53094 6.00172 3.8685 3.55627 3.50677 3.49496 4.02034 6.1276 4.58438 6.93611 4.87861 3.39035
threshold=1.5000000000000002 1.5000000000000002 38.500000000000007 25.500000000000004 8.5000000000000018 9.5000000000000018 3.5000000000000004 9.5000000000000018 15.500000000000002 1.0000000180025095e-35 34.500000000000007 9.5000000000000018 20.500000000000004 55.500000000000007 4.5000000000000009 38.500000000000007 17.500000000000004 24.500000000000004 15.500000000000002 28.500000000000004 7.5000000000000009 13.500000000000002 38.500000000000007 1.5000000000000002 15.500000000000002 2.5000000000000004 20.500000000000004 7.5000000000000009 8.5000000000000018 39.500000000000007
decision_type=2 2 2 2 2 2 2 2 2 2 2 2 2 2 2 2 2 2 2 2 2 2 2 2 2 2 2 2 2 2
left_child=7 4 3 5 22 6 -3 12 9 -4 15 -9 -1 14 16 -11 17 18 -10 -20 -18 -22 -2 -8 26 -26 28 -28 -25 -5
right_child=1 2 8 29 -6 -7 23 11 13 10 -12 -13 -14 -15 -16 -17 20 -19 19 -21 21 -23 -24 24 25 -27 27 -29 -30 -31
leaf_value=-0.042398045553880583 0.046082467374516961 -0.042447947097175261 -0.022585987532511356 -0.0098839222316673588 0.0076061490575472512 0.0069600808162251799 0.019156976478009288 -0.022231208937508722 0.038143046104138899 0.015955904501357251 -0.0099505278666814165 0.027492433067025812 -0.0013771934855368829 0.052060703516006474 -0.023283638336040358 -0.015972497165203096 0.04026714948316415 0.046472967428676154 0.029512564092874529 -0.040318637434393172 -0.042191926389932632 0.0043342719583407694 -0.00075006343069530671 0.05601422867991708 -0.032620272263884545 -0.0025176212089285427 -0.052704919421154517 0.022025456693437365 0.007700016676333913 0.0040503676386847015
leaf_weight=85 67 68 64 1116 300 774 79 35 62 280 150 29 31 25 27 40 24 59 20 32 20 92 21 33 80 437 23 27 57 207
leaf_count=85 67 68 64 1116 300 774 79 35 62 280 150 29 31 25 27 40 24 59 20 32 20 92 21 33 80 437 23 27 57 207
internal_value=0 0.000866955 -0.000454763 -0.0028328 0.013798 0.00125099 -0.00424507 -0.0201519 0.00725328 0.00166792 0.00497058 0.000299816 -0.0314356 0.0155153 0.0127961 0.0119649 0.0159487 0.025473 0.0146046 -0.0134605 0.00383328 -0.00397398 0.0349065 -0.000715457 -0.00310499 -0.00717567 0.0119275 -0.0123505 0.0254152 -0.00770373
internal_weight=0 4184 3796 2901 388 1578 804 180 895 534 470 64 116 361 336 320 309 173 114 52 136 112 88 736 657 517 140 50 90 1323
internal_count=4364 4184 3796 2901 388 1578 804 180 895 534 470 64 116 361 336 320 309 173 114 52 136 112 88 736 657 517 140 50 90 1323
shrinkage=0.1


Tree=16
num_leaves=31
num_cat=0
split_feature=0 12 14 2 7 0 13 9 1 2 9 1 3 2 12 0 7 10 8 0 8 7 15 12 11 13 9 5 0 7
split_gain=6.94989 5.67192 4.51881 5.40889 4.14459 4.12285 3.99848 3.74641 5.07688 3.70248 5.11169 4.24179 4.28879 4.15526 3.65323 3.91394 3.63965 3.75595 5.08135 6.96483 4.72314 4.17194 4.14556 4.04395 4.42528 3.44884 3.64381 3.81729 3.44445 3.61964
threshold=19.500000000000004 2.5000000000000004 3.5000000000000004 41.500000000000007 12.500000000000002 45.500000000000007 16.500000000000004 2.5000000000000004 20.500000000000004 18.500000000000004 5.5000000000000009 1.0000000180025095e-35 21.500000000000004 12.500000000000002 3.5000000000000004 7.5000000000000009 40.500000000000007 2.5000000000000004 6.5000000000000009 36.500000000000007 33.500000000000007 11.500000000000002 7.5000000000000009 1.0000000180025095e-35 3.5000000000000004 4.5000000000000009 5.5000000000000009 2.5000000000000004 8.5000000000000018 21.500000000000004
decision_type=2 2 2 2 2 2 2 2 2 2 2 2 2 2 2 2 2 2 2 2 2 2 2 2 2 2 2 2 2 2
left_child=6 2 -2 5 -5 9 14 -3 -9 10 13 -12 -13 -4 15 -1 17 23 19 22 -20 -22 -19 24 -11 26 -25 -28 -8 -30
right_child=1 7 3 4 -6 -7 28 8 -10 16 11 12 -14 -15 -16 -17 -18 18 20 -21 21 -23 -24 25 -26 -27 27 -29 29 -31
leaf_value=0.020110332235998039 0.015842928046041784 -0.025390729144827963 -0.045991075783967973 0.0050794561407459318 -0.027193008059141589 0.021847279798803909 -0.05314829860414777 -0.0052904995429095721 0.011766859682069884 0.045889657338460288 -0.0080442268539358073 0.017373155671599749 0.053329768853309825 0.0047964541887750428 0.013222933253821205 -0.0092493799468427174 0.017375811101016353 -0.030715961217880252 0.0027476291939659905 -0.060647208262712526 -0.049802224891526359 -0.006979112900220432 0.029552616675694782 -0.02143931673920673 -0.005931445497732897 -0.0039534074033615906 0.04440854839656664 0.0069974449588291691 -0.025807155307056837 0.0067682109042709951
leaf_weight=49 333 73 24 67 98 132 28 908 216 45 54 222 39 49 102 619 118 25 341 39 35 65 21 23 26 346 46 67 103 51
leaf_count=49 333 73 24 67 98 132 28 908 216 45 54 222 39 49 102 619 118 25 341 39 35 65 21 23 26 346 46 67 103 51
internal_value=0 0.00210795 0.00510519 0.00320526 -0.0140884 0.00486714 -0.00755497 -0.00343831 -0.00201257 0.00345302 0.0119421 0.0174677 0.022746 -0.0119008 -0.00440418 -0.00709575 0.000701326 -0.0011222 -0.0071717 -0.0295592 -0.00285664 -0.0219672 -0.00320205 0.00463193 0.0269129 0.00134987 0.014842 0.0222267 -0.0208852 -0.0150192
internal_weight=0 3412 2215 1882 165 1717 952 1197 1124 1585 388 315 261 73 770 668 1197 1079 526 85 441 100 46 553 71 482 136 113 182 154
internal_count=4364 3412 2215 1882 165 1717 952 1197 1124 1585 388 315 261 73 770 668 1197 1079 526 85 441 100 46 553 71 482 136 113 182 154
shrinkage=0.1


Tree=17
num_leaves=31
num_cat=0
split_feature=5 11 0 2 5 2 6 12 8 8 1 5 7 1 6 4 0 9 12 8 8 1 5 8 8 4 11 2 3 5
split_gain=6.05061 5.53759 5.20179 4.66989 5.25945 5.94685 5.11824 4.36393 5.51914 4.16883 5.2915 4.36358 3.57811 3.69631 3.46175 6.30066 3.44894 4.0302 4.7072 5.13084 3.38363 4.24493 4.37271 3.4567 4.18053 4.17929 5.23661 5.17899 6.06597 3.38747
threshold=1.5000000000000002 1.5000000000000002 38.500000000000007 24.500000000000004 2.5000000000000004 11.500000000000002 1.5000000000000002 4.5000000000000009 8.5000000000000018 32.500000000000007 9.5000000000000018 4.5000000000000009 16.500000000000004 5.5000000000000009 4.5000000000000009 3.5000000000000004 33.500000000000007 37.500000000000007 2.5000000000000004 7.5000000000000009 20.500000000000004 24.500000000000004 4.5000000000000009 53.500000000000007 60.500000000000007 2.5000000000000004 2.5000000000000004 34.500000000000007 10.500000000000002 3.5000000000000004
decision_type=2 2 2 2 2 2 2 2 2 2 2 2 2 2 2 2 2 2 2 2 2 2 2 2 2 2 2 2 2 2
left_child=-1 7 3 4 5 -3 12 8 -2 16 11 -11 13 -6 -5 -16 17 18 -8 -20 21 22 -4 25 -25 26 -22 28 -28 -27
right_child=1 2 20 14 6 -7 9 -9 -10 10 -12 -13 -14 -15 15 -17 -18 -19 19 -21 23 -23 -24 24 -26 29 27 -29 -30 -31
leaf_value=-0.017952161100175647 0.038320777826011183 -0.043502072951732543 0.0047847093738195541 -0.0080522608889677123 -0.056264305114746095 -0.003104244986095944 0.003540215094884237 -0.025162423684679233 0.0085262995146508716 -0.052201691951070522 0.0083788731923470135 0.0063519436120986943 0.0096201151609420776 -0.00076425567269325259 0.022440871437813373 -0.028348653695800086 0.029360883474349977 -0.033790574613071625 -0.014414922460432975 0.029842384450534394 0.01047882393879049 0.032888740777969362 0.03920076243579388 0.056306131482124336 0.00075770815213521323 -0.015015682184471274 -0.053331429333913896 -0.067345898039639002 0.021005203931227977 0.017921629508859234
leaf_weight=180 80 39 479 1303 30 555 330 29 279 35 91 20 30 20 94 33 100 21 31 169 34 75 40 20 42 53 21 32 23 76
leaf_count=180 80 39 479 1303 30 555 330 29 279 35 91 20 30 20 94 33 100 21 31 169 34 75 40 20 42 53 21 32 23 76
internal_value=0 0.00077232 -0.00039078 -0.00244691 0.00150895 -0.00575663 0.00642999 0.0121515 0.0151657 0.00885033 -0.00642153 -0.0309095 -0.0176826 -0.0340643 -0.0065162 0.00924359 0.0122754 0.00917454 0.0108769 0.0229825 0.00627385 0.0106508 0.0074372 -0.00236369 0.0186766 -0.00782183 -0.0221421 -0.0367356 -0.0144736 0.00438925
internal_weight=0 4184 3796 2901 1471 594 877 388 359 797 146 55 80 50 1430 127 651 551 530 200 895 594 519 301 62 239 110 76 44 129
internal_count=4364 4184 3796 2901 1471 594 877 388 359 797 146 55 80 50 1430 127 651 551 530 200 895 594 519 301 62 239 110 76 44 129
shrinkage=0.1


Tree=18
num_leaves=31
num_cat=0
split_feature=0 12 14 2 14 10 7 8 7 11 9 9 7 9 1 15 3 9 7 8 6 15 9 15 8 3 2 15 14 0
split_gain=5.27638 4.61874 3.71434 4.36728 5.23335 4.78998 4.05045 3.76938 4.03606 3.68628 4.69976 3.47198 3.15559 3.20694 3.3632 4.02353 3.17773 5.03812 3.08918 4.20889 6.83346 4.69693 3.14957 7.24958 7.86154 4.51587 4.46986 4.53515 4.4646 3.08232
threshold=19.500000000000004 2.5000000000000004 3.5000000000000004 34.500000000000007 27.500000000000004 2.5000000000000004 56.500000000000007 7.5000000000000009 1.5000000000000002 4.5000000000000009 32.500000000000007 44.500000000000007 9.5000000000000018 3.5000000000000004 20.500000000000004 15.500000000000002 7.5000000000000009 12.500000000000002 3.5000000000000004 26.500000000000004 2.5000000000000004 5.5000000000000009 7.5000000000000009 10.500000000000002 31.500000000000004 5.5000000000000009 19.500000000000004 8.5000000000000018 2.5000000000000004 37.500000000000007
decision_type=2 2 2 2 2 2 2 2 2 2 2 2 2 2 2 2 2 2 2 2 2 2 2 2 2 2 2 2 2 2
left_child=11 2 -2 6 -5 -6 7 9 -9 10 -4 18 13 -3 16 -16 17 29 19 20 -1 -22 26 25 -25 -24 27 -20 -27 -15
right_child=1 12 3 4 5 -7 -8 8 -10 -11 -12 -13 -14 14 15 -17 -18 -19 22 -21 21 -23 23 24 -26 28 -28 -29 -30 -31
leaf_value=-0.03585824004064004 0.014276518997129379 -0.039125352834953983 -0.0056381426423600632 -0.011192574756723261 0.045382551761234513 -0.0022007620228188382 0.029905524253845218 -0.017357960001367037 0.00919039722591798 -0.045994499474763875 0.033478010752621822 -0.035049548309023786 0.00096735496987324456 0.035119997377091268 0.043422273132536153 -0.010681097103016717 -0.016930794136069627 -0.019419887766503455 -0.010350146622229847 -0.05509967020264378 0.051259433681314637 -0.015699032396078113 0.026179031548292743 -0.027665227920305537 0.02802247814834118 0.04347740515418675 -0.020919098049565092 0.030408018685522533 -0.0030573323593666808 -0.010962371031443279
leaf_weight=48 333 34 318 359 34 56 65 61 935 20 34 41 726 47 27 28 257 57 78 27 22 20 115 122 32 23 183 42 199 21
leaf_count=48 333 34 318 359 34 56 65 61 935 20 34 41 726 47 27 28 257 57 78 27 22 20 115 122 32 23 183 42 199 21
internal_value=0 0.00183671 0.00454139 0.00281887 -0.00578702 0.0157752 0.00551534 0.00435645 0.00756444 -0.00423271 -0.00185988 -0.00658281 -0.00316821 -0.00954278 -0.00724116 0.0158787 -0.0105699 0.00250797 -0.00530166 -0.0204715 -0.010083 0.0193744 -0.00306631 0.00188131 -0.0160938 0.0100954 -0.0110837 0.00391521 0.00176383 0.0208887
internal_weight=0 3412 2215 1882 449 90 1433 1368 996 372 352 952 1197 471 437 55 382 125 911 117 90 42 794 491 154 337 303 120 222 68
internal_count=4364 3412 2215 1882 449 90 1433 1368 996 372 352 952 1197 471 437 55 382 125 911 117 90 42 794 491 154 337 303 120 222 68
shrinkage=0.1


Tree=19
num_leaves=31
num_cat=0
split_feature=1 9 13 2 6 3 3 13 11 15 11 14 7 11 14 12 1 14 1 7 2 15 4 8 8 7 13 9 0 10
split_gain=4.81353 5.14918 7.11106 5.35845 4.93305 4.3994 4.91519 4.0709 4.48065 4.59048 4.58687 3.53205 7.11055 6.43543 5.4578 4.44219 4.00921 4.7702 3.78091 3.38986 3.31612 3.31212 3.22282 3.13811 3.66458 3.41916 3.2881 3.23254 3.10994 4.1019
threshold=3.5000000000000004 4.5000000000000009 2.5000000000000004 16.500000000000004 1.5000000000000002 19.500000000000004 18.500000000000004 2.5000000000000004 2.5000000000000004 4.5000000000000009 3.5000000000000004 27.500000000000004 1.5000000000000002 3.5000000000000004 31.500000000000004 1.5000000000000002 20.500000000000004 1.5000000000000002 4.5000000000000009 9.5000000000000018 38.500000000000007 34.500000000000007 1.0000000180025095e-35 9.5000000000000018 16.500000000000004 9.5000000000000018 10.500000000000002 3.5000000000000004 43.500000000000007 3.5000000000000004
decision_type=2 2 2 2 2 2 2 2 2 2 2 2 2 2 2 2 2 2 2 2 2 2 2 2 2 2 2 2 2 2
left_child=7 2 19 -3 -4 6 11 8 -1 -10 -11 12 22 15 -13 -14 17 -15 -17 -2 -20 28 -5 -6 26 -26 -25 -27 29 -16
right_child=1 3 4 5 23 -7 -8 -9 9 10 -12 14 13 16 21 18 -18 -19 20 -21 -22 -23 -24 24 25 27 -28 -29 -30 -31
leaf_value=0.024967971409874404 -0.065859537597360282 0.013688818625080477 -0.02134383548166334 -0.063846828237823824 -0.016770169409838592 -0.0049842364495097753 0.032074428085357917 -0.007553205154244862 0.030659216383229132 -0.043851007198965231 0.012281794970234235 0.055886870314335008 0.018497457959014793 0.025953525304794313 0.0073826462393853723 0.028748512999066767 0.016772069036960602 -0.022279173198831145 0.0036919581044772606 -0.016621137548376016 -0.015303598569249208 0.044309820299563207 -0.0096628956851505104 0.012676084972918035 -0.034308507612773348 0.031272683514131087 0.061641121283173561 -0.014737544609950141 0.02961160480976105 -0.034832006879150869
leaf_weight=87 29 436 97 23 44 706 62 1071 23 37 24 29 232 23 82 53 42 189 691 27 106 23 21 32 21 37 24 26 35 32
leaf_count=87 29 436 97 23 44 706 62 1071 23 37 24 29 232 23 82 53 42 189 691 27 106 23 21 32 21 37 24 26 35 32
internal_value=0 0.00209476 -0.00958006 0.00350747 -0.00309531 0.0016177 0.00445457 -0.00526556 0.00906229 -0.00741145 -0.021766 0.00337144 0.00156756 0.00287024 0.0157562 0.00623294 -0.0114544 -0.0170464 0.00288545 -0.0421196 0.00116557 0.00899003 -0.0379863 0.00652483 0.0138461 0.000636125 0.0336611 0.0122843 0.00353798 -0.00446708
internal_weight=0 3122 337 2785 281 2349 1643 1242 171 84 61 1581 1380 1336 201 1082 254 212 850 56 797 172 44 184 140 84 56 63 149 114
internal_count=4364 3122 337 2785 281 2349 1643 1242 171 84 61 1581 1380 1336 201 1082 254 212 850 56 797 172 44 184 140 84 56 63 149 114
shrinkage=0.1


Tree=20
num_leaves=31
num_cat=0
split_feature=5 11 0 3 4 2 2 9 13 1 0 13 12 8 0 8 9 1 4 9 14 13 9 13 13 13 2 8 6 1
split_gain=4.52232 4.30462 3.86921 3.55956 4.7578 5.747 4.23697 3.97997 4.36123 4.78532 3.91051 3.97526 3.36095 4.31633 3.21183 3.17943 3.15489 4.65001 4.41979 3.31577 4.02163 3.95756 3.04664 3.22135 4.80611 3.52155 4.24354 4.58639 4.1944 6.57101
threshold=1.5000000000000002 1.5000000000000002 40.500000000000007 3.5000000000000004 2.5000000000000004 15.500000000000002 18.500000000000004 6.5000000000000009 9.5000000000000018 1.0000000180025095e-35 30.500000000000004 6.5000000000000009 4.5000000000000009 8.5000000000000018 22.500000000000004 9.5000000000000018 34.500000000000007 15.500000000000002 4.5000000000000009 9.5000000000000018 7.5000000000000009 6.5000000000000009 79.500000000000014 31.500000000000004 63.500000000000007 6.5000000000000009 15.500000000000002 20.500000000000004 4.5000000000000009 17.500000000000004
decision_type=2 2 2 2 2 2 2 2 2 2 2 2 2 2 2 2 2 2 2 2 2 2 2 2 2 2 2 2 2 2
left_child=15 12 3 4 7 -6 -7 14 10 -10 11 -9 13 -2 -3 -1 18 -18 19 21 -21 -15 23 25 -25 -5 27 -27 -28 -30
right_child=1 2 -4 22 5 6 -8 8 9 -11 -12 -13 -14 16 -16 -17 17 -19 -20 20 -22 -23 -24 24 -26 26 28 -29 29 -31
leaf_value=-0.025392087677429467 0.033822719790041443 -0.025645445743385627 0.0063860482920845632 0.00032103156864579218 -0.019323783516883852 0.055531202070415023 0.016041446199847594 0.01071516306927571 -0.03655659151382936 0.0050453862077311472 -0.010815826329317961 0.052078951682363241 -0.022045978184404045 0.024389826603557752 0.0045490351048382846 0.0023725328501313925 -0.041550581105824179 0.016118085053231982 0.045431145940508164 0.0033898817123593512 0.042432770096674205 -0.025731901526451113 -0.041565626150085813 0.018103921840657723 -0.020372087756792705 0.019862772879146395 -0.011644640860949228 -0.014614278713210686 0.036334551331844732 -0.020440141194396549
leaf_weight=116 80 98 695 933 40 32 180 52 39 95 33 42 29 23 55 64 29 27 35 74 41 50 21 143 42 105 1047 61 47 36
leaf_count=116 80 98 695 933 40 32 180 52 39 95 33 42 29 23 55 64 29 27 35 74 41 50 21 143 42 105 1047 61 47 36
internal_value=0 0.000667696 -0.000357777 -0.00186921 0.00460907 0.0154425 0.0220022 -0.00198519 0.00552179 -0.00706265 0.0187999 0.0291969 0.0107004 0.0133457 -0.0147912 -0.0155202 0.00747411 -0.013746 0.0128029 0.00672854 0.0173095 -0.00994012 -0.00364109 -0.00331118 0.00936883 -0.00436358 -0.00773606 0.00719349 -0.00992926 0.0117094
internal_weight=0 4184 3796 3101 666 252 212 414 261 134 127 94 388 359 153 180 279 56 223 188 115 73 2435 2414 185 2229 1296 166 1130 83
internal_count=4364 4184 3796 3101 666 252 212 414 261 134 127 94 388 359 153 180 279 56 223 188 115 73 2435 2414 185 2229 1296 166 1130 83
shrinkage=0.1


Tree=21
num_leaves=31
num_cat=0
split_feature=0 2 7 10 9 9 15 10 8 2 8 14 0 9 8 7 3 15 4 8 2 3 0 15 12 8 2 9 3 14
split_gain=3.96322 3.70174 3.6156 3.18107 3.16888 5.24349 4.5852 4.1917 4.84976 4.67779 5.02793 4.41965 7.07366 4.34298 4.53903 4.29924 6.32657 4.47061 4.25562 5.25323 4.21517 6.40737 4.0482 3.88412 3.60076 3.4966 3.4827 3.43074 3.42744 3.41765
threshold=19.500000000000004 41.500000000000007 52.500000000000007 1.0000000180025095e-35 23.500000000000004 33.500000000000007 67.500000000000014 1.5000000000000002 39.500000000000007 23.500000000000004 7.5000000000000009 6.5000000000000009 39.500000000000007 21.500000000000004 41.500000000000007 39.500000000000007 31.500000000000004 30.500000000000004 3.5000000000000004 25.500000000000004 22.500000000000004 9.5000000000000018 29.500000000000004 10.500000000000002 1.5000000000000002 12.500000000000002 15.500000000000002 34.500000000000007 31.500000000000004 33.500000000000007
decision_type=2 2 2 2 2 2 2 2 2 2 2 2 2 2 2 2 2 2 2 2 2 2 2 2 2 2 2 2 2 2
left_child=3 4 -3 -1 6 -6 7 8 18 10 11 22 23 14 -12 16 17 -11 19 20 21 -2 -9 -13 -16 -22 -26 -7 -29 -30
right_child=1 2 -4 -5 5 27 -8 9 -10 15 13 12 -14 -15 24 -17 -18 -19 -20 -21 25 -23 -24 -25 26 -27 -28 28 29 -31
leaf_value=0.021896529868245126 0.026396315682817389 -0.0049280087023682237 -0.039762042327360678 -0.0069157591971911892 0.018282891665735553 -0.036966196244413205 -0.046875935792922978 0.017776279744281566 0.042773169279098515 -0.0073864828516369222 0.014005821482701736 -0.033816610764613196 0.034737855325574461 -0.034294549172574823 0.022154975363186429 0.013602946220703847 -0.050010382866158214 0.032569027769154518 -0.021491102245118882 -0.031727180957794192 0.017113986180489323 -0.022318145136038463 -0.029078570915305097 0.0047335391535478482 -0.054762572670976319 0.052523013567995464 -0.0024079081084993153 0.00044226651511541226 0.049521442949771885 -0.0038455948233604431
leaf_weight=40 54 307 33 912 310 22 20 93 43 815 550 113 23 22 21 106 34 29 45 25 83 54 23 34 24 42 27 410 30 20
leaf_count=40 54 307 33 912 310 22 20 93 43 815 550 113 23 22 21 106 34 29 45 25 83 54 23 34 24 42 27 410 30 20
internal_value=0 0.00159183 -0.00830896 -0.00570516 0.00268762 0.008137 0.000794674 0.00121654 0.0113457 -0.000614546 0.00447063 -0.00656286 -0.0168316 0.00937059 0.010915 -0.00542065 -0.00771735 -0.0060136 0.00688571 0.0118352 0.0165092 0.00203909 0.00848609 -0.0249002 -0.0126953 0.0290114 -0.0270454 0.00161163 0.00345665 0.0281746
internal_weight=0 3412 340 952 3072 792 2280 2260 346 1914 930 286 170 644 622 984 878 844 303 258 233 108 116 147 72 125 51 482 460 50
internal_count=4364 3412 340 952 3072 792 2280 2260 346 1914 930 286 170 644 622 984 878 844 303 258 233 108 116 147 72 125 51 482 460 50
shrinkage=0.1


Tree=22
num_leaves=31
num_cat=0
split_feature=1 0 9 13 2 6 3 9 8 8 10 9 13 9 5 11 7 13 7 8 14 7 2 13 1 14 10 2 3 7
split_gain=3.63255 4.01301 4.43727 6.18298 4.41586 4.20009 3.7708 4.73363 4.73604 4.8521 5.38207 4.3652 4.98285 4.03385 3.57274 3.67683 6.82052 5.0383 4.39916 4.22736 4.40601 4.13412 4.96438 4.07988 3.33399 3.32772 3.78511 3.28241 5.54245 2.99663
threshold=3.5000000000000004 45.500000000000007 4.5000000000000009 2.5000000000000004 20.500000000000004 1.5000000000000002 23.500000000000004 9.5000000000000018 51.500000000000007 12.500000000000002 3.5000000000000004 32.500000000000007 1.0000000180025095e-35 29.500000000000004 1.5000000000000002 2.5000000000000004 43.500000000000007 2.5000000000000004 3.5000000000000004 7.5000000000000009 18.500000000000004 12.500000000000002 37.500000000000007 25.500000000000004 4.5000000000000009 15.500000000000002 3.5000000000000004 28.500000000000004 2.5000000000000004 19.500000000000004
decision_type=2 2 2 2 2 2 2 2 2 2 2 2 2 2 2 2 2 2 2 2 2 2 2 2 2 2 2 2 2 2
left_child=14 2 3 -2 24 -5 11 -8 9 10 -9 12 -6 -12 -1 17 19 -16 -19 20 -17 -21 25 -18 -4 26 -23 28 -13 -20
right_child=1 -3 4 5 6 -7 7 8 -10 -11 13 27 -14 -15 15 16 23 18 29 21 -22 22 -24 -25 -26 -27 -28 -29 -30 -31
leaf_value=-0.030761674761772159 -0.04107763414029722 0.014562829730292074 0.032335603016394154 -0.021441897685113162 0.032922836778492767 0.0047989262566382057 -0.037515212652774965 0.023325460031628609 0.029730260968208314 -0.020881745987718213 -0.038692470448357719 -0.039042976092208519 0.0028418212745909958 0.017605438530445102 0.024621556120760304 -0.01866891921259636 0.0035701281315571559 -0.02244333491605871 0.0071180021104637102 -0.016547960261544908 -0.064974223574002593 0.011248896736651659 -0.033100674806102633 0.05875591862769354 0.0066124181506801568 0.028394895271649435 -0.034636451721191411 -0.019601176249100859 0.018700949234120988 -0.012670492351055147
leaf_weight=50 54 229 54 92 58 181 52 72 35 159 35 22 1089 20 85 86 37 85 326 242 27 64 31 21 753 63 25 149 68 100
leaf_count=50 54 229 54 92 58 181 52 72 35 159 35 22 1089 20 85 86 37 85 326 242 27 64 31 21 753 63 25 149 68 100
internal_value=0 0.00181973 0.000811033 -0.0101598 0.0022091 -0.00404414 -0.000600746 -0.0095258 -0.00499169 -0.00924088 0.00533311 0.00180116 0.00436292 -0.0182205 -0.00457424 -0.00347578 -0.00902969 0.00207813 -0.00167175 -0.0125421 -0.029733 -0.00797137 0.00337036 0.0235512 0.00833367 0.0108085 -0.00164025 -0.0104931 0.00458577 0.00247282
internal_weight=0 3122 2893 327 2566 273 1759 373 321 286 127 1386 1147 55 1242 1192 596 596 511 538 113 425 183 58 807 152 89 239 90 426
internal_count=4364 3122 2893 327 2566 273 1759 373 321 286 127 1386 1147 55 1242 1192 596 596 511 538 113 425 183 58 807 152 89 239 90 426
shrinkage=0.1


Tree=23
num_leaves=31
num_cat=0
split_feature=0 3 1 7 9 13 2 4 13 9 6 11 9 1 13 3 9 14 13 13 13 8 0 13 0 1 8 3 8 7
split_gain=3.56337 3.81239 4.61076 3.93919 4.44457 3.69823 3.68731 3.41056 3.39727 3.81158 3.45311 5.33586 4.30864 4.0185 5.74369 5.34658 4.00777 3.24178 3.17216 3.03958 2.9687 6.55093 3.41367 3.75873 3.63264 4.35027 3.35208 2.86781 2.79177 2.75451
threshold=27.500000000000004 23.500000000000004 28.500000000000004 31.500000000000004 28.500000000000004 61.500000000000007 16.500000000000004 2.5000000000000004 19.500000000000004 5.5000000000000009 2.5000000000000004 3.5000000000000004 22.500000000000004 3.5000000000000004 9.5000000000000018 5.5000000000000009 10.500000000000002 3.5000000000000004 27.500000000000004 1.0000000180025095e-35 5.5000000000000009 11.500000000000002 12.500000000000002 11.500000000000002 24.500000000000004 2.5000000000000004 16.500000000000004 9.5000000000000018 14.500000000000002 106.50000000000001
decision_type=2 2 2 2 2 2 2 2 2 2 2 2 2 2 2 2 2 2 2 2 2 2 2 2 2 2 2 2 2 2
left_child=1 2 5 -3 -5 6 19 8 9 -8 13 12 17 28 15 -15 -16 -12 -10 -1 21 -21 23 -22 -24 -26 -23 -13 -11 -2
right_child=29 3 -4 4 -6 -7 7 -9 18 10 11 27 -14 14 16 -17 -18 -19 -20 20 22 26 24 -25 25 -27 -28 -29 -30 -31
leaf_value=0.045358906388282778 0.0030701142783751498 -0.022293878098328911 0.032208896428346637 0.024389024337996609 -0.024600194154247162 -0.043837600733552667 -0.019848567599095174 0.0023043221958419856 -0.048910659471073668 -0.031686770086435931 -0.0010657692628522073 -0.0030405991276105247 -0.02228006451360641 0.0061968276011092329 0.00068986594676971439 -0.026637792486823009 0.063238609262875153 0.026589111627927473 -0.0022301331162452699 -0.033004038863711886 0.015036149252028692 0.042114098713948181 0.02558716713524551 -0.045538048744201663 -0.040483853220939642 0.019725990508283889 -0.0086650954989286582 -0.050574643503535882 0.0023755466565489772 -0.034205703884363177
leaf_weight=20 2252 183 40 46 31 21 161 544 37 97 62 30 31 112 20 89 21 134 24 54 21 26 139 20 21 28 26 22 32 20
leaf_count=20 2252 183 40 46 31 21 161 544 37 97 62 30 31 112 20 89 21 134 24 54 21 26 139 20 21 28 26 22 32 20
internal_value=0 -0.00297791 -0.0013697 -0.0143096 0.00466609 -0.00211922 -0.00162454 -0.00390923 -0.00778558 -0.00607375 -0.00266183 0.00574309 0.012362 -0.00898251 -0.00138393 -0.00834188 0.032727 0.0178411 -0.0305446 0.00748849 0.00522757 -0.00860891 0.0116322 -0.0145122 0.017334 -0.00607823 0.0167245 -0.0231512 -0.0232372 0.00274198
internal_weight=0 2092 1832 260 77 1792 1771 1416 872 811 650 279 227 371 242 201 41 196 61 355 335 106 229 41 188 49 52 52 129 2272
internal_count=4364 2092 1832 260 77 1792 1771 1416 872 811 650 279 227 371 242 201 41 196 61 355 335 106 229 41 188 49 52 52 129 2272
shrinkage=0.1


Tree=24
num_leaves=31
num_cat=0
split_feature=12 11 14 4 7 2 14 8 10 6 15 15 8 8 0 3 8 9 10 14 0 3 3 8 8 0 8 1 1 9
split_gain=3.11715 3.73586 5.94711 5.48606 4.65463 3.76714 3.53926 3.15486 3.70072 4.43685 3.35495 3.18738 6.58514 3.24476 3.08067 4.12184 3.07509 5.09798 5.5306 3.28466 5.80425 5.28978 5.65345 4.87226 3.84982 3.21442 3.1144 3.36563 3.06989 3.34064
threshold=1.5000000000000002 2.5000000000000004 52.500000000000007 1.5000000000000002 16.500000000000004 42.500000000000007 1.5000000000000002 16.500000000000004 2.5000000000000004 4.5000000000000009 20.500000000000004 1.0000000180025095e-35 8.5000000000000018 4.5000000000000009 36.500000000000007 1.5000000000000002 33.500000000000007 20.500000000000004 2.5000000000000004 15.500000000000002 33.500000000000007 13.500000000000002 26.500000000000004 10.500000000000002 7.5000000000000009 30.500000000000004 16.500000000000004 1.5000000000000002 1.0000000180025095e-35 4.5000000000000009
decision_type=2 2 2 2 2 2 2 2 2 2 2 2 2 2 2 2 2 2 2 2 2 2 2 2 2 2 2 2 2 2
left_child=6 14 3 4 -3 16 -1 8 9 -8 -9 12 -10 -13 15 28 19 18 -18 26 21 23 -23 -21 -22 -20 27 -5 -2 -30
right_child=1 2 -4 5 -6 -7 7 10 11 -11 -12 13 -14 -15 -16 -17 17 -19 25 20 24 22 -24 -25 -26 -27 -28 -29 29 -31
leaf_value=0.031894000159933211 -0.004446609702802474 -0.021395047157507799 0.017376218671384065 -0.012958639800548555 0.019910933574040734 -0.020870276144495957 0.014316238372180707 -0.00019361637879249663 0.016971758118382207 0.058935701388579155 -0.041127921853746689 -0.023879304859373306 -0.051101662019888562 0.013615145285924278 0.010288016485424961 -0.0024514215648902445 0.0042835842711584906 0.011458143287775469 -0.028208516396227335 -0.015091183781623841 -0.0028754425190743948 -0.037688713650854806 0.013925965968519451 0.026229168169009383 0.032713969011198392 -0.07408532798290253 -0.016658053869331207 0.0047119728112034014 -0.0032086528199059628 0.03337618187926282
leaf_weight=47 62 301 115 150 30 111 156 430 27 26 21 27 30 159 353 1146 35 49 42 45 42 63 32 78 110 24 148 383 35 87
leaf_count=47 62 301 115 150 30 111 156 430 27 26 21 27 30 159 353 1146 35 49 42 45 42 63 32 78 110 24 148 383 35 87
internal_value=0 -0.00138419 -0.00460812 -0.00614689 -0.0176513 -0.00324448 0.00516034 0.003726 0.00990804 0.0206904 -0.00209965 0.00183232 -0.0188564 0.0081724 0.00198341 -0.000220747 -0.00161545 -0.0150095 -0.0278503 0.000296175 0.00788049 -0.00257792 -0.0203027 0.011112 0.0228801 -0.044891 -0.00382453 -0.000260995 0.0136725 0.0228805
internal_weight=0 3441 1758 1643 331 1312 923 876 425 182 451 243 57 186 1683 1330 1201 150 101 1051 370 218 95 123 152 66 681 533 184 122
internal_count=4364 3441 1758 1643 331 1312 923 876 425 182 451 243 57 186 1683 1330 1201 150 101 1051 370 218 95 123 152 66 681 533 184 122
shrinkage=0.1


Tree=25
num_leaves=31
num_cat=0
split_feature=5 11 8 8 4 1 7 3 3 5 1 13 0 2 12 0 3 2 2 9 14 10 5 7 13 13 11 14 15 7
split_gain=3.22545 3.21453 2.67152 6.68267 5.63994 4.74228 6.10186 4.93155 4.26384 4.11624 5.29663 3.96958 3.9474 3.86711 6.39286 3.59892 4.05531 3.22908 3.17936 5.39254 6.00592 3.13874 3.05336 2.99976 3.69071 2.90578 2.90709 2.78232 4.55319 2.76283
threshold=1.5000000000000002 1.5000000000000002 16.500000000000004 15.500000000000002 5.5000000000000009 14.500000000000002 9.5000000000000018 15.500000000000002 14.500000000000002 2.5000000000000004 3.5000000000000004 10.500000000000002 8.5000000000000018 33.500000000000007 1.0000000180025095e-35 34.500000000000007 10.500000000000002 21.500000000000004 20.500000000000004 11.500000000000002 7.5000000000000009 2.5000000000000004 4.5000000000000009 27.500000000000004 7.5000000000000009 13.500000000000002 2.5000000000000004 21.500000000000004 7.5000000000000009 18.500000000000004
decision_type=2 2 2 2 2 2 2 2 2 2 2 2 2 2 2 2 2 2 2 2 2 2 2 2 2 2 2 2 2 2
left_child=-1 -2 3 9 5 6 8 -7 27 10 11 -3 -11 -12 -15 16 17 -5 -8 21 -21 -20 25 24 -23 26 -10 -4 -29 -22
right_child=1 2 4 15 -6 7 18 -9 22 12 13 -13 -14 14 -16 -17 -18 -19 19 20 29 23 -24 -25 -26 -27 -28 28 -30 -31
leaf_value=-0.013107281145122315 0.0092337152315783762 -0.0085572773162188101 -0.029094953994149145 0.059134659667809814 -0.038030046418957089 0.012867532628718939 0.013227060415606569 -0.0056609809054778172 0.014536000437596265 -0.039459767639636996 0.0042577213432261913 -0.035178288817405701 0.0053495783168516116 0.037188578695058823 -0.024230969086423651 0.05265254536095787 -0.010513944601690448 0.0047289042174816134 -0.03223662066918153 0.038020933879182699 0.013305528632930066 0.012642511725425722 -0.028887652326375246 0.018645484131925249 -0.03719854446557852 0.028929292672389265 -0.027128900406938612 -0.030943971226612729 0.025660801927248639 -0.014452182835546033
leaf_weight=180 388 213 206 24 46 321 138 260 34 20 552 76 1155 20 111 34 37 20 78 47 61 24 32 34 39 37 33 30 27 87
leaf_count=180 388 213 206 24 46 321 138 260 34 20 552 76 1155 20 111 34 37 20 78 47 61 24 32 34 39 37 33 30 27 87
internal_value=0 0.000563889 -0.000322279 0.00186238 -0.00354372 -0.00247761 -0.00699593 0.00457594 -0.0162508 0.000604431 -0.00420973 -0.015558 0.00458687 0.000592088 -0.0148539 0.0253477 0.0138863 0.0344048 0.000273194 -0.00455825 0.00687837 -0.0173019 -0.00187537 -0.00529254 -0.0182115 0.0064361 -0.00598552 -0.0236846 -0.00413118 -0.0030115
internal_weight=0 4184 3796 2262 1534 1488 907 581 399 2147 972 289 1175 683 131 115 81 44 508 370 195 175 136 97 63 104 67 263 57 148
internal_count=4364 4184 3796 2262 1534 1488 907 581 399 2147 972 289 1175 683 131 115 81 44 508 370 195 175 136 97 63 104 67 263 57 148
shrinkage=0.1


end of trees

feature_importances:
Column_2=91
Column_0=82
Column_8=79
Column_9=75
Column_1=62
Column_7=55
Column_13=54
Column_3=50
Column_14=49
Column_10=32
Column_12=30
Column_4=29
Column_11=26
Column_15=25
Column_6=21
Column_5=20

parameters:
[boosting: gbdt]
[objective: regression]
[metric: l2]
[tree_learner: serial]
[device_type: cpu]
[data: ]
[valid: ]
[num_iterations: 10000]
[learning_rate: 0.1]
[num_leaves: 31]
[num_threads: 0]
[deterministic: 0]
[force_col_wise: 0]
[force_row_wise: 0]
[histogram_pool_size: -1]
[max_depth: -1]
[min_data_in_leaf: 20]
[min_sum_hessian_in_leaf: 0.001]
[bagging_fraction: 1]
[pos_bagging_fraction: 1]
[neg_bagging_fraction: 1]
[bagging_freq: 0]
[bagging_seed: 3]
[feature_fraction: 1]
[feature_fraction_bynode: 1]
[feature_fraction_seed: 2]
[extra_trees: 0]
[extra_seed: 6]
[early_stopping_round: 10]
[first_metric_only: 0]
[max_delta_step: 0]
[lambda_l1: 0]
[lambda_l2: 0]
[min_gain_to_split: 0]
[drop_rate: 0.1]
[max_drop: 50]
[skip_drop: 0.5]
[xgboost_dart_mode: 0]
[uniform_drop: 0]
[drop_seed: 4]
[top_rate: 0.2]
[other_rate: 0.1]
[min_data_per_group: 100]
[max_cat_threshold: 32]
[cat_l2: 10]
[cat_smooth: 10]
[max_cat_to_onehot: 4]
[top_k: 20]
[monotone_constraints: ]
[monotone_constraints_method: basic]
[monotone_penalty: 0]
[feature_contri: ]
[forcedsplits_filename: ]
[refit_decay_rate: 0.9]
[cegb_tradeoff: 1]
[cegb_penalty_split: 0]
[cegb_penalty_feature_lazy: ]
[cegb_penalty_feature_coupled: ]
[path_smooth: 0]
[interaction_constraints: ]
[verbosity: 1]
[saved_feature_importance_type: 0]
[max_bin: 255]
[max_bin_by_feature: ]
[min_data_in_bin: 3]
[bin_construct_sample_cnt: 200000]
[data_random_seed: 1]
[is_enable_sparse: 1]
[enable_bundle: 1]
[use_missing: 1]
[zero_as_missing: 0]
[feature_pre_filter: 1]
[pre_partition: 0]
[two_round: 0]
[header: 0]
[label_column: ]
[weight_column: ]
[group_column: ]
[ignore_column: ]
[categorical_feature: ]
[forcedbins_filename: ]
[objective_seed: 5]
[num_class: 1]
[is_unbalance: 0]
[scale_pos_weight: 1]
[sigmoid: 1]
[boost_from_average: 1]
[reg_sqrt: 0]
[alpha: 0.9]
[fair_c: 1]
[poisson_max_delta_step: 0.7]
[tweedie_variance_power: 1.5]
[lambdarank_truncation_level: 30]
[lambdarank_norm: 1]
[label_gain: ]
[eval_at: ]
[multi_error_top_k: 1]
[auc_mu_weights: ]
[num_machines: 1]
[local_listen_port: 12400]
[time_out: 120]
[machine_list_filename: ]
[machines: ]
[gpu_platform_id: -1]
[gpu_device_id: -1]
[gpu_use_dp: 0]
[num_gpu: 1]

end of parameters

pandas_categorical:null
