tree
version=v3
num_class=1
num_tree_per_iteration=1
label_index=0
max_feature_idx=15
objective=regression
feature_names=Column_0 Column_1 Column_2 Column_3 Column_4 Column_5 Column_6 Column_7 Column_8 Column_9 Column_10 Column_11 Column_12 Column_13 Column_14 Column_15
feature_infos=[1:49] [0:69] [1:49] [0:73] [0:8] [0:8] [0:9] [14:173] [0:165] [0:211] [0:8] [0:8] [0:8] [0:187] [0:218] [0:219]
tree_sizes=2747 2830 2840 2860 2850 2863 2850 2864 2871 2868 2867 2863 2865 2863 2874 2856 2852 2864 2850 2849 2851 2863 2868 2874 2838 2840 2840 2854 2856

Tree=0
num_leaves=31
num_cat=0
split_feature=3 2 0 2 2 0 3 3 2 0 2 6 2 13 2 0 0 0 11 13 11 0 13 12 3 9 0 3 5 6
split_gain=341.285 198.155 78.9718 79.0981 43.952 32.6144 31.6341 29.5999 24.8308 22.3767 21.9358 20.3343 18.8568 18.769 18.4852 17.8193 13.4465 13.1789 13.0636 12.9976 13.5873 12.5837 12.4852 12.4432 12.1469 11.6199 11.3912 10.5454 10.5324 10.5271
threshold=4.5000000000000009 37.500000000000007 31.500000000000004 25.500000000000004 24.500000000000004 24.500000000000004 13.500000000000002 15.500000000000002 44.500000000000007 43.500000000000007 43.500000000000007 1.5000000000000002 15.500000000000002 6.5000000000000009 7.5000000000000009 19.500000000000004 23.500000000000004 31.500000000000004 2.5000000000000004 13.500000000000002 2.5000000000000004 36.500000000000007 4.5000000000000009 1.5000000000000002 16.500000000000004 5.5000000000000009 20.500000000000004 3.5000000000000004 2.5000000000000004 4.5000000000000009
decision_type=2 2 2 2 2 2 2 2 2 2 2 2 2 2 2 2 2 2 2 2 2 2 2 2 2 2 2 2 2 2
left_child=4 2 3 6 5 14 22 11 15 12 17 -5 -4 -13 -1 -6 -15 -3 28 -16 -21 -10 25 -17 -14 -2 -24 -25 -8 -9
right_child=1 10 9 7 8 -7 18 29 21 -11 -12 13 24 16 19 23 -18 -19 -20 20 -22 -23 26 27 -26 -27 -28 -29 -30 -31
leaf_value=0.20211353286726583 0.1382413218663342 0.099132398168019026 0.18501563122230344 0.099651549169417153 0.14269967396538824 0.18418742370390045 0.12236066648926275 0.09450830048613669 0.10447717181738252 0.1858909627641018 0.083325657226191174 0.14122504619800391 0.1534771705193258 0.11093359002986405 0.16590813253311401 0.17759145559480111 0.13414303059567026 0.12330475752551837 0.11323355209585849 0.16727717015375065 0.13617770573696342 0.16529535202443274 0.13541528174698814 0.16013000053176524 0.12946981821412701 0.16563744894283303 0.15154303883403586 0.13680316215046351 0.15457717049018577 0.14347717078423533
leaf_weight=110 212 641 156 281 791 1063 206 514 150 232 594 706 936 631 1195 350 413 348 431 225 374 44 921 1325 272 574 835 227 200 48
leaf_count=110 212 641 156 281 791 1063 206 514 150 232 594 706 936 631 1195 350 413 348 431 225 374 44 921 1325 272 574 835 227 200 48
internal_value=0.142752 0.13069 0.13742 0.132139 0.161608 0.170156 0.142221 0.119002 0.152824 0.15718 0.0985151 0.124622 0.152297 0.128631 0.162322 0.155313 0.120115 0.107638 0.125359 0.159882 0.147859 0.118271 0.147773 0.160559 0.148072 0.158248 0.143084 0.156718 0.138231 0.0986907
internal_weight=0 9151 7568 5972 5854 2967 3379 2593 2887 1596 1583 2031 1364 1750 1904 2693 1044 989 837 1794 599 194 2542 1902 1208 786 1756 1552 406 562
internal_count=15005 9151 7568 5972 5854 2967 3379 2593 2887 1596 1583 2031 1364 1750 1904 2693 1044 989 837 1794 599 194 2542 1902 1208 786 1756 1552 406 562
shrinkage=1


Tree=1
num_leaves=31
num_cat=0
split_feature=3 2 0 2 2 3 2 2 0 0 13 0 2 9 0 3 11 13 2 3 3 0 6 11 3 9 10 10 13 3
split_gain=276.441 161.964 60.737 59.5058 35.615 27.501 25.6651 25.6638 24.8437 21.5404 21.358 21.1709 20.7646 18.75 14.6642 14.452 12.9906 12.1354 11.7207 11.1502 11.008 10.1928 9.56863 9.15266 8.72381 9.79546 8.7077 8.57609 13.5437 10.839
threshold=4.5000000000000009 35.500000000000007 26.500000000000004 23.500000000000004 23.500000000000004 14.500000000000002 43.500000000000007 15.500000000000002 20.500000000000004 30.500000000000004 4.5000000000000009 43.500000000000007 44.500000000000007 7.5000000000000009 31.500000000000004 13.500000000000002 2.5000000000000004 2.5000000000000004 7.5000000000000009 17.500000000000004 10.500000000000002 36.500000000000007 2.5000000000000004 3.5000000000000004 5.5000000000000009 5.5000000000000009 4.5000000000000009 2.5000000000000004 15.500000000000002 15.500000000000002
decision_type=2 2 2 2 2 2 2 2 2 2 2 2 2 2 2 2 2 2 2 2 2 2 2 2 2 2 2 2 2 2
left_child=4 2 3 15 8 10 9 -4 18 16 24 13 14 17 23 -2 -3 -9 -1 -19 -15 -14 -12 -6 -5 -26 -17 28 29 -18
right_child=1 6 7 5 12 -7 -8 11 -10 -11 22 -13 21 20 -16 26 27 19 -20 -21 -22 -23 -24 -25 25 -27 -28 -29 -30 -31
leaf_value=0.052010869391170549 0.0044166318790332696 -0.020560653780357561 0.034527524729509727 0.040084733434443208 0.011937049598967443 -0.041467203887609334 -0.053484082342398293 0.022047142609953881 0.034250807320858161 -0.012929342776092131 -0.031790530875397426 0.037851580303941069 -0.034447716077168782 0.016709098357453264 0.024059159512614944 -0.0098062348968787887 -0.017119579635182833 -0.014032475171866371 0.012718888107410148 -0.059233861499362522 -0.00051277293141480465 0.020288644595579667 -0.013437283209392005 -0.0021218084796030719 -0.029435531809216455 0.0057913661190548789 -0.052019357570895444 -0.060235966502152606 -0.084951707224051154 -0.065784714859107446
leaf_weight=81 1850 276 331 53 1525 572 594 80 1452 536 619 177 150 704 727 514 217 408 1210 63 785 44 525 665 105 318 54 264 48 58
leaf_count=81 1850 276 331 53 1525 572 594 80 1452 536 619 177 150 704 727 514 217 408 1210 63 785 44 525 665 105 318 54 264 48 58
internal_value=0 -0.0108561 -0.00383621 -0.0106845 0.0169704 -0.0226171 -0.0360687 0.00855408 0.025277 -0.0286743 -0.0159614 0.00467623 0.00964627 0.00179778 0.0117532 0.000132886 -0.0384533 -0.0139623 0.0151841 -0.0200785 0.00762974 -0.0220333 -0.0233679 0.00766804 0.00183911 -0.0029529 -0.0138195 -0.0468662 -0.0359385 -0.0273835
internal_weight=0 9151 7158 4610 5854 2192 1993 2548 2743 1399 1620 2217 3111 2040 2917 2418 863 551 1291 471 1489 194 1144 2190 476 423 568 587 323 275
internal_count=15005 9151 7158 4610 5854 2192 1993 2548 2743 1399 1620 2217 3111 2040 2917 2418 863 551 1291 471 1489 194 1144 2190 476 423 568 587 323 275
shrinkage=0.1


Tree=2
num_leaves=31
num_cat=0
split_feature=3 2 3 0 2 2 2 0 3 2 0 13 2 3 11 10 0 13 13 6 2 9 2 3 8 0 6 15 14 0
split_gain=226.628 102.424 52.3421 49.2606 43.541 26.8935 26.2212 22.5038 20.3655 18.333 17.7599 17.3809 16.7534 13.8421 13.1542 12.5477 12.3332 11.9422 11.7986 11.7151 11.3348 11.3336 11.2463 11.1849 11.1537 10.0772 12.5724 9.99735 9.91214 9.70493
threshold=6.5000000000000009 35.500000000000007 1.5000000000000002 34.500000000000007 23.500000000000004 38.500000000000007 6.5000000000000009 31.500000000000004 13.500000000000002 39.500000000000007 24.500000000000004 6.5000000000000009 40.500000000000007 23.500000000000004 2.5000000000000004 1.0000000180025095e-35 43.500000000000007 4.5000000000000009 15.500000000000002 1.5000000000000002 46.500000000000007 10.500000000000002 25.500000000000004 12.500000000000002 4.5000000000000009 18.500000000000004 2.5000000000000004 10.500000000000002 3.5000000000000004 41.500000000000007
decision_type=2 2 2 2 2 2 2 2 2 2 2 2 2 2 2 2 2 2 2 2 2 2 2 2 2 2 2 2 2 2
left_child=2 3 6 4 13 7 -1 15 17 10 11 -8 23 25 -13 -4 19 -6 -9 -5 -7 -10 -17 -3 -23 26 -2 -15 -28 -14
right_child=1 12 5 16 8 20 9 18 21 -11 -12 14 29 27 -16 22 -18 -19 -20 -21 -22 24 -24 -25 -26 -27 28 -29 -30 -31
leaf_value=0.066477200821933577 -0.018134491704005502 -0.011273261201718163 0.036538805635202502 -0.021329187095165254 0.0021751277041777472 -0.01290382609879675 0.02940606568933379 0.034025664849005058 -0.044958745018063982 -0.0038214432946323644 0.028869655111636638 0.020736832906168404 -0.047604514881210175 -0.0061791146701236947 0.0012755407036933225 0.0066280523873865601 0.039876513903060656 -0.017813458328478898 0.0051553941585800872 0.016010158463689313 -0.056852789010320398 0.011574511499290008 -0.0065643039796625113 -0.035044801623580306 -0.027965049307764046 0.0067465935373253409 0.059691283479332925 -0.068841440458686995 0.0014901521610237703 -0.013923624468346439
leaf_weight=117 467 372 105 100 418 363 564 397 358 338 1486 564 786 53 904 1600 178 1049 220 526 70 83 1084 423 508 1353 32 49 342 96
leaf_count=117 467 372 105 100 418 363 564 397 358 338 1486 564 786 53 904 1600 178 1049 220 526 70 83 1084 423 508 1353 32 49 342 96
internal_value=0 -0.0128075 0.0117927 -0.0062279 -0.0101315 0.00346558 0.019839 0.00644983 -0.0195024 0.0184238 0.0205611 0.0144851 -0.0344493 -0.000270748 0.00875249 0.00262666 0.0166498 -0.012118 0.0237316 0.0100454 -0.0200087 -0.0309176 0.00129999 -0.0239215 -0.0224121 0.00140341 -0.00719269 -0.0362816 0.00646993 -0.0439386
internal_weight=0 7193 7812 5516 4712 3839 3973 3406 2416 3856 3518 2032 1677 2296 1468 2789 804 1467 617 626 433 949 2684 795 591 2194 841 102 374 882
internal_count=15005 7193 7812 5516 4712 3839 3973 3406 2416 3856 3518 2032 1677 2296 1468 2789 804 1467 617 626 433 949 2684 795 591 2194 841 102 374 882
shrinkage=0.1


Tree=3
num_leaves=31
num_cat=0
split_feature=3 2 3 0 2 2 2 9 0 0 2 11 0 13 6 0 3 11 12 10 2 10 2 13 10 8 12 15 9 10
split_gain=183.569 82.9637 42.3971 40.8579 35.6455 21.963 21.2391 18.1936 16.8929 15.9326 14.8497 14.6952 14.3855 14.0785 12.6655 11.7572 11.1828 10.6549 10.114 10.4625 10.08 10.0698 9.86145 9.66107 9.585 9.76868 9.56528 9.16481 11.1687 8.92653
threshold=6.5000000000000009 35.500000000000007 1.5000000000000002 26.500000000000004 23.500000000000004 37.500000000000007 6.5000000000000009 3.5000000000000004 31.500000000000004 43.500000000000007 39.500000000000007 2.5000000000000004 24.500000000000004 6.5000000000000009 2.5000000000000004 36.500000000000007 15.500000000000002 2.5000000000000004 4.5000000000000009 1.0000000180025095e-35 14.500000000000002 2.5000000000000004 46.500000000000007 15.500000000000002 1.0000000180025095e-35 28.500000000000004 1.0000000180025095e-35 10.500000000000002 11.500000000000002 3.5000000000000004
decision_type=2 2 2 2 2 2 2 2 2 2 2 2 2 2 2 2 2 2 2 2 2 2 2 2 2 2 2 2 2 2
left_child=2 3 6 4 18 8 -1 -5 24 20 12 29 13 -8 27 16 21 -15 19 -2 -9 -13 -7 -10 -4 -26 -14 28 -6 -3
right_child=1 11 5 7 14 22 10 9 23 -11 -12 15 26 17 -16 -17 -18 -19 -20 -21 -22 -23 -24 -25 25 -27 -28 -29 -30 -31
leaf_value=0.05982948022010999 0.051544443870845592 -0.007894156245584134 0.032519563158544214 -0.02681251022964716 -0.032911722849797202 -0.010719997583446416 0.026465459020002514 0.028183090039661952 0.030882157960275963 0.03760635849286819 -0.003439298395574446 -0.023046587356933455 0.054498983905949733 0.018663150547666752 -0.013156864108657344 -0.017801710614003242 -0.057392608756154997 0.0011479867638739866 -0.031372493239385742 -0.0015407757151244892 0.0028644854330247449 -0.048292479812252251 -0.05116750972611564 0.0043298862804876312 0.0034457458493481253 -0.018168237662211258 0.023725407145857899 -0.041971592293578372 -0.002628090789463992 -0.039610128539825692
leaf_weight=117 38 349 104 160 333 434 564 175 381 169 338 353 109 564 774 256 314 904 112 1616 1550 286 70 214 2407 229 1377 397 192 119
leaf_count=117 38 349 104 160 333 434 564 175 381 169 338 353 109 564 774 256 314 904 112 1616 1550 286 70 214 2407 229 1377 397 192 119
internal_value=0 -0.0115268 0.0106134 -0.00560511 -0.0122343 0.00311902 0.0178551 0.00556839 0.00605941 0.00830384 0.0165815 -0.0310043 0.018505 0.0130366 -0.0225886 -0.0368285 -0.0419395 0.00787725 -0.00229044 -0.000321164 0.00543304 -0.034346 -0.0163377 0.0213323 0.00274285 0.00156805 0.0259827 -0.0305064 -0.0218366 -0.0159587
internal_weight=0 7193 7812 5516 3462 3839 3973 2054 3335 1894 3856 1677 3518 2032 1696 1209 953 1468 1766 1654 1725 639 504 595 2740 2636 1486 922 525 468
internal_count=15005 7193 7812 5516 3462 3839 3973 2054 3335 1894 3856 1677 3518 2032 1696 1209 953 1468 1766 1654 1725 639 504 595 2740 2636 1486 922 525 468
shrinkage=0.1


Tree=4
num_leaves=31
num_cat=0
split_feature=3 2 2 0 2 0 0 3 3 13 6 0 2 9 12 0 6 13 7 3 2 0 9 3 12 11 7 3 3 1
split_gain=149.721 92.3386 38.4249 36.7861 23.1732 20.9254 17.5403 17.4219 16.714 15.1428 13.3829 13.0734 16.4018 11.2686 11.2649 11.5661 10.873 10.7449 10.6333 9.22923 10.2516 9.18182 10.217 9.11339 9.05481 10.2192 9.01382 10.3553 8.07084 8.23834
threshold=4.5000000000000009 26.500000000000004 40.500000000000007 26.500000000000004 24.500000000000004 33.500000000000007 24.500000000000004 18.500000000000004 23.500000000000004 10.500000000000002 2.5000000000000004 36.500000000000007 46.500000000000007 7.5000000000000009 2.5000000000000004 23.500000000000004 1.5000000000000002 3.5000000000000004 27.500000000000004 13.500000000000002 37.500000000000007 7.5000000000000009 21.500000000000004 5.5000000000000009 1.5000000000000002 2.5000000000000004 15.500000000000002 26.500000000000004 17.500000000000004 24.500000000000004
decision_type=2 2 2 2 2 2 2 2 2 2 2 2 2 2 2 2 2 2 2 2 2 2 2 2 2 2 2 2 2 2
left_child=4 5 3 7 6 8 16 9 10 -3 14 12 21 -5 15 -2 -1 -18 23 -15 26 22 -6 -12 -23 -26 -21 -28 -4 -30
right_child=1 2 28 13 11 -7 -8 -9 -10 -11 18 -13 -14 19 -16 -17 17 -19 -20 20 -22 24 -24 -25 25 -27 27 -29 29 -31
leaf_value=-0.011914022812932176 -0.0049630958146205731 -0.010681491219270922 -0.030177140618866168 -0.016024864923495512 -0.0078299042853442104 0.020004281915205646 0.02898566366531663 -0.044428002480608859 -0.037626482186646298 -0.029602898180656548 0.026634465104126072 0.022769683834947187 -0.045791250015750073 0.0095578202273056013 -0.013277397010947618 0.016288855794737947 0.035334432770163467 0.012178153047959011 0.028913337312093598 -0.022956978963291061 -0.038371266492202391 0.0204384925362164 -0.087912611166636151 0.0017373645588361641 0.013833829918412872 -0.0016621020076795026 0.0170245655632894 -0.05496145649389788 -0.060657903718548782 -0.0076102337028299064
leaf_weight=161 803 1083 821 416 66 589 1063 292 116 694 166 405 66 785 852 376 231 1512 205 122 91 363 21 1286 623 1343 218 22 179 35
leaf_count=161 803 1083 821 416 66 589 1063 292 116 694 166 405 66 785 852 376 231 1512 205 122 91 363 21 1286 623 1343 218 22 179 35
internal_value=0 -0.00798943 -0.0176416 -0.0129034 0.0124891 0.00246473 0.0186954 -0.0217909 -0.000251042 -0.0180712 0.000924541 0.00611084 0.00339254 -0.00178585 -0.00451654 0.00181446 0.0129503 0.0152471 0.00759373 0.00299883 -0.00836718 0.00473614 -0.0271602 0.00458373 0.00592763 0.00324836 -0.000824719 0.0104258 -0.0346856 -0.0519819
internal_weight=0 9151 4758 3723 5854 4393 2967 2069 3804 1777 3688 2887 2482 1654 2031 1179 1904 1743 1657 1238 453 2416 87 1452 2329 1966 362 240 1035 214
internal_count=15005 9151 4758 3723 5854 4393 2967 2069 3804 1777 3688 2887 2482 1654 2031 1179 1904 1743 1657 1238 453 2416 87 1452 2329 1966 362 240 1035 214
shrinkage=0.1


Tree=5
num_leaves=31
num_cat=0
split_feature=3 2 2 2 0 0 2 13 3 0 2 14 3 10 6 3 9 3 13 15 8 11 15 5 7 10 12 7 9 12
split_gain=123.193 56.0192 31.4469 30.6442 26.4875 17.2623 15.9852 14.2347 13.7808 13.5315 12.4116 12.3703 11.791 10.9769 9.92494 9.14141 8.41315 8.93433 9.47536 8.05386 11.6086 7.97615 7.89613 7.3952 7.83836 7.33534 7.37193 7.32555 7.04269 6.99211
threshold=6.5000000000000009 23.500000000000004 24.500000000000004 40.500000000000007 26.500000000000004 25.500000000000004 46.500000000000007 8.5000000000000018 14.500000000000002 31.500000000000004 7.5000000000000009 6.5000000000000009 3.5000000000000004 1.0000000180025095e-35 1.5000000000000002 13.500000000000002 5.5000000000000009 19.500000000000004 4.5000000000000009 10.500000000000002 32.500000000000007 1.5000000000000002 24.500000000000004 4.5000000000000009 29.500000000000004 2.5000000000000004 4.5000000000000009 18.500000000000004 10.500000000000002 4.5000000000000009
decision_type=2 2 2 2 2 2 2 2 2 2 2 2 2 2 2 2 2 2 2 2 2 2 2 2 2 2 2 2 2 2
left_child=2 9 5 4 8 10 7 25 19 16 -1 -10 21 -12 -15 -6 29 18 -18 20 -3 -9 -19 24 -20 26 -4 -23 -13 -2
right_child=1 3 6 -5 15 -7 -8 12 11 -11 13 28 -14 14 -16 -17 17 22 23 -21 -22 27 -24 -25 -26 -27 -28 -29 -30 -31
leaf_value=0.037937521246763382 -0.0098564741251718664 -0.0035172804837764055 0.016987177902812008 -0.032845095139579714 0.0039977017070879908 0.024906033250618607 -0.032693682019672703 0.046080385391102284 -0.011731578568194775 0.017610035172313642 0.040221414332077883 -0.054327561366086713 -0.011651316904548429 -0.01276079451495951 0.0095125925422092899 -0.011110688612328074 0.016561387319882364 -0.0080524884010183401 -0.0049199027132760427 -0.022632025675454609 -0.050400591105745553 -0.0028182885003468351 -0.058739851529781645 0.037720774735013646 0.028669315656026206 -0.0014860604703426364 -0.014842466818980682 0.012100804542550947 -0.029969868119620408 -0.056510215486798965
leaf_weight=156 391 719 1084 882 922 1219 126 43 235 471 107 196 762 220 2207 708 458 145 943 568 57 945 39 48 75 360 78 505 301 35
leaf_count=156 391 719 1084 882 922 1219 126 43 235 471 107 196 762 220 2207 708 458 145 943 568 57 945 39 48 75 360 78 505 301 35
internal_value=0 -0.00944281 0.00869458 -0.0160926 -0.0121056 0.0150344 0.00234506 0.00351395 -0.0195967 0.00226893 0.0105609 -0.0306367 -0.00152959 0.00887554 0.00749358 -0.00256472 -0.00111704 0.00201872 0.00453179 -0.0135839 -0.00696103 0.00363636 -0.018796 -0.000636653 -0.00244525 0.0109865 0.0148506 0.00237767 -0.0395757 -0.0136895
internal_weight=0 7193 7812 4588 3706 3909 3903 3777 2076 2605 2690 732 2255 2534 2427 1630 2134 1708 1524 1344 776 1493 184 1066 1018 1522 1162 1450 497 426
internal_count=15005 7193 7812 4588 3706 3909 3903 3777 2076 2605 2690 732 2255 2534 2427 1630 2134 1708 1524 1344 776 1493 184 1066 1018 1522 1162 1450 497 426
shrinkage=0.1


Tree=6
num_leaves=31
num_cat=0
split_feature=3 2 2 0 6 6 11 0 0 13 15 3 0 3 6 8 14 14 2 1 15 0 3 0 4 13 9 2 14 5
split_gain=102.983 61.6726 27.453 27.2593 18.4067 17.1447 16.8233 16.6914 16.6267 14.568 11.2111 12.4021 10.0088 9.72971 10.3581 9.76 9.40806 8.63944 8.32224 8.81695 13.4439 8.77202 7.89345 7.84912 7.79933 7.61162 7.50554 7.35764 9.69799 7.35291
threshold=3.5000000000000004 25.500000000000004 43.500000000000007 35.500000000000007 1.5000000000000002 2.5000000000000004 2.5000000000000004 19.500000000000004 19.500000000000004 12.500000000000002 14.500000000000002 1.0000000180025095e-35 33.500000000000007 8.5000000000000018 4.5000000000000009 4.5000000000000009 3.5000000000000004 2.5000000000000004 43.500000000000007 5.5000000000000009 9.5000000000000018 37.500000000000007 11.500000000000002 14.500000000000002 2.5000000000000004 4.5000000000000009 42.500000000000007 29.500000000000004 9.5000000000000018 2.5000000000000004
decision_type=2 2 2 2 2 2 2 2 2 2 2 2 2 2 2 2 2 2 2 2 2 2 2 2 2 2 2 2 2 2
left_child=6 5 3 4 -3 7 27 25 10 13 -8 -12 17 26 15 29 -17 -7 19 20 -10 -20 -19 -11 -18 -2 -6 28 -1 -15
right_child=1 2 -4 -5 9 12 8 -9 18 23 11 -13 -14 14 -16 16 24 22 21 -21 -22 -23 -24 -25 -26 -27 -28 -29 -30 -31
leaf_value=0.030654753648465677 0.00022858083248138429 -0.030107018831412199 -0.03270092822847858 0.0060933966112485319 0.0032347867011822788 0.033223810923837985 0.0028265224343531365 0.0038411707945854735 0.017044919976806943 -0.036414788964768081 -0.0041375976574571831 -0.050164851065604921 0.025779941927183317 -0.0076051228117234642 0.016643280253328129 0.00066408429008263815 -0.034583605392186273 0.0096868867804837788 -0.027254894646731295 0.020997744378212578 -0.0057849186156418257 0.027750372159771802 -0.0048618762954521517 -0.015964605874367484 -0.014667660036897349 -0.019017653921175572 -0.049348251734461106 0.0076757257727230847 0.013786725152657029 0.037572650292090011
leaf_weight=744 296 597 630 821 889 113 861 1443 638 233 158 93 317 101 116 208 344 1075 99 964 433 41 571 965 459 672 28 411 629 56
leaf_count=744 296 597 630 821 889 113 861 1443 638 233 158 93 317 101 116 208 344 1075 99 964 433 41 571 965 459 672 28 411 629 56
internal_value=0 -0.00591901 -0.0130703 -0.0105029 -0.0139126 0.00276229 0.0115952 -0.00297362 0.0073519 -0.0110683 -0.00259482 -0.0211915 0.0094238 -0.00623832 -0.0118571 -0.0146876 -0.0182899 0.00647616 0.0124373 0.0140598 0.00781493 -0.0111462 0.0046399 -0.019942 -0.0231995 -0.0131324 0.0016292 0.0194135 0.0229272 0.00850924
internal_weight=0 9934 5447 4817 3996 4487 5071 2411 3287 3399 1112 251 2076 2201 1284 1168 1011 1759 2175 2035 1071 140 1646 1198 803 968 917 1784 1373 157
internal_count=15005 9934 5447 4817 3996 4487 5071 2411 3287 3399 1112 251 2076 2201 1284 1168 1011 1759 2175 2035 1071 140 1646 1198 803 968 917 1784 1373 157
shrinkage=0.1


Tree=7
num_leaves=31
num_cat=0
split_feature=3 2 0 3 13 2 11 13 0 2 9 11 11 7 0 2 13 13 10 15 0 8 2 6 0 3 14 14 9 1
split_gain=84.6927 53.4273 27.1302 26.4468 15.2141 15.1605 15.1113 13.0846 12.8705 12.8381 12.4042 11.039 10.9948 11.4856 10.8908 10.4203 9.78072 9.76039 9.61174 9.39402 8.98065 10.2471 8.89947 8.14194 10.8234 8.11068 8.02563 7.89743 7.71553 7.5456
threshold=2.5000000000000004 35.500000000000007 31.500000000000004 13.500000000000002 4.5000000000000009 6.5000000000000009 2.5000000000000004 1.5000000000000002 36.500000000000007 15.500000000000002 5.5000000000000009 2.5000000000000004 3.5000000000000004 15.500000000000002 19.500000000000004 22.500000000000004 8.5000000000000018 38.500000000000007 1.5000000000000002 5.5000000000000009 37.500000000000007 59.500000000000007 43.500000000000007 2.5000000000000004 8.5000000000000018 23.500000000000004 21.500000000000004 15.500000000000002 4.5000000000000009 6.5000000000000009
decision_type=2 2 2 2 2 2 2 2 2 2 2 2 2 2 2 2 2 2 2 2 2 2 2 2 2 2 2 2 2 2
left_child=5 2 3 4 10 -1 18 -7 16 17 -2 -9 13 25 -11 -4 -8 -6 -3 -20 21 22 23 -13 -25 26 29 -14 -16 -5
right_child=1 6 15 12 9 7 8 11 -10 14 -12 20 27 -15 28 -17 -18 -19 19 -21 -22 -23 -24 24 -26 -27 -28 -29 -30 -31
leaf_value=0.047022477693918374 -0.0072602978380268846 0.020575831639461029 0.020665863166089919 -0.014361046668279132 0.012153919138449574 0.03077229918515096 -0.01739283071470004 0.016400129684172145 -0.0064659118310769863 -0.013193161543774638 0.013867875551529678 -0.00088523086013756402 -0.047267921162503113 -0.0026957959735343083 -0.01623243773805684 0.0043217032762199589 -0.035228099230522475 -0.049349439806408352 0.012470557611054324 -0.018833474277535366 0.022266738584755991 -0.047635461886723837 -0.024325074638639178 -0.028906942182971587 0.014150602038204672 -0.064584806561470032 0.024718552369337815 -0.017128631299134917 0.0015906247865396202 -0.044502392903618196
leaf_weight=119 378 117 610 299 582 305 511 1392 349 1356 1049 1016 161 709 290 1082 772 27 127 391 277 39 105 62 1000 42 39 189 1495 115
leaf_count=119 378 117 610 299 582 305 511 1392 349 1356 1049 1016 161 709 290 1082 772 27 127 391 277 39 105 62 1000 42 39 189 1495 115
internal_value=0 -0.00477317 -0.00110554 -0.00395101 -0.000516746 0.0118251 -0.0184002 0.0108269 -0.0234929 -0.00386085 0.0082712 0.00926341 -0.0153919 -0.0108568 -0.00643723 0.0102141 -0.0281246 0.00942717 -0.00531143 -0.0111585 0.00528809 0.00317149 0.00407918 0.00551443 0.0116369 -0.022546 -0.0186484 -0.0309927 -0.001305 -0.0227336
internal_weight=0 10690 8423 6731 5177 4315 2267 4196 1632 3750 1427 3891 1554 1204 3141 1692 1283 609 635 518 2499 2222 2183 2078 1062 495 453 350 1785 414
internal_count=15005 10690 8423 6731 5177 4315 2267 4196 1632 3750 1427 3891 1554 1204 3141 1692 1283 609 635 518 2499 2222 2183 2078 1062 495 453 350 1785 414
shrinkage=0.1


Tree=8
num_leaves=31
num_cat=0
split_feature=3 2 11 10 10 0 3 11 0 6 12 2 0 4 6 12 9 2 15 3 4 14 2 12 10 8 7 0 15 0
split_gain=71.5896 38.6201 21.2877 19.8966 19.1399 15.4182 15.1469 13.9369 13.2575 12.1061 11.4069 11.0896 11.0128 9.6245 9.38849 9.3526 8.89403 10.7795 8.63211 9.51807 8.77033 8.62205 7.99343 8.17902 9.35323 7.77856 7.52213 7.44274 7.36624 10.1415
threshold=12.500000000000002 25.500000000000004 2.5000000000000004 1.5000000000000002 1.0000000180025095e-35 24.500000000000004 4.5000000000000009 2.5000000000000004 44.500000000000007 2.5000000000000004 1.0000000180025095e-35 23.500000000000004 21.500000000000004 1.5000000000000002 2.5000000000000004 4.5000000000000009 22.500000000000004 34.500000000000007 12.500000000000002 1.0000000180025095e-35 2.5000000000000004 6.5000000000000009 40.500000000000007 3.5000000000000004 1.0000000180025095e-35 53.500000000000007 15.500000000000002 36.500000000000007 6.5000000000000009 32.500000000000007
decision_type=2 2 2 2 2 2 2 2 2 2 2 2 2 2 2 2 2 2 2 2 2 2 2 2 2 2 2 2 2 2
left_child=1 4 11 12 -1 9 18 28 16 10 -6 15 22 -12 -9 26 17 -4 25 -20 -21 -13 23 24 -3 -5 -2 -23 29 -8
right_child=2 3 8 6 5 -7 7 14 -10 -11 13 21 -14 -15 -16 -17 -18 -19 19 20 -22 27 -24 -25 -26 -27 -28 -29 -30 -31
leaf_value=0.034597731381654742 -0.0018743067191391396 0.036637001140143281 -0.019647154245051621 0.0072179816226384912 0.050754749207269578 0.014962738198768375 0.0031428832689235952 -0.023207483239142183 0.022479361875189674 0.010773774633678247 -0.028011380316633167 0.00062847380404886996 0.016476957055491622 -9.9943533416110952e-05 -0.0079968720024754837 -0.028109438957706574 -0.0096510817086259623 -0.038884751923671627 0.0031196480261460515 -0.040273402088372288 -0.0073487350468262012 -0.025903172594391639 -0.033625720275772944 -0.024787167546360993 -0.0011141626022321762 -0.044303760329882307 0.024321122918549168 0.010863388685079722 -0.0069598653999558341 0.048964992605271887
leaf_weight=284 189 93 994 1262 42 2043 232 853 72 1568 132 368 761 1928 774 62 491 412 393 129 217 360 72 86 223 30 261 65 548 61
leaf_count=284 189 93 994 1262 42 2043 232 853 72 1568 132 368 761 1928 774 62 491 412 393 129 217 360 72 86 223 30 261 65 548 61
internal_value=0 0.00364904 -0.0130748 -0.00221878 0.00925953 0.00799994 -0.00530507 -0.0105687 -0.0196394 0.00412392 -0.000836581 -0.00317008 0.00902429 -0.00188844 -0.0159715 0.00830231 -0.021238 -0.0252843 0.00109112 -0.00752899 -0.0196241 -0.0105772 -0.00294086 0.00255494 0.00999615 0.00602166 0.013319 -0.0202801 -0.000116519 0.0126826
internal_weight=0 11731 3274 5734 5997 5713 4499 2468 1969 3670 2102 1305 1235 2060 1627 512 1897 1406 2031 739 346 793 474 402 316 1292 450 425 841 293
internal_count=15005 11731 3274 5734 5997 5713 4499 2468 1969 3670 2102 1305 1235 2060 1627 512 1897 1406 2031 739 346 793 474 402 316 1292 450 425 841 293
shrinkage=0.1


Tree=9
num_leaves=31
num_cat=0
split_feature=3 2 0 2 10 0 6 2 0 11 15 0 10 3 13 6 2 7 5 8 9 11 13 5 9 3 13 7 14 2
split_gain=60.2527 30.4653 19.568 16.7807 17.7327 17.1423 15.473 13.4108 12.2501 12.0224 10.9643 10.78 10.7674 10.3925 9.0609 8.44365 9.25645 8.16383 9.08798 9.39511 9.21152 8.05902 7.90129 9.06551 8.9503 7.87269 7.62146 7.39797 7.95989 8.57821
threshold=6.5000000000000009 39.500000000000007 24.500000000000004 35.500000000000007 1.0000000180025095e-35 11.500000000000002 2.5000000000000004 7.5000000000000009 43.500000000000007 1.5000000000000002 10.500000000000002 40.500000000000007 1.5000000000000002 1.5000000000000002 16.500000000000004 1.5000000000000002 9.5000000000000018 15.500000000000002 2.5000000000000004 19.500000000000004 19.500000000000004 3.5000000000000004 15.500000000000002 2.5000000000000004 6.5000000000000009 26.500000000000004 29.500000000000004 19.500000000000004 7.5000000000000009 22.500000000000004
decision_type=2 2 2 2 2 2 2 2 2 2 2 2 2 2 2 2 2 2 2 2 2 2 2 2 2 2 2 2 2 2
left_child=3 2 6 4 -1 -5 10 -6 12 -8 26 13 14 27 -4 -14 -17 18 20 -20 -18 -12 23 24 -15 -19 -2 28 29 -9
right_child=1 -3 8 5 7 -7 9 11 -10 -11 21 -13 15 22 -16 16 17 25 19 -21 -22 -23 -24 -25 -26 -27 -28 -29 -30 -31
leaf_value=0.028751801293524334 -0.0074579910033573064 -0.022487214205487556 0.019769258559078556 -0.045386156408410323 0.030592561447829531 -0.0011890273091329066 0.034557915080425348 0.024598911955952645 0.024966503817726068 -0.0039554655044276811 -0.019200498991159578 0.025215141090479766 -0.017032144897415662 -0.01537258352685535 -0.039270111492701938 0.039462330012485898 -0.013145831437526404 0.0058111887018149387 0.0072369574723933601 -0.031834664583206183 -0.054585227672604542 -0.044231830563461576 -0.0088682723922414476 0.0096464953026968343 0.0040060799508008713 -0.035972025927076955 -0.047818438374266331 0.018936371686792533 0.0013515653596149655 0.0053818168999486028
leaf_weight=391 1036 1034 363 95 228 1151 86 400 216 1409 519 275 337 383 28 58 241 1112 343 75 69 171 666 1154 631 47 49 614 1270 554
leaf_count=391 1036 1034 363 95 228 1151 86 400 216 1409 519 275 337 383 28 58 241 1112 343 75 69 171 666 1154 631 47 49 614 1270 554
internal_value=0 -0.00660384 -0.00393727 0.00608057 0.00809955 -0.00455879 -0.00923534 0.00679185 0.00205951 -0.00173998 -0.0155483 0.00587937 0.000208443 0.0049419 0.0155414 -0.00241872 0.000113276 -0.00109618 -0.0093954 0.000226499 -0.0223694 -0.0254039 0.000658406 0.00358496 -0.00331347 0.00411679 -0.00928072 0.00921935 0.00653668 0.0134393
internal_weight=0 7193 6159 7812 6566 1246 3270 6175 2889 1495 1775 5947 2673 5672 391 2282 1945 1887 728 418 310 690 2834 2168 1014 1159 1085 2838 2224 954
internal_count=15005 7193 6159 7812 6566 1246 3270 6175 2889 1495 1775 5947 2673 5672 391 2282 1945 1887 728 418 310 690 2834 2168 1014 1159 1085 2838 2224 954
shrinkage=0.1


Tree=10
num_leaves=31
num_cat=0
split_feature=3 2 11 10 6 10 2 0 0 0 14 2 7 6 4 12 9 2 3 15 13 0 1 13 5 14 15 6 10 4
split_gain=51.3457 27.5128 16.3929 14.9869 13.8837 13.1758 12.5724 12.3052 10.0239 9.80195 8.64395 8.61301 8.59375 8.26632 10.2673 7.42914 7.41169 7.96139 7.63126 7.29384 7.5821 8.24846 7.22362 7.20946 7.1371 7.05273 6.75959 6.51128 6.17089 6.36309
threshold=12.500000000000002 25.500000000000004 2.5000000000000004 1.0000000180025095e-35 1.5000000000000002 1.0000000180025095e-35 44.500000000000007 20.500000000000004 19.500000000000004 44.500000000000007 50.500000000000007 23.500000000000004 18.500000000000004 2.5000000000000004 1.5000000000000002 4.5000000000000009 27.500000000000004 34.500000000000007 28.500000000000004 12.500000000000002 13.500000000000002 37.500000000000007 10.500000000000002 4.5000000000000009 1.5000000000000002 6.5000000000000009 9.5000000000000018 1.0000000180025095e-35 1.5000000000000002 5.5000000000000009
decision_type=2 2 2 2 2 2 2 2 2 2 2 2 2 2 2 2 2 2 2 2 2 2 2 2 2 2 2 2 2 2
left_child=1 5 11 -3 26 -1 8 13 24 16 -9 15 19 14 -7 -2 17 -4 -18 20 -10 -22 -15 -24 -6 27 -5 -13 -14 -30
right_child=2 3 9 4 6 7 -8 10 12 -11 -12 25 28 22 -16 -17 18 -19 -20 -21 21 -23 23 -25 -26 -27 -28 -29 29 -31
leaf_value=0.028848785224934698 0.012200526502397327 0.018189095471586501 -0.016564924583729844 -0.0076483521993685648 -0.034183988764720119 -0.036203821579163728 -0.01917018396419715 0.010204903724294584 0.009487740165469322 0.019382474654250678 0.042546840836020082 -0.045126444527081089 0.029225364404839357 0.011986492460819176 -0.0010058826300265165 -0.024722905793497642 -0.0012054885923862457 -0.032335155806250564 -0.050211167676108226 -0.0079912474762775503 -0.013079776363053791 0.023418782472610478 0.029076120984263539 -0.017667871731272818 -0.0052358289942658516 -0.017684549009098726 -0.027959665192945585 0.0050429145728840552 0.0054660798488264419 0.043688759207725525
leaf_weight=284 450 350 1058 367 92 88 362 2974 880 72 85 28 154 933 1423 62 345 459 35 791 355 75 41 169 1147 425 296 340 819 46
leaf_count=284 450 350 1058 367 92 88 362 2974 880 72 85 28 154 933 1423 62 345 459 35 791 355 75 41 169 1147 425 296 340 819 46
internal_value=0 0.00309034 -0.0110729 -0.00186232 -0.00316581 0.00782579 -0.0012628 0.00678071 0.000224342 -0.0168336 0.0111036 -0.0023812 0.00324626 0.00179817 -0.0030558 0.00772933 -0.0182081 -0.0213365 -0.00571917 -0.000408747 0.00416969 -0.00671375 0.00821492 -0.00854166 -0.00738533 -0.00890906 -0.0167164 0.00122568 0.0107822 0.00749873
internal_weight=0 11731 3274 5734 5384 5997 4721 5713 4359 1969 3059 1305 3120 2654 1511 512 1897 1517 380 2101 1310 430 1143 210 1239 793 663 368 1019 865
internal_count=15005 11731 3274 5734 5384 5997 4721 5713 4359 1969 3059 1305 3120 2654 1511 512 1897 1517 380 2101 1310 430 1143 210 1239 793 663 368 1019 865
shrinkage=0.1


Tree=11
num_leaves=31
num_cat=0
split_feature=3 2 0 3 13 2 0 5 2 9 4 11 14 15 9 13 5 0 2 12 15 13 13 9 0 0 13 14 6 2
split_gain=44.2558 28.3031 19.2806 14.2284 13.1928 9.95544 9.51869 9.00027 9.89223 10.202 9.97066 8.61878 8.0204 7.77502 11.2916 7.72324 7.6566 7.57936 7.39623 6.93092 6.82408 6.69734 6.6471 10.9245 9.35379 6.62021 6.68018 6.54182 6.46384 7.85658
threshold=2.5000000000000004 37.500000000000007 31.500000000000004 23.500000000000004 4.5000000000000009 6.5000000000000009 41.500000000000007 1.5000000000000002 15.500000000000002 4.5000000000000009 1.5000000000000002 2.5000000000000004 3.5000000000000004 9.5000000000000018 16.500000000000004 38.500000000000007 4.5000000000000009 8.5000000000000018 15.500000000000002 3.5000000000000004 11.500000000000002 17.500000000000004 10.500000000000002 2.5000000000000004 42.500000000000007 14.500000000000002 21.500000000000004 52.500000000000007 1.5000000000000002 32.500000000000007
decision_type=2 2 2 2 2 2 2 2 2 2 2 2 2 2 2 2 2 2 2 2 2 2 2 2 2 2 2 2 2 2
left_child=5 2 3 4 13 -1 12 -6 15 16 -11 -7 25 14 -2 -9 19 -12 -4 -10 -14 -20 23 -13 -24 -3 -27 -23 -15 -30
right_child=1 6 18 -5 7 11 -8 8 9 10 17 22 20 28 -16 -17 -18 -19 21 -21 -22 27 24 -25 -26 26 -28 -29 29 -31
leaf_value=0.037070296366675561 0.0059757554827269566 -0.040720365842183436 0.024928896851009796 -0.029423199550619408 -0.020992916938714211 0.013859531947212298 0.0063046204980719035 0.0091510863732715397 -0.015391256307984231 -0.022598558193758916 -0.024332004189491274 -0.023073545732396714 -0.013248584043639655 -0.027808926480539731 0.035611631161247208 -0.038409492373466497 0.025415122553117966 -0.0012800965275453981 0.009635411709854283 -0.042656383707992032 -0.028239383169216332 -0.0082695958462167297 -0.0022012042138456517 0.012370454687480778 0.032175721689349131 0.0065528617654036104 -0.031038658556185275 0.033566028025092148 0.0045936868747530829 -0.023407403373310709
leaf_weight=119 805 45 225 206 346 1486 189 662 459 266 150 94 561 89 153 36 38 2904 1164 117 662 423 1371 1161 84 277 57 41 698 117
leaf_count=119 805 45 225 206 346 1486 189 662 459 266 150 94 561 89 153 36 38 2904 1164 117 662 423 1371 1161 84 277 57 41 698 117
internal_value=0 -0.0034504 -0.00114203 -0.00352905 -0.0027492 0.00854802 -0.0149201 -0.00543517 -0.00427305 -0.00621963 -0.00402964 0.00773912 -0.0174241 0.00443168 0.0107088 0.00669811 -0.0180613 -0.00241231 0.00793459 -0.0209295 -0.021363 0.00558586 0.00438306 0.00971568 -0.000216557 -0.00471366 0.000137542 -0.00457291 -0.00222043 0.000573898
internal_weight=0 10690 8899 7046 6840 4315 1791 4978 4632 3934 3320 4196 1602 1862 958 698 614 3054 1853 576 1223 1628 2710 1255 1455 379 334 464 904 815
internal_count=15005 10690 8899 7046 6840 4315 1791 4978 4632 3934 3320 4196 1602 1862 958 698 614 3054 1853 576 1223 1628 2710 1255 1455 379 334 464 904 815
shrinkage=0.1


Tree=12
num_leaves=31
num_cat=0
split_feature=3 2 6 11 3 13 11 14 7 2 10 0 0 3 5 11 0 2 2 5 6 8 15 13 8 5 8 9 9 13
split_gain=37.6508 21.8693 15.9862 15.8698 13.5093 11.7146 10.6586 10.603 9.97939 9.97811 9.87748 8.95422 8.534 7.80076 7.60362 7.54158 7.30916 8.84439 7.21211 6.97214 6.82315 8.4842 8.30537 6.62951 6.58649 6.46319 9.86701 6.44416 6.35619 6.22926
threshold=5.5000000000000009 40.500000000000007 1.0000000180025095e-35 2.5000000000000004 10.500000000000002 13.500000000000002 1.5000000000000002 15.500000000000002 16.500000000000004 13.500000000000002 1.5000000000000002 34.500000000000007 29.500000000000004 1.5000000000000002 2.5000000000000004 3.5000000000000004 23.500000000000004 25.500000000000004 16.500000000000004 4.5000000000000009 2.5000000000000004 17.500000000000004 10.500000000000002 15.500000000000002 12.500000000000002 4.5000000000000009 31.500000000000004 26.500000000000004 17.500000000000004 3.5000000000000004
decision_type=2 2 2 2 2 2 2 2 2 2 2 2 2 2 2 2 2 2 2 2 2 2 2 2 2 2 2 2 2 2
left_child=5 2 14 9 10 12 -7 15 18 -4 23 25 20 -10 -2 -6 17 -12 -8 -9 21 -1 -23 -5 -16 26 29 -15 -20 -11
right_child=1 -3 3 4 7 6 8 19 13 11 16 -13 -14 27 24 -17 -18 -19 28 -21 -22 22 -24 -25 -26 -27 -28 -29 -30 -31
leaf_value=0.0055090006501089918 -0.038130526644427606 -0.018528812866471518 0.022294581331659818 0.019333806280212515 -0.011395796542470369 0.029940815827120906 0.0083909181987538058 -0.0058224783755962579 0.011943595025922869 0.010320475904565109 -0.00071438711787027032 0.017651137118940955 0.016948929498291979 0.00041706942608335626 0.0045233951645322901 -0.028103055424417892 0.0039958514392506991 -0.021203504391406919 -0.015163382484072889 0.023421556985640263 0.011465242427528827 0.0011455173191336012 -0.03087979422198783 -0.027630703918861622 -0.02626208347933633 0.025158198694793545 -0.034087225589258918 -0.032490355769793193 0.0035765251288047205 -0.0027788388042093871
leaf_weight=1423 164 979 279 337 764 115 238 783 715 475 504 333 990 343 138 418 796 362 799 91 1422 194 139 33 140 98 87 72 234 1540
leaf_count=1423 164 979 279 337 764 115 238 783 715 475 504 333 990 343 138 418 796 362 799 91 1422 194 139 33 140 98 87 72 234 1540
internal_value=0 -0.00448952 -0.00261748 -0.00143648 -0.005414 0.00558906 0.000200722 -0.0111289 -0.00122373 0.00434593 0.000368434 0.00236895 0.00884171 0.00561365 -0.021054 -0.0173041 -0.00292119 -0.00927912 -0.00730259 -0.00277762 0.00631618 0.0021465 -0.0122224 0.0151451 -0.0109801 5.5786e-05 -0.00111455 -0.00529217 -0.0109183 0.000309089
internal_weight=0 8321 7342 6900 4088 6684 2516 2056 2401 2812 2032 2533 4168 1130 442 1182 1662 866 1271 874 3178 1756 333 370 278 2200 2102 415 1033 2015
internal_count=15005 8321 7342 6900 4088 6684 2516 2056 2401 2812 2032 2533 4168 1130 442 1182 1662 866 1271 874 3178 1756 333 370 278 2200 2102 415 1033 2015
shrinkage=0.1


Tree=13
num_leaves=31
num_cat=0
split_feature=3 6 2 11 0 5 2 15 8 2 0 2 0 13 10 2 15 6 13 11 8 13 9 2 10 13 14 7 3 13
split_gain=31.7857 18.7304 13.4154 12.3444 11.6438 11.5962 11.8344 10.9373 10.0296 8.55776 8.50841 8.29787 7.84618 7.79669 7.72881 7.36137 6.97624 6.87732 6.5853 7.59008 8.32145 10.7861 6.50501 8.14532 6.4099 9.40228 6.41036 6.36887 6.22905 8.81396
threshold=12.500000000000002 2.5000000000000004 32.500000000000007 1.5000000000000002 36.500000000000007 1.5000000000000002 40.500000000000007 65.500000000000014 62.500000000000007 23.500000000000004 24.500000000000004 8.5000000000000018 11.500000000000002 14.500000000000002 1.5000000000000002 17.500000000000004 12.500000000000002 1.5000000000000002 5.5000000000000009 3.5000000000000004 17.500000000000004 7.5000000000000009 12.500000000000002 43.500000000000007 1.5000000000000002 17.500000000000004 5.5000000000000009 30.500000000000004 11.500000000000002 10.500000000000002
decision_type=2 2 2 2 2 2 2 2 2 2 2 2 2 2 2 2 2 2 2 2 2 2 2 2 2 2 2 2 2 2
left_child=1 5 11 -2 9 -1 10 -6 12 -5 15 -3 13 -4 -12 17 -14 -7 -17 20 27 -22 -11 -24 25 -13 -26 -20 -28 -30
right_child=3 2 8 4 7 6 -8 -9 -10 22 14 24 16 -15 -16 18 -18 -19 19 -21 21 -23 23 -25 26 -27 28 -29 29 -31
leaf_value=-0.021555174395933255 0.013369266555664387 0.026534950672250698 -0.0045933599921240331 -0.0046298569095570867 0.0076426525910695394 -0.014703323345147927 -0.015507879989842575 -0.061664831265807157 -0.039860578912955066 -0.023488400354437586 0.018945348101256664 0.019289926195380377 0.0089513583177113498 -0.059240485231081642 0.0030278562208298932 0.0029625024388536523 -0.0054913089019633828 0.010451824916380701 -0.0018847884690630042 -0.020445393857115243 -0.069352427752394433 -0.012214336765142298 -0.0078084479283308892 -0.036565334522830589 0.014314305197193986 -0.031769686937332155 0.0049899888192436286 0.044878850181897488 0.0063555118792197295 -0.046959396778491508
leaf_weight=273 235 269 69 820 444 131 480 24 65 822 369 708 736 42 1760 722 613 638 997 402 38 253 817 112 764 38 2209 30 68 57
leaf_count=273 235 269 69 820 444 131 480 24 65 822 369 708 736 42 1760 722 613 638 997 402 38 253 817 112 764 38 2209 30 68 57
internal_value=0 0.00243147 0.0065854 -0.00871216 -0.0104197 -0.00141225 -0.000467406 0.00408842 -0.00142554 -0.0130606 0.000884547 0.00955566 0.000285606 -0.0252707 0.00578669 -0.00236574 0.00238846 0.00616662 -0.00505262 -0.00841711 -0.0047484 -0.0196757 -0.0170087 -0.0112754 0.00836746 0.016689 0.00636362 -0.000518762 0.00376109 -0.0179561
internal_weight=0 11731 5638 3274 3039 6093 5820 468 1525 2571 5340 4113 1460 111 2129 3211 1349 769 2442 1720 1318 291 1751 929 3844 746 3098 1027 2334 125
internal_count=15005 11731 5638 3274 3039 6093 5820 468 1525 2571 5340 4113 1460 111 2129 3211 1349 769 2442 1720 1318 291 1751 929 3844 746 3098 1027 2334 125
shrinkage=0.1


Tree=14
num_leaves=31
num_cat=0
split_feature=3 11 0 2 3 13 4 3 13 0 9 6 13 15 9 12 0 2 13 8 9 15 7 8 14 3 12 7 3 1
split_gain=27.2318 18.1376 15.8144 18.1099 11.08 9.54796 9.3933 10.1141 8.69751 9.90729 8.54439 8.11982 8.63725 7.99207 8.71225 7.96547 7.82957 7.81641 8.20952 7.69904 7.31563 7.25685 7.14934 7.10673 6.76483 6.64237 6.61707 7.11587 6.93706 6.59179
threshold=1.5000000000000002 2.5000000000000004 41.500000000000007 32.500000000000007 10.500000000000002 12.500000000000002 2.5000000000000004 16.500000000000004 5.5000000000000009 23.500000000000004 4.5000000000000009 3.5000000000000004 2.5000000000000004 9.5000000000000018 4.5000000000000009 1.0000000180025095e-35 43.500000000000007 14.500000000000002 8.5000000000000018 57.500000000000007 1.5000000000000002 11.500000000000002 47.500000000000007 15.500000000000002 17.500000000000004 15.500000000000002 1.0000000180025095e-35 18.500000000000004 19.500000000000004 1.0000000180025095e-35
decision_type=2 2 2 2 2 2 2 2 2 2 2 2 2 2 2 2 2 2 2 2 2 2 2 2 2 2 2 2 2 2
left_child=15 6 3 4 8 10 16 -8 24 13 -5 26 -13 -10 -15 -1 20 -17 -19 25 -2 23 -11 -7 -3 -12 -6 28 -28 -14
right_child=1 2 -4 5 11 21 7 -9 9 22 19 12 29 14 -16 17 -18 18 -20 -21 -22 -23 -24 -25 -26 -27 27 -29 -30 -31
leaf_value=0.025203763013583604 -0.042516911029815675 0.0029623758421637196 0.012617040599045688 -0.029615967163068808 0.036638323783874514 -0.0012961746263904731 0.0098649723942225414 -0.0072268610316995191 -0.0025740407245615029 0.0033339708134664512 0.00040715139416255515 0.043559581818787947 0.016534332091158087 -0.052559891472692077 -0.01381280430477776 0.016587762402614906 0.043518800288438797 0.010626311649499655 8.4233732990114478e-05 -0.055968157381846989 -0.002554969920381912 -0.030778919290751217 0.053892198102227576 -0.026833799983657414 0.022410490015758972 -0.020302470167374981 -0.017540065176634981 -0.0052789104233761678 -0.046002319350838664 -0.014196320837704925
leaf_weight=229 47 578 438 167 25 238 1928 422 674 787 784 46 110 69 365 587 36 1179 1978 29 1809 480 29 201 259 193 596 431 100 191
leaf_count=229 47 578 438 167 25 238 1928 422 674 787 784 46 110 69 365 587 36 1179 1978 29 1809 480 29 201 259 193 596 431 100 191
internal_value=0 -0.00255654 -0.00576143 -0.00702871 -0.00328692 -0.0146482 0.0025734 0.00679572 0.000470869 -0.00323103 -0.00866847 -0.0102084 0.00320179 -0.00938918 -0.0199731 0.00709885 -0.00267101 0.00599147 0.00402123 -0.0051911 -0.00356694 -0.0222807 0.00513077 -0.0129888 0.00898037 -0.0036839 -0.0142477 -0.0153765 -0.0216295 -0.00296585
internal_weight=0 11032 6790 6352 4260 2092 4242 2350 2761 1924 1173 1499 347 1108 434 3973 1892 3744 3157 1006 1856 919 816 439 837 977 1152 1127 696 301
internal_count=15005 11032 6790 6352 4260 2092 4242 2350 2761 1924 1173 1499 347 1108 434 3973 1892 3744 3157 1006 1856 919 816 439 837 977 1152 1127 696 301
shrinkage=0.1


Tree=15
num_leaves=31
num_cat=0
split_feature=3 6 10 2 7 15 15 11 0 15 0 4 0 13 2 6 4 3 1 0 8 10 1 8 3 3 13 1 15 9
split_gain=22.5039 16.3441 12.5326 13.8247 12.6136 12.2524 8.99746 7.84446 8.1697 7.68078 7.56753 7.94828 7.48238 7.28375 6.99039 6.97172 8.55492 6.9229 6.78133 6.75596 6.6363 6.60241 7.82728 6.75944 6.44423 6.41299 6.95287 6.34943 8.49125 6.35127
threshold=3.5000000000000004 1.0000000180025095e-35 1.0000000180025095e-35 42.500000000000007 26.500000000000004 12.500000000000002 57.500000000000007 2.5000000000000004 19.500000000000004 14.500000000000002 33.500000000000007 3.5000000000000004 42.500000000000007 5.5000000000000009 24.500000000000004 2.5000000000000004 4.5000000000000009 1.0000000180025095e-35 13.500000000000002 13.500000000000002 3.5000000000000004 3.5000000000000004 2.5000000000000004 27.500000000000004 17.500000000000004 18.500000000000004 14.500000000000002 10.500000000000002 8.5000000000000018 3.5000000000000004
decision_type=2 2 2 2 2 2 2 2 2 2 2 2 2 2 2 2 2 2 2 2 2 2 2 2 2 2 2 2 2 2
left_child=7 -2 -3 4 5 10 12 -1 9 18 11 13 25 24 -15 19 -17 -11 -9 -6 -12 23 -23 -13 -4 -7 -27 28 -10 -30
right_child=1 2 3 -5 15 6 -8 8 27 17 20 21 -14 14 -16 16 -18 -19 -20 -21 -22 22 -24 -25 -26 26 -28 -29 29 -31
leaf_value=0.010759056142360106 -0.018611326537501988 0.018140682607209645 0.005464801651367512 -0.016225520374614801 -0.029860117243868969 -0.0070904467311549875 -0.044624034315347672 0.003107341701559655 0.010034548823711693 -0.0071008150901975516 -0.016745866984128954 0.014252883724703775 0.019613867253065111 -0.0016343182960909712 -0.012788617363502813 0.020918949177618475 -0.0041527793218529294 -0.041489126445144742 -0.025620433623376099 0.003827939815257662 0.014058270699364675 -0.038639716496543283 0.0068173902285726456 -0.022603102745833221 -0.021948978304862976 -0.037049788060156928 0.00085407856484534051 0.014124595449805436 -0.029342920095362563 -0.0015598627292748655
leaf_weight=1784 611 307 977 670 70 1972 68 769 744 158 80 634 96 1177 1075 531 183 93 92 398 556 63 95 54 94 152 71 677 94 660
leaf_count=1784 611 307 977 670 70 1972 68 769 744 158 80 634 96 1177 1075 531 183 93 92 398 556 63 95 54 94 152 71 677 94 660
internal_value=0 -0.00276691 -0.00172852 -0.00240508 -0.0012956 -0.00287471 -0.00877694 0.00542033 0.00252277 -0.0044496 2.29741e-05 -0.00152707 -0.00771295 -0.0037302 -0.00695886 0.00827522 0.014493 -0.0198423 3.77072e-05 -0.00121087 0.0101835 0.00712661 -0.0113079 0.0113601 0.00305874 -0.0089081 -0.0249817 0.0060875 0.00245525 -0.00502353
internal_weight=0 9934 9323 9016 8346 7164 2359 5071 3287 1112 4805 4169 2291 3323 2252 1182 714 251 861 468 636 846 158 688 1071 2195 223 2175 1498 754
internal_count=15005 9934 9323 9016 8346 7164 2359 5071 3287 1112 4805 4169 2291 3323 2252 1182 714 251 861 468 636 846 158 688 1071 2195 223 2175 1498 754
shrinkage=0.1


Tree=16
num_leaves=31
num_cat=0
split_feature=2 11 3 12 15 8 7 6 7 0 5 7 15 12 5 3 14 5 15 9 3 0 8 0 0 14 14 10 2 8
split_gain=20.4628 14.7439 16.3686 9.15466 9.0089 10.8549 10.3685 8.48342 7.91123 7.79358 7.03134 10.8028 9.65023 6.89439 7.7596 6.25675 5.93266 5.9116 5.89361 8.16829 5.88126 5.82106 8.95071 5.81304 5.98262 5.66515 5.16105 6.08892 5.15381 5.1616
threshold=23.500000000000004 1.5000000000000002 14.500000000000002 1.0000000180025095e-35 10.500000000000002 31.500000000000004 27.500000000000004 1.5000000000000002 15.500000000000002 36.500000000000007 2.5000000000000004 16.500000000000004 18.500000000000004 2.5000000000000004 1.5000000000000002 1.5000000000000002 11.500000000000002 1.5000000000000002 20.500000000000004 22.500000000000004 23.500000000000004 16.500000000000004 7.5000000000000009 11.500000000000002 7.5000000000000009 30.500000000000004 3.5000000000000004 1.0000000180025095e-35 35.500000000000007 4.5000000000000009
decision_type=2 2 2 2 2 2 2 2 2 2 2 2 2 2 2 2 2 2 2 2 2 2 2 2 2 2 2 2 2 2
left_child=3 20 4 -1 5 16 10 21 13 -4 11 25 -13 14 -9 -10 17 -3 -14 -20 -2 22 -5 24 -7 -6 -15 -28 -12 -30
right_child=1 2 9 7 6 23 -8 8 15 -11 28 12 18 26 -16 -17 -18 -19 19 -21 -22 -23 -24 -25 -26 -27 27 -29 29 -31
leaf_value=0.024611920497759624 0.022153634730094858 -0.028054566030770962 -0.016109106931166201 -0.065346234731185129 -0.020880294821606703 -0.010479283073674078 0.0064156590855639923 -0.024988285738688248 0.015655023703292081 0.002693729384830504 0.00049570212590835285 0.012368748585383098 -0.067572554816370423 0.013661495326681339 0.0074192167807902616 0.0053790677438532311 0.00930649629384416 0.0012543176448837456 -0.024123881848490972 0.046002025008201601 -0.029363646109898885 -0.0011878300762298158 -0.011047161800147844 -0.010264620561462018 -0.08049461291386531 -0.074931287616491316 0.031179387976483605 -0.0080856546912082411 0.028499398500688618 -0.013365449352863488
leaf_weight=216 289 71 1336 39 637 23 575 78 876 264 931 216 23 141 1400 1831 1089 2240 98 20 24 392 137 277 26 20 41 1075 31 589
leaf_count=216 289 71 1336 39 637 23 575 78 876 264 931 216 23 141 1400 1831 1089 2240 98 20 24 392 137 277 26 20 41 1075 31 589
internal_value=0 -0.0031099 -0.00389788 0.00438513 -0.00177525 0.00155002 -0.0057211 0.00365818 0.00487197 -0.0130066 -0.00844182 -0.0149172 -0.000914899 0.00107874 0.00570894 0.00870442 0.00322134 0.000353872 -0.0212643 -0.0122381 0.0182034 -0.00797112 -0.0230793 -0.0158809 -0.0476303 -0.0225257 -0.00436552 -0.00664312 -0.00420843 -0.0112722
internal_weight=0 8779 8466 6226 6866 3726 3140 6010 5442 1600 2565 1014 357 2735 1478 2707 3400 2311 141 118 313 568 176 326 49 657 1257 1116 1551 620
internal_count=15005 8779 8466 6226 6866 3726 3140 6010 5442 1600 2565 1014 357 2735 1478 2707 3400 2311 141 118 313 568 176 326 49 657 1257 1116 1551 620
shrinkage=0.1


Tree=17
num_leaves=31
num_cat=0
split_feature=6 11 3 13 0 8 12 5 15 2 11 1 4 2 0 3 12 10 8 15 0 4 2 7 15 4 2 7 10 0
split_gain=17.3246 17.5619 14.6774 13.1728 7.63858 11.4904 7.62898 7.42182 12.9625 7.27499 6.45033 9.48152 6.91539 6.79581 6.99081 6.66934 6.4181 6.39938 8.09982 6.20099 9.3886 6.05318 5.96307 5.82054 6.31135 5.56157 5.41767 6.8063 5.41328 5.383
threshold=1.5000000000000002 1.5000000000000002 12.500000000000002 8.5000000000000018 42.500000000000007 58.500000000000007 4.5000000000000009 2.5000000000000004 9.5000000000000018 47.500000000000007 3.5000000000000004 17.500000000000004 3.5000000000000004 37.500000000000007 34.500000000000007 23.500000000000004 1.5000000000000002 1.5000000000000002 64.500000000000014 11.500000000000002 11.500000000000002 5.5000000000000009 10.500000000000002 15.500000000000002 34.500000000000007 1.5000000000000002 15.500000000000002 20.500000000000004 2.5000000000000004 43.500000000000007
decision_type=2 2 2 2 2 2 2 2 2 2 2 2 2 2 2 2 2 2 2 2 2 2 2 2 2 2 2 2 2 2
left_child=7 -2 3 6 5 9 17 8 -1 19 13 22 -13 14 15 23 -9 -3 25 26 -21 -22 -12 -4 -25 28 -5 -28 -19 -18
right_child=1 2 10 4 -6 -7 -8 16 -10 -11 11 12 -14 -15 -16 -17 29 18 -20 20 21 -23 -24 24 -26 -27 27 -29 -30 -31
leaf_value=-0.0059372282057416209 0.017628068047074171 0.013257497333460669 -0.0089919626712799076 0.010955522701901905 0.015644426438315161 -0.03615994065379103 -0.010224499786799809 0.012230287151893384 -0.033789445654663519 -0.035301821126091863 0.026529441829080937 0.03495725422609048 -0.01285732905069987 -0.015937166034998979 0.01543875406476743 -0.02607305193769521 -0.0094189690106927793 0.0014330260958408288 -0.057172430980773209 -0.030252852112474578 -0.0044590991827157828 0.033130436187440701 -0.021547103260868585 0.0032343072995339355 0.048845354467630386 0.0064945761211320438 -0.0024330065497263822 0.0099104218487543749 -0.029816644709734691 0.026437854089520197
leaf_weight=408 624 1251 491 531 261 96 265 197 283 62 27 61 60 338 239 116 864 163 21 142 1625 44 580 584 32 2651 2307 554 84 44
leaf_count=408 624 1251 491 531 261 96 265 197 283 62 27 61 60 338 239 116 864 163 21 142 1625 44 580 584 32 2651 2307 554 84 44
internal_value=0 0.00125295 0.000441021 0.00215321 -0.00106124 -0.00187455 0.00622799 -0.00921501 -0.0173441 -0.0012494 -0.0063705 -0.0143133 0.0112475 -0.00315808 -0.000203679 -0.00326054 -0.00413154 0.00727353 0.00470897 -0.000843627 -0.00556831 -0.00346812 -0.0194086 -0.000870069 0.00560371 0.00515739 0.00167889 -4.28425e-05 -0.00919439 -0.00768141
internal_weight=0 13209 12585 10057 5622 5361 4435 1796 691 5265 2528 728 121 1800 1462 1223 1105 4170 2919 5203 1811 1669 607 1107 616 2898 3392 2861 247 908
internal_count=15005 13209 12585 10057 5622 5361 4435 1796 691 5265 2528 728 121 1800 1462 1223 1105 4170 2919 5203 1811 1669 607 1107 616 2898 3392 2861 247 908
shrinkage=0.1


Tree=18
num_leaves=31
num_cat=0
split_feature=6 3 2 11 9 14 0 5 11 10 2 15 15 3 15 8 8 8 15 4 8 3 8 0 3 3 11 8 1 10
split_gain=16.2633 11.8343 10.4128 9.31213 7.61201 11.715 6.91017 6.53345 7.04574 6.10972 6.06834 6.06221 5.80843 5.65078 6.47032 5.58081 6.02292 5.4537 5.36341 5.51561 5.23325 5.80908 5.73744 7.06299 5.12271 7.56245 5.21072 5.07402 5.66607 5.17137
threshold=2.5000000000000004 4.5000000000000009 32.500000000000007 2.5000000000000004 11.500000000000002 16.500000000000004 32.500000000000007 2.5000000000000004 3.5000000000000004 1.5000000000000002 13.500000000000002 73.500000000000014 6.5000000000000009 15.500000000000002 5.5000000000000009 22.500000000000004 2.5000000000000004 16.500000000000004 29.500000000000004 2.5000000000000004 67.500000000000014 24.500000000000004 35.500000000000007 10.500000000000002 11.500000000000002 9.5000000000000018 4.5000000000000009 64.500000000000014 17.500000000000004 3.5000000000000004
decision_type=2 2 2 2 2 2 2 2 2 2 2 2 2 2 2 2 2 2 2 2 2 2 2 2 2 2 2 2 2 2
left_child=1 6 7 10 5 -5 12 15 11 -10 -3 20 -1 -6 -15 16 -2 -14 19 -17 21 22 -9 -24 25 26 -18 28 -11 -30
right_child=2 3 -4 4 13 -7 -8 8 9 27 -12 -13 17 14 -16 18 24 -19 -20 -21 -22 -23 23 -25 -26 -27 -28 -29 29 -31
leaf_value=0.0052897697592626759 0.019539647307488826 0.018472425244292434 -0.0025183819211397388 -0.019038955910825262 0.001933653665495398 -0.0019167049183058983 0.013249158796476418 0.014987065888492671 0.017698682772146691 -0.0049707417572494106 -0.0026103750501209112 -0.036576368391513826 -0.00054330154491592287 0.0096305525515760701 -0.026556047229539782 -0.0044683230993075255 -0.0021288703674150456 -0.014503554079909714 -0.019776293943668234 0.03980762766729487 0.057545444140067473 -0.026331079790466713 -0.052991084337234498 0.0041633731406182052 -0.010592589970283246 0.023197567885791935 0.023277689447236617 -0.04699541318416596 -0.00032840615735863746 0.04549671087575996
leaf_weight=1072 154 147 2108 1275 697 582 451 1694 185 565 1916 25 978 70 168 39 1316 392 29 101 26 38 25 160 434 148 86 25 53 46
leaf_count=1072 154 147 2108 1275 697 582 451 1694 185 565 1916 25 978 70 168 39 1316 392 29 101 26 38 25 160 434 148 86 25 53 46
internal_value=0 -0.00318617 0.00340175 -0.00620304 -0.00996766 -0.0136727 0.00187669 0.00582545 0.00903483 0.00156332 -0.00110811 0.012353 -0.000223632 -0.00260911 -0.0159129 0.0018718 0.000488985 -0.00453777 0.0193656 0.0274736 0.0129825 0.0123781 0.013161 -0.0035602 -0.000989746 0.00169905 -0.000570408 -0.0027691 -0.00110395 0.0209641
internal_weight=0 7748 7257 4855 2792 1857 2893 5149 2842 874 2063 1968 2442 935 238 2307 2138 1370 169 140 1943 1917 1879 185 1984 1550 1402 689 664 99
internal_count=15005 7748 7257 4855 2792 1857 2893 5149 2842 874 2063 1968 2442 935 238 2307 2138 1370 169 140 1943 1917 1879 185 1984 1550 1402 689 664 99
shrinkage=0.1


Tree=19
num_leaves=31
num_cat=0
split_feature=10 2 6 11 3 0 14 0 2 14 12 14 8 0 6 7 15 0 13 8 4 8 14 15 8 8 15 8 15 0
split_gain=14.7285 13.5475 9.03931 8.6743 8.64483 7.25194 7.26048 6.75765 7.81322 6.55312 6.55205 7.48823 6.71173 5.90935 5.83732 5.40606 12.0046 11.2401 8.87518 5.65007 5.48706 5.47541 5.58384 14.6904 7.29291 8.58076 5.94078 5.61985 5.32662 6.06348
threshold=1.0000000180025095e-35 23.500000000000004 1.0000000180025095e-35 1.5000000000000002 18.500000000000004 20.500000000000004 7.5000000000000009 36.500000000000007 43.500000000000007 50.500000000000007 2.5000000000000004 16.500000000000004 8.5000000000000018 42.500000000000007 1.5000000000000002 16.500000000000004 12.500000000000002 19.500000000000004 15.500000000000002 63.500000000000007 1.5000000000000002 6.5000000000000009 7.5000000000000009 9.5000000000000018 14.500000000000002 9.5000000000000018 2.5000000000000004 21.500000000000004 6.5000000000000009 26.500000000000004
decision_type=2 2 2 2 2 2 2 2 2 2 2 2 2 2 2 2 2 2 2 2 2 2 2 2 2 2 2 2 2 2
left_child=-1 5 -3 -4 7 6 -2 8 15 -7 14 -12 -13 28 -8 16 18 -17 -5 -19 -18 -20 24 27 25 -23 -26 -24 29 -6
right_child=1 2 3 4 13 9 10 -9 -10 -11 11 12 -14 -15 -16 17 20 19 21 -21 -22 22 23 -25 26 -27 -28 -29 -30 -31
leaf_value=0.013904508506429606 0.0067863529320368252 -0.016590076544578527 0.01515185796416825 0.0028740637140832978 -0.018750849621636527 0.0053592417024164547 -0.020368779725856611 0.0055812416470002553 -0.015568921137252618 0.031622086587000865 -0.017892446803320819 0.025524948147081197 -0.0069288284771821711 0.020547173204629319 0.0039529380048085655 -0.0085330292187779152 -0.037247207105814757 0.0072838676095808913 -0.034757983485857645 -0.03518456742167473 -0.01153174790451808 0.018638774156570434 0.0090098331070909612 -0.073456567004323001 -0.018476910482753406 -0.036842566633981375 0.041760965064167981 -0.029577049466430166 -0.02280470921507485 0.017177194041364332
leaf_weight=725 859 483 269 1638 105 3113 111 988 481 98 542 84 264 46 889 755 91 1490 90 32 941 50 99 40 22 63 64 61 427 85
leaf_count=725 859 483 269 1638 105 3113 111 988 481 98 542 84 264 46 889 755 91 1490 90 32 941 50 99 40 22 63 64 61 427 85
internal_value=0 -0.000705936 -0.00331285 -0.00249457 -0.0031218 0.00293325 -0.00083671 -0.00207452 -0.00335285 0.00616079 -0.00430137 -0.0105425 0.000904842 -0.014029 0.00125323 -0.00227192 -0.00494929 0.00144252 -0.000655348 0.00639097 -0.0137993 -0.0124778 -0.00745219 -0.0192524 0.00440737 -0.0122933 0.0263513 -0.00570142 -0.0166068 -0.00267778
internal_weight=0 14280 8320 7837 7568 5960 2749 6905 5917 3211 1890 890 348 663 1000 5436 3159 2277 2127 1522 1032 489 399 200 199 113 86 160 617 190
internal_count=15005 14280 8320 7837 7568 5960 2749 6905 5917 3211 1890 890 348 663 1000 5436 3159 2277 2127 1522 1032 489 399 200 199 113 86 160 617 190
shrinkage=0.1


Tree=20
num_leaves=31
num_cat=0
split_feature=12 6 3 2 2 14 9 5 2 11 4 4 10 0 10 12 5 13 3 1 15 14 0 8 15 7 1 3 8 13
split_gain=14.0344 12.4447 8.63959 8.29498 7.14883 6.85004 6.75547 9.80099 7.64508 7.75559 6.0693 6.4222 5.97826 7.63432 6.0053 5.91888 5.6003 8.21468 7.81535 6.93182 10.1889 6.31893 5.56256 5.5439 5.41816 8.11639 7.30983 5.23363 5.25182 5.52571
threshold=1.0000000180025095e-35 2.5000000000000004 4.5000000000000009 43.500000000000007 8.5000000000000018 7.5000000000000009 11.500000000000002 1.5000000000000002 22.500000000000004 3.5000000000000004 5.5000000000000009 2.5000000000000004 1.5000000000000002 10.500000000000002 4.5000000000000009 4.5000000000000009 2.5000000000000004 12.500000000000002 19.500000000000004 17.500000000000004 57.500000000000007 55.500000000000007 41.500000000000007 10.500000000000002 5.5000000000000009 16.500000000000004 4.5000000000000009 12.500000000000002 21.500000000000004 37.500000000000007
decision_type=2 2 2 2 2 2 2 2 2 2 2 2 2 2 2 2 2 2 2 2 2 2 2 2 2 2 2 2 2 2
left_child=-1 2 -2 4 -3 12 7 -4 9 15 11 -8 13 -6 -14 24 18 23 21 22 -21 -7 -19 -18 25 26 -9 -13 29 -29
right_child=1 3 6 -5 5 16 10 8 -10 -11 -12 27 14 -15 -16 -17 17 19 -20 20 -22 -23 -24 -25 -26 -27 -28 28 -30 -31
leaf_value=0.014489089061971756 0.00096453027887268515 0.018348666201035185 -0.032385891640257694 -0.011706618417282495 -0.018109327497390602 -0.0035220167936399734 -0.0071263002955930651 -0.024941595975893089 -0.011274258874744716 -0.018776355910051556 -0.041458855403794181 0.012574719070904636 0.0026690538042998301 0.02283156972977381 0.022795233404709517 -0.026736819744110109 0.017771448378621695 -0.010640991508458437 -0.028219236069776884 0.020741135062097196 -0.048578343664606415 0.03451427035861545 0.018343841621320543 0.0039319071031752089 0.012295878195032783 0.01920951190747713 0.025953399170847505 0.0061573838422957217 -0.028146953617825227 -0.041874278394075544
leaf_weight=640 2766 300 167 392 52 1485 697 166 1882 191 36 493 1639 367 163 60 426 712 127 182 24 45 73 903 490 95 34 304 68 26
leaf_count=640 2766 300 167 392 52 1485 697 166 1882 191 36 493 1639 367 163 60 426 712 127 182 24 45 73 903 490 95 34 304 68 26
internal_value=0 -0.000645529 -0.00347134 0.00242022 0.00327243 0.0025427 -0.00607691 -0.00882499 -0.00747658 -0.000577701 -0.000856584 6.38702e-05 0.00699131 0.0177506 0.00448957 0.00353584 5.83289e-05 0.00322969 -0.00438195 -0.00366123 0.0126651 -0.0024033 -0.00794559 0.00836806 0.00584967 -0.00485758 -0.0162894 0.0056885 -0.00284141 0.00237307
internal_weight=0 14365 7475 6890 6498 6198 4709 3085 2918 1036 1624 1588 2221 419 1802 845 3977 2320 1657 991 206 1530 785 1329 785 295 200 891 398 330
internal_count=15005 14365 7475 6890 6498 6198 4709 3085 2918 1036 1624 1588 2221 419 1802 845 3977 2320 1657 991 206 1530 785 1329 785 295 200 891 398 330
shrinkage=0.1


Tree=21
num_leaves=31
num_cat=0
split_feature=11 3 5 10 14 4 14 8 0 2 0 13 13 5 6 3 14 4 2 13 14 5 12 2 7 15 14 8 2 13
split_gain=12.7283 11.9396 9.12014 9.2893 8.89361 8.21481 7.8918 7.68361 7.64309 7.24122 7.2391 6.36257 6.3353 6.22678 5.83593 5.70456 5.43245 6.03672 6.25467 6.1924 5.41716 5.36918 5.46595 5.73821 8.11414 5.1351 5.1393 5.11331 5.32001 5.057
threshold=2.5000000000000004 10.500000000000002 1.5000000000000002 1.5000000000000002 15.500000000000002 2.5000000000000004 4.5000000000000009 59.500000000000007 19.500000000000004 40.500000000000007 41.500000000000007 18.500000000000004 8.5000000000000018 4.5000000000000009 4.5000000000000009 16.500000000000004 13.500000000000002 1.5000000000000002 43.500000000000007 9.5000000000000018 17.500000000000004 1.5000000000000002 1.0000000180025095e-35 23.500000000000004 15.500000000000002 19.500000000000004 7.5000000000000009 32.500000000000007 32.500000000000007 15.500000000000002
decision_type=2 2 2 2 2 2 2 2 2 2 2 2 2 2 2 2 2 2 2 2 2 2 2 2 2 2 2 2 2 2
left_child=5 2 8 11 14 21 -7 16 -2 -10 -9 -4 -8 -6 -3 -14 17 19 -19 -5 -17 -1 -23 24 29 -20 -27 -25 -29 -24
right_child=1 4 3 7 13 6 12 10 9 -11 -12 -13 15 -15 -16 20 -18 18 25 -21 -22 22 23 27 -26 26 -28 28 -30 -31
leaf_value=-0.019028785753817785 -0.033591858783943787 -0.014733805796604145 0.0097607420093845584 -0.035818893557245081 -0.0040585943147540089 0.015377128644816902 0.010082594136081915 -0.041902648537983131 -0.011203935354539793 0.045168986364647196 0.023982895130202884 -0.021630021579125348 0.0020886243012252447 0.018388761854763572 0.0090879100937027116 -0.027661419189893285 0.003865722521687999 -0.0007691917992399003 -0.03135284706950188 -0.0007647090461305393 0.012932638553055851 0.031256290067706194 -0.0035586025492240318 -0.0035360020168737519 0.01699359571208825 -0.018334259475980486 0.044240962465604147 -0.057517570015546443 -0.0027220203596002917 0.019758819240444113
leaf_weight=147 144 1399 1280 110 1000 853 993 81 146 27 21 68 1101 141 111 130 1749 2789 124 93 44 57 759 1035 370 35 21 37 34 106
leaf_count=147 144 1399 1280 110 1000 853 993 81 146 27 21 68 1101 141 111 130 1749 2789 124 93 44 57 759 1035 370 35 21 37 34 106
internal_value=0 -0.00226859 -1.74522e-05 0.000806266 -0.0079478 0.00373921 0.00717761 -0.00117185 -0.0165724 -0.00240585 -0.028338 0.00817723 0.00409376 -0.00128464 -0.0129827 -0.000570489 -0.000608762 -0.00307593 -0.00193522 -0.0197596 -0.0173963 -0.000477406 0.000659814 -8.51666e-05 0.00460007 -0.0200022 0.00513145 -0.00531687 -0.0312774 -0.000701208
internal_weight=0 9339 6688 6371 2651 5666 3121 5023 317 173 102 1348 2268 1141 1510 1275 4921 3172 2969 203 174 2545 2398 2341 1235 180 56 1106 71 865
internal_count=15005 9339 6688 6371 2651 5666 3121 5023 317 173 102 1348 2268 1141 1510 1275 4921 3172 2969 203 174 2545 2398 2341 1235 180 56 1106 71 865
shrinkage=0.1


Tree=22
num_leaves=31
num_cat=0
split_feature=12 6 11 3 2 13 5 15 0 5 14 4 11 4 14 8 13 14 13 12 10 7 12 0 3 15 2 0 13 0
split_gain=10.8064 10.418 9.87467 9.42271 7.48326 7.21347 6.77966 7.74367 6.63486 7.65124 6.4885 7.70383 6.28157 5.91687 5.64994 5.57362 7.27111 5.25102 5.00882 4.86799 4.80817 4.76151 4.62535 6.48427 4.62023 4.41079 4.39811 4.60792 4.24508 4.24454
threshold=1.0000000180025095e-35 1.5000000000000002 2.5000000000000004 10.500000000000002 14.500000000000002 8.5000000000000018 2.5000000000000004 9.5000000000000018 23.500000000000004 1.5000000000000002 10.500000000000002 2.5000000000000004 1.5000000000000002 5.5000000000000009 45.500000000000007 66.500000000000014 56.500000000000007 39.500000000000007 10.500000000000002 5.5000000000000009 1.0000000180025095e-35 20.500000000000004 4.5000000000000009 34.500000000000007 7.5000000000000009 28.500000000000004 22.500000000000004 14.500000000000002 28.500000000000004 43.500000000000007
decision_type=2 2 2 2 2 2 2 2 2 2 2 2 2 2 2 2 2 2 2 2 2 2 2 2 2 2 2 2 2 2
left_child=18 6 4 5 -3 19 7 21 9 28 11 -6 -13 15 20 16 -10 -11 -1 26 -5 -2 25 -24 -20 -12 -4 -28 -7 -8
right_child=1 2 3 14 10 8 29 -9 13 17 22 12 -14 -15 -16 -17 -18 -19 24 -21 -22 -23 23 -25 -26 -27 27 -29 -30 -31
leaf_value=0.02164407208185843 -0.012005926250998951 0.013814697166283927 0.010590453588225869 0.017918444826052742 -0.0002905277664730272 -0.046267739448645345 -0.0044378357579508629 -0.028434744699204224 0.00018121489116437633 -0.0043087582344269208 -0.0024946363034752082 0.026254537883498859 0.0076031713295746824 0.043759214426531939 0.010639357696408811 -0.03907473963849685 0.029449537396430969 -0.03496830766570979 0.011785450234877325 -0.036192651555455965 -0.00973258965495577 0.016897236230507703 -0.034248734353691017 0.02224180709857207 -0.014305674783962288 0.027225098873560245 -0.010984838381409645 0.0041413369936684069 0.0038431082259524959 0.024862916309099932
leaf_weight=317 289 669 890 65 1281 73 1004 282 1492 1515 1259 213 1186 33 161 34 90 58 226 29 1934 71 93 26 97 52 240 1252 22 52
leaf_count=317 289 669 890 65 1281 73 1004 282 1492 1515 1259 213 1186 33 161 34 90 58 226 29 1934 71 93 26 97 52 240 1252 22 52
internal_value=0 -0.000566448 0.000419538 -0.00175371 0.0040066 0.000368702 -0.00792186 -0.0160259 -0.00265679 -0.00710367 0.0024101 0.00531247 0.0104429 0.00184132 -0.00738203 0.000985328 0.00184629 -0.00543924 0.0127141 0.00453111 -0.00883348 -0.00630558 -0.00302929 -0.0219063 0.00395003 -0.00131582 0.00502691 0.00170817 -0.0346631 -0.002995
internal_weight=0 14365 12667 7888 4779 5728 1698 642 3317 1668 4110 2680 1399 1649 2160 1616 1582 1573 640 2411 1999 360 1430 119 323 1311 2382 1492 95 1056
internal_count=15005 14365 12667 7888 4779 5728 1698 642 3317 1668 4110 2680 1399 1649 2160 1616 1582 1573 640 2411 1999 360 1430 119 323 1311 2382 1492 95 1056
shrinkage=0.1


Tree=23
num_leaves=31
num_cat=0
split_feature=2 5 0 0 11 14 8 12 5 7 10 9 1 0 3 0 3 13 11 6 7 8 11 15 10 4 13 6 0 1
split_gain=9.82096 9.36804 8.27156 6.79629 7.85591 7.15434 9.19607 6.47292 7.7112 7.13661 6.41836 6.80032 6.61785 6.30756 6.2546 5.7744 6.13513 8.3038 5.66343 6.96711 6.25445 5.58484 5.05646 6.44965 4.84347 4.72061 6.06288 4.71646 4.64915 4.6175
threshold=35.500000000000007 2.5000000000000004 10.500000000000002 42.500000000000007 3.5000000000000004 43.500000000000007 3.5000000000000004 4.5000000000000009 1.0000000180025095e-35 15.500000000000002 1.5000000000000002 12.500000000000002 5.5000000000000009 13.500000000000002 16.500000000000004 18.500000000000004 7.5000000000000009 4.5000000000000009 2.5000000000000004 1.0000000180025095e-35 34.500000000000007 4.5000000000000009 4.5000000000000009 5.5000000000000009 1.5000000000000002 1.5000000000000002 24.500000000000004 3.5000000000000004 16.500000000000004 12.500000000000002
decision_type=2 2 2 2 2 2 2 2 2 2 2 2 2 2 2 2 2 2 2 2 2 2 2 2 2 2 2 2 2 2
left_child=1 7 24 4 15 6 -6 8 -1 27 11 -4 -13 -7 -8 16 -3 -18 21 -20 -21 28 23 -12 -2 26 -17 -10 -11 -19
right_child=2 3 10 -5 5 13 14 -9 9 18 22 12 -14 -15 -16 25 17 29 19 20 -22 -23 -24 -25 -26 -27 -28 -29 -30 -31
leaf_value=-0.050745126605033879 -0.055487279522986648 0.0051267247547068422 -0.0051053749932099598 0.017479055337717108 0.050728444189860902 -0.035819479145786981 -0.0042804256607692015 -0.016008276643316732 -0.0066490797014131606 -0.0053061962127685554 0.0026762538152646695 0.031375253293663266 0.0017815126563018224 0.020836261190150099 -0.0285392418374186 0.00044659629142541679 0.010700151050017655 -0.012251493890406723 -0.035537240015608922 -0.0021319276537879349 0.018051158264279367 0.0050111532481944459 0.0088221718514631241 -0.011146912032980736 -0.016892485848317543 0.0086726814165766827 -0.045517947338521485 0.0042177852385029769 0.030908961299650685 -0.046259558995564783
leaf_weight=31 42 857 317 341 29 22 1402 306 2001 45 437 144 159 184 115 278 163 354 56 1203 176 819 197 1483 144 2957 32 499 167 45
leaf_count=31 42 857 317 341 29 22 1402 306 2001 45 437 144 159 184 115 278 163 354 56 1203 176 819 197 1483 144 2957 32 499 167 45
internal_value=0 0.00125836 -0.00520132 0.00372118 0.00299247 -0.00272043 -0.00505307 -0.00188995 -0.00102539 -0.000715017 -0.00381457 0.0051337 0.0158459 0.0147856 -0.00611943 0.00512841 -0.000198014 -0.00831777 0.00310193 -0.000960133 0.000444014 0.00875572 -0.00643523 -0.0080007 -0.0256074 0.0074419 -0.00429813 -0.00448005 0.0232218 -0.016087
internal_weight=0 12082 2923 6779 6438 1752 1546 5303 4997 4966 2737 620 303 206 1517 4686 1419 562 2466 1435 1379 1031 2117 1920 186 3267 310 2500 212 399
internal_count=15005 12082 2923 6779 6438 1752 1546 5303 4997 4966 2737 620 303 206 1517 4686 1419 562 2466 1435 1379 1031 2117 1920 186 3267 310 2500 212 399
shrinkage=0.1


Tree=24
num_leaves=31
num_cat=0
split_feature=10 3 0 13 9 2 6 4 2 15 3 2 10 8 0 12 4 9 13 9 11 7 3 12 0 2 13 13 6 7
split_gain=9.07816 8.28681 7.40238 6.77655 7.12411 7.23487 5.84894 6.63103 5.4056 6.33589 4.69667 4.59447 4.49144 4.47253 4.41328 4.26434 4.41196 4.45754 5.44963 4.3314 4.25926 6.08556 4.8876 4.18643 5.52818 4.23728 4.13674 5.54393 4.07831 4.53799
threshold=1.0000000180025095e-35 1.5000000000000002 40.500000000000007 18.500000000000004 2.5000000000000004 31.500000000000004 2.5000000000000004 3.5000000000000004 18.500000000000004 12.500000000000002 23.500000000000004 8.5000000000000018 3.5000000000000004 3.5000000000000004 19.500000000000004 4.5000000000000009 5.5000000000000009 11.500000000000002 15.500000000000002 13.500000000000002 2.5000000000000004 25.500000000000004 3.5000000000000004 3.5000000000000004 20.500000000000004 27.500000000000004 31.500000000000004 24.500000000000004 1.0000000180025095e-35 17.500000000000004
decision_type=2 2 2 2 2 2 2 2 2 2 2 2 2 2 2 2 2 2 2 2 2 2 2 2 2 2 2 2 2 2
left_child=23 -2 3 6 26 -6 7 10 9 12 14 -8 -9 -4 28 16 17 18 -10 -19 21 22 -13 -1 25 -25 27 -5 29 -3
right_child=1 2 13 4 5 -7 11 8 15 -11 -12 20 -14 -15 -16 -17 -18 19 -20 -21 -22 -23 -24 24 -26 -27 -28 -29 -30 -31
leaf_value=0.01570374850248326 0.0035636176112440717 -0.040254635435630043 -0.017885763381348282 -0.040036645595063557 -0.00095972135262537928 -0.013491183871505273 0.021029936040149019 0.043341186944018589 0.0021056496293136951 -0.0092751982808113101 -0.033620546311140059 0.025478093407966279 -0.0091028547286987321 0.010456858944369709 -0.002676390735280542 -0.0220006060373934 -0.02642165964841843 0.034673334123232424 -0.034008204094741659 0.0063393297195434573 -0.0017249265270573751 0.025940719450061975 0.0013118891649648919 -0.0016734587702345342 0.012176287234310182 -0.047632137281554091 -0.055607030608437281 0.012532728910446168 -0.0083886800155810581 0.0063013239630631034
leaf_weight=519 3641 83 61 47 1079 804 119 89 456 50 60 91 20 638 2145 79 50 78 46 175 2100 132 1042 47 124 35 44 35 1088 28
leaf_count=519 3641 83 61 47 1079 804 119 89 456 50 60 91 20 638 2145 79 50 78 46 175 2100 132 1042 47 124 35 44 35 1088 28
internal_value=0 -0.000554225 -0.00196348 -0.00266297 -0.00785079 -0.00631038 -0.00134884 -0.00375254 0.00322351 0.0201984 -0.00589003 0.00171926 0.0337184 0.00798347 -0.00539248 0.000170329 0.00234611 0.00425126 -0.00120359 0.0150747 0.00103635 0.00562029 0.00325286 0.0109163 -0.00114523 -0.02129 -0.0308713 -0.0175985 -0.0102515 -0.0285108
internal_weight=0 14280 10639 9940 2009 1883 7931 4447 1043 159 3404 3484 109 699 3344 884 805 755 502 253 3365 1265 1133 725 206 82 126 82 1199 111
internal_count=15005 14280 10639 9940 2009 1883 7931 4447 1043 159 3404 3484 109 699 3344 884 805 755 502 253 3365 1265 1133 725 206 82 126 82 1199 111
shrinkage=0.1


Tree=25
num_leaves=31
num_cat=0
split_feature=12 6 2 0 8 15 15 5 2 9 7 1 13 0 3 14 9 9 1 7 15 8 0 8 9 8 4 0 5 13
split_gain=8.22054 7.73317 5.88242 5.20617 6.43914 6.69406 6.52806 6.6783 5.8006 5.08104 4.97142 4.89443 5.32295 5.55076 5.32024 5.78046 5.3666 5.14696 4.89939 4.87014 7.26235 6.69913 6.67139 4.63125 5.84839 6.78938 7.50228 5.95061 4.44429 4.43954
threshold=1.0000000180025095e-35 2.5000000000000004 47.500000000000007 40.500000000000007 17.500000000000004 41.500000000000007 25.500000000000004 1.5000000000000002 39.500000000000007 9.5000000000000018 16.500000000000004 20.500000000000004 13.500000000000002 34.500000000000007 4.5000000000000009 21.500000000000004 21.500000000000004 7.5000000000000009 3.5000000000000004 26.500000000000004 12.500000000000002 37.500000000000007 20.500000000000004 9.5000000000000018 12.500000000000002 14.500000000000002 2.5000000000000004 11.500000000000002 3.5000000000000004 31.500000000000004
decision_type=2 2 2 2 2 2 2 2 2 2 2 2 2 2 2 2 2 2 2 2 2 2 2 2 2 2 2 2 2 2
left_child=-1 3 19 4 6 8 7 9 -6 -2 11 12 14 23 17 16 -16 -9 -19 20 21 -3 29 -14 27 26 -26 -25 -7 -21
right_child=1 2 -4 -5 5 28 -8 10 -10 -11 -12 -13 13 -15 15 -17 -18 18 -20 22 -22 -23 -24 24 25 -27 -28 -29 -30 -31
leaf_value=0.011089063522667857 -0.024771029906829601 0.0049219391253907431 -0.021341524168709727 0.0083628378529798358 -0.007816894327931416 0.047126647541599891 -0.01598198205627353 7.741188301759609e-05 -0.024418288303746118 0.0019810159195650808 0.0044943874209795705 0.03664683923125267 0.0010668806888006785 -0.043830101287111324 -0.00665329117683848 0.019439920721594822 0.036803956329822543 0.024672744205693879 -0.0013235493286235913 0.0025786923523992301 -0.0035415122274154252 -0.015056207919188139 0.0131247485976567 0.021737559676170349 -0.051920277476310728 0.05576037381376539 0.020704292889797329 -0.029859568002099674 0.0023670202646500025 -0.02402783404940214
leaf_weight=640 197 3245 107 401 1277 31 302 629 252 111 1658 32 286 47 1413 97 29 209 111 320 2137 177 826 25 25 21 33 211 78 78
leaf_count=640 197 3245 107 401 1277 31 302 629 252 111 1658 32 286 47 1413 97 29 209 111 320 2137 177 826 25 25 21 33 211 78 78
internal_value=0 -0.000494048 0.00192265 -0.00272161 -0.00334995 -0.00884617 -0.0016938 -0.000853322 -0.010553 -0.0151299 5.78217e-05 -0.00226409 -0.00266114 -0.010734 -0.000558574 -0.00418981 -0.00577932 0.00533022 0.0156553 0.00228963 0.0010323 0.00388859 0.00800004 -0.00814576 -0.0165102 0.00704054 -0.0105994 -0.0243938 0.0150968 -0.00263565
internal_weight=0 14365 6890 7475 7074 1638 5436 5134 1529 308 4826 3168 3136 648 2488 1539 1442 949 320 6783 5559 3422 1224 601 315 79 58 236 109 398
internal_count=15005 14365 6890 7475 7074 1638 5436 5134 1529 308 4826 3168 3136 648 2488 1539 1442 949 320 6783 5559 3422 1224 601 315 79 58 236 109 398
shrinkage=0.1


Tree=26
num_leaves=31
num_cat=0
split_feature=11 3 13 0 12 5 0 3 7 5 8 7 2 3 9 7 14 13 3 3 3 8 3 14 2 2 8 15 9 6
split_gain=7.91517 7.16632 6.62997 6.23251 5.64858 5.21145 5.2254 4.84038 6.17378 6.1289 5.64856 7.51541 5.49668 5.1534 6.02875 5.10931 5.90529 5.44947 7.40397 6.44399 6.35319 5.43666 5.977 5.22314 4.86184 4.84051 7.07448 4.75365 4.74023 5.12922
threshold=1.5000000000000002 18.500000000000004 10.500000000000002 37.500000000000007 1.0000000180025095e-35 4.5000000000000009 43.500000000000007 10.500000000000002 20.500000000000004 2.5000000000000004 54.500000000000007 60.500000000000007 25.500000000000004 3.5000000000000004 2.5000000000000004 16.500000000000004 8.5000000000000018 12.500000000000002 7.5000000000000009 7.5000000000000009 5.5000000000000009 4.5000000000000009 9.5000000000000018 16.500000000000004 46.500000000000007 18.500000000000004 11.500000000000002 22.500000000000004 6.5000000000000009 1.5000000000000002
decision_type=2 2 2 2 2 2 2 2 2 2 2 2 2 2 2 2 2 2 2 2 2 2 2 2 2 2 2 2 2 2
left_child=-1 2 4 7 -2 6 -3 9 -9 13 11 15 -12 25 -15 16 21 19 20 -18 23 -11 -23 -19 -17 -4 27 -27 29 -6
right_child=1 5 3 -5 28 -7 -8 8 -10 10 12 -13 -14 14 -16 24 17 18 -20 -21 -22 22 -24 -25 -26 26 -28 -29 -30 -31
leaf_value=0.010141782003551559 0.016084725390454489 -0.012163549155254902 0.0094360363057681487 0.0061576845097226027 -0.010862885544754867 0.013782918825745583 0.025204860820220068 -0.015437266261906954 0.00067355072176134272 0.042995698998371766 -0.067984517131532946 -0.039333336020624915 -0.0099290564452132139 -0.048483738438649615 -0.01040598676791267 0.0091460100382566457 0.020784613490104676 -0.02205094389085259 0.013886587269165938 -0.034770597058993123 -0.046215588977371436 0.0047815308211341737 -0.050746611803770075 0.0036648469015223084 -0.040648927688598638 -0.011615835530001943 0.0063847755355046212 -0.053663600210485787 0.0034405736107341357 0.00043654675072706456
leaf_weight=732 280 924 280 755 519 96 39 666 370 36 21 43 73 44 756 1000 106 224 85 26 69 630 20 122 20 369 266 29 4627 1778
leaf_count=732 280 924 280 755 519 96 39 666 370 36 21 43 73 44 756 1000 106 224 85 26 69 630 20 122 20 369 266 29 4627 1778
internal_value=0 -0.000520128 0.000114211 -0.00233817 0.00216013 -0.00843529 -0.0106502 -0.00355879 -0.0096834 -0.00205486 0.00114456 0.00209378 -0.0228989 -0.00659533 -0.0125003 0.0028557 -0.00125676 -0.00823051 -0.0130016 0.00984192 -0.0185089 0.00516804 0.00307297 -0.0129835 0.00816964 -0.00159115 -0.00624117 -0.0146796 0.00159704 -0.00211652
internal_weight=0 14273 13214 6010 7204 1059 963 5255 1036 4219 2475 2381 94 1744 800 2338 1318 632 500 132 415 686 650 346 1020 944 664 398 6924 2297
internal_count=15005 14273 13214 6010 7204 1059 963 5255 1036 4219 2475 2381 94 1744 800 2338 1318 632 500 132 415 686 650 346 1020 944 664 398 6924 2297
shrinkage=0.1


Tree=27
num_leaves=31
num_cat=0
split_feature=11 14 3 9 14 2 2 12 5 2 8 1 15 13 0 8 5 3 14 12 10 13 8 6 7 3 0 2 9 1
split_gain=7.02337 6.66096 6.32044 6.22656 5.40798 6.16918 5.02945 5.82175 5.61425 6.86718 5.01513 5.77412 6.20044 4.62472 8.02498 4.66637 4.8069 5.57644 5.11607 4.53178 5.79567 4.61215 5.20083 5.22475 4.47693 5.29794 6.6719 4.66189 5.7381 5.29164
threshold=2.5000000000000004 16.500000000000004 10.500000000000002 11.500000000000002 3.5000000000000004 13.500000000000002 42.500000000000007 3.5000000000000004 1.5000000000000002 13.500000000000002 26.500000000000004 29.500000000000004 20.500000000000004 14.500000000000002 40.500000000000007 52.500000000000007 4.5000000000000009 12.500000000000002 18.500000000000004 3.5000000000000004 1.5000000000000002 56.500000000000007 50.500000000000007 3.5000000000000004 32.500000000000007 1.0000000180025095e-35 28.500000000000004 18.500000000000004 7.5000000000000009 1.0000000180025095e-35
decision_type=2 2 2 2 2 2 2 2 2 2 2 2 2 2 2 2 2 2 2 2 2 2 2 2 2 2 2 2 2 2
left_child=4 2 6 -4 -1 -6 8 -8 9 -2 -7 12 -12 15 -15 16 17 -3 -19 20 -10 22 23 -22 25 26 27 -21 -29 -30
right_child=1 13 3 -5 5 10 7 -9 19 -11 11 -13 -14 14 -16 -17 -18 18 -20 24 21 -23 -24 -25 -26 -27 -28 28 29 -31
leaf_value=0.0088964381631460535 0.035875843110538666 0.0080620566607932931 -0.015687640781437886 -0.0031241791329471736 0.011257244155142657 0.0010061886574566845 -0.020316068197457533 0.01105371886178067 0.010298149204371792 -0.024902324672834375 -0.023014362657167872 0.041170095503330228 0.0053198439489423703 -0.0063749607693776109 0.016313390449897665 -0.013584233682242134 0.023863829070166365 -0.035682328164577483 -0.0012493658633459183 -0.037405241262621999 -0.002636985699782211 0.028773490156767501 -0.036803671196103095 0.0082796704883758843 0.018579023107886315 -0.016635334237319669 0.030126903194283683 0.024224228784441949 -0.054832357883453364 0.010905808831254643
leaf_weight=1151 21 1267 743 841 539 3599 267 76 608 162 244 20 113 991 185 124 146 50 315 41 2225 53 40 546 60 410 63 56 25 24
leaf_count=1151 21 1267 743 841 539 3599 267 76 608 162 244 20 113 991 185 124 146 50 315 41 2225 53 40 546 60 410 63 56 25 24
internal_value=0 -0.00168517 -0.00355771 -0.00901727 0.00277758 0.00121771 -0.00170867 -0.0133653 -0.00078614 -0.0179278 -0.000143281 -0.0111166 -0.0140458 0.00212379 -0.00280579 0.00517173 0.0064798 0.00492461 -0.00596621 -3.04381e-05 0.00143074 -0.000451727 -0.00100275 -0.000485959 -0.00750203 -0.0100301 0.00292759 -0.00880909 0.00235702 -0.0226341
internal_weight=0 9339 6261 1584 5666 4515 4677 343 4334 183 3976 377 357 3078 1176 1902 1778 1632 365 4151 3472 2864 2811 2771 679 619 209 146 105 49
internal_count=15005 9339 6261 1584 5666 4515 4677 343 4334 183 3976 377 357 3078 1176 1902 1778 1632 365 4151 3472 2864 2811 2771 679 619 209 146 105 49
shrinkage=0.1


Tree=28
num_leaves=31
num_cat=0
split_feature=10 2 7 5 12 0 10 0 3 14 11 6 2 9 14 15 13 2 14 12 8 8 14 2 14 14 3 15 1 13
split_gain=6.37568 5.90076 5.47368 6.18507 5.47099 5.21089 5.47692 4.89588 6.00839 4.31716 4.92557 4.02405 4.09267 4.9564 4.56467 4.87926 6.56644 7.28059 7.84717 6.01664 4.91824 4.69418 8.76448 9.6304 5.987 4.48117 4.27403 3.96623 4.04322 5.28389
threshold=1.0000000180025095e-35 35.500000000000007 15.500000000000002 1.0000000180025095e-35 1.0000000180025095e-35 11.500000000000002 1.5000000000000002 16.500000000000004 1.5000000000000002 70.500000000000014 2.5000000000000004 2.5000000000000004 9.5000000000000018 19.500000000000004 13.500000000000002 15.500000000000002 6.5000000000000009 25.500000000000004 5.5000000000000009 3.5000000000000004 37.500000000000007 6.5000000000000009 20.500000000000004 16.500000000000004 32.500000000000007 50.500000000000007 9.5000000000000018 74.500000000000014 5.5000000000000009 17.500000000000004
decision_type=2 2 2 2 2 2 2 2 2 2 2 2 2 2 2 2 2 2 2 2 2 2 2 2 2 2 2 2 2 2
left_child=-1 2 4 -4 -2 6 -3 8 -5 10 -9 -6 13 26 15 20 -17 18 -18 -20 -14 22 -16 -24 -23 -26 -13 28 29 -12
right_child=1 5 3 7 11 -7 -8 9 -10 -11 27 12 14 -15 21 16 17 -19 19 -21 -22 24 23 -25 25 -27 -28 -29 -30 -31
leaf_value=0.0091482991982122959 0.016621347901168145 -0.054096766718124092 -0.052927516102790832 0.0084616329216233663 -0.0046844398646842776 -0.003367782145259051 -0.012169687708333737 0.0081512039566791501 -0.0062214297078839959 0.029000950562102459 0.0018404338532878508 0.017075319781347558 0.0071890439470113704 0.051492811197584323 -0.044892655883306341 0.011401477199176262 0.031616434190008376 -0.037804722875356675 -0.048553269787838582 0.011928381077174484 -0.036822816385672641 0.0020872545139542942 -0.050617567111145373 0.029825091167636542 -0.043100743102175848 0.0093257917010265857 -0.034545155018568044 -0.032558496647021352 0.0058740268882650597 -0.01165515288259044
leaf_weight=725 157 38 20 379 3048 2548 173 1745 1053 70 1085 81 1083 33 81 116 45 100 38 29 26 435 22 46 56 23 20 34 1300 396
leaf_count=725 157 38 20 379 3048 2548 173 1745 1053 70 1085 81 1083 33 81 116 45 100 38 29 26 435 22 46 56 23 20 34 1300 396
internal_value=0 -0.000464462 0.000530303 0.00259155 -0.00177463 -0.00461839 -0.0197205 0.00277473 -0.00233534 0.0043552 0.00397687 -0.00232142 0.0009026 0.0178467 -0.000178596 0.00298822 -0.00772641 -0.0181926 -0.000681801 -0.0223746 0.00615721 -0.00704243 -0.0226707 0.00379953 -0.00251205 -0.0278373 0.00685344 0.00138923 0.00180427 -0.00176811
internal_weight=0 14280 11521 6082 5439 2759 211 6062 1432 4630 4560 5282 2234 134 2100 1437 328 212 112 67 1109 663 149 68 514 79 101 2815 2781 1481
internal_count=15005 14280 11521 6082 5439 2759 211 6062 1432 4630 4560 5282 2234 134 2100 1437 328 212 112 67 1109 663 149 68 514 79 101 2815 2781 1481
shrinkage=0.1


end of trees

feature_importances:
Column_0=117
Column_2=117
Column_3=99
Column_13=71
Column_8=53
Column_15=51
Column_14=47
Column_6=44
Column_11=44
Column_9=43
Column_10=40
Column_7=34
Column_12=34
Column_5=33
Column_4=24
Column_1=19

parameters:
[boosting: gbdt]
[objective: regression]
[metric: l2]
[tree_learner: serial]
[device_type: cpu]
[data: ]
[valid: ]
[num_iterations: 10000]
[learning_rate: 0.1]
[num_leaves: 31]
[num_threads: 0]
[deterministic: 0]
[force_col_wise: 0]
[force_row_wise: 0]
[histogram_pool_size: -1]
[max_depth: -1]
[min_data_in_leaf: 20]
[min_sum_hessian_in_leaf: 0.001]
[bagging_fraction: 1]
[pos_bagging_fraction: 1]
[neg_bagging_fraction: 1]
[bagging_freq: 0]
[bagging_seed: 3]
[feature_fraction: 1]
[feature_fraction_bynode: 1]
[feature_fraction_seed: 2]
[extra_trees: 0]
[extra_seed: 6]
[early_stopping_round: 10]
[first_metric_only: 0]
[max_delta_step: 0]
[lambda_l1: 0]
[lambda_l2: 0]
[min_gain_to_split: 0]
[drop_rate: 0.1]
[max_drop: 50]
[skip_drop: 0.5]
[xgboost_dart_mode: 0]
[uniform_drop: 0]
[drop_seed: 4]
[top_rate: 0.2]
[other_rate: 0.1]
[min_data_per_group: 100]
[max_cat_threshold: 32]
[cat_l2: 10]
[cat_smooth: 10]
[max_cat_to_onehot: 4]
[top_k: 20]
[monotone_constraints: ]
[monotone_constraints_method: basic]
[monotone_penalty: 0]
[feature_contri: ]
[forcedsplits_filename: ]
[refit_decay_rate: 0.9]
[cegb_tradeoff: 1]
[cegb_penalty_split: 0]
[cegb_penalty_feature_lazy: ]
[cegb_penalty_feature_coupled: ]
[path_smooth: 0]
[interaction_constraints: ]
[verbosity: 1]
[saved_feature_importance_type: 0]
[max_bin: 255]
[max_bin_by_feature: ]
[min_data_in_bin: 3]
[bin_construct_sample_cnt: 200000]
[data_random_seed: 1]
[is_enable_sparse: 1]
[enable_bundle: 1]
[use_missing: 1]
[zero_as_missing: 0]
[feature_pre_filter: 1]
[pre_partition: 0]
[two_round: 0]
[header: 0]
[label_column: ]
[weight_column: ]
[group_column: ]
[ignore_column: ]
[categorical_feature: ]
[forcedbins_filename: ]
[objective_seed: 5]
[num_class: 1]
[is_unbalance: 0]
[scale_pos_weight: 1]
[sigmoid: 1]
[boost_from_average: 1]
[reg_sqrt: 0]
[alpha: 0.9]
[fair_c: 1]
[poisson_max_delta_step: 0.7]
[tweedie_variance_power: 1.5]
[lambdarank_truncation_level: 30]
[lambdarank_norm: 1]
[label_gain: ]
[eval_at: ]
[multi_error_top_k: 1]
[auc_mu_weights: ]
[num_machines: 1]
[local_listen_port: 12400]
[time_out: 120]
[machine_list_filename: ]
[machines: ]
[gpu_platform_id: -1]
[gpu_device_id: -1]
[gpu_use_dp: 0]
[num_gpu: 1]

end of parameters

pandas_categorical:null
