tree
version=v3
num_class=1
num_tree_per_iteration=1
label_index=0
max_feature_idx=15
objective=regression
feature_names=Column_0 Column_1 Column_2 Column_3 Column_4 Column_5 Column_6 Column_7 Column_8 Column_9 Column_10 Column_11 Column_12 Column_13 Column_14 Column_15
feature_infos=[1:49] [0:67] [1:49] [0:55] [0:8] [0:8] [0:7] [0:157] [0:261] [0:195] [0:8] [0:8] [0:8] [0:177] [0:202] [0:240]
tree_sizes=2762 2773 2768 2762 2767 2785 2784 2788 2781 2775 2775 2790 2770 2771 2777 2764 2763 2781 2800 2794 2796 2760 2764 2772 2784 2745

Tree=0
num_leaves=31
num_cat=0
split_feature=0 2 2 1 1 1 15 1 12 4 2 0 3 5 13 15 8 0 14 0 2 13 9 1 3 14 8 2 7 0
split_gain=87.669 70.5248 39.1946 26.579 22.3936 17.0661 16.7277 15.4724 14.7166 11.6488 10.0485 9.3429 10.8484 9.10975 10.453 8.12679 7.93906 7.92635 11.9626 6.8719 5.865 5.74684 5.67064 5.56605 5.40138 5.26766 5.14934 5.07831 5.67274 4.92517
threshold=36.500000000000007 33.500000000000007 33.500000000000007 6.5000000000000009 6.5000000000000009 6.5000000000000009 5.5000000000000009 5.5000000000000009 2.5000000000000004 1.5000000000000002 27.500000000000004 23.500000000000004 14.500000000000002 2.5000000000000004 11.500000000000002 4.5000000000000009 13.500000000000002 25.500000000000004 43.500000000000007 27.500000000000004 38.500000000000007 21.500000000000004 4.5000000000000009 20.500000000000004 1.0000000180025095e-35 10.500000000000002 25.500000000000004 18.500000000000004 14.500000000000002 25.500000000000004
decision_type=2 2 2 2 2 2 2 2 2 2 2 2 2 2 2 2 2 2 2 2 2 2 2 2 2 2 2 2 2 2
left_child=1 3 4 8 6 -3 -2 -4 10 21 19 12 27 -10 29 -13 -12 24 20 -1 23 -5 -6 -19 -7 -14 -24 28 -11 -15
right_child=2 5 7 9 22 17 -8 -9 13 11 16 15 25 14 -16 -17 -18 18 -20 -21 -22 -23 26 -25 -26 -27 -28 -29 -30 -31
leaf_value=-0.081001529819409224 -0.019557922424552607 -0.13555092634479426 -0.12057284512170527 -0.097897542990770761 -0.057404075268125763 -0.082267598182668322 -0.09927220602713091 -0.067982699902796012 -0.12090166973986007 -0.066634844254363113 -0.090977275371295491 -0.022476841266146581 -0.14493722944796275 -0.08907516196228496 -0.11526523696234528 -0.058942536765831985 -0.15230791890787856 -0.063230052415177207 -0.033213094476607176 -0.050534665789995638 -0.11329817968154351 -0.054610553074922352 -0.0092158174353669381 -0.110874993176208 -0.12789754219604216 -0.083557920729131596 -0.038435970704942903 -0.076932920904634161 -0.012590180673650864 -0.053385507735324161
leaf_weight=532 40 286 67 159 39 31 77 339 192 52 62 74 29 116 123 351 32 61 29 86 154 38 228 41 159 27 82 160 31 58
leaf_count=532 40 286 67 159 39 31 77 339 192 52 62 74 29 116 123 351 32 61 29 86 154 38 228 41 159 27 82 160 31 58
internal_value=-0.081731 -0.0901344 -0.0539478 -0.0807681 -0.0341588 -0.116252 -0.0720195 -0.0766614 -0.0905687 -0.0679879 -0.081395 -0.0621215 -0.0756649 -0.103926 -0.0929519 -0.0525932 -0.111856 -0.104632 -0.0940842 -0.0767618 -0.10098 -0.0895478 -0.0214662 -0.0823815 -0.120453 -0.115344 -0.016945 -0.0665209 -0.0464495 -0.0771786
internal_weight=0 2883 872 2122 466 761 117 406 1201 921 712 724 299 489 297 425 94 475 285 618 256 197 349 102 190 56 310 243 83 174
internal_count=3755 2883 872 2122 466 761 117 406 1201 921 712 724 299 489 297 425 94 475 285 618 256 197 349 102 190 56 310 243 83 174
shrinkage=1


Tree=1
num_leaves=31
num_cat=0
split_feature=0 2 2 7 1 4 1 7 0 1 8 2 15 15 14 10 0 14 0 8 0 0 10 2 8 2 13 12 15 8
split_gain=71.0685 54.3532 39.9968 20.7543 14.5313 14.0502 11.9024 10.9408 9.42623 8.56948 8.31559 8.25861 8.17205 7.47785 7.31086 6.50577 10.3518 8.33922 6.31352 8.02829 6.16804 6.14872 6.79512 6.09847 5.92787 7.78416 5.73231 5.64402 7.21157 7.84372
threshold=34.500000000000007 30.500000000000004 31.500000000000004 13.500000000000002 5.5000000000000009 1.5000000000000002 6.5000000000000009 1.5000000000000002 22.500000000000004 12.500000000000002 33.500000000000007 19.500000000000004 10.500000000000002 2.5000000000000004 13.500000000000002 1.5000000000000002 22.500000000000004 28.500000000000004 22.500000000000004 6.5000000000000009 31.500000000000004 38.500000000000007 1.5000000000000002 37.500000000000007 11.500000000000002 23.500000000000004 13.500000000000002 2.5000000000000004 8.5000000000000018 7.5000000000000009
decision_type=2 2 2 2 2 2 2 2 2 2 2 2 2 2 2 2 2 2 2 2 2 2 2 2 2 2 2 2 2 2
left_child=1 3 5 7 -4 9 26 13 27 12 15 -5 -2 -1 -6 -8 -17 -18 -13 -20 -21 22 -7 -16 -10 -26 -3 28 -9 -30
right_child=2 6 4 11 14 21 10 8 24 -11 -12 18 -14 -15 23 16 17 -19 19 20 -22 -23 -24 -25 25 -27 -28 -29 29 -31
leaf_value=0.016642236890214861 0.023526865720748903 -0.032485864577281413 -0.031519040013804581 0.039564613915659901 -0.0020393825967215634 0.080216226816177377 0.015873614484316682 -0.0082486509998917299 0.00026178442879228405 0.048546484295202766 -0.037732464119174774 -0.014711556216360819 -0.03711488649249077 -0.035783490125210059 0.044245455319854035 -0.048423079840647872 -0.012584252183030293 0.054345159871237614 -0.023544995873062701 0.056270619671223536 -0.0057703741064125845 0.061096098545226331 0.021747646484639227 0.010485837528173872 0.035004665809373059 -0.0036212904006242756 -0.058325357592066397 -0.020865291742415266 0.073564329472455114 0.007299837187716836
leaf_weight=33 50 199 99 163 223 25 73 429 302 49 169 71 40 155 87 78 164 21 27 59 22 251 97 139 150 80 151 232 22 95
leaf_count=33 50 199 99 163 223 25 73 429 302 49 169 71 40 155 87 78 164 21 27 59 22 251 97 139 150 80 151 232 22 95
internal_value=0 -0.00862794 0.0219361 0.00105277 0.00316007 0.0420324 -0.0294613 -0.00402184 -0.000784323 0.0148959 -0.0196388 0.0232802 -0.00342502 -0.0265811 0.0108065 -0.0105381 -0.0178691 -0.00498686 0.0084513 0.0236787 0.03942 0.0521449 0.0337289 0.0234818 0.00947379 0.0215696 -0.0436338 -0.00779887 -0.00224683 0.0197598
internal_weight=0 2695 1060 1840 548 512 855 1498 1310 139 505 342 90 188 449 336 263 185 179 108 81 373 122 226 532 230 350 778 546 117
internal_count=3755 2695 1060 1840 548 512 855 1498 1310 139 505 342 90 188 449 336 263 185 179 108 81 373 122 226 532 230 350 778 546 117
shrinkage=0.1


Tree=2
num_leaves=31
num_cat=0
split_feature=0 2 2 1 1 13 14 1 0 15 2 1 15 0 14 15 7 4 12 14 0 12 8 11 13 14 15 7 3 2
split_gain=58.8957 48.6097 25.4025 22.2881 13.8894 13.8174 13.1979 12.8441 8.77297 7.75912 7.71864 7.69728 6.94647 6.59697 8.49871 6.50929 8.63795 5.528 5.4336 6.60271 5.29966 5.1107 5.43324 6.55151 5.46395 4.82799 4.9412 4.58536 5.94782 4.5189
threshold=38.500000000000007 33.500000000000007 32.500000000000007 6.5000000000000009 6.5000000000000009 8.5000000000000018 14.500000000000002 6.5000000000000009 22.500000000000004 5.5000000000000009 22.500000000000004 5.5000000000000009 5.5000000000000009 25.500000000000004 43.500000000000007 19.500000000000004 17.500000000000004 1.5000000000000002 2.5000000000000004 6.5000000000000009 33.500000000000007 2.5000000000000004 11.500000000000002 2.5000000000000004 26.500000000000004 13.500000000000002 10.500000000000002 6.5000000000000009 4.5000000000000009 37.500000000000007
decision_type=2 2 2 2 2 2 2 2 2 2 2 2 2 2 2 2 2 2 2 2 2 2 2 2 2 2 2 2 2 2
left_child=1 3 7 5 -3 8 17 12 18 -10 -8 -4 -2 -6 29 16 25 -5 -1 -20 -12 27 -23 24 -24 26 -13 28 -7 -15
right_child=2 4 11 6 13 21 10 -9 9 -11 20 15 -14 14 -16 -17 -18 -19 19 -21 -22 22 23 -25 -26 -27 -28 -29 -30 -31
leaf_value=0.00084026686606868616 0.050009106764835977 -0.043801931023597723 -0.025489788563525091 -0.014142888215956865 -0.03188415354803989 7.9991383986039593e-05 0.0389550810429828 0.054988943388692313 0.038767495095729826 0.0018987378231564861 -0.00093592739941781027 -0.035193677941958108 -0.011566370746718263 0.0029977456027386238 0.035931092971249627 -0.0011998381285831848 0.062880769797733854 0.0088432707048712242 0.014846302781786239 -0.035428228135247833 0.041370075792074204 -0.045063831682006519 0.0329169110671894 -0.033081896160985086 -0.031957695782184603 0.039273569153414838 0.02500221014022827 0.0032356239966492154 -0.045094629256956037 -0.022760035991668703
leaf_weight=341 28 300 61 135 190 55 231 277 100 133 114 30 53 102 38 145 49 465 35 103 40 120 37 91 20 36 25 134 62 205
leaf_count=341 28 300 61 135 190 55 231 277 100 133 114 30 53 102 38 145 49 465 35 103 40 120 37 91 20 36 25 134 62 205
internal_value=0 -0.00601592 0.0260718 0.00173224 -0.0265787 -0.00723876 0.0129437 0.0447463 0.00180664 0.0177222 0.0273941 0.0067497 0.00971898 -0.0169208 -0.00868016 0.0136501 0.0290304 0.00367138 -0.00593519 -0.0226774 0.0100526 -0.0196479 -0.0292513 -0.0164303 0.0101539 0.0108032 -0.00783191 -0.009394 -0.0238587 -0.0142021
internal_weight=0 3051 704 2216 835 1231 985 358 712 233 385 346 81 535 345 285 140 600 479 138 154 519 268 148 57 91 55 251 117 307
internal_count=3755 3051 704 2216 835 1231 985 358 712 233 385 346 81 535 345 285 140 600 479 138 154 519 268 148 57 91 55 251 117 307
shrinkage=0.1


Tree=3
num_leaves=31
num_cat=0
split_feature=0 2 2 0 1 15 4 3 1 1 14 15 13 7 13 5 12 1 2 4 3 11 8 15 8 5 12 2 14 13
split_gain=48.0007 39.2087 20.8697 16.6246 12.1447 11.2552 11.0362 10.0112 9.68197 9.1146 8.88741 7.66084 7.05843 6.63979 6.35752 8.17299 6.68322 6.54859 7.46023 5.88008 5.85138 6.45703 6.79197 5.8426 5.31958 5.27849 5.08593 4.99555 6.43109 4.98622
threshold=36.500000000000007 33.500000000000007 33.500000000000007 22.500000000000004 6.5000000000000009 5.5000000000000009 1.5000000000000002 15.500000000000002 12.500000000000002 4.5000000000000009 19.500000000000004 4.5000000000000009 4.5000000000000009 46.500000000000007 2.5000000000000004 2.5000000000000004 2.5000000000000004 4.5000000000000009 14.500000000000002 3.5000000000000004 4.5000000000000009 2.5000000000000004 16.500000000000004 1.5000000000000002 33.500000000000007 3.5000000000000004 2.5000000000000004 17.500000000000004 48.500000000000007 9.5000000000000018
decision_type=2 2 2 2 2 2 2 2 2 2 2 2 2 2 2 2 2 2 2 2 2 2 2 2 2 2 2 2 2 2
left_child=1 3 4 7 5 -2 20 14 -4 -3 19 -12 24 23 15 16 -1 -16 -19 -8 21 -5 26 -14 25 -11 -23 -6 -29 -7
right_child=2 9 8 6 27 29 10 -9 -10 12 11 -13 13 -15 17 -17 -18 18 -20 -21 -22 22 -24 -25 -26 -27 -28 28 -30 -31
leaf_value=0.0092496890526313283 0.050149167627096182 -0.042424745262976279 -0.021667641346101409 0.046962474617693165 0.062583452292851047 0.013379601049510872 0.0052343521637737127 -0.037322136072012096 0.013280563046468186 0.038955576842029889 0.069557469740509997 0.023189631344810613 0.014360949397087097 0.012911234660582109 -0.018181449911884359 0.040459752353754916 -0.052180756693300995 0.031673216535931546 -0.0054006945303812321 0.031554575911108051 -0.016535123127202192 0.046484243028586912 -0.034716157271311832 -0.031557318781689839 -0.032606204885702865 -0.020196765932169829 -0.015579433026521103 0.042103695233754068 -0.01051283206504125 -0.037866100183753082
leaf_weight=77 40 228 108 36 105 34 426 104 298 48 50 124 30 44 370 66 23 63 392 106 192 31 39 363 26 22 23 218 26 43
leaf_count=77 40 228 108 36 105 34 426 104 298 48 50 124 30 44 370 66 23 63 392 106 192 31 39 363 26 22 23 218 26 43
internal_value=0 -0.00621806 0.0205581 0.000765684 0.0349982 0.0071165 0.00990523 -0.00780629 0.003984 -0.0256918 0.0168952 0.0365137 -0.018534 -0.0239277 -0.00470876 0.0131471 -0.00487931 -0.00830157 -0.000267384 0.0104786 -0.00546835 0.0110031 -0.00291662 -0.0280521 0.00601852 0.0203648 0.0200497 0.0443454 0.036497 -0.0152381
internal_weight=0 2883 872 2122 466 117 1027 1095 406 761 706 174 533 437 991 166 100 825 455 532 321 129 93 393 96 70 54 349 244 77
internal_count=3755 2883 872 2122 466 117 1027 1095 406 761 706 174 533 437 991 166 100 825 455 532 321 129 93 393 96 70 54 349 244 77
shrinkage=0.1


Tree=4
num_leaves=31
num_cat=0
split_feature=0 2 2 0 15 1 4 14 1 3 15 12 5 13 8 13 15 4 1 15 7 0 14 1 0 10 3 14 15 13
split_gain=39.554 31.9657 17.0732 15.1962 9.58712 9.31117 9.1242 8.67523 8.6247 8.10904 6.12237 8.10751 5.92425 5.8227 5.41447 7.88 5.92143 6.7111 5.34347 5.45713 6.93715 5.1194 5.3358 5.11553 5.07789 6.16943 4.57397 4.99695 4.72474 6.46942
threshold=38.500000000000007 33.500000000000007 32.500000000000007 22.500000000000004 1.0000000180025095e-35 6.5000000000000009 1.5000000000000002 14.500000000000002 6.5000000000000009 15.500000000000002 31.500000000000004 2.5000000000000004 2.5000000000000004 10.500000000000002 6.5000000000000009 8.5000000000000018 9.5000000000000018 2.5000000000000004 5.5000000000000009 19.500000000000004 17.500000000000004 8.5000000000000018 13.500000000000002 6.5000000000000009 11.500000000000002 2.5000000000000004 4.5000000000000009 6.5000000000000009 5.5000000000000009 4.5000000000000009
decision_type=2 2 2 2 2 2 2 2 2 2 2 2 2 2 2 2 2 2 2 2 2 2 2 2 2 2 2 2 2 2
left_child=1 3 8 9 -5 -3 26 12 -2 10 11 21 23 -7 -14 -16 -17 -18 -4 20 -20 -1 -23 -8 25 -13 27 -6 -29 -30
right_child=2 5 18 4 6 13 7 -9 -10 -11 -12 24 14 -15 15 16 17 -19 19 -21 -22 22 -24 -25 -26 -27 -28 28 29 -31
leaf_value=-0.04416411232948303 0.0079727968224036841 -0.035706785112619398 -0.021336150755647754 0.04407382480303447 0.040126344135829384 -0.00082029168195319629 -0.030077649099486216 0.027367322097256126 0.045069133923372209 -0.033589922579435202 0.027286725439902012 0.038175015846888226 -0.011646406749884288 -0.022149256296202124 0.047652471917016166 0.033546081917094336 -0.050933551126056242 0.012129488918516371 0.0090227798446194159 -0.0023221765304433889 0.055692572253091002 -0.0019354835900560769 0.024198508327421937 0.0038354046032076979 -0.025946163141825164 -0.029847558587789536 -0.016367289815286193 0.03254129183292389 -0.059847838928302137 0.0055241891523686859
leaf_weight=25 81 300 61 75 35 212 70 273 277 104 58 30 60 323 77 49 27 45 91 145 49 518 92 122 244 24 198 25 24 41
leaf_count=25 81 300 61 75 35 212 70 273 277 104 58 30 60 323 77 49 27 45 91 145 49 518 92 122 244 24 198 25 24 41
internal_value=0 -0.0049301 0.0213661 0.00135307 0.00953747 -0.021605 0.00706116 0.0133037 0.0366758 -0.00702566 -0.00423789 -0.00619762 0.00477182 -0.0136974 0.0146699 0.0226445 0.00673041 -0.0115192 0.0055254 0.0112747 0.0253572 0.000188314 0.00200604 -0.00852873 -0.0198052 0.00794276 -0.00691215 0.00806478 -0.0044036 -0.0186132
internal_weight=0 3051 704 2216 1121 835 1046 723 358 1095 991 933 450 535 258 198 121 72 346 285 140 635 610 192 298 54 323 125 90 65
internal_count=3755 3051 704 2216 1121 835 1046 723 358 1095 991 933 450 535 258 198 121 72 346 285 140 635 610 192 298 54 323 125 90 65
shrinkage=0.1


Tree=5
num_leaves=31
num_cat=0
split_feature=0 2 2 1 2 1 7 13 13 15 12 0 0 15 7 3 13 0 8 13 10 2 1 12 8 13 14 6 5 15
split_gain=33.0558 21.8371 21.4094 12.8541 10.6436 7.95678 7.53083 7.32854 6.98459 6.73398 6.33318 6.06736 5.90316 7.19363 9.5134 6.44358 5.79556 5.52197 5.36695 8.55916 5.04911 5.03722 6.12301 5.00051 4.92969 4.87487 5.78175 4.57519 5.34846 4.53868
threshold=26.500000000000004 17.500000000000004 32.500000000000007 3.5000000000000004 37.500000000000007 15.500000000000002 7.5000000000000009 4.5000000000000009 11.500000000000002 4.5000000000000009 2.5000000000000004 42.500000000000007 41.500000000000007 9.5000000000000018 3.5000000000000004 11.500000000000002 1.5000000000000002 8.5000000000000018 19.500000000000004 25.500000000000004 2.5000000000000004 24.500000000000004 4.5000000000000009 2.5000000000000004 5.5000000000000009 2.5000000000000004 11.500000000000002 2.5000000000000004 2.5000000000000004 38.500000000000007
decision_type=2 2 2 2 2 2 2 2 2 2 2 2 2 2 2 2 2 2 2 2 2 2 2 2 2 2 2 2 2 2
left_child=2 6 5 8 12 10 -2 -6 -3 -10 17 18 13 14 -5 20 -7 -1 19 -9 -16 27 -23 -13 -12 26 -4 28 -19 -18
right_child=1 3 25 4 7 16 -8 11 9 -11 24 23 -14 -15 15 -17 29 21 -20 -21 -22 22 -24 -25 -26 -27 -28 -29 -30 -31
leaf_value=-0.050619164380160245 0.01645152865924562 0.0021270076716206521 0.026644183166565433 -0.022215103440814551 0.02614841632647057 0.064805320501327521 0.047067917151258173 -0.018376771926879885 0.0058326125144958496 -0.03786207654870543 -0.042303440968195605 0.034680137330410525 0.031678776795505202 0.0027164606008937657 0.066781228750165719 0.01265376912696021 0.0031984897087449617 -0.0074861340708546834 -0.029507071359290017 0.034549393301660368 0.024027547303666463 -0.038244976716883046 0.0033227511354394865 -0.0089835130506091664 -0.012144783757550201 -0.033635263112309861 -0.040386767008087854 0.022000046655283139 0.016145039633881277 0.050315435295519621
leaf_weight=22 150 166 31 36 73 20 173 100 48 133 63 51 186 374 67 84 184 308 144 44 47 68 74 54 388 365 22 118 139 23
leaf_count=22 150 166 31 36 73 20 173 100 48 133 63 51 186 374 67 84 184 308 144 44 47 68 74 54 388 365 22 118 139 23
internal_value=0 0.00912372 -0.00964865 0.00435489 0.00904834 -0.00374511 0.0328498 -0.00294873 -0.0126876 -0.0262745 -0.00704343 -0.00835355 0.0160894 0.0113203 0.0250718 0.0336695 0.0134004 -0.00128115 -0.015856 -0.00220489 0.0491547 0.000254119 -0.0165829 0.0122245 -0.0163576 -0.0295201 -0.00117998 0.00448573 -0.000137738 0.00843371
internal_weight=0 1930 1825 1607 1260 1407 323 466 347 181 1180 393 794 608 234 198 227 729 288 144 114 707 142 105 451 418 53 565 447 207
internal_count=3755 1930 1825 1607 1260 1407 323 466 347 181 1180 393 794 608 234 198 227 729 288 144 114 707 142 105 451 418 53 565 447 207
shrinkage=0.1


Tree=6
num_leaves=31
num_cat=0
split_feature=0 2 2 7 1 4 3 7 13 15 6 1 8 11 2 14 1 15 14 1 13 13 0 2 15 15 9 15 2 7
split_gain=27.9434 21.474 15.1437 11.0288 7.83414 7.79756 6.39426 6.00488 5.87615 5.65373 5.19242 5.09031 7.16593 6.17943 4.80692 5.37761 4.73164 8.20561 4.67381 5.48833 5.61783 5.38897 5.23701 4.55641 6.71284 5.8702 4.53388 4.43455 4.30583 5.39075
threshold=34.500000000000007 30.500000000000004 33.500000000000007 13.500000000000002 12.500000000000002 1.0000000180025095e-35 11.500000000000002 1.5000000000000002 54.500000000000007 38.500000000000007 2.5000000000000004 4.5000000000000009 20.500000000000004 2.5000000000000004 38.500000000000007 25.500000000000004 1.0000000180025095e-35 5.5000000000000009 42.500000000000007 1.0000000180025095e-35 17.500000000000004 5.5000000000000009 21.500000000000004 19.500000000000004 5.5000000000000009 11.500000000000002 28.500000000000004 2.5000000000000004 38.500000000000007 12.500000000000002
decision_type=2 2 2 2 2 2 2 2 2 2 2 2 2 2 2 2 2 2 2 2 2 2 2 2 2 2 2 2 2 2
left_child=1 3 5 7 -4 -2 11 27 10 23 -9 13 26 -3 -14 -16 17 -7 19 -12 21 22 -21 -5 -25 -26 28 -1 -13 -30
right_child=2 6 4 9 -6 16 -8 8 -10 -11 18 12 14 -15 15 -17 -18 -19 -20 20 -22 -23 -24 24 25 -27 -28 -29 29 -31
leaf_value=0.013548019076838639 -0.0069665753666092378 0.0085484832525253296 -0.019552914140855568 0.025930989464969502 0.0086954573227393389 0.039934285309003753 -0.029714888633231757 -0.004443864287382149 -0.050725820531015813 0.056221655643347537 -0.012050563097000123 0.015486890919830488 -0.00048210298021634417 -0.035045318471060863 -0.047485228189050335 0.011042222380638123 0.032152959250125172 -0.045491017265753317 0.04768020120160333 0.0020729705691337587 0.044283766892491555 -0.0045734220897996579 0.046535700487179893 0.032259604893624783 -0.037025103732651353 0.0079990011542590694 0.043676045248585364 -0.026824028434291963 -0.042042558993163864 0.01849475527803103
leaf_weight=33 68 42 136 141 353 23 319 830 23 33 119 92 72 144 73 20 458 22 29 52 49 154 54 50 51 67 31 155 38 24
leaf_count=33 68 42 136 141 353 23 319 830 23 33 119 92 72 144 73 20 458 22 29 52 49 154 54 50 51 67 31 155 38 24
internal_value=0 -0.00541014 0.013755 0.000674731 0.00083906 0.0248161 -0.0185051 -0.00302451 -0.00062601 0.0168778 0.000269325 -0.0118335 -0.00472937 -0.0252016 -0.0198805 -0.0348987 0.0291128 -0.0018292 0.00882938 0.00619697 0.0132243 0.00737083 0.0247238 0.0126761 0.00155139 -0.0114606 0.00878383 -0.0197374 0.00176007 -0.0186088
internal_weight=0 2695 1060 1840 489 571 855 1498 1310 342 1287 536 350 186 165 93 503 45 457 428 309 260 106 309 168 118 185 188 154 62
internal_count=3755 2695 1060 1840 489 571 855 1498 1310 342 1287 536 350 186 165 93 503 45 457 428 309 260 106 309 168 118 185 188 154 62
shrinkage=0.1


Tree=7
num_leaves=31
num_cat=0
split_feature=0 2 1 13 9 0 2 14 2 8 9 12 14 13 10 13 9 15 2 14 3 12 8 11 9 11 8 9 7 1
split_gain=23.8782 18.7867 14.7331 10.2544 7.98415 7.45266 7.00883 6.47234 6.63161 6.19886 6.35966 4.87954 4.77157 4.47466 5.57892 6.28946 4.93293 4.44587 4.31893 3.99731 3.95593 3.93144 4.58906 4.55782 4.11696 3.95104 3.79792 4.00947 3.77684 4.0333
threshold=41.500000000000007 38.500000000000007 6.5000000000000009 8.5000000000000018 54.500000000000007 22.500000000000004 27.500000000000004 14.500000000000002 30.500000000000004 19.500000000000004 6.5000000000000009 4.5000000000000009 12.500000000000002 19.500000000000004 1.5000000000000002 1.0000000180025095e-35 14.500000000000002 17.500000000000004 27.500000000000004 62.500000000000007 21.500000000000004 1.5000000000000002 10.500000000000002 2.5000000000000004 4.5000000000000009 4.5000000000000009 3.5000000000000004 2.5000000000000004 6.5000000000000009 1.5000000000000002
decision_type=2 2 2 2 2 2 2 2 2 2 2 2 2 2 2 2 2 2 2 2 2 2 2 2 2 2 2 2 2 2
left_child=1 2 3 20 7 -3 -2 13 -9 10 12 -8 -7 14 15 -4 18 -12 -17 -11 -1 22 -5 24 -23 28 -16 -28 29 -25
right_child=6 5 4 21 -6 9 11 8 -10 19 17 -13 -14 -15 26 16 -18 -19 -20 -21 -22 23 -24 25 -26 -27 27 -29 -30 -31
leaf_value=0.0022535368839171547 0.036784863182240064 -0.038266340326639565 0.064524858671685933 0.04583100960368202 -0.029121031652797353 -0.052766620236284589 0.016150680475118685 0.025730148816059308 -0.00010107899234242683 -0.02926286320099656 -0.0032406370858756861 -0.025949219349891913 0.008789776861667634 0.017122846306301655 -0.042610061830944485 -0.0013819102771007099 -0.033097396294275924 0.031504122230966214 0.042022717725939872 0.014864727725153385 -0.040757252411408859 -0.041231886417635033 -0.011654201222629083 -0.029352278620239321 -0.0019141994771503267 0.003692447738721967 -0.039622778008724081 -0.00098697060289291245 -0.016448610737210229 -0.062194065215452669
leaf_weight=764 180 153 23 21 55 34 246 362 137 191 98 31 20 192 27 52 24 59 41 23 22 31 41 127 189 40 29 364 126 53
leaf_count=764 180 153 23 21 55 34 246 362 137 191 98 31 20 192 27 52 24 59 41 23 22 31 41 127 189 40 29 364 126 53
internal_value=0 -0.00296844 0.000510757 -0.00656234 0.00816877 -0.0193411 0.0214221 0.00980821 0.0186382 -0.0125281 -0.000365444 0.0114391 -0.029968 0.00394894 -0.000567827 0.01672 0.00732252 0.00981631 0.0177535 -0.0245202 0.00104967 -0.0160895 0.0078166 -0.0187082 -0.00745442 -0.0258637 -0.00633045 -0.00383796 -0.0297273 -0.0390224
internal_weight=0 3298 2720 1414 1306 578 457 1251 499 425 211 277 54 752 560 140 117 157 93 214 786 628 62 566 220 346 420 393 306 180
internal_count=3755 3298 2720 1414 1306 578 457 1251 499 425 211 277 54 752 560 140 117 157 93 214 786 628 62 566 220 346 420 393 306 180
shrinkage=0.1


Tree=8
num_leaves=31
num_cat=0
split_feature=0 2 2 1 13 9 0 13 13 8 15 4 12 6 9 2 13 7 9 15 8 1 13 14 3 3 5 13 13 2
split_gain=20.418 14.3647 12.5017 7.48033 6.68337 6.75282 6.51135 7.00627 5.49325 7.1741 5.61766 6.52494 5.42223 5.26889 5.93082 5.1794 5.04733 5.04098 4.94779 4.8091 4.42546 5.62569 5.21821 4.55086 4.37082 4.23532 4.5406 4.08822 4.20505 3.89333
threshold=26.500000000000004 17.500000000000004 32.500000000000007 3.5000000000000004 91.500000000000014 6.5000000000000009 36.500000000000007 63.500000000000007 1.5000000000000002 8.5000000000000018 43.500000000000007 1.5000000000000002 4.5000000000000009 1.5000000000000002 2.5000000000000004 44.500000000000007 11.500000000000002 7.5000000000000009 38.500000000000007 4.5000000000000009 6.5000000000000009 13.500000000000002 5.5000000000000009 10.500000000000002 4.5000000000000009 1.5000000000000002 2.5000000000000004 17.500000000000004 6.5000000000000009 39.500000000000007
decision_type=2 2 2 2 2 2 2 2 2 2 2 2 2 2 2 2 2 2 2 2 2 2 2 2 2 2 2 2 2 2
left_child=2 17 8 16 5 29 7 15 9 -1 11 -10 -8 14 -13 20 25 -2 27 -18 -7 22 -22 -23 -11 -3 -27 28 -15 -5
right_child=1 3 -4 4 -6 6 12 -9 10 24 -12 13 -14 18 -16 -17 19 -19 -20 -21 21 23 -24 -25 -26 26 -28 -29 -30 -31
leaf_value=-0.019926536914914153 0.012997372021277745 0.033249117682377503 -0.022768060969964171 0.0020796533247724697 -0.035583831204308407 -0.016386634470468547 0.023513771266554278 0.057473109338594522 -0.018502952677733969 0.052671638402071869 0.030691759714058471 0.012287291370589159 -0.01493401497602463 0.0085816473485677922 -0.042643359156905633 -0.034948037282840627 0.0058849358310302108 0.038046364723085674 -0.045110224640887715 -0.031040423413864655 0.060321812419330371 -0.017100166090660628 0.013285035669029534 0.012922788495602817 0.012104042163535731 -0.036913760620004996 0.0056120999351454287 0.023208518896573854 -0.0072515922062324758 -0.02377560211390984
leaf_weight=43 150 36 418 201 36 83 442 23 330 44 42 29 40 291 61 37 48 173 23 133 34 90 77 115 67 34 96 81 396 82
leaf_count=43 150 36 418 201 36 83 442 23 330 44 42 29 40 291 61 37 48 173 23 133 34 90 77 115 67 34 96 81 396 82
internal_value=0 0.00717058 -0.00758313 0.00330279 0.0068832 0.00813223 0.0122056 0.00368128 -0.0030719 0.0147512 -0.00526245 -0.00650942 0.0203231 -0.00201695 -0.0249435 0.00084364 -0.00969809 0.0264137 0.000591636 -0.0212481 0.00416267 0.00956011 0.0276927 -0.000258021 0.0281849 0.00289555 -0.00551005 0.00196031 -0.000544936 -0.00541198
internal_weight=0 1930 1825 1607 1260 1224 941 459 1407 154 1253 1211 482 881 90 436 347 323 791 181 399 316 111 205 111 166 130 768 687 283
internal_count=3755 1930 1825 1607 1260 1224 941 459 1407 154 1253 1211 482 881 90 436 347 323 791 181 399 316 111 205 111 166 130 768 687 283
shrinkage=0.1


Tree=9
num_leaves=31
num_cat=0
split_feature=0 2 1 13 1 8 9 2 3 14 5 15 3 2 0 15 12 2 15 7 15 11 10 12 3 3 2 15 12 15
split_gain=16.8135 13.3903 10.4306 7.80614 6.23131 6.28486 6.1788 5.23784 5.22143 5.09292 4.23618 7.42571 7.49112 6.83711 6.03072 6.9567 5.13877 4.55717 6.98579 4.15018 4.16183 4.45477 5.55873 4.13249 4.9047 3.97953 3.88918 4.00012 3.8499 4.67081
threshold=41.500000000000007 38.500000000000007 6.5000000000000009 12.500000000000002 13.500000000000002 17.500000000000004 54.500000000000007 19.500000000000004 33.500000000000007 14.500000000000002 2.5000000000000004 6.5000000000000009 16.500000000000004 19.500000000000004 24.500000000000004 3.5000000000000004 2.5000000000000004 27.500000000000004 8.5000000000000018 50.500000000000007 57.500000000000007 4.5000000000000009 1.0000000180025095e-35 1.5000000000000002 10.500000000000002 26.500000000000004 30.500000000000004 31.500000000000004 4.5000000000000009 24.500000000000004
decision_type=2 2 2 2 2 2 2 2 2 2 2 2 2 2 2 2 2 2 2 2 2 2 2 2 2 2 2 2 2 2
left_child=1 2 3 10 -3 25 8 -2 9 19 16 12 13 -12 15 -15 17 18 -1 20 21 22 -4 24 -9 -6 -11 -28 29 -13
right_child=7 4 6 -5 5 -7 -8 23 -10 26 11 28 -14 14 -16 -17 -18 -19 -20 -21 -22 -23 -24 -25 -26 -27 27 -29 -30 -31
leaf_value=-0.0029736791251055617 0.037220991320080228 -0.02755860247110066 0.051579225581625233 -0.017502049964909651 0.017016204163036518 -0.0189604137529874 -0.025914157520640982 0.053844888077841872 -0.03995490832762285 0.022483747805310494 0.049863256556647167 -0.017404799327090548 -0.038361362633960588 -0.025126087770127415 0.039399332158705773 0.031024526390764452 -0.023259467345017656 -0.029337874054908755 0.037128514752668498 0.048887170553207404 0.047682962119579314 -0.03284150345457925 0.0015423074457794428 0.0057979690484674263 0.0060306445854466139 -0.03137735426425934 0.009988823966546493 -0.037639580737976804 0.025152694390100594 0.022973500104511487
leaf_weight=293 108 266 23 392 113 179 55 45 22 359 70 182 21 57 51 36 143 50 51 20 20 36 640 263 41 20 110 21 34 34
leaf_count=293 108 266 23 392 113 179 55 45 22 359 70 182 21 57 51 36 143 50 51 20 20 36 640 263 41 20 110 21 34 34
internal_value=0 -0.00249091 0.0004464 -0.00550496 -0.0163135 -0.00672638 0.00688991 0.017976 0.00833214 0.00919651 -0.000903339 0.00587117 0.0186336 0.0242266 0.0117643 -0.00339037 -0.00702185 -0.0011285 0.0029717 0.00395468 0.00270482 0.00141789 0.00327813 0.0120205 0.0310497 0.00973898 0.0171021 0.00235374 -0.00612553 -0.011049
internal_weight=0 3298 2720 1414 578 312 1306 457 1251 1229 1022 485 235 214 144 93 537 394 344 739 719 699 663 349 86 133 490 131 250 216
internal_count=3755 3298 2720 1414 578 312 1306 457 1251 1229 1022 485 235 214 144 93 537 394 344 739 719 699 663 349 86 133 490 131 250 216
shrinkage=0.1


Tree=10
num_leaves=31
num_cat=0
split_feature=0 2 2 2 12 0 8 9 1 7 1 1 13 0 13 8 15 4 6 9 7 5 9 2 1 2 10 15 13 8
split_gain=14.9019 10.1193 8.79583 5.70155 6.37468 4.57177 4.70074 4.56251 4.39493 4.17583 8.33161 6.11469 4.27694 4.50111 4.12067 5.64504 4.39857 4.84802 4.24702 4.80096 3.87023 3.80104 3.77224 3.76368 3.72639 3.66571 4.39338 4.4509 3.64868 3.64788
threshold=26.500000000000004 17.500000000000004 32.500000000000007 39.500000000000007 1.5000000000000002 44.500000000000007 33.500000000000007 12.500000000000002 1.0000000180025095e-35 3.5000000000000004 15.500000000000002 13.500000000000002 5.5000000000000009 36.500000000000007 1.5000000000000002 8.5000000000000018 43.500000000000007 1.5000000000000002 1.5000000000000002 2.5000000000000004 7.5000000000000009 1.5000000000000002 38.500000000000007 10.500000000000002 3.5000000000000004 33.500000000000007 1.5000000000000002 16.500000000000004 11.500000000000002 49.500000000000007
decision_type=2 2 2 2 2 2 2 2 2 2 2 2 2 2 2 2 2 2 2 2 2 2 2 2 2 2 2 2 2 2
left_child=2 20 14 4 5 6 21 -5 28 10 -10 25 13 -13 15 -1 17 -16 19 -19 -2 -3 -20 -22 -9 26 -11 -28 -6 -14
right_child=1 3 -4 7 8 -7 -8 24 9 11 -12 12 29 -15 16 -17 -18 18 22 -21 23 -23 -24 -25 -26 -27 27 -29 -30 -31
leaf_value=-0.018018748178038484 0.010521473492185275 -0.015657473694194447 -0.019215295374678656 -0.018166123353517971 0.0027217307059025325 0.055529085433844362 -0.013585768233646045 -0.026403132845193911 -0.027517075579741909 0.066759164631366733 0.030259366886956351 -0.039641060883348643 0.0036537009750803313 0.006126538344791958 -0.016033108731110891 0.024658670618727403 0.027223093594823569 0.011091003746821962 0.0017144684679806232 -0.038331106256266116 0.056272019880513349 0.028910700196311589 -0.039385690378106158 0.023329714798927308 0.0071359104730866173 -0.0037541302411179794 0.035692287656082504 -0.0046106179058551791 -0.027387081161141399 0.034186258051130507
leaf_weight=43 150 22 418 195 81 33 44 39 87 28 35 44 300 42 330 111 42 29 768 61 48 147 23 125 220 38 87 40 80 45
leaf_count=43 150 22 418 195 81 33 44 39 87 28 35 44 300 42 330 111 42 29 768 61 48 147 23 125 220 38 87 40 80 45
internal_value=0 0.00612589 -0.00647833 0.00287957 0.00661725 0.0208947 0.0155288 -0.00661281 0.00274486 0.00597868 -0.0109419 0.00928687 0.00266264 -0.0172894 -0.00269436 0.0127422 -0.0045916 -0.005695 -0.00182261 -0.0224062 0.0222771 0.0231089 0.000519394 0.0324698 0.00208563 0.0240798 0.0309036 0.0229985 -0.0122392 0.00763621
internal_weight=0 1930 1825 1607 1153 246 213 454 907 746 122 624 431 86 1407 154 1253 1211 881 90 323 169 791 173 259 193 155 127 161 345
internal_count=3755 1930 1825 1607 1153 246 213 454 907 746 122 624 431 86 1407 154 1253 1211 881 90 323 169 791 173 259 193 155 127 161 345
shrinkage=0.1


Tree=11
num_leaves=31
num_cat=0
split_feature=0 3 2 4 2 8 6 14 9 13 5 14 8 1 1 2 15 14 7 2 3 10 11 9 4 11 3 11 9 14
split_gain=12.7184 9.16716 8.96429 9.10891 5.91288 5.18201 8.02681 6.22982 4.8299 4.78942 5.84648 7.27721 4.68696 4.50625 4.50266 4.44426 4.4041 4.32695 5.83134 4.56911 4.31761 3.97201 5.39007 3.96447 3.90468 3.88576 3.73398 3.68125 5.48253 4.12715
threshold=22.500000000000004 14.500000000000002 30.500000000000004 2.5000000000000004 38.500000000000007 28.500000000000004 1.0000000180025095e-35 35.500000000000007 29.500000000000004 2.5000000000000004 2.5000000000000004 8.5000000000000018 54.500000000000007 4.5000000000000009 15.500000000000002 14.500000000000002 3.5000000000000004 15.500000000000002 1.5000000000000002 24.500000000000004 9.5000000000000018 1.5000000000000002 3.5000000000000004 5.5000000000000009 5.5000000000000009 2.5000000000000004 27.500000000000004 2.5000000000000004 14.500000000000002 15.500000000000002
decision_type=2 2 2 2 2 2 2 2 2 2 2 2 2 2 2 2 2 2 2 2 2 2 2 2 2 2 2 2 2 2
left_child=1 4 3 12 9 6 -4 26 14 10 11 23 17 25 -7 -15 -5 19 20 -2 -19 -21 -23 -1 -18 -11 27 -8 29 -29
right_child=2 -3 5 16 -6 8 7 -9 -10 13 -12 -13 -14 15 -16 -17 24 18 -20 21 -22 22 -24 -25 -26 -27 -28 28 -30 -31
leaf_value=-0.0047658244768778481 -0.0077542581841830291 -0.026999595804077587 -0.037669956937749334 0.042056463129488353 -0.026165526890539911 -0.020991252693865037 0.017365780346830128 0.029424304130313161 -0.032731972905722537 -0.0020418344618199943 0.037035980132909922 -0.029813357690970106 -0.027030915673822167 0.027131673594315849 0.0059798684407924782 -0.0019987335555183079 0.014301510381957759 0.0093049487897327969 0.023095304261301169 0.041300347604249658 -0.042546975612640384 0.01500972667708993 -0.037119835376739505 0.048052858511606851 0.059541462510824206 -0.021939901804700145 -0.028565137737836595 -0.020115999168739088 0.011846565255701868 0.007706282221818273
leaf_weight=27 310 209 47 79 111 108 142 91 88 182 65 48 48 60 145 412 414 42 214 38 26 96 25 30 20 213 39 164 183 79
leaf_count=27 310 209 47 79 111 108 142 91 88 182 65 48 48 60 145 412 414 42 214 38 26 96 25 30 20 213 39 164 183 79
internal_value=0 -0.00773653 0.00437801 0.00994066 -0.00422958 -0.00234224 0.00233117 0.00502465 -0.0125525 -0.00188157 0.0134659 -0.00112507 0.00326412 -0.00489088 -0.0055335 0.00170428 0.0203394 0.00520042 0.0149893 -0.000685435 -0.0105208 0.0130965 0.00423916 0.0230335 0.0163863 -0.0127717 0.00136671 0.00342189 -0.00122607 -0.0110709
internal_weight=0 1357 2398 1312 1148 1086 745 698 341 1037 170 105 799 867 253 472 513 751 282 469 68 159 121 57 434 395 607 568 426 243
internal_count=3755 1357 2398 1312 1148 1086 745 698 341 1037 170 105 799 867 253 472 513 751 282 469 68 159 121 57 434 395 607 568 426 243
shrinkage=0.1


Tree=12
num_leaves=31
num_cat=0
split_feature=0 2 12 3 0 1 11 2 15 12 5 7 15 3 13 13 15 3 14 15 2 7 2 14 13 10 15 14 12 13
split_gain=10.8951 8.42677 5.88787 8.10076 6.24104 6.05053 7.1744 5.27828 5.03356 5.02164 4.56683 4.23354 4.78995 4.11183 4.07573 3.99955 3.81416 3.80876 4.60133 5.97411 5.00573 4.55983 4.1789 3.78365 3.73493 3.61886 4.60028 3.76455 4.4625 3.50482
threshold=39.500000000000007 39.500000000000007 1.5000000000000002 4.5000000000000009 20.500000000000004 15.500000000000002 2.5000000000000004 19.500000000000004 73.500000000000014 4.5000000000000009 1.5000000000000002 9.5000000000000018 11.500000000000002 6.5000000000000009 6.5000000000000009 8.5000000000000018 1.0000000180025095e-35 6.5000000000000009 4.5000000000000009 5.5000000000000009 25.500000000000004 5.5000000000000009 20.500000000000004 1.0000000180025095e-35 10.500000000000002 1.0000000180025095e-35 47.500000000000007 47.500000000000007 2.5000000000000004 16.500000000000004
decision_type=2 2 2 2 2 2 2 2 2 2 2 2 2 2 2 2 2 2 2 2 2 2 2 2 2 2 2 2 2 2
left_child=1 2 3 15 13 6 10 -2 -7 11 -4 -9 -13 -5 17 16 -1 18 -8 22 21 -21 -20 -12 -17 -3 27 -27 -29 -16
right_child=7 25 5 4 -6 8 14 9 -10 -11 23 12 -14 -15 29 24 -18 -19 19 20 -22 -23 -24 -25 -26 26 -28 28 -30 -31
leaf_value=0.0086742254949751362 0.029815475060079335 0.020187286393983025 -0.036405990918477377 0.0034050926085441345 0.0093650526382068906 0.0048951725466786153 0.03505102700657315 -0.0012671684254111583 0.054805261038598563 -0.022361042160613867 0.042449488366643591 0.0367951868709765 0.00851301764264519 -0.04392497969998254 -0.022090615138371572 -0.024487579315900804 0.058899641147366281 -0.01450109096257003 0.06063075321061271 -0.059754808679703744 0.017123432457447053 -0.005516204718620547 -0.0004524720211823781 0.0020849842157323988 0.024288402252817809 -0.016800721240847302 -0.04682184995516487 0.045997814292257487 -0.018449116178921292 -0.0059882889097591617
leaf_weight=21 133 28 30 31 187 535 45 173 21 51 24 95 162 45 373 20 54 143 21 31 30 31 24 717 73 356 46 22 21 212
leaf_count=21 133 28 30 31 187 535 45 173 21 51 24 95 162 45 373 20 54 143 21 31 30 31 24 717 73 356 46 22 21 212
internal_value=0 -0.00238156 -0.000200667 0.0105017 -0.000455519 -0.00226268 -0.00525369 0.0121832 0.00678027 0.00730773 0.00184376 0.0108266 0.0189675 -0.0246193 -0.011267 0.027655 0.0448365 -0.00228822 0.00730761 -0.0018052 -0.0164098 -0.0326355 0.028053 0.00339234 0.0137989 -0.0146831 -0.0168772 -0.0134249 0.0145237 -0.0162552
internal_weight=0 3141 2668 431 263 2237 1681 614 556 481 771 430 257 76 910 168 75 325 182 137 92 62 45 741 93 473 445 399 43 585
internal_count=3755 3141 2668 431 263 2237 1681 614 556 481 771 430 257 76 910 168 75 325 182 137 92 62 45 741 93 473 445 399 43 585
shrinkage=0.1


Tree=13
num_leaves=31
num_cat=0
split_feature=1 2 13 13 0 12 6 12 7 1 11 15 9 9 15 9 0 3 14 2 8 14 14 2 5 8 2 8 2 6
split_gain=9.29924 8.37211 6.89436 5.37125 5.86132 7.66271 3.6657 5.65523 4.07118 4.04806 3.79474 3.58201 4.99831 5.59627 3.57412 3.5249 3.43438 4.58228 3.37666 3.31439 4.13322 5.69349 3.31055 3.99946 3.26105 3.20295 8.33436 4.6228 7.34501 3.84064
threshold=6.5000000000000009 17.500000000000004 12.500000000000002 2.5000000000000004 44.500000000000007 3.5000000000000004 1.5000000000000002 1.5000000000000002 1.0000000180025095e-35 3.5000000000000004 4.5000000000000009 5.5000000000000009 31.500000000000004 20.500000000000004 44.500000000000007 3.5000000000000004 22.500000000000004 15.500000000000002 14.500000000000002 44.500000000000007 22.500000000000004 10.500000000000002 7.5000000000000009 22.500000000000004 2.5000000000000004 9.5000000000000018 27.500000000000004 26.500000000000004 38.500000000000007 2.5000000000000004
decision_type=2 2 2 2 2 2 2 2 2 2 2 2 2 2 2 2 2 2 2 2 2 2 2 2 2 2 2 2 2 2
left_child=2 14 6 15 16 -6 22 9 -9 -8 -10 12 13 -4 18 -3 17 25 -2 -18 21 -21 23 -1 -24 26 -5 29 -29 -27
right_child=1 3 11 4 5 -7 7 8 10 -11 -12 -13 -14 -15 -16 -17 19 -19 -20 20 -22 -23 24 -25 -26 27 -28 28 -30 -31
leaf_value=0.036653770052868392 0.0041185684652136475 -0.016390311505113327 -0.0040919130520215112 0.049888618723038708 0.031612112738869408 -0.022108966963631765 0.013295528391997019 -0.021495955437421801 -0.00030613235053842492 0.064308510365940277 0.033362197258642742 -0.020627268825068781 -0.040550641914208735 0.049548625686894297 0.047911704633686991 0.021736277565771706 0.0022479205334467347 -0.03846639231690821 0.02482645033362383 -0.032217728747771339 -0.034266355987322535 0.029946222726036521 -0.048040383532643317 -0.015923790060556855 -0.011855286540407123 -0.037646421480488468 -0.026106788935484709 0.035297832389672594 -0.029487583835919703 -0.0032282008656433652
leaf_weight=23 149 28 126 31 110 35 60 88 769 21 35 359 30 23 37 181 934 53 167 26 59 34 40 39 66 77 27 42 30 56
leaf_count=23 149 28 126 31 110 35 60 88 769 21 35 359 30 23 37 181 934 53 167 26 59 34 40 39 66 77 27 42 30 56
internal_value=0 0.00447539 -0.00553359 0.00160098 -0.000473484 0.018645 -0.00113342 0.00122182 -0.00107554 0.0265211 0.00115953 -0.0148656 -0.00330995 0.00418817 0.0185054 0.0166284 -0.00249845 -0.0116415 0.0150623 0.00024535 -0.0154723 0.00300851 -0.0147741 0.00358079 -0.02551 -0.00623577 0.0145114 -0.0121057 0.00830391 -0.0231545
internal_weight=0 2076 1679 1723 1514 145 1141 973 892 81 804 538 179 149 353 209 1369 316 316 1053 119 60 168 62 106 263 58 205 72 133
internal_count=3755 2076 1679 1723 1514 145 1141 973 892 81 804 538 179 149 353 209 1369 316 316 1053 119 60 168 62 106 263 58 205 72 133
shrinkage=0.1


Tree=14
num_leaves=31
num_cat=0
split_feature=0 12 2 4 2 1 3 8 8 6 14 9 8 11 5 9 8 9 9 13 0 15 14 9 7 1 2 15 0 3
split_gain=8.1204 6.3504 5.94825 6.02218 4.56293 5.26933 4.06374 3.89204 3.8184 5.68498 6.22298 3.83722 3.61581 4.73272 4.06896 3.71592 3.57013 4.34101 6.75687 3.43297 5.82924 3.41223 3.76256 3.34079 5.25621 5.02115 4.35538 5.20689 4.88992 3.26526
threshold=22.500000000000004 2.5000000000000004 30.500000000000004 2.5000000000000004 24.500000000000004 4.5000000000000009 13.500000000000002 54.500000000000007 28.500000000000004 1.5000000000000002 35.500000000000007 29.500000000000004 56.500000000000007 2.5000000000000004 3.5000000000000004 18.500000000000004 7.5000000000000009 19.500000000000004 9.5000000000000018 2.5000000000000004 32.500000000000007 1.0000000180025095e-35 17.500000000000004 7.5000000000000009 11.500000000000002 10.500000000000002 19.500000000000004 8.5000000000000018 16.500000000000004 8.5000000000000018
decision_type=2 2 2 2 2 2 2 2 2 2 2 2 2 2 2 2 2 2 2 2 2 2 2 2 2 2 2 2 2 2
left_child=1 4 3 7 23 -6 12 21 9 -4 19 -10 13 14 -3 -15 -7 18 -18 20 -11 22 -2 29 25 26 28 -28 -25 -1
right_child=2 6 8 -5 5 16 -8 -9 11 10 -12 -13 -14 15 -16 -17 17 -19 -20 -21 -22 -23 -24 24 -26 -27 27 -29 -30 -31
leaf_value=0.0020710435205576372 0.0050347299286813453 -0.0071538046002388002 -0.018516063167337785 0.016484700388785228 -0.029866442363709212 0.032162380857127054 -0.028774308289090795 -0.025005897507071495 -0.0044842469715789379 -0.0063591569662094123 0.031444565333971164 -0.028727115284312855 0.026805759966373445 -0.028424510516618429 0.030704350487605947 -0.00049025398312192974 -0.016912879330524499 -0.042938056146657029 0.035161934984035983 -0.00072788255296738044 0.058762661395249542 0.0023970547126810678 0.055900331758535829 0.0035117276783647208 0.048793039719263714 -0.026553639272848768 -0.0089975580047158641 0.047712427973747251 0.058036941133047408 -0.02780600398085838
leaf_weight=245 33 122 114 513 96 28 144 48 253 28 82 88 26 171 37 66 69 27 39 494 27 692 26 29 36 36 85 20 38 43
leaf_count=245 33 122 114 513 96 28 144 48 253 28 82 88 26 171 37 66 69 27 39 494 27 692 26 29 36 36 85 20 38 43
internal_value=0 -0.00618185 0.00349824 0.00802949 -0.000395154 -0.0112804 -0.0142689 0.00260079 -0.00197598 0.00203568 0.00574868 -0.0107405 -0.0093192 -0.011691 0.00165595 -0.0206454 -0.000334074 -0.00707408 0.00189191 0.00191068 0.0256097 0.00436527 0.0274501 0.00490426 0.0135136 0.00740754 0.0145157 0.00180434 0.0344365 -0.00238977
internal_weight=0 1357 2398 1312 791 259 566 799 1086 745 631 341 422 396 159 237 163 135 108 549 55 751 59 532 244 208 172 105 67 288
internal_count=3755 1357 2398 1312 791 259 566 799 1086 745 631 341 422 396 159 237 163 135 108 549 55 751 59 532 244 208 172 105 67 288
shrinkage=0.1


Tree=15
num_leaves=31
num_cat=0
split_feature=0 2 5 12 8 7 7 10 4 12 9 0 15 3 7 13 15 4 2 13 10 0 14 7 2 3 9 8 6 9
split_gain=7.23185 5.29797 5.2584 4.33541 5.23849 3.64778 4.59412 4.16585 4.91212 4.58249 4.3388 4.1937 3.81994 3.62475 4.47223 3.51918 4.53851 4.20059 4.06741 4.29801 3.61694 5.662 3.49163 4.13169 3.47868 3.46407 4.5578 3.41191 3.35504 4.31945
threshold=36.500000000000007 30.500000000000004 2.5000000000000004 1.5000000000000002 15.500000000000002 13.500000000000002 16.500000000000004 3.5000000000000004 3.5000000000000004 2.5000000000000004 9.5000000000000018 32.500000000000007 6.5000000000000009 11.500000000000002 39.500000000000007 4.5000000000000009 24.500000000000004 1.0000000180025095e-35 44.500000000000007 21.500000000000004 1.5000000000000002 41.500000000000007 8.5000000000000018 18.500000000000004 27.500000000000004 3.5000000000000004 43.500000000000007 23.500000000000004 2.5000000000000004 52.500000000000007
decision_type=2 2 2 2 2 2 2 2 2 2 2 2 2 2 2 2 2 2 2 2 2 2 2 2 2 2 2 2 2 2
left_child=1 2 28 4 -4 7 -7 8 11 10 -9 12 -5 14 -3 16 17 -2 19 20 24 -22 -21 25 -17 -24 -27 -8 -1 -30
right_child=15 13 3 5 -6 6 27 9 -10 -11 -12 -13 -14 -15 -16 18 -18 -19 -20 22 21 -23 23 -25 -26 26 -28 -29 29 -31
leaf_value=-0.0093370862520939252 -0.010168158113956452 -0.0063010026545283057 0.04905674047768116 0.0095719914303885583 0.0075538004378238365 0.042501291696061483 -0.006226131249876584 -0.022942308336496353 0.050710132008507137 -0.034527565605604826 0.038539510965347294 0.028247252937692865 -0.0091934891519965707 -0.01623408292342389 0.024696016837568845 0.049445092678070068 -0.0051490867391545724 0.040120256646555302 -0.014340783734070628 0.034679511906225473 -0.020361896410701782 0.0092145416546951641 0.028711550740095289 0.024869315281058804 0.001975157464805402 0.00026418133638799189 -0.05342508185477484 0.025564931838640143 0.0051870491961145534 -0.042548847943544389
leaf_weight=587 20 533 48 180 83 47 85 24 21 67 22 52 273 371 51 26 47 98 95 79 127 132 26 99 38 64 21 56 363 20
leaf_count=587 20 533 48 180 83 47 85 24 21 67 22 52 273 371 51 26 47 98 95 79 127 132 26 99 38 64 21 56 363 20
internal_value=0 -0.00241355 0.000603491 0.00585854 0.022761 0.00318112 0.0154254 -0.000421263 0.00332111 -0.0178415 0.00646204 0.00135048 -0.00173701 -0.00850448 -0.00359407 0.00797965 0.0211298 0.0315968 0.00491066 0.00789904 -2.79039e-05 -0.00528819 0.0167586 0.0100169 0.0212598 -0.0032299 -0.0130002 0.00640011 -0.00458654 0.00269431
internal_weight=0 2883 1928 958 131 827 188 639 526 113 46 505 453 955 584 872 165 118 707 612 323 259 289 210 64 111 85 141 970 383
internal_count=3755 2883 1928 958 131 827 188 639 526 113 46 505 453 955 584 872 165 118 707 612 323 259 289 210 64 111 85 141 970 383
shrinkage=0.1


Tree=16
num_leaves=31
num_cat=0
split_feature=1 2 13 13 6 7 1 9 0 7 5 14 2 9 7 4 3 14 13 12 10 1 14 7 7 15 15 7 8 5
split_gain=6.17044 5.78886 5.57448 4.70874 4.56739 7.82441 4.08508 3.66095 4.71815 4.57323 3.56756 3.67169 3.53629 4.24207 3.53273 3.50766 4.68745 4.45252 3.28115 4.19818 3.18741 3.90357 3.16508 3.67138 3.82961 5.22988 3.1333 5.3009 3.06853 3.28075
threshold=6.5000000000000009 17.500000000000004 8.5000000000000018 91.500000000000014 2.5000000000000004 68.500000000000014 7.5000000000000009 17.500000000000004 41.500000000000007 16.500000000000004 2.5000000000000004 20.500000000000004 41.500000000000007 18.500000000000004 5.5000000000000009 3.5000000000000004 22.500000000000004 7.5000000000000009 5.5000000000000009 2.5000000000000004 1.5000000000000002 10.500000000000002 6.5000000000000009 10.500000000000002 7.5000000000000009 12.500000000000002 14.500000000000002 25.500000000000004 19.500000000000004 2.5000000000000004
decision_type=2 2 2 2 2 2 2 2 2 2 2 2 2 2 2 2 2 2 2 2 2 2 2 2 2 2 2 2 2 2
left_child=2 -2 28 4 5 6 -3 18 9 10 11 -9 15 -14 -12 16 20 -17 19 -6 21 -8 -20 24 25 -24 27 -19 29 -1
right_child=1 3 -4 -5 7 -7 12 8 -10 -11 14 -13 13 -15 -16 17 -18 26 22 -21 -22 -23 23 -25 -26 -27 -28 -29 -30 -31
leaf_value=-0.0016503288469493253 0.015311995034683865 0.029528641971674836 -0.010468656758969574 -0.030667272210121155 0.04835197215730494 0.056939614244869777 0.040329307938615486 -0.030129072566827137 0.020666139887780259 -0.018761577539973789 -0.0041939066417181672 0.015436839312314987 -0.026989965163397068 0.017202077232874358 0.02628097754310478 0.039083323646814397 0.029233985580503941 0.012689038448863561 0.023509178241503607 0.0089132307835345006 -0.015504508061346664 -0.0063213784614918932 -0.026168920335016756 0.014749444051853661 -0.045174899009557873 0.027408445136887689 0.018148515441200951 -0.042797963817914328 -0.011493287877466694 0.012248270107921981
leaf_weight=427 353 33 811 45 55 21 24 48 97 135 67 28 132 26 88 39 32 36 97 53 306 71 38 103 26 35 55 33 159 282
leaf_count=427 353 33 811 45 55 21 24 48 97 135 67 28 132 26 88 39 32 36 97 53 306 71 38 103 26 35 55 33 159 282
internal_value=0 0.00364556 -0.00450756 0.0012554 0.00211149 -0.00330218 -0.00490965 0.00713936 0.00105739 -0.00413946 0.00440593 -0.0133416 -0.00641689 -0.0197179 0.013108 -0.0028908 -0.00759771 0.00961283 0.0140582 0.0289978 -0.0105369 0.00546406 0.00866191 0.00153229 -0.0122189 -0.000481142 0.000343878 -0.0138482 0.00106208 0.00387775
internal_weight=0 2076 1679 1723 1678 808 787 870 463 366 231 76 754 158 155 596 433 163 407 108 401 95 299 202 99 73 124 69 868 709
internal_count=3755 2076 1679 1723 1678 808 787 870 463 366 231 76 754 158 155 596 433 163 407 108 401 95 299 202 99 73 124 69 868 709
shrinkage=0.1


Tree=17
num_leaves=31
num_cat=0
split_feature=0 12 14 11 0 8 8 9 5 9 2 14 13 4 8 1 7 2 12 13 11 2 8 13 7 3 2 0 5 15
split_gain=5.5827 4.59333 3.88373 4.91204 4.89855 4.78737 5.55131 4.30663 4.3021 4.08132 5.60498 6.29784 4.5042 3.56833 3.90723 6.94386 4.28774 4.49563 4.08455 3.90239 3.53024 3.51705 4.55251 3.49159 3.53849 3.42601 3.24515 6.36894 3.30067 3.18807
threshold=22.500000000000004 2.5000000000000004 15.500000000000002 2.5000000000000004 44.500000000000007 2.5000000000000004 5.5000000000000009 58.500000000000007 1.5000000000000002 14.500000000000002 37.500000000000007 11.500000000000002 26.500000000000004 1.0000000180025095e-35 30.500000000000004 36.500000000000007 31.500000000000004 24.500000000000004 2.5000000000000004 40.500000000000007 3.5000000000000004 24.500000000000004 7.5000000000000009 2.5000000000000004 26.500000000000004 27.500000000000004 23.500000000000004 35.500000000000007 2.5000000000000004 1.5000000000000002
decision_type=2 2 2 2 2 2 2 2 2 2 2 2 2 2 2 2 2 2 2 2 2 2 2 2 2 2 2 2 2 2
left_child=1 21 3 8 7 -4 -7 9 -2 10 11 12 29 -8 15 20 17 -16 -18 -19 26 -1 -23 -24 -25 -11 28 -28 -15 -5
right_child=2 -3 5 4 -6 6 13 -9 -10 25 -12 -13 -14 14 16 -17 18 19 -20 -21 -22 22 23 24 -26 -27 27 -29 -30 -31
leaf_value=0.0044483684395488941 -0.029110883128258491 -0.012003550481038044 -0.035389757990837094 0.030818632125854496 0.02235052917824417 0.033322066279018625 -0.0083281324628521423 -0.052853775173425682 0.0092489117444837145 0.0073544970200967426 -0.028696156762264391 -0.030373139125414384 0.033202804510410015 -0.0065914981067180635 0.015070948062034753 -0.027389853628906044 0.049422091458524976 -0.01175962127361101 -0.0056210650274386778 -0.059305255044074294 0.025452986278105529 0.020810264130917994 0.010784757573430132 -0.026648000547081042 0.018013253659009933 -0.028897047453913194 -0.035331281001974899 0.016161371253687759 0.032007532690962154 -0.0066908919737358732
leaf_weight=532 31 566 25 25 61 85 136 20 514 258 135 78 39 32 52 37 28 97 26 21 256 41 41 157 20 29 41 58 72 242
leaf_count=532 31 566 25 25 61 85 136 20 514 258 135 78 39 32 52 37 28 97 26 21 256 41 41 157 20 29 41 58 72 242
internal_value=0 -0.00512568 0.00290056 -0.000404784 -0.00499566 0.00780042 0.00894787 -0.00701518 0.00706698 -0.00587774 -0.0111694 -0.00500762 0.0014581 0.00652754 0.00933361 0.0142841 -0.00162827 -0.00942591 0.0229198 -0.0202211 0.0176435 -0.000204226 -0.00976091 -0.0155105 -0.0216015 0.00369145 0.00779503 -0.00516387 0.0201309 -0.00317876
internal_weight=0 1357 2398 1432 887 966 941 826 545 806 519 384 306 856 720 496 224 170 54 118 459 791 259 218 177 287 203 99 104 267
internal_count=3755 1357 2398 1432 887 966 941 826 545 806 519 384 306 856 720 496 224 170 54 118 459 791 259 218 177 287 203 99 104 267
shrinkage=0.1


Tree=18
num_leaves=31
num_cat=0
split_feature=6 0 12 13 7 0 3 13 3 2 4 6 5 7 2 14 15 9 7 11 4 8 14 7 7 14 15 12 14 6
split_gain=4.7179 5.54451 6.44358 5.61606 4.69953 4.04643 3.90615 3.72999 3.77601 3.52177 3.36721 5.50708 3.68424 4.35137 3.82411 4.26459 4.72871 5.37394 3.31961 3.19361 4.26904 4.22782 5.05891 4.12342 3.67172 3.43693 3.39501 3.6019 3.17399 3.73501
threshold=1.5000000000000002 28.500000000000004 4.5000000000000009 91.500000000000014 1.0000000180025095e-35 21.500000000000004 19.500000000000004 1.5000000000000002 4.5000000000000009 42.500000000000007 1.5000000000000002 4.5000000000000009 2.5000000000000004 12.500000000000002 25.500000000000004 43.500000000000007 37.500000000000007 8.5000000000000018 39.500000000000007 2.5000000000000004 2.5000000000000004 8.5000000000000018 5.5000000000000009 7.5000000000000009 14.500000000000002 2.5000000000000004 1.0000000180025095e-35 1.0000000180025095e-35 37.500000000000007 4.5000000000000009
decision_type=2 2 2 2 2 2 2 2 2 2 2 2 2 2 2 2 2 2 2 2 2 2 2 2 2 2 2 2 2 2
left_child=9 2 4 10 -2 -4 7 8 -6 18 28 12 13 -12 -14 16 17 -16 -1 20 23 -22 -23 25 -24 -9 -21 -28 29 -3
right_child=1 3 5 -5 6 -7 -8 19 -10 -11 11 -13 14 -15 15 -17 -18 -19 -20 26 21 22 24 -25 -26 -27 27 -29 -30 -31
leaf_value=-0.0079993434504764833 -0.023326259414697514 -0.0017783402591138274 0.0049982540986754677 -0.03254249079807385 0.035672089007665525 0.043634448492008711 -0.018927595041918033 0.033213217791758086 0.0014238360088046007 -0.032063527885129894 -0.013717344933993195 0.034788447055147914 0.023157403656939194 0.0098845500676404876 -0.013604670511670861 0.037806678637862211 -0.021563352100432864 0.015867573120957049 0.032765022913614911 0.019666576782862349 0.04664048705345545 -0.025393109648458419 0.0051241948774882725 -0.015544078316721882 0.058015586364836925 0.001000318889932115 0.021668037449991382 -0.010405798434662673 0.017941120103613973 -0.039383095811153283
leaf_weight=410 116 296 66 37 53 46 132 38 82 59 146 82 211 168 83 40 63 243 21 45 39 31 35 143 21 258 37 652 73 29
leaf_count=410 116 296 66 37 53 46 132 38 82 59 146 82 211 168 83 40 63 243 21 45 39 31 35 143 21 258 37 652 73 29
internal_value=0 0.00137317 -0.00235834 0.00592405 -0.00390484 0.0208667 -0.00246621 -0.000950937 0.0148694 -0.00914982 0.00691656 0.00992002 0.00778249 -0.00108958 0.0121353 0.00671424 0.00351707 0.0083639 -0.00601314 -0.00259509 0.00305637 0.0192815 0.0070171 -0.0016005 0.0249585 0.00513576 -0.00694532 -0.0086834 -0.000901499 -0.00513384
internal_weight=0 3265 1794 1471 1682 112 1566 1434 135 490 1434 1036 954 314 640 429 389 326 431 1299 565 126 87 439 56 296 734 689 398 325
internal_count=3755 3265 1794 1471 1682 112 1566 1434 135 490 1434 1036 954 314 640 429 389 326 431 1299 565 126 87 439 56 296 734 689 398 325
shrinkage=0.1


Tree=19
num_leaves=31
num_cat=0
split_feature=1 6 15 11 7 2 15 1 8 2 8 0 8 15 8 2 3 8 0 8 14 12 13 9 1 2 1 12 13 10
split_gain=3.90956 4.50991 4.49184 3.97942 4.29746 3.79054 4.48462 3.7335 4.77056 4.70983 3.64352 5.76421 4.22304 3.49786 3.39917 3.39572 3.58326 3.33572 3.29115 3.50638 4.72842 3.43183 3.25139 4.88738 7.81011 3.61675 3.24826 3.34745 3.23373 3.87514
threshold=4.5000000000000009 2.5000000000000004 11.500000000000002 1.5000000000000002 50.500000000000007 39.500000000000007 4.5000000000000009 9.5000000000000018 6.5000000000000009 30.500000000000004 18.500000000000004 27.500000000000004 13.500000000000002 16.500000000000004 13.500000000000002 25.500000000000004 20.500000000000004 9.5000000000000018 14.500000000000002 28.500000000000004 13.500000000000002 3.5000000000000004 12.500000000000002 24.500000000000004 22.500000000000004 35.500000000000007 3.5000000000000004 2.5000000000000004 23.500000000000004 1.5000000000000002
decision_type=2 2 2 2 2 2 2 2 2 2 2 2 2 2 2 2 2 2 2 2 2 2 2 2 2 2 2 2 2 2
left_child=15 3 -3 -2 5 18 -7 -4 -9 10 11 12 -10 -13 -8 16 26 -11 -5 20 21 28 23 24 -19 -24 27 -1 29 -20
right_child=1 2 7 4 -6 6 14 8 9 17 -12 13 -14 -15 -16 -17 -18 22 19 -21 -22 -23 25 -25 -26 -27 -28 -29 -30 -31
leaf_value=0.0099075941720478972 0.021765090236023292 0.013831750158634451 -0.016170132510802328 -0.027547231379975664 0.02540987890958786 -0.049845148798297434 0.0096851680556247974 0.023277811034842655 -0.0043997697789093541 -0.042958824795026052 0.022411516332818616 0.044761348343812506 -0.064130333214998253 0.0013624570461419913 -0.019720366584961534 -0.010396823230627421 -0.03064602009124226 0.060408271942287685 0.018110422885570771 -0.015611246921295344 0.014135116687068692 -0.025773882057707188 -0.051066088676452639 -0.017478925809264186 -0.015987783670425415 -0.0078063398107024277 -0.025514492247162797 -0.0049135844080189194 0.036392902809640637 -0.0064936369323596909
leaf_weight=355 67 504 102 47 50 34 58 111 29 26 124 26 20 65 122 555 36 32 78 129 231 59 23 40 23 121 41 267 23 357
leaf_count=355 67 504 102 47 50 34 58 111 29 26 124 26 20 65 122 555 36 32 78 129 231 59 23 40 23 121 41 267 23 357
internal_value=0 0.00228481 0.00654658 -0.00194639 -0.00328366 -0.00454436 -0.0165368 0.00159816 0.00442999 0.000475151 0.00992872 -0.00112747 -0.0287796 0.0137621 -0.0102452 -0.00455687 7.99971e-05 -0.00894275 -0.00176688 -0.000385264 0.00224061 -0.00307396 -0.00524225 0.00911778 0.0284608 -0.0147159 0.00174838 0.00354545 -0.000149735 -0.00208187
internal_weight=0 2501 1246 1255 1188 1138 214 742 640 529 264 140 49 91 180 1254 699 265 924 877 748 517 239 95 55 144 663 622 458 435
internal_count=3755 2501 1246 1255 1188 1138 214 742 640 529 264 140 49 91 180 1254 699 265 924 877 748 517 239 95 55 144 663 622 458 435
shrinkage=0.1


Tree=20
num_leaves=31
num_cat=0
split_feature=0 3 11 1 6 12 13 14 7 3 3 12 3 5 9 8 10 7 14 13 13 12 7 15 2 9 13 13 2 2
split_gain=3.59668 5.21413 4.26226 3.82057 3.71342 4.42894 3.90163 6.75231 4.52458 4.30431 3.8629 3.04444 3.5973 2.86639 2.81846 2.69352 2.66245 2.99076 2.62349 3.13032 5.1118 4.25906 4.5518 4.22621 5.86419 3.77166 3.36457 3.81501 3.26924 5.02799
threshold=42.500000000000007 35.500000000000007 1.5000000000000002 1.5000000000000002 1.5000000000000002 5.5000000000000009 2.5000000000000004 40.500000000000007 1.0000000180025095e-35 30.500000000000004 25.500000000000004 2.5000000000000004 1.0000000180025095e-35 1.5000000000000002 26.500000000000004 49.500000000000007 1.5000000000000002 8.5000000000000018 13.500000000000002 34.500000000000007 19.500000000000004 2.5000000000000004 41.500000000000007 1.5000000000000002 19.500000000000004 3.5000000000000004 10.500000000000002 5.5000000000000009 25.500000000000004 40.500000000000007
decision_type=2 2 2 2 2 2 2 2 2 2 2 2 2 2 2 2 2 2 2 2 2 2 2 2 2 2 2 2 2 2
left_child=1 2 3 -1 -4 6 7 11 15 10 18 -6 -13 -5 -11 -8 -14 -18 -10 20 23 22 -21 24 -20 -25 27 -27 -28 -30
right_child=-2 -3 4 13 5 -7 8 -9 9 14 -12 12 16 -15 -16 -17 17 -19 19 21 -22 -23 -24 25 -26 26 28 -29 29 -31
leaf_value=-0.0085153768671319841 0.0092099247681187209 -0.033422935434750153 -0.010294556026828701 -0.0029294819191650109 0.012761822728913064 0.036934820562601091 -0.024168374091386797 0.048905582961283237 -0.0033288416763146722 0.056679712023053858 -0.02408786569147894 0.021262278738949036 -0.033905447721481324 0.0344717111307032 0.0054621070623397834 0.013667082651094956 0.017222882972823251 -0.024793512094765904 -0.0029843870421935774 -0.0077526524662971498 0.026985899690124729 -0.027584477013616424 0.046582586140859694 0.036479247991855333 0.061175468351159779 -0.012525599123386855 -0.0012516264871853154 0.013135109182043248 -0.052973740493378989 0.002601072081813106
leaf_weight=47 381 49 406 27 193 32 130 38 1338 21 73 36 45 85 22 22 36 32 29 58 108 67 21 26 28 89 82 166 41 27
leaf_count=47 381 49 406 27 193 32 130 38 1338 21 73 36 45 85 22 22 36 32 29 58 108 67 21 26 28 89 82 166 41 27
internal_value=0 -0.00104001 -0.000562784 0.0154137 -0.00136514 -5.16103e-05 -0.000485469 0.00891519 -0.00200687 -0.000851966 -0.00147764 0.00447181 -0.00626625 0.0254554 0.0304754 -0.0186922 -0.0150364 -0.00254954 -0.000684108 0.00408497 0.00729971 -0.00903822 0.00669089 0.00294293 0.0285327 -0.00044134 -0.00281155 0.00417902 -0.0146955 -0.0309073
internal_weight=0 3374 3325 159 3166 2760 2728 380 2348 2196 2153 342 149 112 43 152 113 68 2080 742 596 146 79 488 57 431 405 255 150 68
internal_count=3755 3374 3325 159 3166 2760 2728 380 2348 2196 2153 342 149 112 43 152 113 68 2080 742 596 146 79 488 57 431 405 255 150 68
shrinkage=0.1


Tree=21
num_leaves=31
num_cat=0
split_feature=0 3 9 3 3 15 2 8 6 15 8 14 9 9 12 1 5 6 12 9 8 4 15 14 15 10 13 8 8 13
split_gain=3.15389 3.64883 2.95273 3.70874 3.08499 3.91939 3.20275 2.91668 3.18957 3.7358 3.37391 3.13811 3.06051 3.08161 2.88316 5.12465 4.96478 4.48915 2.83163 2.83373 3.08252 2.75592 2.74421 2.74408 3.14082 2.58752 3.04085 2.89701 2.46753 2.33495
threshold=22.500000000000004 14.500000000000002 90.500000000000014 36.500000000000007 30.500000000000004 15.500000000000002 39.500000000000007 30.500000000000004 2.5000000000000004 5.5000000000000009 17.500000000000004 6.5000000000000009 30.500000000000004 16.500000000000004 1.5000000000000002 30.500000000000004 3.5000000000000004 1.0000000180025095e-35 1.5000000000000002 14.500000000000002 9.5000000000000018 5.5000000000000009 22.500000000000004 8.5000000000000018 14.500000000000002 1.5000000000000002 13.500000000000002 15.500000000000002 25.500000000000004 2.5000000000000004
decision_type=2 2 2 2 2 2 2 2 2 2 2 2 2 2 2 2 2 2 2 2 2 2 2 2 2 2 2 2 2 2
left_child=1 29 3 4 6 -6 14 8 9 -8 23 -12 13 -9 15 17 -17 -2 -10 -20 -21 -16 -22 24 -11 27 -27 -19 -28 -1
right_child=2 -3 -4 -5 5 -7 7 12 18 10 11 -13 -14 -15 21 16 -18 25 19 20 22 -23 -24 -25 -26 26 28 -29 -30 -31
leaf_value=0.0087162719723956842 -0.02637318683707196 -0.016005633942533338 0.032353237457573417 -0.028419165909290313 -0.0029396372345777658 0.050106738905111949 -0.042919401978624282 -0.021480989504245023 0.035092080428319815 -0.001088467389345169 -0.054885426610708235 -0.004390695504844189 -0.043340515842040378 0.018011536680418869 0.00097510745456569391 0.0074676361680030825 -0.056854335516691216 0.054428449960855343 -0.024223631223042805 -0.010035980053437062 0.04531649146229029 0.032655553732599533 -0.0019028598070144655 -0.0077887333169275406 0.054283337649844943 0.0017077712628703853 0.035592476106606999 0.013831174466758966 0.0055282484917413624 -0.0036040093213165363
leaf_weight=183 23 209 32 40 26 30 29 62 34 20 20 32 36 29 1421 30 20 39 30 39 32 28 20 49 21 104 78 32 42 965
leaf_count=183 23 209 32 40 26 30 29 62 34 20 20 32 36 29 1421 30 20 39 30 39 32 28 20 49 21 104 78 32 42 965
internal_value=0 -0.00385259 0.00218014 0.00177205 0.00229124 0.0254781 0.00171923 -0.00580353 -0.00079525 -0.0102125 -0.00353294 -0.0238117 -0.0186594 -0.00889546 0.00359475 0.0114991 -0.0182612 0.0161784 0.00959412 0.00242941 0.0112161 0.00158729 0.0271552 0.0081837 0.0272727 0.019496 0.0142232 0.0361311 0.02507 -0.00164006
internal_weight=0 1357 2398 2366 2326 56 2270 453 326 171 142 52 127 91 1817 368 50 318 155 121 91 1449 52 90 41 295 224 71 120 1148
internal_count=3755 1357 2398 2366 2326 56 2270 453 326 171 142 52 127 91 1817 368 50 318 155 121 91 1449 52 90 41 295 224 71 120 1148
shrinkage=0.1


Tree=22
num_leaves=31
num_cat=0
split_feature=11 0 9 14 12 1 3 14 0 5 13 7 8 8 14 9 1 15 7 8 2 14 6 6 0 15 15 0 11 15
split_gain=2.78016 3.99526 4.58341 3.77574 3.4341 3.83858 3.45532 3.73389 5.00165 3.15301 6.78468 5.25416 4.69831 4.18217 4.98789 4.27363 3.92735 3.33546 3.97081 5.11041 3.07576 4.18532 3.35273 2.99966 2.9959 2.78087 2.65008 7.68281 2.5564 2.52154
threshold=2.5000000000000004 41.500000000000007 11.500000000000002 1.5000000000000002 1.5000000000000002 26.500000000000004 13.500000000000002 13.500000000000002 17.500000000000004 3.5000000000000004 28.500000000000004 23.500000000000004 31.500000000000004 15.500000000000002 15.500000000000002 6.5000000000000009 9.5000000000000018 51.500000000000007 40.500000000000007 32.500000000000007 39.500000000000007 5.5000000000000009 1.5000000000000002 1.0000000180025095e-35 32.500000000000007 1.5000000000000002 16.500000000000004 26.500000000000004 3.5000000000000004 1.5000000000000002
decision_type=2 2 2 2 2 2 2 2 2 2 2 2 2 2 2 2 2 2 2 2 2 2 2 2 2 2 2 2 2 2
left_child=3 4 -3 -1 6 -6 7 8 -2 17 13 12 -12 -11 15 -15 -17 18 19 23 21 -10 -23 -5 26 28 -25 -28 -9 -8
right_child=1 2 -4 9 5 -7 29 25 20 10 11 -13 -14 14 -16 16 -18 -19 -20 -21 -22 22 -24 24 -26 -27 27 -29 -30 -31
leaf_value=0.02252454229376533 0.042910099029541016 -0.006998961285423877 0.016267407128344413 -0.028133112405027663 -0.0074214820192518467 0.0065946637590726222 0.013950873448930937 0.029708074107766155 0.026967764588502738 0.039939305022971272 -0.029354804235955947 -0.05306372580428919 0.032150125503540038 0.027241178750991826 0.042799928528921949 -0.041130058094859125 0.0076797582647379712 -0.040059702453159152 0.04127122902351877 -0.044491024143420738 -0.032549717856778036 -0.04853343322873116 0.0022849534008954025 0.0012675430606957057 0.015483733025708594 0.033229687467388726 -0.042509390600025655 0.024985144459284271 -0.017846466142397661 -0.020904731852551029
leaf_weight=99 23 134 230 35 1485 225 29 20 39 73 23 24 27 35 35 32 34 21 23 26 36 20 37 597 133 87 48 26 26 73
leaf_count=99 23 134 230 35 1485 225 29 20 39 73 23 24 27 35 35 32 34 21 23 26 36 20 37 597 133 87 48 26 26 73
internal_value=0 -0.00196957 0.00770232 0.00375913 -0.00364604 -0.00557725 0.0048216 0.0104233 -0.00012413 0.00220059 0.0114181 -0.0146032 0.00385786 0.0206314 0.0102676 -0.00100603 -0.0159856 -0.000669107 0.000262427 -0.00082798 -0.00762252 0.00172518 -0.0155461 0.000525106 0.00177267 0.0227153 -0.000945028 -0.0187951 0.00282942 -0.0109948
internal_weight=0 2464 364 1291 2100 1710 390 288 155 1192 283 74 50 209 136 101 66 909 888 865 132 96 57 839 804 133 671 74 46 102
internal_count=3755 2464 364 1291 2100 1710 390 288 155 1192 283 74 50 209 136 101 66 909 888 865 132 96 57 839 804 133 671 74 46 102
shrinkage=0.1


Tree=23
num_leaves=31
num_cat=0
split_feature=2 7 9 6 12 5 9 0 8 6 6 12 9 1 5 6 7 7 9 2 13 11 10 2 15 15 13 1 15 15
split_gain=2.58267 4.18965 5.79586 4.27173 4.95128 3.53073 4.8913 3.42271 3.46896 3.88992 4.04926 3.45332 7.29571 4.64333 3.14953 4.03644 3.49369 3.18133 7.53024 4.20374 3.47522 3.14144 3.12924 3.3386 2.78161 4.43251 3.30777 3.74043 2.75549 4.0033
threshold=19.500000000000004 8.5000000000000018 2.5000000000000004 2.5000000000000004 1.5000000000000002 2.5000000000000004 7.5000000000000009 24.500000000000004 30.500000000000004 3.5000000000000004 4.5000000000000009 3.5000000000000004 45.500000000000007 31.500000000000004 2.5000000000000004 1.5000000000000002 3.5000000000000004 5.5000000000000009 8.5000000000000018 17.500000000000004 12.500000000000002 2.5000000000000004 3.5000000000000004 21.500000000000004 28.500000000000004 25.500000000000004 3.5000000000000004 6.5000000000000009 19.500000000000004 6.5000000000000009
decision_type=2 2 2 2 2 2 2 2 2 2 2 2 2 2 2 2 2 2 2 2 2 2 2 2 2 2 2 2 2 2
left_child=1 2 -1 4 -3 6 -6 22 11 -10 -11 24 13 -13 17 -16 28 19 -19 20 -4 -5 -2 -24 25 26 27 -9 29 -17
right_child=7 3 14 21 5 -7 -8 8 9 10 -12 12 -14 -15 15 16 -18 18 -20 -21 -22 -23 23 -25 -26 -27 -28 -29 -30 -31
leaf_value=0.041448890070120495 -0.0031919921362965273 0.038987991213798527 0.019238386333805244 0.038922525219181006 -0.05570222272955138 0.0044094947391542898 0.0068275847218253402 0.00092203845580418912 -0.00070220294223489988 -0.037794503788737693 0.0016971041758855184 -0.0071887963163066032 0.04162265732884407 -0.051409327542340316 -0.031096514662106833 0.005787758372331921 0.018154306441759891 2.9212616859598363e-06 -0.05863855568374076 -0.031853940926100076 -0.019088842868804932 0.013533184252852618 -0.051690368354320532 -0.012153319661150274 0.023465090152922641 -0.029952701159885953 0.0036111527867110447 0.033454144416853439 0.018898827414358818 -0.041087580408368796
leaf_weight=30 928 27 73 68 29 87 22 60 297 68 42 197 28 27 30 38 139 47 41 38 35 172 24 194 89 35 738 86 31 35
leaf_count=30 928 27 73 68 29 87 22 60 297 68 42 197 28 27 30 38 139 47 41 38 35 172 24 194 89 35 738 86 31 35
internal_value=0 0.00453199 -0.00125968 0.0122113 -0.000174884 -0.00783719 -0.0287286 -0.00151765 0.00137453 -0.00665185 -0.0227159 0.00396718 -0.00650322 -0.0125189 -0.00378681 0.00351021 0.00778264 -0.0123 -0.0273187 -0.00324765 0.00681753 0.0207268 -0.00572468 -0.016506 0.00658478 0.00495002 0.00633191 0.0200848 -0.00607949 -0.0166867
internal_weight=0 942 537 405 165 138 51 2813 1667 407 110 1260 252 224 507 273 243 234 88 146 108 240 1146 218 1008 919 884 146 104 73
internal_count=3755 942 537 405 165 138 51 2813 1667 407 110 1260 252 224 507 273 243 234 88 146 108 240 1146 218 1008 919 884 146 104 73
shrinkage=0.1


Tree=24
num_leaves=31
num_cat=0
split_feature=6 13 0 12 7 14 13 1 13 15 1 1 14 11 14 8 2 9 15 5 5 15 3 2 9 7 13 2 12 14
split_gain=2.32031 2.7733 2.99329 6.1137 3.08415 2.94427 2.61517 4.90472 3.18368 4.49883 3.32437 2.60241 3.40072 2.52645 3.38229 9.96753 4.45679 3.47117 3.00408 3.03698 2.91955 6.94126 3.50795 3.04006 3.29301 3.22472 2.65409 2.55843 2.43515 3.22138
threshold=1.5000000000000002 91.500000000000014 28.500000000000004 4.5000000000000009 1.0000000180025095e-35 4.5000000000000009 52.500000000000007 36.500000000000007 4.5000000000000009 26.500000000000004 26.500000000000004 30.500000000000004 19.500000000000004 5.5000000000000009 5.5000000000000009 9.5000000000000018 16.500000000000004 8.5000000000000018 15.500000000000002 2.5000000000000004 2.5000000000000004 10.500000000000002 13.500000000000002 39.500000000000007 14.500000000000002 4.5000000000000009 11.500000000000002 29.500000000000004 1.5000000000000002 15.500000000000002
decision_type=2 2 2 2 2 2 2 2 2 2 2 2 2 2 2 2 2 2 2 2 2 2 2 2 2 2 2 2 2 2
left_child=-1 2 3 4 5 -2 8 -8 9 -4 13 -6 -13 14 15 27 18 -18 19 -16 21 22 -19 25 -25 -22 -17 -10 29 -12
right_child=1 -3 6 -5 11 -7 7 -9 10 -11 28 12 -14 -15 16 26 17 20 -20 -21 23 -23 -24 24 -26 -27 -28 -29 -30 -31
leaf_value=-0.0064166947621472036 0.011675642728805544 -0.020901352193271907 0.019480788644536267 0.021776476126407911 -0.00084831976353079278 -0.027116735428571705 0.027775603119689643 -0.026427518427371979 0.019373036921024323 -0.010054052854651836 -0.035597257899201436 -0.042504507303237918 0.0029777815265040245 0.028417151020123411 -0.031600521292005267 -0.030424741208553315 -0.02546182909041397 0.031482782242474736 0.036026017367839815 0.014620691266926854 -0.013434163480997087 -0.04423937111028603 -0.021061335379878681 -0.043648933619260789 -0.0026283126610976001 0.016305686631163614 0.0023142698407173155 0.05845964235417983 0.016678590736873857 0.016774853381017845
leaf_weight=490 25 57 224 107 1486 90 101 20 33 67 23 35 31 26 21 40 121 27 35 44 52 56 24 28 65 122 65 34 182 24
leaf_count=490 25 57 224 107 1486 90 101 20 33 67 23 35 31 26 21 40 121 27 35 44 52 56 24 28 65 122 65 34 182 24
internal_value=0 0.000962996 0.00135148 -0.00139486 -0.00288216 -0.0186836 0.00474898 0.0188164 0.00345259 0.0126807 0.000825028 -0.00171131 -0.0211416 -0.00223983 -0.00327905 0.00907195 -0.00684942 -0.0107394 0.0124061 -0.000312316 -0.0059763 -0.0199331 0.00675614 -0.000383121 -0.0149786 0.00741792 -0.0101577 0.039208 0.0114383 -0.00885405
internal_weight=0 3265 3208 1774 1667 115 1434 121 1313 291 1022 1552 66 793 767 172 595 495 100 65 374 107 51 267 93 174 105 67 229 47
internal_count=3755 3265 3208 1774 1667 115 1434 121 1313 291 1022 1552 66 793 767 172 595 495 100 65 374 107 51 267 93 174 105 67 229 47
shrinkage=0.1


Tree=25
num_leaves=31
num_cat=0
split_feature=11 0 14 5 0 14 3 8 12 7 1 15 6 12 13 10 5 13 13 0 7 8 13 1 9 15 13 1 9 2
split_gain=2.17402 3.13424 2.85748 2.77957 4.48611 2.44546 3.50961 4.3542 4.43353 4.28639 3.83918 3.7368 4.72604 3.46918 2.95989 2.91156 2.98231 2.7305 3.74836 2.67274 2.84628 2.56707 2.43364 4.10932 2.3486 3.30772 2.30444 3.43567 2.04599 1.99841
threshold=2.5000000000000004 47.500000000000007 1.5000000000000002 1.5000000000000002 20.500000000000004 15.500000000000002 9.5000000000000018 35.500000000000007 3.5000000000000004 1.0000000180025095e-35 8.5000000000000018 6.5000000000000009 3.5000000000000004 1.5000000000000002 29.500000000000004 3.5000000000000004 2.5000000000000004 16.500000000000004 12.500000000000002 22.500000000000004 3.5000000000000004 48.500000000000007 40.500000000000007 26.500000000000004 4.5000000000000009 53.500000000000007 14.500000000000002 1.5000000000000002 52.500000000000007 22.500000000000004
decision_type=2 2 2 2 2 2 2 2 2 2 2 2 2 2 2 2 2 2 2 2 2 2 2 2 2 2 2 2 2 2
left_child=2 5 29 4 -4 -2 7 10 13 -8 11 26 -13 -9 17 -16 -17 18 -12 20 -11 -15 24 -24 -21 28 27 -7 -26 -1
right_child=1 -3 3 -5 -6 6 9 8 -10 19 14 12 -14 21 15 16 -18 -19 -20 22 -22 -23 23 -25 25 -27 -28 -29 -30 -31
leaf_value=0.044092891514301305 -0.0051497691162409251 0.022790665544715583 0.012457491159439088 0.0031926973523305996 -0.03817342143683207 0.051090306146391512 -0.029062851104471422 0.01219844799488783 0.021527731111821005 0.014655254470805327 0.026464430726211491 -0.02700871749632601 0.021702703407832556 -0.059234346708525787 -0.027531876123469808 -0.0068208935260772709 0.044987214580178264 0.050517757609486583 -0.017306053703245911 0.036127517223358156 -0.024666985209229626 -0.018463034230343841 -0.039005697956856565 0.0085578733529800034 0.0046852014528380509 -0.033068881048397586 -0.011515256975378309 0.0010290616979965798 0.038060727342963223 0.011390946140965901
leaf_weight=25 1323 51 30 1120 42 29 63 24 34 24 131 69 28 23 23 25 20 36 23 25 79 47 34 39 225 22 21 26 20 74
leaf_count=25 1323 51 30 1120 42 29 63 24 34 24 131 69 28 23 23 25 20 36 23 25 79 47 34 39 225 22 21 26 20 74
internal_value=0 -0.00174169 0.00332418 0.00196834 -0.0170772 -0.00226019 0.00124707 0.00677748 -0.00941755 -0.00457496 0.0115871 6.14351e-05 -0.0129477 -0.0206105 0.0193156 0.0014116 0.0162049 0.0257234 0.0199273 -0.00127851 -0.0155045 -0.0318593 0.00273595 -0.013595 0.00681869 0.00407442 0.0166652 0.027425 0.00740973 0.019649
internal_weight=0 2464 1291 1192 72 2413 1090 559 128 531 431 173 97 94 258 68 45 190 154 468 103 70 365 73 292 267 76 55 245 99
internal_count=3755 2464 1291 1192 72 2413 1090 559 128 531 431 173 97 94 258 68 45 190 154 468 103 70 365 73 292 267 76 55 245 99
shrinkage=0.1


end of trees

feature_importances:
Column_2=90
Column_15=74
Column_13=72
Column_0=66
Column_1=64
Column_8=58
Column_14=58
Column_7=52
Column_9=50
Column_12=43
Column_3=42
Column_5=27
Column_6=25
Column_11=22
Column_4=20
Column_10=17

parameters:
[boosting: gbdt]
[objective: regression]
[metric: l2]
[tree_learner: serial]
[device_type: cpu]
[data: ]
[valid: ]
[num_iterations: 10000]
[learning_rate: 0.1]
[num_leaves: 31]
[num_threads: 0]
[deterministic: 0]
[force_col_wise: 0]
[force_row_wise: 0]
[histogram_pool_size: -1]
[max_depth: -1]
[min_data_in_leaf: 20]
[min_sum_hessian_in_leaf: 0.001]
[bagging_fraction: 1]
[pos_bagging_fraction: 1]
[neg_bagging_fraction: 1]
[bagging_freq: 0]
[bagging_seed: 3]
[feature_fraction: 1]
[feature_fraction_bynode: 1]
[feature_fraction_seed: 2]
[extra_trees: 0]
[extra_seed: 6]
[early_stopping_round: 10]
[first_metric_only: 0]
[max_delta_step: 0]
[lambda_l1: 0]
[lambda_l2: 0]
[min_gain_to_split: 0]
[drop_rate: 0.1]
[max_drop: 50]
[skip_drop: 0.5]
[xgboost_dart_mode: 0]
[uniform_drop: 0]
[drop_seed: 4]
[top_rate: 0.2]
[other_rate: 0.1]
[min_data_per_group: 100]
[max_cat_threshold: 32]
[cat_l2: 10]
[cat_smooth: 10]
[max_cat_to_onehot: 4]
[top_k: 20]
[monotone_constraints: ]
[monotone_constraints_method: basic]
[monotone_penalty: 0]
[feature_contri: ]
[forcedsplits_filename: ]
[refit_decay_rate: 0.9]
[cegb_tradeoff: 1]
[cegb_penalty_split: 0]
[cegb_penalty_feature_lazy: ]
[cegb_penalty_feature_coupled: ]
[path_smooth: 0]
[interaction_constraints: ]
[verbosity: 1]
[saved_feature_importance_type: 0]
[max_bin: 255]
[max_bin_by_feature: ]
[min_data_in_bin: 3]
[bin_construct_sample_cnt: 200000]
[data_random_seed: 1]
[is_enable_sparse: 1]
[enable_bundle: 1]
[use_missing: 1]
[zero_as_missing: 0]
[feature_pre_filter: 1]
[pre_partition: 0]
[two_round: 0]
[header: 0]
[label_column: ]
[weight_column: ]
[group_column: ]
[ignore_column: ]
[categorical_feature: ]
[forcedbins_filename: ]
[objective_seed: 5]
[num_class: 1]
[is_unbalance: 0]
[scale_pos_weight: 1]
[sigmoid: 1]
[boost_from_average: 1]
[reg_sqrt: 0]
[alpha: 0.9]
[fair_c: 1]
[poisson_max_delta_step: 0.7]
[tweedie_variance_power: 1.5]
[lambdarank_truncation_level: 30]
[lambdarank_norm: 1]
[label_gain: ]
[eval_at: ]
[multi_error_top_k: 1]
[auc_mu_weights: ]
[num_machines: 1]
[local_listen_port: 12400]
[time_out: 120]
[machine_list_filename: ]
[machines: ]
[gpu_platform_id: -1]
[gpu_device_id: -1]
[gpu_use_dp: 0]
[num_gpu: 1]

end of parameters

pandas_categorical:null
