tree
version=v3
num_class=1
num_tree_per_iteration=1
label_index=0
max_feature_idx=15
objective=regression
feature_names=Column_0 Column_1 Column_2 Column_3 Column_4 Column_5 Column_6 Column_7 Column_8 Column_9 Column_10 Column_11 Column_12 Column_13 Column_14 Column_15
feature_infos=[1:49] [0:78] [1:49] [0:68] [0:8] [0:8] [0:9] [0:244] [0:229] [0:317] [0:7] [0:7] [0:7] [0:182] [0:203] [0:287]
tree_sizes=2812 2808 2807 2811 2813 2809 2819 2809 2818 2828 2836 2830 2813 2812 2829 2814 2826 2823 2817 2824 2810 2820 2807 2813 2828 2839 2817

Tree=0
num_leaves=31
num_cat=0
split_feature=2 0 2 0 1 0 0 0 1 1 0 0 7 12 3 10 2 11 2 3 12 6 14 8 7 14 1 13 14 1
split_gain=154.981 145.722 64.8316 45.6694 30.6125 24.2041 17.1197 16.7667 15.2217 13.3452 13.0514 11.9827 11.7019 11.6688 11.4293 11.41 11.2063 10.9067 9.55651 9.79879 8.83532 8.78167 8.35457 7.94423 9.25863 7.88535 7.82168 7.93677 7.52422 9.79556
threshold=35.500000000000007 31.500000000000004 25.500000000000004 34.500000000000007 8.5000000000000018 24.500000000000004 22.500000000000004 45.500000000000007 10.500000000000002 1.0000000180025095e-35 43.500000000000007 41.500000000000007 1.5000000000000002 1.0000000180025095e-35 13.500000000000002 2.5000000000000004 13.500000000000002 2.5000000000000004 19.500000000000004 22.500000000000004 2.5000000000000004 3.5000000000000004 15.500000000000002 15.500000000000002 14.500000000000002 7.5000000000000009 25.500000000000004 35.500000000000007 4.5000000000000009 2.5000000000000004
decision_type=2 2 2 2 2 2 2 2 2 2 2 2 2 2 2 2 2 2 2 2 2 2 2 2 2 2 2 2 2 2
left_child=1 2 5 15 7 9 -4 16 14 12 -5 13 -1 -6 25 28 -3 18 -11 -20 -18 -15 -22 -12 -25 -8 27 -7 29 -2
right_child=3 4 6 10 11 26 8 -9 -10 17 23 -13 -14 21 -16 -17 20 -19 19 -21 22 -23 -24 24 -26 -27 -28 -29 -30 -31
leaf_value=-0.070094297493101823 -0.07035900336844246 0.033696549430582243 -0.046131867581390484 -0.02758966352723103 0.05328385049278872 0.0046183990463128759 -0.037663200038781278 0.051833301076844904 -0.0022161480307545511 0.0035770411845491012 0.033140993889743883 0.046916503720029382 -0.020774099021616511 0.0097324434378780744 -0.060151686570973487 -0.066796503469607374 0.0036995053062410313 -0.02486478492044851 -0.010044058347025802 -0.064800179986289216 -0.0086447192890269954 0.038566525660909998 -0.049359003924752468 -0.064359003527388173 0.020283851373199002 -0.0008385970468390274 0.046745644676973341 -0.054902482038770017 -0.054159003804115161 -0.013334414715143779
leaf_weight=51 40 81 667 349 105 863 143 65 224 688 68 294 848 421 123 480 376 346 843 34 168 141 72 24 28 98 43 23 300 122
leaf_count=51 40 81 667 349 105 863 143 65 224 688 68 294 848 421 123 480 376 346 843 34 168 141 72 24 28 98 43 23 300 122
internal_value=-0.0131767 -0.00684784 -0.0154994 -0.0433048 0.0182281 -0.00889832 -0.0351658 0.0032591 -0.0227264 -0.0135245 -0.0178078 0.0300973 -0.023572 0.0226837 -0.035348 -0.0559991 -0.00127077 -0.00879778 -0.00524559 -0.0121669 -0.00586875 0.0169666 -0.020859 0.010641 -0.0187821 -0.0226889 0.00509471 0.00307327 -0.0447811 -0.0274146
internal_weight=0 6717 4994 1411 1723 3739 1255 762 588 2810 469 961 899 667 364 942 697 1911 1565 877 616 562 240 120 52 241 929 886 462 162
internal_count=8128 6717 4994 1411 1723 3739 1255 762 588 2810 469 961 899 667 364 942 697 1911 1565 877 616 562 240 120 52 241 929 886 462 162
shrinkage=1


Tree=1
num_leaves=31
num_cat=0
split_feature=2 0 0 2 1 0 0 1 3 2 0 12 3 15 10 9 4 13 11 8 0 11 2 0 7 7 0 13 0 11
split_gain=126.286 108.036 49.3722 37.3658 25.5987 19.6053 18.544 18.5976 16.2276 13.6691 13.1443 12.6594 11.9583 11.5486 9.94831 9.62511 9.62332 9.41386 9.21346 8.6895 8.30873 9.01231 7.98171 7.71715 7.54576 8.95848 9.02669 8.73751 7.29839 7.57044
threshold=32.500000000000007 31.500000000000004 29.500000000000004 25.500000000000004 3.5000000000000004 24.500000000000004 43.500000000000007 10.500000000000002 9.5000000000000018 39.500000000000007 22.500000000000004 1.5000000000000002 6.5000000000000009 11.500000000000002 1.5000000000000002 5.5000000000000009 1.0000000180025095e-35 1.0000000180025095e-35 1.5000000000000002 3.5000000000000004 41.500000000000007 2.5000000000000004 40.500000000000007 40.500000000000007 4.5000000000000009 25.500000000000004 18.500000000000004 12.500000000000002 7.5000000000000009 1.5000000000000002
decision_type=2 2 2 2 2 2 2 2 2 2 2 2 2 2 2 2 2 2 2 2 2 2 2 2 2 2 2 2 2 2
left_child=1 3 8 5 20 11 7 22 24 -9 -5 -1 28 15 -12 23 -14 -18 -10 -16 21 -3 -4 -6 -2 26 -26 -28 -13 -30
right_child=2 4 6 10 13 -7 -8 9 18 -11 14 12 16 -15 19 -17 17 -19 -20 -21 -22 -23 -24 -25 25 -27 27 -29 29 -31
leaf_value=0.013957921917639921 -0.047694454247924102 0.010810891606590966 -0.015838210456139219 -0.029202861138373438 0.007413321058705168 0.016444241690205811 0.027204050330652131 0.021823937995265229 -0.014628807041380141 -0.016772919230990942 0.023505655384582023 -0.036355600224600902 -0.047390966052594394 0.023932336942255675 -0.063920726506940792 0.050171001598189192 0.02116431317831341 -0.011945097771800339 -0.052719512884418541 -0.0086021154446626561 0.03513727526605865 -0.027353682451777991 -0.045651939236277701 0.058962541520595546 -0.032962637817786064 -0.051310125499401449 0.023092566962753025 -0.02907835470305549 0.031448000546583192 0.002306656275523131
leaf_weight=509 87 198 226 511 106 929 144 198 72 171 92 45 69 427 31 599 95 894 538 338 81 90 149 40 81 53 112 45 97 1101
leaf_count=509 87 198 226 511 106 929 144 198 72 171 92 45 69 427 31 599 95 894 538 338 81 90 149 40 81 53 112 45 97 1101
internal_value=0 0.00682799 -0.0227551 -0.000690324 0.0298123 0.00385052 -0.00564327 -0.0120008 -0.038135 0.00393759 -0.0181576 -0.000313032 -0.00346988 0.0370442 -0.0059144 0.0445594 -0.0112838 -0.00876472 -0.0482236 -0.0132495 0.0068424 -0.00111554 -0.0276842 0.0215364 -0.0218545 -0.0141291 -0.00584929 0.00813912 0.00318108 0.00466618
internal_weight=0 6252 1876 4711 1541 3739 888 744 988 369 972 2810 2301 1172 461 745 1058 989 610 369 369 288 375 146 378 291 238 157 1243 1198
internal_count=8128 6252 1876 4711 1541 3739 888 744 988 369 972 2810 2301 1172 461 745 1058 989 610 369 369 288 375 146 378 291 238 157 1243 1198
shrinkage=0.1


Tree=2
num_leaves=31
num_cat=0
split_feature=2 0 2 0 1 12 1 7 2 14 0 0 15 0 0 12 2 6 2 0 6 14 14 6 11 13 10 8 2 12
split_gain=103.672 93.6518 37.9451 33.24 20.5055 16.6844 16.5143 13.7836 11.7793 11.4127 11.4119 10.5297 10.3431 9.90903 9.81284 8.94258 10.3594 8.63998 8.3875 8.14206 8.64557 7.87962 7.87234 7.76064 7.60458 7.60747 9.16588 7.37501 7.29387 7.16588
threshold=34.500000000000007 31.500000000000004 25.500000000000004 34.500000000000007 8.5000000000000018 1.5000000000000002 25.500000000000004 3.5000000000000004 43.500000000000007 1.5000000000000002 45.500000000000007 19.500000000000004 1.0000000180025095e-35 46.500000000000007 16.500000000000004 1.0000000180025095e-35 14.500000000000002 1.0000000180025095e-35 13.500000000000002 42.500000000000007 3.5000000000000004 31.500000000000004 15.500000000000002 2.5000000000000004 1.5000000000000002 5.5000000000000009 1.5000000000000002 3.5000000000000004 20.500000000000004 2.5000000000000004
decision_type=2 2 2 2 2 2 2 2 2 2 2 2 2 2 2 2 2 2 2 2 2 2 2 2 2 2 2 2 2 2
left_child=1 2 5 8 13 24 7 22 -2 -9 -5 -4 -13 18 -11 -6 -17 -14 -3 20 -18 27 23 -7 -1 26 -26 -19 -25 -20
right_child=3 4 11 10 15 6 -8 9 -10 14 -12 12 17 -15 -16 16 19 21 29 -21 -22 -23 -24 28 25 -27 -28 -29 -30 -31
leaf_value=0.042174907073884917 -0.026817317798713766 0.04055379320074011 -0.029799709938713725 -0.0088141314736728017 0.057856013040457455 -0.019709809570966644 0.053960144586328952 0.030207227790442701 -0.050446599848619128 -0.011496121121086252 0.032281192690134047 0.030140478328122933 -0.050772852960385778 0.056902908153679911 0.0040140906910197888 0.054898834255474961 0.012547430328078688 -0.046962838835186427 0.014842046695130487 0.047142160217539017 0.044514455653111872 -0.068917939337817105 -0.044371335190462782 0.027518157333862495 0.058454271913656312 0.0021130428736254297 0.015448970061082107 -0.004898336330610039 -0.025481243823703967 -0.0076424266053078992
leaf_weight=103 747 81 422 435 154 277 56 137 294 527 80 59 57 49 1805 152 378 45 372 139 109 22 83 82 62 322 247 565 38 229
leaf_count=103 747 81 422 435 154 277 56 137 294 527 80 59 57 49 1805 152 378 45 372 139 109 22 83 82 62 322 247 565 38 229
internal_value=0 0.00549536 -0.00145263 -0.0232105 0.0260051 0.00346547 0.000164027 -0.000857534 -0.0334907 0.00215689 -0.00243039 -0.0171695 -0.0100439 0.0134668 0.000508996 0.0358393 0.0314812 -0.013485 0.010346 0.0257952 0.0197023 -0.010122 -0.016363 -0.0105073 0.0169816 0.0128692 0.0240779 -0.00800146 0.010735 0.00627475
internal_weight=0 6572 4909 1556 1663 3739 3005 2949 1041 2469 515 1170 748 731 2332 932 778 689 682 626 487 632 480 397 734 631 309 610 120 601
internal_count=8128 6572 4909 1556 1663 3739 3005 2949 1041 2469 515 1170 748 731 2332 932 778 689 682 626 487 632 480 397 734 631 309 610 120 601
shrinkage=0.1


Tree=3
num_leaves=31
num_cat=0
split_feature=2 0 2 0 0 0 1 3 3 13 0 2 10 15 0 1 15 8 9 3 8 4 0 1 14 11 4 0 13 2
split_gain=84.7213 78.3514 34.0448 25.1567 18.3794 14.9034 13.5948 10.8323 10.168 10.7773 9.76611 8.91824 8.83406 8.81911 8.56896 8.04135 7.62398 8.66684 7.44741 7.33691 7.11478 8.05919 7.09075 7.26327 6.97283 6.97278 8.15473 6.90631 6.76934 6.69032
threshold=35.500000000000007 31.500000000000004 25.500000000000004 34.500000000000007 41.500000000000007 24.500000000000004 3.5000000000000004 29.500000000000004 6.5000000000000009 9.5000000000000018 19.500000000000004 21.500000000000004 1.5000000000000002 1.0000000180025095e-35 27.500000000000004 10.500000000000002 14.500000000000002 27.500000000000004 7.5000000000000009 37.500000000000007 18.500000000000004 4.5000000000000009 7.5000000000000009 5.5000000000000009 10.500000000000002 1.5000000000000002 2.5000000000000004 44.500000000000007 7.5000000000000009 11.500000000000002
decision_type=2 2 2 2 2 2 2 2 2 2 2 2 2 2 2 2 2 2 2 2 2 2 2 2 2 2 2 2 2 2
left_child=1 2 5 12 6 8 29 10 22 18 25 16 24 -12 -14 -16 -8 28 -10 20 27 -22 -1 -24 -2 26 -4 -5 -18 -3
right_child=3 4 7 19 -6 -7 11 -9 9 -11 13 -13 14 -15 15 -17 17 -19 -20 -21 21 -23 23 -25 -26 -27 -28 -29 -30 -31
leaf_value=-0.031790733220530491 -0.0017003552937829816 0.044778902571776823 -0.033277859517506191 0.0012303477033562618 0.039686858834077916 0.014099111062333199 0.042659318317762679 -0.050168731314844867 -0.01359153664614781 -0.022603089366844315 0.031235387241631225 0.01428584402373859 -0.044920864551007245 -0.009682687195903629 -0.038937864594516307 -0.0020237941999693173 -0.033179272275145465 0.061812318976108852 0.0051543549364337334 -0.056061859607696531 -0.025466750024093522 0.038280098593753316 0.0017213126504144003 0.017073723397873067 -0.038196672848713253 -0.031686921504600403 0.032817554473876957 0.039796701124158958 0.024284763761409901 -0.0055732987032815458
leaf_weight=51 148 29 35 218 480 929 288 86 332 334 57 525 476 694 126 111 41 26 586 25 144 23 1075 432 81 343 40 59 41 293
leaf_count=51 148 29 35 218 480 929 288 86 332 334 57 525 476 694 126 111 41 26 586 25 144 23 1075 432 81 343 40 59 41 293
internal_value=0 0.00467929 -0.00166457 -0.0222756 0.0230666 0.00311892 0.0166484 -0.0159159 -0.000511188 -0.00722154 -0.0133961 0.0228321 -0.0316972 -0.00657705 -0.0371853 -0.021649 0.0341624 0.0115041 -0.0016252 -0.00335202 -0.000384118 -0.0166872 0.00488121 0.00612227 -0.0146095 -0.0256475 0.00197303 0.00944484 -0.00444725 -0.00103847
internal_weight=0 6717 4994 1411 1723 3739 1243 1255 2810 1252 1169 921 942 751 713 237 396 108 918 469 444 167 1558 1507 229 418 75 277 82 322
internal_count=8128 6717 4994 1411 1723 3739 1243 1255 2810 1252 1169 921 942 751 713 237 396 108 918 469 444 167 1558 1507 229 418 75 277 82 322
shrinkage=0.1


Tree=4
num_leaves=31
num_cat=0
split_feature=2 0 2 0 1 3 11 0 1 10 4 0 5 11 4 10 2 13 2 14 13 9 5 12 2 0 10 2 12 0
split_gain=68.6243 63.4646 28.0191 20.377 15.5126 14.4503 14.0071 14.0161 12.2281 10.2795 11.3941 9.05579 8.92589 8.10398 8.0878 8.15984 7.89259 7.63833 7.45215 9.88136 7.60318 7.1742 7.01141 6.78643 7.80738 6.70575 6.51252 6.45128 6.24966 8.65338
threshold=35.500000000000007 31.500000000000004 22.500000000000004 34.500000000000007 8.5000000000000018 27.500000000000004 1.5000000000000002 20.500000000000004 25.500000000000004 3.5000000000000004 2.5000000000000004 45.500000000000007 1.5000000000000002 2.5000000000000004 1.5000000000000002 1.5000000000000002 43.500000000000007 11.500000000000002 21.500000000000004 13.500000000000002 16.500000000000004 5.5000000000000009 1.5000000000000002 1.0000000180025095e-35 12.500000000000002 28.500000000000004 1.0000000180025095e-35 31.500000000000004 1.5000000000000002 20.500000000000004
decision_type=2 2 2 2 2 2 2 2 2 2 2 2 2 2 2 2 2 2 2 2 2 2 2 2 2 2 2 2 2 2
left_child=1 2 8 16 11 6 25 -8 9 10 28 18 -9 -11 21 17 -2 -16 -3 -20 -21 -14 -12 -6 -25 -4 -24 -23 29 -1
right_child=3 4 5 -5 23 -7 7 12 -10 13 22 -13 14 -15 15 -17 -18 -19 19 20 -22 27 26 24 -26 -27 -28 -29 -30 -31
leaf_value=0.00043200213535159247 -0.022361913178530007 0.019318736191336991 0.0073781945435284395 -0.0030168127657762217 0.048011591108515862 -0.043072927191512282 -0.023308404857645786 -0.058573363772754017 0.045414024990209391 -0.0042275306979815165 -0.020953307774933903 0.04580229323643905 -0.054820181207453959 -0.039533555292221439 0.035044254064559938 -0.0027730748273324278 -0.042116781653595621 -0.026978663106759389 0.0087314351553648296 -0.01335085459329464 -0.076673282310366631 0.0012274326242151714 0.062267158574291638 0.049940384585144271 0.021472815707115071 0.056631393171846872 0.017755122460700847 -0.058327628265727655 -0.00059147485443410629 0.031776346088417111
leaf_weight=204 648 282 203 469 160 131 649 29 71 300 44 65 47 83 115 552 294 24 284 108 23 105 35 112 689 32 540 22 1653 155
leaf_count=204 648 282 203 469 160 131 649 29 71 300 44 65 47 83 115 552 294 24 284 108 23 105 35 112 689 32 540 22 1653 155
internal_value=0 0.00421136 -0.00149812 -0.020048 0.0207599 -0.0110201 -0.0086585 -0.0121224 0.00439409 0.0034278 0.005656 0.0101042 -0.00400183 -0.0118787 -0.00217227 0.00267998 -0.0285274 0.0243353 0.00677508 -0.00174855 -0.0244685 -0.0214418 0.0175205 0.0292091 0.0254533 0.014085 0.0204646 -0.00908919 0.00200584 0.0139651
internal_weight=0 6717 4994 1411 1723 1909 1778 1543 3085 3014 2631 762 894 383 865 691 942 139 697 415 131 174 619 961 801 235 575 127 2012 359
internal_count=8128 6717 4994 1411 1723 1909 1778 1543 3085 3014 2631 762 894 383 865 691 942 139 697 415 131 174 619 961 801 235 575 127 2012 359
shrinkage=0.1


Tree=5
num_leaves=31
num_cat=0
split_feature=2 0 0 1 2 3 3 2 0 11 2 2 13 9 11 3 3 11 13 12 8 9 0 13 4 0 9 5 7 4
split_gain=55.9932 48.3566 25.9356 22.3896 15.6844 15.1046 13.3267 12.8273 11.0951 9.81495 8.91347 8.67782 8.60295 8.51579 8.3435 7.96107 7.6045 7.37339 7.27019 7.02101 6.99143 7.00299 6.97596 7.67684 6.8553 6.68997 6.53425 8.5767 8.03133 7.41842
threshold=31.500000000000004 24.500000000000004 32.500000000000007 3.5000000000000004 22.500000000000004 9.5000000000000018 18.500000000000004 39.500000000000007 41.500000000000007 1.5000000000000002 21.500000000000004 14.500000000000002 1.0000000180025095e-35 14.500000000000002 2.5000000000000004 6.5000000000000009 27.500000000000004 1.5000000000000002 1.0000000180025095e-35 1.5000000000000002 5.5000000000000009 9.5000000000000018 18.500000000000004 22.500000000000004 1.5000000000000002 42.500000000000007 7.5000000000000009 1.5000000000000002 19.500000000000004 2.5000000000000004
decision_type=2 2 2 2 2 2 2 2 2 2 2 2 2 2 2 2 2 2 2 2 2 2 2 2 2 2 2 2 2 2
left_child=1 4 5 6 12 22 19 -4 10 -7 20 -8 13 -1 -9 -14 17 -6 -12 -3 -5 -22 -2 -24 -20 -16 -17 -28 29 -29
right_child=2 3 7 8 16 9 11 14 -10 -11 18 -13 15 -15 25 26 -18 -19 24 -21 21 -23 23 -25 -26 -27 27 28 -30 -31
leaf_value=0.013773470925979126 -0.026899027169958969 0.03121518267660725 0.011269675063438157 0.007026718176073499 0.01056701774780567 0.00012283236130900766 0.01877059590431952 0.0016590162756897156 0.036985761155100431 -0.035471837283698307 0.043746636624921835 -0.041378893745395377 0.0045599678306387677 0.077758870273828509 -0.039690171565328329 -0.019631118072490947 -0.050840153860358096 -0.015047967779046809 -0.012128177304673041 0.0021739836519493118 0.017250094730475733 0.038558014426068224 0.0050102557815848306 -0.042859227720059845 0.011751866424638852 0.0062397337541347598 -0.05185374785214663 -0.0013725661837660874 -0.027045460754916786 0.026717768871147213
leaf_weight=156 148 98 441 180 130 87 31 168 340 707 57 106 1292 24 140 304 52 829 153 553 271 358 283 38 561 41 32 333 84 131
leaf_count=156 148 98 441 180 130 87 31 168 340 707 57 106 1292 24 140 304 52 829 153 553 271 358 283 38 561 41 32 333 84 131
internal_value=0 0.004825 -0.0142776 0.0147734 -0.00317625 -0.0231668 0.000579983 -6.60171e-05 0.0205986 -0.0315717 0.0170722 -0.0277684 0.0012947 0.0223049 -0.0143899 -0.000443271 -0.0135952 -0.0115757 0.0093784 0.00654578 0.0244046 0.0293777 -0.00893775 -0.000656537 0.00663471 -0.0292862 -0.0077557 -0.00153134 0.0014072 0.00655811
internal_weight=0 6075 2053 2708 3367 1263 788 790 1920 794 1580 137 2356 180 349 2176 1011 959 771 651 809 629 469 321 714 181 884 580 548 464
internal_count=8128 6075 2053 2708 3367 1263 788 790 1920 794 1580 137 2356 180 349 2176 1011 959 771 651 809 629 469 321 714 181 884 580 548 464
shrinkage=0.1


Tree=6
num_leaves=31
num_cat=0
split_feature=2 0 2 0 0 12 1 11 1 15 2 3 3 3 2 7 1 11 5 7 10 9 7 6 8 9 14 11 3 2
split_gain=45.7739 43.2462 17.8679 17.6614 15.0895 11.3992 10.7958 10.07 9.18653 8.56134 8.53432 7.97191 7.86695 7.46606 7.45041 8.37186 7.72755 7.25066 9.65924 7.24448 7.07154 7.54068 7.01425 7.01245 6.72758 6.57265 6.355 6.32118 9.04256 5.90762
threshold=35.500000000000007 25.500000000000004 22.500000000000004 41.500000000000007 40.500000000000007 1.5000000000000002 18.500000000000004 1.5000000000000002 1.0000000180025095e-35 13.500000000000002 43.500000000000007 18.500000000000004 27.500000000000004 14.500000000000002 16.500000000000004 1.5000000000000002 1.5000000000000002 2.5000000000000004 2.5000000000000004 14.500000000000002 3.5000000000000004 19.500000000000004 1.5000000000000002 2.5000000000000004 3.5000000000000004 5.5000000000000009 9.5000000000000018 1.5000000000000002 12.500000000000002 22.500000000000004
decision_type=2 2 2 2 2 2 2 2 2 2 2 2 2 2 2 2 2 2 2 2 2 2 2 2 2 2 2 2 2 2
left_child=1 2 8 5 7 9 14 -2 11 13 -9 26 22 25 16 -16 -7 18 -10 29 21 -19 -4 -24 -17 -3 -1 -25 -29 -15
right_child=4 3 12 -5 -6 6 -8 10 17 -11 -12 -13 -14 19 15 24 -18 20 -20 -21 -22 -23 23 27 -26 -27 -28 28 -30 -31
leaf_value=0.0035593661593227854 0.0099559650129201465 0.011173533211957229 -0.040558738080230923 0.030280426914493244 0.0080169578208479763 -0.0069612795656377631 0.023225321152380535 -0.017405381834843921 0.0011105558234836535 -0.021820374560910603 -0.036253894571687137 -0.046434720924922401 -0.041291928042968114 0.023881038810525623 -0.038781540853710016 -0.020690479567822287 0.027171040003869076 -0.0097520319854511942 0.017575637779703834 0.029059942670770597 -0.041185132265090942 0.037602317478598622 -0.015099210051422039 0.028111633364583406 0.0030207126236793747 0.039843094244703552 -0.014991566450113342 0.0055059490271254907 -0.027251823085049788 -0.032210770719929747
leaf_weight=410 98 111 74 480 215 99 280 743 793 43 355 49 90 28 58 136 201 187 647 74 55 41 712 71 996 286 336 283 120 57
leaf_count=410 98 111 74 480 215 99 280 743 793 43 355 49 90 28 58 136 201 187 647 74 55 41 712 71 996 286 336 283 120 57
internal_value=0 0.00343948 -0.00344687 0.0127889 -0.0163735 0.00924479 0.00520943 -0.0207581 0.00152973 0.021169 -0.0234994 -0.00736242 -0.0127292 0.0244937 0.0018239 -0.00172656 0.0159074 0.00563261 0.00850841 0.00618296 -0.00900041 -0.00123656 -0.010689 -0.00882525 0.000172018 0.0318272 -0.00479601 0.000598926 -0.00424823 -0.0137335
internal_weight=0 6717 3868 2849 1411 2369 1770 1196 2518 599 1098 795 1350 556 1490 1190 300 1723 1440 159 283 228 1260 1186 1132 397 746 474 403 85
internal_count=8128 6717 3868 2849 1411 2369 1770 1196 2518 599 1098 795 1350 556 1490 1190 300 1723 1440 159 283 228 1260 1186 1132 397 746 474 403 85
shrinkage=0.1


Tree=7
num_leaves=31
num_cat=0
split_feature=2 0 0 1 1 11 10 3 15 3 7 8 15 2 8 2 0 14 9 2 2 3 2 2 6 5 11 13 1 3
split_gain=37.9805 32.4524 18.7544 15.8354 14.0761 11.4461 10.4304 10.3779 9.97466 9.58429 8.48406 8.30937 7.84049 7.81994 7.6766 7.65337 7.652 8.51832 7.56841 6.92635 6.60517 6.98842 9.53307 6.59605 6.59406 6.44709 8.20711 9.86841 6.4045 6.11463
threshold=31.500000000000004 24.500000000000004 28.500000000000004 3.5000000000000004 10.500000000000002 2.5000000000000004 1.5000000000000002 18.500000000000004 9.5000000000000018 27.500000000000004 3.5000000000000004 2.5000000000000004 8.5000000000000018 21.500000000000004 28.500000000000004 46.500000000000007 43.500000000000007 2.5000000000000004 16.500000000000004 14.500000000000002 22.500000000000004 6.5000000000000009 29.500000000000004 36.500000000000007 1.0000000180025095e-35 2.5000000000000004 1.5000000000000002 11.500000000000002 7.5000000000000009 6.5000000000000009
decision_type=2 2 2 2 2 2 2 2 2 2 2 2 2 2 2 2 2 2 2 2 2 2 2 2 2 2 2 2 2 2
left_child=1 5 6 7 12 9 8 -3 -2 10 14 -5 16 18 -1 24 17 -4 -13 -9 -15 22 -22 -8 -6 -12 -27 29 -19 -28
right_child=2 3 4 11 15 -7 23 19 -10 -11 25 13 -14 20 -16 -17 -18 28 -20 -21 21 -23 -24 -25 -26 26 27 -29 -30 -31
leaf_value=-0.0074387321651997081 -0.021717531027065386 0.0054516493175436279 0.03456219615120637 -0.016549056348666338 -0.024945058619103781 -0.014002789869561964 -0.016383068966939581 0.016748973823362781 0.017591745119828445 -0.036949031210657374 -0.0013843414311383129 0.018043145330013968 -0.027322146359375261 -0.01304282097472358 -0.05688164356876823 -0.027799028277397154 0.041176809753690452 -0.0073765242329010593 0.036690307927450969 -0.036988675566214435 0.03895196985172969 0.0087285071473250115 -0.015425496070812911 -0.035218048583377494 0.017039880889361023 0.029322756392615185 0.021066451202268188 -0.01549169370683573 -0.049836236368054933 0.0023252890890066102
leaf_weight=411 144 651 38 71 41 696 322 31 117 67 1106 618 237 97 34 50 35 156 336 106 186 573 39 440 427 175 322 177 46 379
leaf_count=411 144 651 38 71 41 696 322 31 117 67 1106 618 237 97 34 50 35 156 336 106 186 573 39 440 427 175 322 177 46 379
internal_value=0 0.00397384 -0.0117589 0.0121236 -0.00223366 -0.00258086 -0.0213493 0.000187109 -0.00409613 0.000395422 0.00135628 0.0170226 -0.0139922 0.0183117 -0.0112164 0.00938867 -0.00250419 -0.00887434 0.0246107 -0.0248291 0.0115975 0.0145926 0.0295265 -0.0272589 0.0133617 0.00394769 0.00954809 0.00560667 -0.0170456 0.0109339
internal_weight=0 6075 2053 2708 1030 3367 1023 788 261 2671 2604 1920 512 1849 445 518 275 240 954 137 895 798 225 762 468 2159 1053 878 202 701
internal_count=8128 6075 2053 2708 1030 3367 1023 788 261 2671 2604 1920 512 1849 445 518 275 240 954 137 895 798 225 762 468 2159 1053 878 202 701
shrinkage=0.1


Tree=8
num_leaves=31
num_cat=0
split_feature=2 0 2 12 10 2 11 5 4 0 8 13 1 12 1 15 3 7 11 15 14 1 7 3 15 14 8 0 12 12
split_gain=31.2273 31.7608 18.3373 12.8492 11.2744 11.0375 10.4976 11.3577 13.5676 9.91773 9.00532 8.80586 7.82824 7.27428 7.22878 6.99165 6.95336 6.86115 6.7041 6.68435 6.44247 6.43167 6.99826 6.33409 6.62283 5.81404 6.06542 5.55614 5.4508 5.38151
threshold=38.500000000000007 31.500000000000004 25.500000000000004 1.5000000000000002 1.5000000000000002 13.500000000000002 1.5000000000000002 1.5000000000000002 1.5000000000000002 37.500000000000007 3.5000000000000004 8.5000000000000018 1.0000000180025095e-35 1.5000000000000002 11.500000000000002 16.500000000000004 27.500000000000004 3.5000000000000004 1.5000000000000002 10.500000000000002 10.500000000000002 7.5000000000000009 9.5000000000000018 7.5000000000000009 14.500000000000002 12.500000000000002 13.500000000000002 41.500000000000007 1.0000000180025095e-35 3.5000000000000004
decision_type=2 2 2 2 2 2 2 2 2 2 2 2 2 2 2 2 2 2 2 2 2 2 2 2 2 2 2 2 2 2
left_child=1 2 6 -3 -4 -5 7 -1 25 -2 -6 13 20 19 23 16 -14 -15 21 -8 -13 -12 -23 27 -25 26 -9 -7 -20 -10
right_child=9 3 4 5 10 14 11 8 29 -11 18 12 15 17 -16 -17 -18 -19 28 -21 -22 22 -24 24 -26 -27 -28 -29 -30 -31
leaf_value=-0.017463515289537199 -0.022548867780335099 0.026419207057097924 0.0046902311627160416 0.032014674071003411 -0.04949269206137271 0.0050389774681366597 0.019317789439191213 0.028891547845334428 0.037553430763157931 0.00071912178250609863 -0.017872260865711032 -0.0073113938990761254 0.0041029470738623069 -0.013311467849044287 0.014656457082255856 -0.032043036467888773 -0.052012453390204383 0.0033163158011957857 0.0055175875425338746 -0.024691458438572133 -0.035500253015948884 -0.01358160895685996 0.046029458995218632 -0.0014941851716292532 -0.028975718945730478 -0.047364453758512226 -0.021958348618613351 0.045555096573945957 -0.019178440697340565 0.0049393756735709414
leaf_weight=91 735 541 352 170 74 194 376 49 275 244 63 170 553 297 455 68 23 1509 100 38 155 31 54 380 114 28 45 41 841 62
leaf_count=91 735 541 352 170 74 194 376 49 275 244 63 170 553 297 455 68 23 1509 100 38 155 31 54 380 114 28 45 41 841 62
internal_value=0 0.00229374 -0.00170923 0.0133922 -0.0109902 0.00818721 0.00205132 0.0148102 0.0212087 -0.0167497 -0.0157362 -0.000149179 -0.00810295 0.00332254 0.00476604 -0.00171783 0.00186223 0.000581846 -0.0134423 0.0152783 -0.0207553 0.00634195 0.024289 -0.001407 -0.00783608 -0.00736594 0.00454851 0.0121077 -0.016554 0.0315532
internal_weight=0 7149 5254 1895 1515 1354 3739 550 459 979 1163 3189 969 2220 1184 644 576 1806 1089 414 325 148 85 729 494 122 94 235 941 337
internal_count=8128 7149 5254 1895 1515 1354 3739 550 459 979 1163 3189 969 2220 1184 644 576 1806 1089 414 325 148 85 729 494 122 94 235 941 337
shrinkage=0.1


Tree=9
num_leaves=31
num_cat=0
split_feature=0 2 0 12 3 4 0 11 1 5 8 10 10 14 1 6 12 15 11 13 13 15 2 13 9 13 9 15 14 0
split_gain=26.7191 28.7309 14.4285 14.1159 12.9604 12.635 10.7924 9.72575 8.06604 7.65555 11.6957 7.58116 7.5795 8.05036 7.51271 7.1205 6.70591 6.49566 5.80962 6.97148 5.87374 5.71587 5.69577 5.43397 5.38569 5.34979 5.31595 5.83856 5.27332 5.46523
threshold=41.500000000000007 25.500000000000004 22.500000000000004 1.5000000000000002 1.5000000000000002 1.5000000000000002 19.500000000000004 1.5000000000000002 20.500000000000004 2.5000000000000004 17.500000000000004 3.5000000000000004 1.5000000000000002 8.5000000000000018 11.500000000000002 1.5000000000000002 1.0000000180025095e-35 8.5000000000000018 2.5000000000000004 22.500000000000004 2.5000000000000004 16.500000000000004 13.500000000000002 1.0000000180025095e-35 5.5000000000000009 1.5000000000000002 8.5000000000000018 12.500000000000002 15.500000000000002 35.500000000000007
decision_type=2 2 2 2 2 2 2 2 2 2 2 2 2 2 2 2 2 2 2 2 2 2 2 2 2 2 2 2 2 2
left_child=1 3 18 26 25 15 8 -6 11 12 -11 -7 13 -9 28 -5 -14 -2 19 20 -3 -16 -19 -17 -12 -4 27 -1 -8 -30
right_child=17 2 4 5 7 6 14 9 -10 10 24 -13 16 -15 21 23 -18 22 -20 -21 -22 -23 -24 -25 -26 -27 -28 -29 29 -31
leaf_value=0.010050640828209506 0.028502053914770571 -0.026201494520201402 0.056793401318211714 -0.035705329857620538 0.014309303367391547 -0.0035034998273006596 0.0069464023048813276 -0.024683992015688043 0.041922075067247662 0.0039902180559554341 -0.03848954231842705 -0.030876295525452187 0.0089756208658218397 0.042295617215773643 0.026633693968145231 0.022220003814028021 -0.034983758924116613 0.043319611433075694 -0.026979961092102118 -0.040744116783142097 -0.0021897010321687595 0.0017551539053443734 0.0032778885691685787 -0.010152768528004556 -0.01185853577208245 0.012147821366786958 0.022480944909707267 -0.035483831365903218 -0.017851146280421001 0.022755406106390607
leaf_weight=459 354 136 31 102 188 792 1221 38 35 590 92 116 40 34 313 57 262 41 464 75 406 131 266 574 435 200 432 30 173 41
leaf_count=459 354 136 31 102 188 792 1221 38 35 590 92 116 40 34 313 57 262 41 464 75 406 131 266 574 435 200 432 30 173 41
internal_value=0 -0.00170587 -0.00929407 0.00336479 -0.00406891 0.000506416 0.00354479 -0.00712435 -0.00518468 -0.00982692 -0.00568064 -0.00700046 -0.0222103 0.00694527 0.00792579 -0.0111911 -0.0291613 0.0192704 -0.0185263 -0.0121689 -0.0082148 0.0192934 0.00862548 -0.00722845 -0.0165076 0.0181392 0.0143979 0.00725711 0.00440856 -0.0100714
internal_weight=0 7467 2991 4476 1910 3555 2822 1679 943 1491 1117 908 374 72 1879 733 302 661 1081 617 542 444 307 631 527 231 921 489 1435 214
internal_count=8128 7467 2991 4476 1910 3555 2822 1679 943 1491 1117 908 374 72 1879 733 302 661 1081 617 542 444 307 631 527 231 921 489 1435 214
shrinkage=0.1


Tree=10
num_leaves=31
num_cat=0
split_feature=2 0 2 10 1 0 14 13 1 12 2 1 3 10 12 10 9 11 14 11 12 8 5 11 15 15 11 1 9 9
split_gain=23.5646 25.5817 13.8459 10.4385 10.0623 10.0031 8.04939 7.97549 6.80528 6.73723 6.65639 7.59596 6.28114 6.17737 6.06139 7.17591 6.07946 5.70111 5.3702 5.23629 8.10443 5.15074 4.97648 5.93793 5.29021 4.92156 4.81322 7.4703 5.31238 4.93028
threshold=40.500000000000007 28.500000000000004 24.500000000000004 1.5000000000000002 20.500000000000004 41.500000000000007 1.5000000000000002 8.5000000000000018 32.500000000000007 1.0000000180025095e-35 21.500000000000004 10.500000000000002 6.5000000000000009 1.0000000180025095e-35 1.0000000180025095e-35 1.5000000000000002 18.500000000000004 1.5000000000000002 19.500000000000004 2.5000000000000004 1.0000000180025095e-35 38.500000000000007 2.5000000000000004 2.5000000000000004 1.5000000000000002 8.5000000000000018 2.5000000000000004 4.5000000000000009 26.500000000000004 7.5000000000000009
decision_type=2 2 2 2 2 2 2 2 2 2 2 2 2 2 2 2 2 2 2 2 2 2 2 2 2 2 2 2 2 2
left_child=1 2 4 21 6 10 -1 14 19 -6 13 22 18 -3 15 -8 -16 -13 -5 20 -2 -4 24 -24 -12 -7 27 -9 29 -29
right_child=8 5 3 12 9 25 7 26 -10 -11 11 17 -14 -15 16 -17 -18 -19 -20 -21 -22 -23 23 -25 -26 -27 -28 28 -30 -31
leaf_value=0.022243569384921683 0.039797128240267439 0.049389850121477376 0.008445273146909826 -0.0078223099150965293 -0.026723812520504001 0.030221741240803558 0.064625402804343937 -0.015234818225781594 0.032349690684565793 0.035856990964432074 0.013236018327566294 0.034741648180144177 -0.019994042131196571 0.011588504186164703 -0.0010024277817483845 0.010312925503317236 0.019492439567288269 0.0065063797386669085 0.037590133930955616 -0.026939397067465683 -0.014612457965509579 -0.024801264206568401 0.0084887149579384747 -0.013206757338726578 -0.028441955631585431 0.011245943623853017 -0.021947625104118795 -0.0061304494738578796 -0.038130408048629764 0.020394456251866401
leaf_weight=154 30 46 340 372 20 303 31 338 27 123 39 84 799 718 1724 113 158 481 28 376 313 54 323 207 139 249 221 116 25 177
leaf_count=154 30 46 340 372 20 303 31 338 27 123 39 84 799 718 1724 113 158 481 28 376 313 54 323 207 139 249 221 116 25 177
internal_value=0 0.00171167 -0.00261486 -0.0102326 0.00117733 0.00972136 -3.54889e-05 -0.00121736 -0.0169377 0.0271044 0.0064856 0.00205711 -0.0148729 0.0138645 0.00223118 0.0220052 0.000718183 0.0107042 -0.00464344 -0.0187886 -0.0098536 0.00388864 -0.00484346 1.52003e-05 -0.0193103 0.021662 -0.009184 -0.00488406 0.00611769 0.00989313
internal_weight=0 7382 4793 1593 3200 2589 3057 2903 746 143 2037 1273 1199 764 2026 144 1882 565 400 719 343 394 708 530 178 552 877 656 318 293
internal_count=8128 7382 4793 1593 3200 2589 3057 2903 746 143 2037 1273 1199 764 2026 144 1882 565 400 719 343 394 708 530 178 552 877 656 318 293
shrinkage=0.1


Tree=11
num_leaves=31
num_cat=0
split_feature=2 0 2 1 15 13 0 2 15 5 11 5 10 8 1 7 11 13 10 14 13 6 13 8 1 7 7 12 3 13
split_gain=19.0873 21.2322 11.3546 10.2683 8.04644 9.39082 7.53135 8.37805 7.19393 6.55259 6.65076 6.49855 5.76927 5.54009 6.38671 5.4813 6.79869 6.43955 5.55227 5.95954 6.58322 5.30147 5.2955 5.28622 6.42834 5.21669 6.73022 5.1436 5.37737 5.09116
threshold=40.500000000000007 25.500000000000004 22.500000000000004 13.500000000000002 13.500000000000002 1.0000000180025095e-35 43.500000000000007 28.500000000000004 23.500000000000004 2.5000000000000004 3.5000000000000004 1.5000000000000002 1.5000000000000002 26.500000000000004 16.500000000000004 3.5000000000000004 1.5000000000000002 3.5000000000000004 2.5000000000000004 10.500000000000002 1.0000000180025095e-35 1.5000000000000002 8.5000000000000018 31.500000000000004 1.0000000180025095e-35 20.500000000000004 26.500000000000004 1.5000000000000002 7.5000000000000009 1.5000000000000002
decision_type=2 2 2 2 2 2 2 2 2 2 2 2 2 2 2 2 2 2 2 2 2 2 2 2 2 2 2 2 2 2
left_child=1 2 9 4 6 -6 7 27 -7 10 -1 -4 -13 14 22 23 -17 18 19 -18 -21 -19 -2 24 -11 -23 -27 28 -3 -5
right_child=13 3 11 29 5 8 -8 -9 -10 15 -12 12 -14 -15 -16 16 17 21 -20 20 -22 25 -24 -25 -26 26 -28 -29 -30 -31
leaf_value=-0.0028301201839836276 -0.0011197836960063262 0.036088179745746934 -0.033465659921919862 0.035048051102686738 0.031772289089128082 -0.023501152521750147 0.027894971245213559 -0.0062030702648008086 0.005496444343589247 -0.029012152082041692 -0.045309444007120642 0.0027338272781782256 -0.011620730295935284 -0.025869466595955799 0.010039873843762412 0.028877680773703049 0.029589235561865348 -0.021743215879668362 0.04215364154179891 0.034445828420144542 -0.0239181266988025 0.0080346733834673091 -0.027264953570233452 -0.042808973789215089 0.01166574583678949 -0.061506412120965817 0.0019010547627793984 0.0057051328534869078 0.0067862950762112937 0.013069960456851043
leaf_weight=1225 136 131 108 118 51 258 152 493 128 57 38 372 1132 296 134 149 81 92 75 27 68 474 180 37 122 26 47 814 120 987
leaf_count=1225 136 131 108 118 51 258 152 493 128 57 38 372 1132 296 134 149 81 92 75 27 68 474 180 37 122 26 47 814 120 987
internal_value=0 0.0015405 -0.00321844 0.00758431 0.00355307 -0.0085569 0.00664784 0.00457495 -0.0138854 0.000976891 -0.0041082 -0.0097717 -0.00807027 -0.015244 -0.00825475 0.0060944 0.00910767 0.00579786 0.0193699 0.00966098 -0.00733048 0.000466733 -0.0160126 -0.00840002 -0.00128755 0.00420223 -0.0206824 0.00956421 0.0220793 0.0154169
internal_weight=0 7382 4130 3252 2147 437 1710 1558 386 2518 1263 1612 1504 746 450 1255 1039 890 251 176 95 639 316 216 179 547 73 1065 251 1105
internal_count=8128 7382 4130 3252 2147 437 1710 1558 386 2518 1263 1612 1504 746 450 1255 1039 890 251 176 95 639 316 216 179 547 73 1065 251 1105
shrinkage=0.1


Tree=12
num_leaves=31
num_cat=0
split_feature=2 0 4 8 13 2 7 0 9 11 3 14 3 12 15 3 15 11 3 0 1 7 8 5 14 13 9 15 3 6
split_gain=16.1356 16.9138 14.0024 11.8263 10.5778 9.68516 9.35515 9.16 8.92103 8.57927 10.509 7.1213 6.68163 6.43423 6.27945 5.95133 5.77676 5.50549 7.22908 7.03592 5.4003 5.12094 5.08615 5.94226 6.41413 5.4169 6.60672 5.10328 5.03201 5.01624
threshold=16.500000000000004 19.500000000000004 1.5000000000000002 1.5000000000000002 1.0000000180025095e-35 44.500000000000007 18.500000000000004 43.500000000000007 14.500000000000002 1.5000000000000002 33.500000000000007 25.500000000000004 7.5000000000000009 1.5000000000000002 13.500000000000002 11.500000000000002 12.500000000000002 2.5000000000000004 2.5000000000000004 15.500000000000002 8.5000000000000018 18.500000000000004 15.500000000000002 2.5000000000000004 12.500000000000002 6.5000000000000009 30.500000000000004 2.5000000000000004 25.500000000000004 2.5000000000000004
decision_type=2 2 2 2 2 2 2 2 2 2 2 2 2 2 2 2 2 2 2 2 2 2 2 2 2 2 2 2 2 2
left_child=8 -2 4 -4 15 7 13 9 11 -5 12 17 -11 -6 16 -3 29 18 -1 -19 -16 28 23 24 -15 27 -27 -25 -10 -14
right_child=1 2 3 5 6 -7 -8 -9 21 10 -12 -13 14 22 20 -17 -18 19 -20 -21 -22 -23 -24 25 -26 26 -28 -29 -30 -31
leaf_value=0.020767896638976203 -0.010647398835375375 0.044690886421023673 -0.071248244529678706 0.018044969310441358 0.002090623661958052 -0.016386319507252087 0.035272643046501358 0.02401849203858494 0.02485363404603972 0.0083331427566286226 -0.030606177543338976 0.033924945155779526 -0.0037826905366528797 -0.040671965479850775 -0.030614158832746693 -0.0071649705108843345 0.036862028552138291 -0.044581679197458118 -0.00075044082075941801 -0.0015460721778531447 -0.0041667879021640387 0.0061780889302689513 -0.029289015486008593 0.024519568410786716 0.0027659852285774385 0.018538596569083809 -0.03970829429833786 -0.02882632643906112 0.071705787539482119 0.0098086103796958934
leaf_weight=225 1713 53 21 381 181 220 39 242 276 1363 95 75 812 111 117 38 46 52 510 141 227 151 288 22 49 127 23 97 25 408
leaf_count=225 1713 53 21 381 181 220 39 242 276 1363 95 75 812 111 117 38 46 52 510 141 227 151 288 22 49 127 23 97 25 408
internal_value=0 -0.00208052 0.000878161 0.00359491 -0.00951315 0.00399678 -0.0126744 0.0052117 0.0095418 0.00389212 0.00213455 0.00428532 0.00318075 -0.0147567 -0.00118118 0.0230368 0.00207427 0.00188988 0.00583681 -0.0131412 -0.013162 0.0212061 -0.0190096 -0.0121088 -0.0273691 -0.00303202 0.00960741 -0.0189641 0.028745 0.000762597
internal_weight=0 6673 4960 3932 1028 3911 937 3691 1455 3449 3068 1003 2973 898 1610 91 1266 928 735 193 344 452 717 429 160 269 150 119 301 1220
internal_count=8128 6673 4960 3932 1028 3911 937 3691 1455 3449 3068 1003 2973 898 1610 91 1266 928 735 193 344 452 717 429 160 269 150 119 301 1220
shrinkage=0.1


Tree=13
num_leaves=31
num_cat=0
split_feature=7 11 5 0 3 2 15 0 8 5 8 1 14 14 8 13 0 0 11 5 1 2 1 13 2 12 6 6 0 2
split_gain=13.7717 14.559 15.1927 13.6302 13.5625 9.55618 9.36827 8.54435 8.45729 8.08655 7.34248 6.55781 7.10809 5.94356 5.48577 5.09802 5.01096 5.12255 7.83059 7.30181 5.88108 4.94187 4.90998 4.90097 9.00629 6.21403 4.9709 4.75544 5.50476 6.92106
threshold=1.5000000000000002 1.5000000000000002 1.5000000000000002 39.500000000000007 7.5000000000000009 13.500000000000002 14.500000000000002 17.500000000000004 28.500000000000004 2.5000000000000004 12.500000000000002 1.0000000180025095e-35 20.500000000000004 19.500000000000004 13.500000000000002 1.5000000000000002 7.5000000000000009 13.500000000000002 2.5000000000000004 3.5000000000000004 12.500000000000002 38.500000000000007 19.500000000000004 6.5000000000000009 18.500000000000004 1.0000000180025095e-35 3.5000000000000004 1.5000000000000002 47.500000000000007 46.500000000000007
decision_type=2 2 2 2 2 2 2 2 2 2 2 2 2 2 2 2 2 2 2 2 2 2 2 2 2 2 2 2 2 2
left_child=14 2 10 4 7 -6 8 13 9 23 22 12 -11 16 -1 -4 -3 18 -18 -20 -19 -9 -2 25 -25 -7 -27 -5 29 -29
right_child=1 3 15 27 5 6 -8 21 -10 11 -12 -13 -14 -15 -16 -17 17 20 19 -21 -22 -23 -24 24 -26 26 -28 28 -30 -31
leaf_value=-0.005218124353957034 -0.038288568835897548 -0.040597111445206863 0.038633092949467318 -0.0064078721707150101 0.012864952026742749 0.025840765635172527 -0.020477009816725452 0.0067781462599283528 -0.018783113677144629 -0.0042308926242385983 0.034405188668857924 0.0062014040197495698 -0.046452096104621893 0.021840855674665482 -0.029553872576126683 0.013946085913966483 0.020025829360133314 -0.020696391942245623 -0.052871761884954238 0.01592254153004399 0.021228441909739847 -0.012573870614910802 0.013101691007614137 -0.062941013103307672 -0.013953430915282944 -0.013354467279863676 0.025021716952323914 0.014044290378287035 0.03962985411649797 -0.045906867086887362
leaf_weight=167 97 52 93 118 226 60 532 2058 414 263 22 913 47 61 208 832 122 280 36 27 38 141 23 43 295 302 38 518 82 20
leaf_count=167 97 52 93 118 226 60 532 2058 414 263 22 913 47 61 208 832 122 280 36 27 38 141 23 43 295 302 38 518 82 20
internal_value=0 0.00090528 0.0117528 -0.000825853 -0.00241627 -0.00694258 -0.00848248 0.00262136 -0.00579571 -0.00305385 -0.0187024 0.00193451 -0.0106322 -0.00778797 -0.0187164 0.0164281 -0.0110445 -0.00798933 0.00524149 -0.0233885 -0.0156865 0.00553729 -0.0284388 -0.0113205 -0.0201856 -0.00382944 -0.00906536 0.0119923 0.0154943 0.0118156
internal_weight=0 7753 1067 6686 5948 3133 2907 2815 2375 1961 142 1223 310 616 375 925 555 503 185 63 318 2199 120 738 338 400 340 738 620 538
internal_count=8128 7753 1067 6686 5948 3133 2907 2815 2375 1961 142 1223 310 616 375 925 555 503 185 63 318 2199 120 738 338 400 340 738 620 538
shrinkage=0.1


Tree=14
num_leaves=31
num_cat=0
split_feature=0 2 10 12 2 4 5 9 7 14 15 11 5 2 10 4 8 14 0 13 1 8 13 0 12 6 13 14 3 7
split_gain=12.4683 12.9536 10.191 8.19368 7.1462 7.13637 6.33428 6.88694 6.16833 5.86408 5.57146 5.5571 9.81806 5.4729 5.35531 5.94394 5.19031 5.1508 5.14166 5.13442 6.66522 5.54728 6.6714 5.85609 5.02385 6.91837 5.99293 5.74475 5.06433 7.00798
threshold=28.500000000000004 25.500000000000004 1.5000000000000002 1.5000000000000002 40.500000000000007 1.5000000000000002 2.5000000000000004 2.5000000000000004 1.0000000180025095e-35 3.5000000000000004 14.500000000000002 1.5000000000000002 1.5000000000000002 23.500000000000004 3.5000000000000004 2.5000000000000004 3.5000000000000004 33.500000000000007 37.500000000000007 1.5000000000000002 11.500000000000002 18.500000000000004 41.500000000000007 30.500000000000004 2.5000000000000004 2.5000000000000004 15.500000000000002 10.500000000000002 14.500000000000002 8.5000000000000018
decision_type=2 2 2 2 2 2 2 2 2 2 2 2 2 2 2 2 2 2 2 2 2 2 2 2 2 2 2 2 2 2
left_child=1 8 5 10 6 -3 7 -5 -1 -6 -2 12 -10 -9 15 17 -17 24 -12 -8 21 -21 23 -23 25 28 27 -26 29 -13
right_child=3 2 -4 4 9 -7 19 13 11 -11 18 14 -14 -15 -16 16 -18 -19 -20 20 -22 22 -24 -25 26 -27 -28 -29 -30 -31
leaf_value=-0.028122652148547242 0.016433830287394376 -0.016321352651486029 -0.014324855303601908 -0.048597617359722366 0.012285008944877208 0.011645887626541986 0.025056273645007766 0.0082226317789819512 -0.021972050323878251 -0.020297631174982383 -0.040955008478725657 0.00461246475153712 0.018094954432163694 -0.012900103921670795 -0.012361818379906537 -0.027450588430677145 0.012237410588755701 0.045552117928214703 0.011937990188598632 0.0060432192401067746 0.015473060842798619 -0.057978949882090097 0.029162949236000286 -0.011702354363304504 0.0041701984790063675 0.015409589376975234 -0.059345398957912743 -0.023281791090965273 -0.024126316828302821 -0.011296199931101675
leaf_weight=73 729 130 1321 34 73 306 154 252 73 227 34 809 377 239 329 35 563 23 40 507 439 32 34 188 155 254 26 150 101 421
leaf_count=73 729 130 1321 34 73 306 154 252 73 227 34 809 377 239 329 35 563 23 40 507 439 32 34 188 155 254 26 150 101 421
internal_value=0 -0.00298147 -0.0099495 0.00514508 0.00196298 0.00330703 0.00425124 -0.00507303 0.00063105 -0.0123692 0.01378 0.00126405 0.0115952 -0.00205911 -0.000358079 0.00119857 0.00991453 -0.00148948 -0.0123642 0.00786663 0.00566063 1.09609e-07 -0.0120623 -0.0184335 -0.00205418 0.000285843 -0.0132594 -0.00933078 -0.00260028 -0.000832696
internal_weight=0 5146 1757 2982 2179 436 1879 525 3389 300 803 3316 450 491 2866 2537 598 1939 74 1354 1200 761 254 220 1916 1585 331 305 1331 1230
internal_count=8128 5146 1757 2982 2179 436 1879 525 3389 300 803 3316 450 491 2866 2537 598 1939 74 1354 1200 761 254 220 1916 1585 331 305 1331 1230
shrinkage=0.1


Tree=15
num_leaves=31
num_cat=0
split_feature=12 2 3 4 0 9 11 10 1 5 9 0 14 1 14 7 1 5 9 2 7 0 7 10 14 8 13 5 7 9
split_gain=10.8204 11.2837 10.212 9.93607 9.61142 8.0486 7.20865 6.77305 6.76604 6.03182 8.13214 5.98483 6.3656 5.95447 5.85576 6.27065 5.83766 5.68577 5.65963 6.28066 5.5069 5.16055 10.0317 5.82257 4.91228 4.66589 4.58904 5.25252 5.41803 6.62908
threshold=1.0000000180025095e-35 16.500000000000004 6.5000000000000009 1.0000000180025095e-35 22.500000000000004 1.5000000000000002 1.5000000000000002 2.5000000000000004 24.500000000000004 2.5000000000000004 4.5000000000000009 25.500000000000004 15.500000000000002 12.500000000000002 27.500000000000004 37.500000000000007 20.500000000000004 1.5000000000000002 10.500000000000002 28.500000000000004 3.5000000000000004 17.500000000000004 9.5000000000000018 2.5000000000000004 15.500000000000002 8.5000000000000018 1.0000000180025095e-35 3.5000000000000004 6.5000000000000009 12.500000000000002
decision_type=2 2 2 2 2 2 2 2 2 2 2 2 2 2 2 2 2 2 2 2 2 2 2 2 2 2 2 2 2 2
left_child=-1 8 16 20 7 24 -7 26 9 10 -2 12 13 -12 15 -11 21 -8 19 -18 -4 22 -3 25 -6 -24 -5 -28 -29 -30
right_child=1 2 3 4 5 6 17 -9 -10 14 11 -13 -14 -15 -16 -17 18 -19 -20 -21 -22 -23 23 -25 -26 -27 27 28 29 -31
leaf_value=0.010833661978083532 -0.026161179217425265 -0.022753135770814031 -0.036127185550603 0.017198948769629758 -0.014004488228118584 0.014803806984344046 -0.035272932708263399 -0.020308460879238537 0.033061481790339693 0.0098634735303397524 -0.0053963363622174122 0.020823722367103285 -0.041897048746667262 0.051932162614095778 0.036391396499887298 -0.033595494968550542 0.025417938155512656 -0.0010819313609179094 0.039087942021864434 -0.045411532265799387 -0.0019492703405293553 0.0034021466379610512 -0.008781238893667857 -0.020894809544086457 -0.061517865234805694 0.031244679563923891 -0.0028055939097475953 -0.050555006312388996 -0.034221532056108117 0.012045519252618155
leaf_weight=828 121 234 165 79 73 296 50 546 94 646 132 130 41 21 79 35 31 1784 81 21 66 1715 42 50 31 95 467 51 64 60
leaf_count=828 121 234 165 79 73 296 50 546 94 646 132 130 41 21 79 35 31 1784 81 21 66 1715 42 50 31 95 467 51 64 60
internal_value=0 -0.0012288 -0.00305799 -0.00627454 -0.00494914 -0.00100325 0.000323059 -0.0119066 0.0072215 0.00520576 -0.00404031 0.00422088 -0.00690474 0.00247228 0.0106196 0.0076299 0.00223252 -0.00201407 0.0225597 -0.00318627 -0.0263621 0.000966826 -0.00895378 0.00831386 -0.0281671 0.018974 -0.00554403 -0.00834262 -0.0231186 -0.0118342
internal_weight=0 7300 6001 3732 3501 2234 2130 1267 1299 1205 445 324 194 153 760 681 2269 1834 133 52 231 2136 421 187 104 137 721 642 175 124
internal_count=8128 7300 6001 3732 3501 2234 2130 1267 1299 1205 445 324 194 153 760 681 2269 1834 133 52 231 2136 421 187 104 137 721 642 175 124
shrinkage=0.1


Tree=16
num_leaves=31
num_cat=0
split_feature=11 0 5 8 9 3 7 6 13 8 3 2 7 6 0 15 15 1 10 2 9 1 1 5 1 2 15 1 1 12
split_gain=9.82218 10.6097 9.57746 8.50098 7.51709 8.01652 8.96523 7.34271 7.05117 9.76281 7.24441 7.41099 7.95692 6.91431 6.44584 7.09366 6.35991 6.2956 7.70033 6.24644 6.20022 5.96246 5.91641 5.90935 7.16287 7.33636 5.87033 5.59014 5.76766 5.8449
threshold=2.5000000000000004 42.500000000000007 2.5000000000000004 17.500000000000004 10.500000000000002 4.5000000000000009 10.500000000000002 2.5000000000000004 5.5000000000000009 29.500000000000004 3.5000000000000004 16.500000000000004 12.500000000000002 2.5000000000000004 41.500000000000007 14.500000000000002 4.5000000000000009 1.0000000180025095e-35 2.5000000000000004 23.500000000000004 25.500000000000004 9.5000000000000018 1.0000000180025095e-35 2.5000000000000004 13.500000000000002 39.500000000000007 8.5000000000000018 24.500000000000004 22.500000000000004 1.5000000000000002
decision_type=2 2 2 2 2 2 2 2 2 2 2 2 2 2 2 2 2 2 2 2 2 2 2 2 2 2 2 2 2 2
left_child=2 8 13 14 5 6 -5 -7 9 10 -2 -12 -13 19 15 17 -14 18 -4 -1 -15 -22 -21 -10 -25 -26 -20 28 29 -6
right_child=1 -3 3 4 27 7 -8 -9 23 -11 11 12 16 20 -16 -17 -18 -19 26 22 21 -23 -24 24 25 -27 -28 -29 -30 -31
leaf_value=-0.002497441865440108 0.026138262672627227 0.015309595718847969 0.0099099635733345334 -0.010477029505897972 0.024125252250863725 -0.010103304281922207 0.039766802260133093 -0.043744708284919644 -0.021412409920068015 -0.023173682607602386 0.029874198607036048 -0.016779030712377362 -0.018880282596844 0.01139325346400144 0.027193030619874915 -0.0072381532164635491 0.028474665497956072 0.014406695593667597 -0.0085086366496024985 -0.036566801315004178 -0.029269642608110297 0.0064775913369421864 -0.0097669229093121316 -0.012210395913453973 0.016190235103879656 -0.021352393116269797 -0.06163373775780201 0.02824852715448006 -0.047850413485006855 -0.00062719880295394621
leaf_weight=1170 141 226 346 85 119 326 61 81 420 138 70 233 41 506 188 270 92 1141 156 110 86 102 328 795 203 70 24 97 22 481
leaf_count=1170 141 226 346 85 119 326 61 81 420 138 70 233 41 506 188 270 92 1141 156 110 86 102 328 795 203 70 24 97 22 481
internal_value=0 -0.00532473 0.00226948 0.00564415 -0.000821659 -0.00958729 0.0105153 -0.0167985 -0.00744155 0.000719978 0.00643458 6.25169e-05 -0.00563917 -0.00271042 0.0095145 0.00779867 0.0138765 0.0102342 0.00118306 -0.00631089 0.00563186 -0.00987487 -0.0164975 -0.0113633 -0.00741134 0.00656392 -0.015592 0.0059202 0.00243812 0.00428204
internal_weight=0 2429 5699 3397 1272 553 146 407 2203 715 577 436 366 2302 2125 1937 133 1667 526 1608 694 188 438 1488 1068 273 180 719 622 600
internal_count=8128 2429 5699 3397 1272 553 146 407 2203 715 577 436 366 2302 2125 1937 133 1667 526 1608 694 188 438 1488 1068 273 180 719 622 600
shrinkage=0.1


Tree=17
num_leaves=31
num_cat=0
split_feature=13 4 0 15 9 11 3 8 1 14 7 2 14 14 2 9 3 1 11 14 15 2 5 0 6 14 15 0 3 15
split_gain=9.21107 10.7371 9.96357 9.61033 8.67454 7.02989 8.10808 5.77238 8.45491 5.657 5.38258 5.95052 7.13105 5.63089 5.60711 5.04806 6.57297 7.06045 4.8222 6.59981 5.99325 4.7128 4.5435 4.53985 4.51386 4.46711 4.37352 4.65072 4.33633 4.29859
threshold=1.0000000180025095e-35 1.5000000000000002 19.500000000000004 14.500000000000002 1.5000000000000002 1.5000000000000002 37.500000000000007 28.500000000000004 10.500000000000002 14.500000000000002 14.500000000000002 20.500000000000004 29.500000000000004 22.500000000000004 23.500000000000004 7.5000000000000009 13.500000000000002 2.5000000000000004 1.5000000000000002 10.500000000000002 1.0000000180025095e-35 14.500000000000002 1.5000000000000002 33.500000000000007 3.5000000000000004 2.5000000000000004 24.500000000000004 24.500000000000004 9.5000000000000018 2.5000000000000004
decision_type=2 2 2 2 2 2 2 2 2 2 2 2 2 2 2 2 2 2 2 2 2 2 2 2 2 2 2 2 2 2
left_child=18 10 15 4 9 22 7 8 -7 -4 11 12 13 -2 -13 29 17 -17 -1 20 -20 -9 -6 -12 26 -19 28 -28 -5 -3
right_child=1 2 3 24 5 6 -8 21 -10 -11 23 14 -14 -15 -16 16 -18 25 19 -21 -22 -23 -24 -25 -26 -27 27 -29 -30 -31
leaf_value=0.035304193682484816 -0.0020029790510060425 -0.0016805668629290211 -0.0082416349146739558 -0.0028451770544052125 -0.012058740781574715 0.0035579019214279691 -0.03482001143693924 0.032111276366880964 0.015938320241737126 -0.059547137083678418 0.025933593322959126 -0.03128510976743977 0.043361491506749936 -0.047401059495991681 -0.011172906427435536 -0.0085421067159787752 -0.011314397927412054 0.040752193612872432 0.038730741851031786 0.020578286322680387 -0.0072641605910984605 -0.010882962816639951 0.023142200150132523 -0.016130205910456809 0.0056375496634622907 0.0094011746136746076 -0.03024928009226209 0.0062771168859993539 -0.024925163309825096 -0.018660548415736875
leaf_weight=77 472 233 83 139 41 1807 50 28 794 29 79 171 33 29 732 226 388 53 32 242 247 285 347 38 246 319 42 205 247 414
leaf_count=77 472 233 83 139 41 1807 50 28 794 29 79 171 33 29 732 226 388 53 32 242 247 285 347 38 246 319 42 205 247 414
internal_value=0 -0.000948672 0.000976928 0.00348073 0.00585036 0.00676508 0.00510817 0.00579328 0.00733724 -0.0215261 -0.00835368 -0.010033 -0.001665 -0.00463081 -0.0149815 -0.005682 -0.00117816 0.00539854 0.0119457 0.00849344 -0.00198876 -0.00703683 0.0194225 0.0122718 -0.00585759 0.0138679 -0.0103249 6.61506e-05 -0.0169741 -0.0125457
internal_weight=0 7530 5976 4343 3464 3352 2964 2914 2601 112 1554 1437 534 501 903 1633 986 598 598 521 279 313 388 117 879 372 633 247 386 647
internal_count=8128 7530 5976 4343 3464 3352 2964 2914 2601 112 1554 1437 534 501 903 1633 986 598 598 521 279 313 388 117 879 372 633 247 386 647
shrinkage=0.1


Tree=18
num_leaves=31
num_cat=0
split_feature=2 5 11 0 3 15 3 7 13 1 7 2 13 15 7 13 4 1 12 4 5 6 2 3 14 5 4 8 7 7
split_gain=8.15518 8.88232 8.76443 9.03973 6.38757 5.43401 5.94131 5.93131 5.32718 5.3083 5.30092 4.7966 4.60538 6.17618 5.67833 6.12234 6.64058 6.083 5.66061 5.15226 5.0926 4.82149 9.16448 7.48082 5.2855 8.78669 7.41478 6.20706 6.47411 5.94587
threshold=40.500000000000007 1.5000000000000002 1.5000000000000002 31.500000000000004 14.500000000000002 4.5000000000000009 25.500000000000004 7.5000000000000009 1.0000000180025095e-35 22.500000000000004 1.0000000180025095e-35 13.500000000000002 10.500000000000002 20.500000000000004 13.500000000000002 3.5000000000000004 2.5000000000000004 18.500000000000004 1.0000000180025095e-35 4.5000000000000009 4.5000000000000009 1.5000000000000002 19.500000000000004 7.5000000000000009 14.500000000000002 2.5000000000000004 1.5000000000000002 22.500000000000004 3.5000000000000004 6.5000000000000009
decision_type=2 2 2 2 2 2 2 2 2 2 2 2 2 2 2 2 2 2 2 2 2 2 2 2 2 2 2 2 2 2
left_child=1 8 10 4 12 6 -6 -7 -1 -10 -3 -5 14 -14 17 16 -16 18 -4 20 -17 22 23 -20 26 -26 -23 28 -27 -29
right_child=-2 2 3 11 5 7 -8 -9 9 -11 -12 -13 13 -15 15 19 -18 -19 21 -21 -22 24 -24 -25 25 27 -28 29 -30 -31
leaf_value=0.026729311716967616 -0.0099642022325589913 -0.027994206460083233 0.015269153352294649 0.023016616138743191 0.0081232707523832132 -0.027611364417605935 -0.027090271246635308 -0.0073433396981904299 -0.023545770174351291 0.011007022688973626 0.012224422071576776 0.0049759782164100113 -0.0043880733481624669 -0.040700401306152351 0.048908669501543045 0.012490315929703091 0.010399074319305771 0.028780042957252179 0.014661966250823425 -0.041712876285115885 -0.0315954202413559 -0.017721032599608104 -0.033952669287455904 -0.042377852468655025 -0.01650646450844678 -0.005179083347320557 0.00054010222828577439 0.028046760536157168 0.053872344951804096 -0.044477794170379642
leaf_weight=29 746 34 196 164 255 225 59 403 276 53 907 1454 741 50 76 207 109 71 111 24 30 270 131 29 66 24 1260 26 82 20
leaf_count=29 746 34 196 164 255 225 59 403 276 53 907 1454 741 50 76 207 109 71 111 24 30 270 131 29 66 24 1260 26 82 20
internal_value=0 0.00100695 0.00179006 0.000400733 -0.00191985 -0.00923441 0.00150671 -0.014605 -0.0143579 -0.0179795 0.0107713 0.00680457 3.59565e-05 -0.00668342 0.00198143 0.0123029 0.0262192 -3.22942e-05 -0.00095585 0.00243879 0.00690984 -0.00253094 -0.014942 0.00284658 -0.000606798 0.0139609 -0.00268245 0.0271901 0.0405022 -0.00348565
internal_weight=0 7382 7024 6083 4465 942 314 628 358 329 941 1618 3523 791 2732 446 185 2286 2215 261 237 2019 271 140 1748 218 1530 152 106 46
internal_count=8128 7382 7024 6083 4465 942 314 628 358 329 941 1618 3523 791 2732 446 185 2286 2215 261 237 2019 271 140 1748 218 1530 152 106 46
shrinkage=0.1


Tree=19
num_leaves=31
num_cat=0
split_feature=11 13 5 8 5 1 7 3 15 3 9 1 7 2 4 1 0 12 6 8 6 1 3 7 0 4 8 2 0 2
split_gain=7.67244 7.20069 8.29542 10.3032 10.5465 6.92053 5.80105 5.49607 5.48933 5.34382 7.5935 5.32118 5.12669 4.72268 6.33886 7.39869 5.74062 4.8512 9.48703 4.93113 5.7361 5.58176 4.8505 5.74443 4.9462 4.9621 4.39692 4.3684 4.28517 4.23524
threshold=1.0000000180025095e-35 1.0000000180025095e-35 1.5000000000000002 18.500000000000004 2.5000000000000004 1.5000000000000002 1.5000000000000002 15.500000000000002 7.5000000000000009 2.5000000000000004 10.500000000000002 22.500000000000004 19.500000000000004 34.500000000000007 2.5000000000000004 19.500000000000004 16.500000000000004 2.5000000000000004 2.5000000000000004 6.5000000000000009 3.5000000000000004 6.5000000000000009 6.5000000000000009 2.5000000000000004 26.500000000000004 1.5000000000000002 6.5000000000000009 31.500000000000004 35.500000000000007 19.500000000000004
decision_type=2 2 2 2 2 2 2 2 2 2 2 2 2 2 2 2 2 2 2 2 2 2 2 2 2 2 2 2 2 2
left_child=-1 -2 11 4 13 7 -5 -6 12 -8 -11 -3 29 14 15 16 -4 18 22 21 -21 -19 23 26 -25 -26 -18 -16 -9 -7
right_child=1 2 3 6 5 8 9 28 -10 10 -12 -13 -14 -15 27 -17 17 19 -20 20 -22 -23 -24 24 25 -27 -28 -29 -30 -31
leaf_value=0.033956615920319698 0.010318812095757688 -0.02136082711607911 -0.024929571911792629 -0.026728121638298036 0.0029769583951310451 0.022785401578284493 0.0066683128251049818 -0.024655267371706768 0.0039447093913815559 -0.015549292975021965 -0.0016297412171358901 0.010811169541651204 0.031544920821853034 -0.016484088174840237 0.0098158214262553632 0.033949977920410483 -0.0062910079956054691 -0.014330304720822504 0.020419026152816364 0.0087703827722572982 -0.046891102815667794 -0.064959812713296802 -0.017423094196184988 -0.0010744651787391694 -0.0065680609299586376 0.0490193016472317 -0.05881421161549432 -0.026193239788214369 0.010061324276822679 0.0071831437035408084
leaf_weight=66 594 301 149 130 662 242 331 146 943 659 967 62 151 235 525 47 37 51 167 81 24 38 248 474 26 42 28 36 47 619
leaf_count=66 594 301 149 130 662 242 331 146 943 659 967 62 151 235 525 47 37 51 167 81 24 38 248 474 26 42 28 36 47 619
internal_value=0 -0.000277988 -0.00112085 -0.000367515 0.00208832 0.00615215 -0.00627235 -0.00135209 0.00943405 -0.00491351 -0.00727118 -0.0158659 0.0145491 -0.00308349 -0.00148737 -0.00506015 -0.00640336 -0.00413328 -0.00138138 -0.0186304 -0.00395224 -0.0359474 -0.00563947 -0.000825075 0.00254381 0.0277653 -0.0289164 0.00750508 -0.016201 0.0115684
internal_weight=0 8062 7468 7105 5018 2810 2087 855 1955 1957 1626 363 1012 2208 1973 1412 1365 1216 1022 194 105 89 855 607 542 68 65 561 193 861
internal_count=8128 8062 7468 7105 5018 2810 2087 855 1955 1957 1626 363 1012 2208 1973 1412 1365 1216 1022 194 105 89 855 607 542 68 65 561 193 861
shrinkage=0.1


Tree=20
num_leaves=31
num_cat=0
split_feature=8 1 2 8 14 12 8 0 7 14 5 11 3 0 1 6 7 2 0 15 1 0 7 2 9 0 14 9 8 0
split_gain=6.69078 6.91909 7.89085 6.1061 5.18504 7.04476 7.54252 6.3647 6.14187 6.10597 6.01998 7.30166 5.10771 7.71506 5.96278 5.01577 5.31967 7.95733 4.47381 4.76751 7.13274 4.72548 4.54293 4.42438 5.8725 4.57454 4.17376 5.23319 4.15119 4.08996
threshold=1.5000000000000002 13.500000000000002 32.500000000000007 14.500000000000002 1.5000000000000002 2.5000000000000004 31.500000000000004 9.5000000000000018 10.500000000000002 27.500000000000004 2.5000000000000004 2.5000000000000004 6.5000000000000009 16.500000000000004 8.5000000000000018 2.5000000000000004 10.500000000000002 20.500000000000004 28.500000000000004 7.5000000000000009 5.5000000000000009 22.500000000000004 6.5000000000000009 21.500000000000004 15.500000000000002 11.500000000000002 13.500000000000002 7.5000000000000009 55.500000000000007 43.500000000000007
decision_type=2 2 2 2 2 2 2 2 2 2 2 2 2 2 2 2 2 2 2 2 2 2 2 2 2 2 2 2 2 2
left_child=-1 2 4 -3 -2 6 10 -7 28 -8 15 18 13 -10 -14 -6 -17 -18 19 -12 -21 22 -22 26 25 -25 27 -5 -9 -13
right_child=1 3 -4 23 5 7 9 8 12 -11 11 29 14 -15 -16 16 17 -19 -20 20 21 -23 -24 24 -26 -27 -28 -29 -30 -31
leaf_value=-0.038889575410972946 0.012901727083451584 0.010604183271641476 -0.0087346351305909072 -0.028548096722744883 -0.0041022914890351337 -0.033344712143852595 -0.023877364763042384 -0.012954507877755801 0.054142960615274384 0.028137279015320999 0.012373767641518922 -0.0064284393497002438 -0.010436656070967852 0.0056733743169090972 0.02323546726256609 0.021381251892801059 -0.034300459810981045 0.017823561187833549 0.022115614523391915 -0.024071652018556409 0.067935656417499893 -0.0091905539890505244 0.010552836753226616 0.031037012310255144 0.0048269883275796205 -0.017147589486594485 0.024455880206720584 0.010348238278436298 0.029408496990799907 0.032497154741451657
leaf_weight=44 307 1044 1198 47 1230 84 171 639 41 26 619 390 295 165 64 177 54 64 303 102 22 53 37 21 312 319 116 131 24 29
leaf_count=44 307 1044 1198 47 1230 84 171 639 41 26 619 390 295 165 64 177 54 64 303 102 22 53 37 21 312 319 116 131 24 29
internal_value=0 0.00021167 -0.00146014 0.00533127 0.000319855 -0.000521861 0.00195729 -0.00671407 -0.00489243 -0.0170125 0.00317062 0.00754878 0.00276854 0.0153202 -0.00443383 -0.00129367 0.0104168 -0.0060298 0.0117104 0.00792556 -0.00494097 0.0124816 0.0319498 -0.000487889 -0.00508019 -0.0141715 0.0096964 7.78577e-05 -0.011421 -0.00373431
internal_weight=0 8084 6094 1990 4896 4589 3277 1312 1228 197 3080 1555 565 206 359 1525 295 118 1136 833 214 112 59 946 652 340 294 178 663 419
internal_count=8128 8084 6094 1990 4896 4589 3277 1312 1228 197 3080 1555 565 206 359 1525 295 118 1136 833 214 112 59 946 652 340 294 178 663 419
shrinkage=0.1


Tree=21
num_leaves=31
num_cat=0
split_feature=12 1 2 3 11 5 0 8 5 13 11 7 7 0 12 9 2 8 10 7 0 0 3 8 8 7 13 7 1 12
split_gain=6.12645 6.8458 6.46815 6.19717 5.60197 5.31158 4.42095 5.80546 7.54124 6.15443 6.151 4.50364 7.66858 5.45564 5.9975 4.45474 5.57226 4.38181 6.05557 4.86174 4.32595 4.12375 5.23273 3.79849 7.24383 3.79669 3.74473 3.72277 4.22985 5.1438
threshold=1.0000000180025095e-35 31.500000000000004 40.500000000000007 1.0000000180025095e-35 1.0000000180025095e-35 1.5000000000000002 16.500000000000004 17.500000000000004 2.5000000000000004 1.5000000000000002 1.5000000000000002 9.5000000000000018 8.5000000000000018 11.500000000000002 2.5000000000000004 13.500000000000002 21.500000000000004 11.500000000000002 2.5000000000000004 11.500000000000002 9.5000000000000018 41.500000000000007 34.500000000000007 21.500000000000004 36.500000000000007 5.5000000000000009 37.500000000000007 3.5000000000000004 5.5000000000000009 2.5000000000000004
decision_type=2 2 2 2 2 2 2 2 2 2 2 2 2 2 2 2 2 2 2 2 2 2 2 2 2 2 2 2 2 2
left_child=-1 2 4 -4 -2 -6 11 8 10 15 -8 12 13 14 20 16 -9 -13 19 -19 -7 22 26 -21 -25 -18 27 28 -10 -30
right_child=1 -3 3 -5 5 6 7 9 21 -11 -12 17 -14 -15 -16 -17 25 18 -20 23 -22 -23 -24 24 -26 -27 -28 -29 29 -31
leaf_value=0.0081518979248217348 0.031333963383327827 0.019028079456516675 0.025730777895727825 -0.013564841904711487 -0.013847189766614615 0.0093538395925001679 0.018277093938418799 0.032151722908020021 -0.015833125122777233 -0.0074246917143058443 -0.0035744831086091944 -0.010888686976753749 -0.044993829039426954 -0.016418290482531388 -0.014883796759505772 0.033805423654042759 -0.052035822245207697 0.048401143948237108 -0.0081030185134322568 -0.0066242839802395223 0.058228565918074716 0.020445200599334093 -0.035849175751209265 0.059443106020198144 -0.0068459222093224525 0.0009786779539925712 -0.028800560335318248 0.0087532933751232282 0.022413211109790398 -0.016313620242807601
leaf_weight=828 55 168 43 602 294 55 140 33 143 1102 1613 208 65 277 67 65 22 45 135 66 27 207 30 34 32 35 30 1559 94 54
leaf_count=828 55 168 43 602 294 55 140 33 143 1102 1613 208 65 277 67 65 22 45 135 66 27 207 30 34 32 35 30 1559 94 54
internal_value=0 -0.000924626 -0.00139463 -0.0109451 -0.000445025 -0.000716767 -8.78416e-05 0.00110392 0.0030217 -0.00480047 -0.00182935 -0.00613151 -0.0130001 -0.00811842 0.00731153 0.0138569 -0.000550306 0.00035402 0.00784916 0.0200161 0.0254467 0.00703865 0.00558569 0.0103393 0.027303 -0.0194831 0.00624688 0.00681522 -0.0035678 0.00828315
internal_weight=0 7300 7132 645 6487 6432 6138 5127 3870 1257 1753 1011 491 426 149 155 90 520 312 177 82 2117 1910 132 66 57 1880 1850 291 148
internal_count=8128 7300 7132 645 6487 6432 6138 5127 3870 1257 1753 1011 491 426 149 155 90 520 312 177 82 2117 1910 132 66 57 1880 1850 291 148
shrinkage=0.1


Tree=22
num_leaves=31
num_cat=0
split_feature=11 0 5 3 15 7 1 11 8 14 1 9 13 12 14 13 0 3 5 6 2 9 1 14 7 8 0 2 5 9
split_gain=5.77397 5.94062 5.10512 5.69207 5.33739 5.92421 5.36723 4.74482 4.98008 4.89085 4.55226 4.42459 5.12393 4.36919 5.37683 4.35462 7.6857 4.89978 5.32866 4.3535 4.63672 4.63375 4.36431 4.75071 4.30834 4.2918 5.44731 4.22866 4.21969 4.55392
threshold=2.5000000000000004 39.500000000000007 2.5000000000000004 1.0000000180025095e-35 7.5000000000000009 1.5000000000000002 6.5000000000000009 1.5000000000000002 11.500000000000002 26.500000000000004 7.5000000000000009 42.500000000000007 18.500000000000004 3.5000000000000004 5.5000000000000009 3.5000000000000004 14.500000000000002 3.5000000000000004 4.5000000000000009 2.5000000000000004 23.500000000000004 25.500000000000004 1.0000000180025095e-35 2.5000000000000004 12.500000000000002 17.500000000000004 15.500000000000002 19.500000000000004 4.5000000000000009 10.500000000000002
decision_type=2 2 2 2 2 2 2 2 2 2 2 2 2 2 2 2 2 2 2 2 2 2 2 2 2 2 2 2 2 2
left_child=2 15 19 -4 5 -5 13 -8 -9 10 -10 -7 -13 28 -15 16 -2 -18 24 20 -1 25 23 -22 27 26 -21 -19 -6 -30
right_child=1 -3 3 4 6 11 7 8 9 -11 -12 12 -14 14 -16 -17 17 18 -20 21 22 -23 -24 -25 -26 -27 -28 -29 29 -31
leaf_value=-0.0014671623808705911 -0.02727237490758504 0.0075098200118477974 0.014927880762627833 -0.02017448773750892 -0.020737244884826637 0.0093160807186182977 0.015151866727461251 0.011325308025895972 0.031394912123680112 0.04069346308708191 -0.012644280493259431 -0.041233316848152568 0.013550643574806951 0.026885864280519034 -0.01027064603917739 -0.0086436284092870977 0.026654945629147383 0.029144039551417034 -0.043833559751510626 -0.019314857583115068 0.010797456313263287 -0.0086816674534310693 -0.0077484437696090569 -0.04115701781755144 0.022299665149889496 0.036629523477464357 0.011202728356389951 -0.012568293302319945 -0.018632519576284621 0.032024158750261579
leaf_weight=1170 73 374 432 78 304 1407 236 206 25 20 384 38 31 63 102 1601 104 30 24 69 22 188 328 88 95 53 384 128 36 35
leaf_count=1170 73 374 432 78 304 1407 236 206 25 20 384 38 31 63 102 1601 104 30 24 69 22 188 328 88 95 53 384 128 36 35
internal_value=0 -0.00408255 0.00174004 0.00420386 0.00264137 0.00668425 -0.00181123 0.003045 -0.00145456 -0.00759129 -0.0099524 0.00810361 -0.0166202 -0.00964416 0.00391639 -0.0061923 0.00245214 0.00814739 0.00119871 -0.00189575 -0.0047527 0.00472382 -0.0135291 -0.0307661 0.00547054 0.00970452 0.00655435 -0.00464823 -0.0156108 0.00633908
internal_weight=0 2429 5699 3397 2965 1554 1411 871 635 429 409 1476 69 540 165 2055 454 381 277 2302 1608 694 438 110 253 506 453 158 375 71
internal_count=8128 2429 5699 3397 2965 1554 1411 871 635 429 409 1476 69 540 165 2055 454 381 277 2302 1608 694 438 110 253 506 453 158 375 71
shrinkage=0.1


Tree=23
num_leaves=31
num_cat=0
split_feature=5 1 2 12 4 7 10 9 6 8 7 9 1 0 7 3 7 1 13 7 13 13 1 14 3 15 7 3 7 0
split_gain=5.07855 5.28616 5.9115 5.45475 4.90169 5.99339 5.835 5.06717 4.57367 6.23683 4.53893 5.59445 6.37945 4.2579 4.06047 4.0321 3.80814 3.76559 4.63308 7.85557 7.3344 5.62979 4.37398 4.58492 4.19177 3.46433 4.06876 3.33897 3.27908 3.23715
threshold=1.0000000180025095e-35 31.500000000000004 43.500000000000007 1.0000000180025095e-35 1.5000000000000002 14.500000000000002 2.5000000000000004 5.5000000000000009 2.5000000000000004 26.500000000000004 3.5000000000000004 13.500000000000002 7.5000000000000009 33.500000000000007 28.500000000000004 1.0000000180025095e-35 8.5000000000000018 22.500000000000004 9.5000000000000018 45.500000000000007 13.500000000000002 20.500000000000004 17.500000000000004 12.500000000000002 3.5000000000000004 2.5000000000000004 12.500000000000002 37.500000000000007 18.500000000000004 36.500000000000007
decision_type=2 2 2 2 2 2 2 2 2 2 2 2 2 2 2 2 2 2 2 2 2 2 2 2 2 2 2 2 2 2
left_child=-1 2 3 -2 5 -5 8 -8 10 -10 11 12 15 -7 16 -6 -3 18 19 22 24 25 -12 -24 -20 -22 -27 -9 -19 -26
right_child=1 14 -4 4 6 13 7 27 9 -11 17 -13 -14 -15 -16 -17 -18 28 20 -21 21 -23 23 -25 29 26 -28 -29 -30 -31
leaf_value=-0.045932724388937161 0.0084924287884589663 0.00022032872224465394 -0.011606359868899159 -0.0074421862801413476 0.013915527277979359 0.029986227891947093 -0.012496679586119358 0.00037343538999557498 0.013204499594533337 -0.0083557971465734789 0.0037284144130132605 -0.051604038188534401 0.018407130028520312 -0.012588110347004498 -0.0030731507059600619 -0.028341799185556529 0.037448301318512171 0.0023967884835742769 0.00029039173931270451 0.058267852344683235 0.058771805530009061 -0.019776333793997763 0.052917324207924513 -0.0055844854740869435 -0.021453035303524562 -0.0079752229546245779 0.040843088396133917 -0.021071503154541316 -0.052258055495179229 -0.060620465989296261
leaf_weight=24 747 39 435 1358 29 76 452 1625 781 162 1445 31 70 34 72 102 93 21 77 28 23 40 37 21 112 38 31 76 23 26
leaf_count=24 747 39 435 1358 29 76 452 1625 781 162 1445 31 70 34 72 102 93 21 77 28 23 40 37 21 112 38 31 76 23 26
internal_value=0 0.00013603 -0.000274384 0.000385952 -0.000515438 -0.00562366 0.000912918 -0.00308551 0.00369258 0.00950061 0.00114988 -0.0120627 -0.00596425 0.0168269 0.0160295 -0.0189871 0.0264491 0.00274474 0.00342225 0.00578689 -0.00701077 0.0115438 0.0048092 0.0317356 -0.0184024 0.0251612 0.0139576 -0.000584716 -0.0261728 -0.0288324
internal_weight=0 8104 7900 7465 6718 1468 5250 2153 3097 943 2154 232 201 110 204 131 132 1922 1878 1531 347 132 1503 58 215 92 69 1701 44 138
internal_count=8128 8104 7900 7465 6718 1468 5250 2153 3097 943 2154 232 201 110 204 131 132 1922 1878 1531 347 132 1503 58 215 92 69 1701 44 138
shrinkage=0.1


Tree=24
num_leaves=31
num_cat=0
split_feature=13 11 0 14 8 9 8 3 11 15 1 8 8 6 0 0 3 0 0 2 13 13 7 14 14 9 13 13 12 8
split_gain=4.66439 5.22817 4.74326 4.8769 7.90975 5.0364 5.1653 4.89241 4.50105 5.21647 5.35123 4.51958 9.29211 4.28542 5.26821 5.01533 4.90971 4.65408 4.25213 5.34179 4.84461 5.8449 4.10319 7.02396 3.95179 6.03351 4.24706 4.44503 4.18282 4.88113
threshold=1.0000000180025095e-35 2.5000000000000004 43.500000000000007 26.500000000000004 50.500000000000007 2.5000000000000004 5.5000000000000009 13.500000000000002 1.0000000180025095e-35 14.500000000000002 37.500000000000007 24.500000000000004 17.500000000000004 1.5000000000000002 32.500000000000007 26.500000000000004 12.500000000000002 18.500000000000004 28.500000000000004 43.500000000000007 22.500000000000004 20.500000000000004 7.5000000000000009 17.500000000000004 4.5000000000000009 1.5000000000000002 2.5000000000000004 39.500000000000007 1.5000000000000002 2.5000000000000004
decision_type=2 2 2 2 2 2 2 2 2 2 2 2 2 2 2 2 2 2 2 2 2 2 2 2 2 2 2 2 2 2
left_child=-1 8 3 4 7 -5 -7 13 -2 10 18 12 -11 14 15 -3 17 -15 19 20 21 -10 23 -19 -20 -26 -27 28 -28 -30
right_child=1 2 -4 5 -6 6 -8 -9 9 11 -12 -13 -14 16 -16 -17 -18 22 24 -21 -22 -23 -24 -25 25 26 27 -29 29 -31
leaf_value=0.008500656772118349 0.027839049480615125 -0.016558322869241238 0.011744015055931419 -0.038881545960903173 -0.030461421619131141 -0.018541730603864114 0.01332726847156619 -0.013926196669306713 0.00093397773637656054 -0.0058755439776087938 0.048285179257392889 0.0043768525288553697 -0.040424786054569749 -0.012740086606429328 -0.044288126647472385 0.036427475576815402 0.040222146759430567 0.0077472800165414822 0.016900746842562143 -0.030460205438889956 -0.016713383287573474 0.046850157422678812 -0.0024868596967616285 0.061223956197500234 -0.033862122457201889 0.024912207355402938 0.01356516628003702 0.0346856890689759 -0.047211836775143942 -0.0011476343934716732
leaf_weight=598 62 80 163 25 146 62 283 535 2806 506 25 271 92 241 50 23 30 200 295 57 156 28 401 28 41 99 205 42 24 554
leaf_count=598 62 80 163 25 146 62 283 535 2806 506 25 271 92 241 50 23 30 200 295 57 156 28 401 28 41 99 205 42 24 554
internal_value=0 -0.000675085 -0.00468992 -0.00596309 -0.00818704 0.00445944 0.00760009 -0.00613914 0.00105428 0.000734982 0.00215342 -0.00633599 -0.0111908 -0.00218275 -0.0176552 -0.00472654 0.000447555 -0.000923983 0.00188565 -0.000134878 0.00044323 0.00138763 0.00360333 0.0143146 0.0067718 0.00367538 0.00534101 0.00299247 0.00129245 -0.00306033
internal_weight=0 7530 2267 2104 1734 370 345 1588 5263 5201 4332 869 598 1053 153 103 900 870 4307 3047 2990 2834 629 228 1260 965 924 825 783 578
internal_count=8128 7530 2267 2104 1734 370 345 1588 5263 5201 4332 869 598 1053 153 103 900 870 4307 3047 2990 2834 629 228 1260 965 924 825 783 578
shrinkage=0.1


Tree=25
num_leaves=31
num_cat=0
split_feature=2 8 0 11 4 13 7 15 9 10 2 1 3 8 10 7 3 12 6 10 8 14 8 7 1 13 9 7 0 3
split_gain=4.37633 5.26822 4.68979 6.07919 4.79578 5.26719 5.49745 4.9846 4.34779 4.70891 4.30949 5.31757 4.14048 4.12933 4.80003 3.93869 4.59212 3.87929 4.57176 9.99345 6.33042 5.32748 5.16756 7.552 6.502 4.45761 5.16694 4.05321 5.90428 5.5545
threshold=16.500000000000004 1.5000000000000002 19.500000000000004 1.0000000180025095e-35 1.5000000000000002 1.0000000180025095e-35 18.500000000000004 1.0000000180025095e-35 1.5000000000000002 3.5000000000000004 34.500000000000007 20.500000000000004 11.500000000000002 3.5000000000000004 1.5000000000000002 9.5000000000000018 1.5000000000000002 3.5000000000000004 2.5000000000000004 5.5000000000000009 17.500000000000004 2.5000000000000004 8.5000000000000018 3.5000000000000004 8.5000000000000018 1.0000000180025095e-35 15.500000000000002 32.500000000000007 43.500000000000007 10.500000000000002
decision_type=2 2 2 2 2 2 2 2 2 2 2 2 2 2 2 2 2 2 2 2 2 2 2 2 2 2 2 2 2 2
left_child=-1 -2 15 -4 5 12 -7 10 9 -9 -6 -12 -5 14 -10 -3 -17 18 19 20 21 -15 23 -23 -24 -25 -27 29 -29 -20
right_child=1 2 3 4 7 6 -8 8 13 -11 11 -13 -14 17 -16 16 -18 -19 27 -21 -22 22 24 25 -26 26 -28 28 -30 -31
leaf_value=0.004969265552116014 -0.03772954325645398 -0.0097520529936979163 0.050897747154037158 0.035364403505370304 0.018641266490643224 -0.009516930616973493 0.028841531505951513 -0.0083877958122052648 0.018865267608476722 -0.059730640934272251 -0.029079189631674024 0.031862272251219979 -0.007888615680368324 0.019996401071548462 -0.016697120501698439 0.018933111374531318 -0.0032369399289472393 -0.0073310388167473406 0.019944439275220487 0.060965339673890007 -0.013324612103305856 -0.046738393391881676 -0.00098096639459026606 -0.038115710896604205 0.021019909395728002 0.0025181237053363884 -0.026996727132085549 -0.011354075705303866 0.034868053324294816 0.0040515846193235018
leaf_weight=1455 39 935 24 53 288 890 39 95 46 22 45 21 38 155 217 109 654 352 431 27 308 42 358 34 215 517 67 170 33 449
leaf_count=1455 39 935 24 53 288 890 39 95 46 22 45 21 38 155 217 109 654 352 431 27 308 42 358 34 215 517 67 170 33 449
internal_value=0 -0.00108351 -0.000868078 0.000691367 0.000446059 -0.00565755 -0.00790662 0.00204567 0.000913657 -0.018042 0.0133594 -0.00968872 0.0173027 0.00156195 -0.0104771 -0.00540131 -6.97897e-05 0.00256457 0.00380593 0.000605782 -0.00035513 0.00252282 0.000326226 -0.00570584 0.00727416 -0.00291722 -0.000867998 0.0088972 -0.00384013 0.0118355
internal_weight=0 6673 6634 4936 4912 1020 929 3892 3538 117 354 66 91 3421 263 1698 763 3158 2806 1723 1696 1388 1233 660 573 618 584 1083 203 880
internal_count=8128 6673 6634 4936 4912 1020 929 3892 3538 117 354 66 91 3421 263 1698 763 3158 2806 1723 1696 1388 1233 660 573 618 584 1083 203 880
shrinkage=0.1


Tree=26
num_leaves=31
num_cat=0
split_feature=5 8 13 11 0 10 9 15 9 4 12 2 6 7 3 2 12 13 6 1 3 10 3 1 1 13 14 1 13 7
split_gain=3.92291 7.56358 5.23555 3.92592 3.76177 3.57283 5.73253 4.99493 3.90228 3.8192 5.32057 4.72314 4.52222 5.97287 7.2338 4.08662 4.65948 6.12627 3.73314 4.38241 4.09711 4.06277 4.00998 3.83198 4.93868 4.98213 3.60918 3.88469 4.6852 3.45056
threshold=2.5000000000000004 17.500000000000004 1.0000000180025095e-35 1.0000000180025095e-35 40.500000000000007 2.5000000000000004 4.5000000000000009 21.500000000000004 25.500000000000004 1.5000000000000002 2.5000000000000004 32.500000000000007 2.5000000000000004 4.5000000000000009 4.5000000000000009 23.500000000000004 1.0000000180025095e-35 7.5000000000000009 2.5000000000000004 3.5000000000000004 1.0000000180025095e-35 3.5000000000000004 4.5000000000000009 20.500000000000004 14.500000000000002 10.500000000000002 10.500000000000002 6.5000000000000009 8.5000000000000018 3.5000000000000004
decision_type=2 2 2 2 2 2 2 2 2 2 2 2 2 2 2 2 2 2 2 2 2 2 2 2 2 2 2 2 2 2
left_child=5 4 -3 -4 -2 9 7 -7 18 10 11 26 15 14 -14 29 -17 -18 20 21 -8 -20 -22 24 -21 -26 27 -1 -29 -11
right_child=1 2 3 -5 -6 6 8 -9 -10 12 -12 -13 13 -15 -16 16 17 -19 19 23 22 -23 -24 -25 25 -27 -28 28 -30 -31
leaf_value=-0.023858420665447529 0.0035895005134806307 0.015899681150913239 0.033091405885560171 -0.0046143604764392922 0.014187749148189247 -0.03151161679079835 -0.040191768460413994 0.021866460144519807 -0.016357733903882597 -0.013542326213791967 -0.035931933934871971 -0.041852306548891396 -0.0040540380724545183 0.0048626890794063607 0.059202999000748005 0.018542506251224253 -0.0061901580586152917 -0.039333381010107249 0.048835711007894474 0.0049750569437084537 0.027298277133219952 -0.0032339470541995507 -0.0075377979083740207 0.026305225745160529 -0.062711106126125044 0.0027766845055988859 0.016254494242046193 -0.012092618731891408 0.047982735435167956 0.0041902820566385715
leaf_weight=78 2574 140 28 2002 385 142 34 20 208 128 65 29 29 384 48 43 170 83 43 116 37 23 309 47 26 21 92 34 21 769
leaf_count=78 2574 140 28 2002 385 142 34 20 208 128 65 29 29 384 48 43 170 83 43 116 37 23 309 47 26 21 92 34 21 769
internal_value=0 0.0016799 -0.00280435 -0.00409428 0.00496845 -0.00287303 -0.00765942 -0.0249217 -0.00442274 -0.000384014 -0.0104023 -0.00386918 0.00154818 0.00995976 0.0353789 -0.00170223 -0.0118908 -0.0170632 -0.000638468 0.00821315 -0.00706754 0.0306902 -0.00381255 0.00114892 -0.00610473 -0.0334506 0.00102642 -0.00950728 0.0108452 0.00165988
internal_weight=0 5129 2170 2030 2959 2999 1026 162 864 1973 319 254 1654 461 77 1193 296 253 656 276 380 66 346 210 163 47 225 133 55 897
internal_count=8128 5129 2170 2030 2959 2999 1026 162 864 1973 319 254 1654 461 77 1193 296 253 656 276 380 66 346 210 163 47 225 133 55 897
shrinkage=0.1


end of trees

feature_importances:
Column_0=105
Column_2=88
Column_1=74
Column_3=60
Column_7=59
Column_13=55
Column_8=51
Column_11=46
Column_14=45
Column_9=40
Column_12=38
Column_15=38
Column_5=35
Column_10=29
Column_6=25
Column_4=22

parameters:
[boosting: gbdt]
[objective: regression]
[metric: l2]
[tree_learner: serial]
[device_type: cpu]
[data: ]
[valid: ]
[num_iterations: 10000]
[learning_rate: 0.1]
[num_leaves: 31]
[num_threads: 0]
[deterministic: 0]
[force_col_wise: 0]
[force_row_wise: 0]
[histogram_pool_size: -1]
[max_depth: -1]
[min_data_in_leaf: 20]
[min_sum_hessian_in_leaf: 0.001]
[bagging_fraction: 1]
[pos_bagging_fraction: 1]
[neg_bagging_fraction: 1]
[bagging_freq: 0]
[bagging_seed: 3]
[feature_fraction: 1]
[feature_fraction_bynode: 1]
[feature_fraction_seed: 2]
[extra_trees: 0]
[extra_seed: 6]
[early_stopping_round: 10]
[first_metric_only: 0]
[max_delta_step: 0]
[lambda_l1: 0]
[lambda_l2: 0]
[min_gain_to_split: 0]
[drop_rate: 0.1]
[max_drop: 50]
[skip_drop: 0.5]
[xgboost_dart_mode: 0]
[uniform_drop: 0]
[drop_seed: 4]
[top_rate: 0.2]
[other_rate: 0.1]
[min_data_per_group: 100]
[max_cat_threshold: 32]
[cat_l2: 10]
[cat_smooth: 10]
[max_cat_to_onehot: 4]
[top_k: 20]
[monotone_constraints: ]
[monotone_constraints_method: basic]
[monotone_penalty: 0]
[feature_contri: ]
[forcedsplits_filename: ]
[refit_decay_rate: 0.9]
[cegb_tradeoff: 1]
[cegb_penalty_split: 0]
[cegb_penalty_feature_lazy: ]
[cegb_penalty_feature_coupled: ]
[path_smooth: 0]
[interaction_constraints: ]
[verbosity: 1]
[saved_feature_importance_type: 0]
[max_bin: 255]
[max_bin_by_feature: ]
[min_data_in_bin: 3]
[bin_construct_sample_cnt: 200000]
[data_random_seed: 1]
[is_enable_sparse: 1]
[enable_bundle: 1]
[use_missing: 1]
[zero_as_missing: 0]
[feature_pre_filter: 1]
[pre_partition: 0]
[two_round: 0]
[header: 0]
[label_column: ]
[weight_column: ]
[group_column: ]
[ignore_column: ]
[categorical_feature: ]
[forcedbins_filename: ]
[objective_seed: 5]
[num_class: 1]
[is_unbalance: 0]
[scale_pos_weight: 1]
[sigmoid: 1]
[boost_from_average: 1]
[reg_sqrt: 0]
[alpha: 0.9]
[fair_c: 1]
[poisson_max_delta_step: 0.7]
[tweedie_variance_power: 1.5]
[lambdarank_truncation_level: 30]
[lambdarank_norm: 1]
[label_gain: ]
[eval_at: ]
[multi_error_top_k: 1]
[auc_mu_weights: ]
[num_machines: 1]
[local_listen_port: 12400]
[time_out: 120]
[machine_list_filename: ]
[machines: ]
[gpu_platform_id: -1]
[gpu_device_id: -1]
[gpu_use_dp: 0]
[num_gpu: 1]

end of parameters

pandas_categorical:null
