tree
version=v3
num_class=1
num_tree_per_iteration=1
label_index=0
max_feature_idx=15
objective=regression
feature_names=Column_0 Column_1 Column_2 Column_3 Column_4 Column_5 Column_6 Column_7 Column_8 Column_9 Column_10 Column_11 Column_12 Column_13 Column_14 Column_15
feature_infos=[1:49] [0:67] [1:49] [0:86] [0:8] [0:6] [0:7] [0:206] [0:173] [0:287] [0:8] [0:8] [0:9] [0:158] [0:269] [0:310]
tree_sizes=2716 2763 2757 2763 2758 2761 2758 2758 2771 2767 2760 2758 2733

Tree=0
num_leaves=31
num_cat=0
split_feature=0 2 0 8 3 14 6 2 3 7 11 0 6 13 10 2 9 0 15 3 12 10 14 15 14 8 3 3 15 15
split_gain=71.0017 27.9004 11.8059 11.5458 9.86152 8.50169 9.12371 8.07896 7.78352 10.3298 7.2949 7.19928 6.76812 6.4622 6.06874 5.41038 7.49144 5.15205 8.64514 4.96437 5.11332 4.95088 5.18164 8.20453 4.89377 4.8566 4.82992 4.76544 4.70401 5.32334
threshold=37.500000000000007 15.500000000000002 45.500000000000007 14.500000000000002 2.5000000000000004 22.500000000000004 2.5000000000000004 18.500000000000004 7.5000000000000009 8.5000000000000018 2.5000000000000004 19.500000000000004 1.0000000180025095e-35 9.5000000000000018 1.0000000180025095e-35 32.500000000000007 17.500000000000004 22.500000000000004 8.5000000000000018 24.500000000000004 1.5000000000000002 4.5000000000000009 21.500000000000004 10.500000000000002 29.500000000000004 5.5000000000000009 5.5000000000000009 26.500000000000004 8.5000000000000018 4.5000000000000009
decision_type=2 2 2 2 2 2 2 2 2 2 2 2 2 2 2 2 2 2 2 2 2 2 2 2 2 2 2 2 2 2
left_child=1 12 7 5 17 6 -3 -2 24 -10 13 -11 -1 -9 -14 16 -6 -5 -19 20 26 22 23 28 -7 -22 -8 -13 29 -16
right_child=2 3 -4 4 15 8 19 10 9 11 -12 27 14 -15 21 -17 -18 18 -20 -21 25 -23 -24 -25 -26 -27 -28 -29 -30 -31
leaf_value=-0.36802875013046765 -0.25964654875490167 -0.3484420526899919 -0.2500784426960776 -0.34830701152248056 -0.36523674080372559 -0.26974230772138152 -0.26628962239085158 -0.30150701276225716 -0.37497639857108511 -0.3488754325600541 -0.29572129862981195 -0.28800701311988502 -0.262376579016251 -0.37222129660325404 -0.33400701190130117 -0.38033459688093579 -0.32227624298129121 -0.25864987104044085 -0.34650701157016428 -0.36150701117279993 -0.35093324096110595 -0.27150701355698575 -0.33934792085072452 -0.28350701323909433 -0.31817367898740795 -0.32817367872249842 -0.32919931972096922 -0.34241610258762722 -0.35775701127214105 -0.29468883112469546
leaf_weight=23 43 1093 63 75 185 34 23 24 49 57 140 60 23 28 72 145 52 21 24 57 122 24 88 75 54 405 26 22 32 66
leaf_count=23 43 1093 63 75 185 34 23 24 49 57 140 60 23 28 72 145 52 21 24 57 122 24 88 75 54 405 26 22 32 66
internal_value=-0.335008 -0.339773 -0.28852 -0.343703 -0.357264 -0.340303 -0.342909 -0.298826 -0.324007 -0.335496 -0.307601 -0.321579 -0.315353 -0.339584 -0.312165 -0.36512 -0.355811 -0.332257 -0.305507 -0.333355 -0.33057 -0.315373 -0.318534 -0.311058 -0.299462 -0.333442 -0.29967 -0.302605 -0.323213 -0.315203
internal_weight=0 2907 298 2504 502 2002 1726 235 276 188 192 139 403 52 380 382 237 120 45 633 576 357 333 245 88 527 49 82 170 138
internal_count=3205 2907 298 2504 502 2002 1726 235 276 188 192 139 403 52 380 382 237 120 45 633 576 357 333 245 88 527 49 82 170 138
shrinkage=1


Tree=1
num_leaves=31
num_cat=0
split_feature=0 2 0 3 8 12 2 1 1 12 14 6 8 4 10 10 9 2 9 7 13 2 0 8 8 3 1 1 1 9
split_gain=57.5114 22.5993 9.56282 9.44366 12.2489 9.44016 6.54396 6.66482 6.50138 6.07676 5.61328 5.48218 5.22152 7.14934 4.95918 4.91568 4.74952 4.38241 6.06807 4.5696 4.21536 4.18279 4.39285 4.14 5.03598 4.21398 4.0593 4.02272 3.9231 4.41908
threshold=37.500000000000007 15.500000000000002 45.500000000000007 2.5000000000000004 14.500000000000002 1.0000000180025095e-35 18.500000000000004 25.500000000000004 8.5000000000000018 2.5000000000000004 16.500000000000004 1.0000000180025095e-35 3.5000000000000004 1.0000000180025095e-35 1.5000000000000002 1.0000000180025095e-35 7.5000000000000009 32.500000000000007 17.500000000000004 9.5000000000000018 6.5000000000000009 19.500000000000004 19.500000000000004 4.5000000000000009 16.500000000000004 4.5000000000000009 2.5000000000000004 2.5000000000000004 6.5000000000000009 15.500000000000002
decision_type=2 2 2 2 2 2 2 2 2 2 2 2 2 2 2 2 2 2 2 2 2 2 2 2 2 2 2 2 2 2
left_child=1 11 6 5 8 -3 -2 9 12 -8 21 -1 -5 -14 -12 -13 -16 18 -6 -20 -4 27 -23 25 26 -17 -25 -7 -11 -30
right_child=2 3 20 4 17 10 7 -9 -10 28 14 15 13 -15 16 23 -18 -19 19 -21 -22 22 -24 24 -26 -27 -28 -29 29 -31
leaf_value=-0.029718861372574519 0.067825117499329332 0.057527082581673897 0.038507843613624575 -0.032092104373721904 -0.027206052122889342 0.00074861867087227954 0.039154271698660321 0.071743556857109078 0.0027273287714671482 -0.018616440892219543 0.049312549680471419 0.065368090116459387 -0.044805545177099837 -0.0070744215632431691 -0.032993293892253528 0.026178514105933054 0.0266371265930288 -0.040794122547938905 -0.015986660974366323 0.043477623164653784 0.094077609583388941 0.016315043076224951 -0.0079785652070248868 0.013053057031197982 -0.0079877895243624427 -0.031838740360352301 0.038416502201879352 -0.044238608168519065 0.057041414082050323 -0.0066046553353468589
leaf_weight=23 43 31 20 109 185 35 72 26 469 50 40 23 53 957 22 21 34 145 28 24 43 115 211 110 47 31 148 46 20 24
leaf_count=23 43 31 20 109 185 35 72 26 469 50 40 23 53 957 22 21 34 145 28 24 43 115 211 110 47 31 148 46 20 24
internal_value=0 -0.00428893 0.0418386 -0.00782613 -0.0110235 0.00396934 0.0325635 0.0246663 -0.00715607 0.0172928 0.000668569 0.0176892 -0.0112984 -0.00905437 0.0224199 0.0205586 0.00321089 -0.0271006 -0.0187227 0.0114584 0.0764364 -0.00446197 0.000591266 0.0176717 0.0221182 -0.0084087 0.0276026 -0.0247997 0.000547814 0.0223254
internal_weight=0 2907 298 2504 1970 534 235 192 1588 166 503 403 1119 1010 96 380 56 382 237 52 63 407 326 357 305 52 258 81 94 44
internal_count=3205 2907 298 2504 1970 534 235 192 1588 166 503 403 1119 1010 96 380 56 382 237 52 63 407 326 357 305 52 258 81 94 44
shrinkage=0.1


Tree=2
num_leaves=31
num_cat=0
split_feature=0 2 8 14 0 5 7 11 9 10 1 15 9 11 1 3 15 6 4 3 12 8 14 12 7 2 8 7 14 9
split_gain=46.5842 18.3055 7.90217 9.68414 7.77629 10.0091 7.02259 6.36803 6.15349 6.11948 5.5504 5.68391 5.28143 4.90641 4.88107 4.87437 4.81461 4.743 4.69468 5.49979 8.97313 5.55982 4.57442 4.49552 4.33449 4.28962 5.37208 4.27795 4.1325 4.42872
threshold=37.500000000000007 15.500000000000002 17.500000000000004 22.500000000000004 42.500000000000007 2.5000000000000004 8.5000000000000018 2.5000000000000004 65.500000000000014 1.0000000180025095e-35 14.500000000000002 14.500000000000002 8.5000000000000018 4.5000000000000009 11.500000000000002 14.500000000000002 26.500000000000004 2.5000000000000004 4.5000000000000009 2.5000000000000004 1.5000000000000002 14.500000000000002 27.500000000000004 3.5000000000000004 19.500000000000004 32.500000000000007 19.500000000000004 31.500000000000004 5.5000000000000009 16.500000000000004
decision_type=2 2 2 2 2 2 2 2 2 2 2 2 2 2 2 2 2 2 2 2 2 2 2 2 2 2 2 2 2 2
left_child=1 13 3 7 10 -6 14 9 12 -3 11 22 -8 16 -5 -12 23 -11 19 20 -9 -21 -2 28 -20 26 -4 -19 -1 -30
right_child=4 2 25 6 5 -7 8 18 -10 17 15 -13 -14 -15 -16 -17 -18 27 24 21 -22 -23 -24 -25 -26 -27 -28 -29 29 -31
leaf_value=0.042943741745418977 0.01330780029296875 0.036285052849696235 -0.04352630779549882 -0.028042968398048762 0.021900312796882964 0.082120527499827789 -0.0011745349927382038 0.043343731098704874 -0.030211046609011569 -0.0087512139794091847 0.075516899065537893 -0.018369942083954812 0.034956505485609468 0.064205435216426854 0.023455631274443407 0.018790118822029661 0.047684954308174758 0.009431692376120451 0.046960025118744891 -0.017018673366254514 -0.011199483852232656 -0.044768186039235221 0.066615266691554681 -0.014194508176296951 -0.0075210316479206096 -0.040194177715217369 0.0026464354765566092 -0.033669178247451782 0.0023730266880203081 0.034754486517472698
leaf_weight=45 60 39 37 63 46 69 55 36 22 688 33 40 153 20 26 28 37 292 23 555 186 83 22 64 40 102 79 25 182 55
leaf_count=45 60 39 37 63 46 69 55 36 22 688 33 40 153 20 26 28 37 292 23 555 186 83 22 64 40 102 79 25 182 55
internal_value=0 -0.00386003 -0.00704352 -0.00530873 0.0376548 0.0580324 0.0108534 -0.00792985 0.0200831 -0.00257988 0.0248491 0.0125345 0.0254026 0.0159202 -0.0129984 0.0494784 0.0133988 -0.00408807 -0.0139812 -0.0159115 -0.00235464 -0.0206287 0.0276098 0.00973239 0.0123689 -0.0252349 -0.0120811 0.00603257 0.0151626 0.00988771
internal_weight=0 2907 2504 2286 298 115 319 1967 230 1044 183 122 208 403 89 61 383 1005 923 860 222 638 82 346 63 218 116 317 282 237
internal_count=3205 2907 2504 2286 298 115 319 1967 230 1044 183 122 208 403 89 61 383 1005 923 860 222 638 82 346 63 218 116 317 282 237
shrinkage=0.1


Tree=3
num_leaves=31
num_cat=0
split_feature=0 2 0 8 14 0 6 2 7 3 2 1 13 7 9 13 3 6 8 13 1 8 15 4 15 13 1 12 13 11
split_gain=37.7332 14.8274 6.80083 6.70648 7.83105 7.17904 6.52401 5.90166 5.5573 5.68472 5.1362 5.07734 4.9182 4.87011 5.54993 7.07081 4.38488 4.31777 4.02333 5.17434 4.15671 6.85439 3.95222 9.72184 5.33825 4.88444 6.33524 4.63163 4.31766 4.31124
threshold=37.500000000000007 15.500000000000002 45.500000000000007 26.500000000000004 22.500000000000004 8.5000000000000018 2.5000000000000004 39.500000000000007 8.5000000000000018 7.5000000000000009 17.500000000000004 27.500000000000004 29.500000000000004 55.500000000000007 11.500000000000002 9.5000000000000018 2.5000000000000004 1.0000000180025095e-35 4.5000000000000009 2.5000000000000004 12.500000000000002 10.500000000000002 5.5000000000000009 2.5000000000000004 2.5000000000000004 3.5000000000000004 5.5000000000000009 1.5000000000000002 6.5000000000000009 2.5000000000000004
decision_type=2 2 2 2 2 2 2 2 2 2 2 2 2 2 2 2 2 2 2 2 2 2 2 2 2 2 2 2 2 2
left_child=1 17 10 4 6 -6 16 -8 9 -7 -2 12 -12 14 15 -10 -3 -1 -19 -20 -21 -22 23 24 -18 26 -24 -25 -29 -28
right_child=2 3 -4 -5 5 8 7 -9 13 -11 11 -13 -14 -15 -16 -17 22 18 19 20 21 -23 25 27 -26 -27 29 28 -30 -31
leaf_value=-0.027744940312012384 0.061407553596155989 -0.00080924210322164266 0.06306600000650163 -0.035995509092872212 -0.031729989097668575 0.026635736740868665 0.0027646039474114731 -0.023469718834575343 -0.0295451327677696 -0.028816040941313206 0.020304369926452639 0.066400822003682455 -0.032311408221721648 -0.012176871895790101 0.04144522818196722 0.035608697930971787 -0.034734922647476199 -0.0084073423787399577 0.04814405600572455 0.009018287845822268 0.081356954315434327 0.0087968917687733985 -0.022250794633930805 -0.024009567384536454 -0.0069759973952936566 -0.025971306687177616 0.039026668362128432 0.046830330491065983 0.0069000102579593664 -0.0096914685824338129
leaf_weight=23 35 274 63 74 39 29 686 98 31 51 159 21 20 35 119 36 116 54 58 215 23 30 102 26 172 430 39 45 68 34
leaf_count=23 35 274 63 74 39 29 686 98 31 51 159 21 20 35 119 36 116 54 58 215 23 30 102 26 172 430 39 45 68 34
internal_value=0 -0.00347403 0.0338893 -0.00633917 -0.00543605 0.00863869 -0.00772572 -0.000514686 0.0138692 -0.00871477 0.0260674 0.0198829 0.0144255 0.0220444 0.0284839 0.0054629 -0.0120546 0.0143282 0.0168748 0.0210626 0.0152017 0.0402852 -0.0150402 -0.00767402 -0.0181567 -0.0202392 -0.00615458 0.0140454 0.0228015 0.016336
internal_weight=0 2907 298 2504 2430 340 2090 784 301 80 235 200 179 221 186 67 1306 403 380 326 268 53 1032 427 288 605 175 139 113 73
internal_count=3205 2907 298 2504 2430 340 2090 784 301 80 235 200 179 221 186 67 1306 403 380 326 268 53 1032 427 288 605 175 139 113 73
shrinkage=0.1


Tree=4
num_leaves=31
num_cat=0
split_feature=0 2 3 8 12 0 2 1 2 1 3 15 9 2 14 5 8 4 12 6 11 14 15 2 4 8 8 10 7 15
split_gain=30.5639 12.0102 5.74968 7.61266 6.68357 5.50867 4.69465 4.69523 4.51023 5.2987 5.28599 4.33401 8.25957 5.48797 4.22597 4.13978 4.00673 5.19189 3.94682 4.03448 3.84875 3.86962 5.26417 4.30149 6.09706 4.21783 6.03295 5.79277 4.46843 3.75847
threshold=37.500000000000007 15.500000000000002 2.5000000000000004 14.500000000000002 1.5000000000000002 45.500000000000007 46.500000000000007 8.5000000000000018 42.500000000000007 10.500000000000002 17.500000000000004 9.5000000000000018 22.500000000000004 20.500000000000004 22.500000000000004 3.5000000000000004 3.5000000000000004 1.0000000180025095e-35 2.5000000000000004 2.5000000000000004 4.5000000000000009 19.500000000000004 14.500000000000002 8.5000000000000018 2.5000000000000004 6.5000000000000009 10.500000000000002 1.5000000000000002 11.500000000000002 18.500000000000004
decision_type=2 2 2 2 2 2 2 2 2 2 2 2 2 2 2 2 2 2 2 2 2 2 2 2 2 2 2 2 2 2
left_child=1 20 4 6 -3 8 7 16 9 18 -11 12 13 -9 15 -6 -4 -18 -2 -20 21 22 25 -23 -25 -1 28 -28 -27 -7
right_child=5 2 3 -5 14 29 -8 11 -10 10 -12 -13 -14 -15 -16 -17 17 -19 19 -21 -22 23 -24 24 -26 26 27 -29 -30 -31
leaf_value=-0.013121082916341979 0.034584862115431804 0.033034742323320307 -0.026146201747600163 -0.020874526917310288 -0.00037892205728388235 0.076570718853097214 -0.036989742385016552 0.038903850478094977 -0.018599301835765008 0.060515858408282788 0.010691060558442147 -0.0038143387862614227 0.058374988710558101 -0.005566904781100987 0.025568725775789333 -0.030558180866333159 -0.036840668554399533 -0.0040747594718504266 -0.028234278410673143 0.021980777743738147 0.055660724639892578 0.027442615118718917 0.043395028462012611 -0.03859880602359772 0.015373777267005709 0.067294690538855159 0.049081150264967059 -0.010704683585905693 0.0094556808471679688 0.026646191090345384
leaf_weight=58 49 67 107 382 361 38 45 37 23 68 31 266 37 111 54 52 51 934 32 32 20 31 60 50 36 34 21 71 22 25
leaf_count=58 49 67 107 382 361 38 45 37 23 68 31 266 37 111 54 52 51 934 32 32 20 31 60 50 36 34 21 71 22 25
internal_value=0 -0.00312663 -0.00570525 -0.00820009 0.00349854 0.0305004 -0.0051512 -0.00422266 0.0234607 0.0280238 0.0449142 0.00436092 0.0161156 0.00555078 -0.000738983 -0.00417873 -0.00776771 -0.00577127 0.0132261 -0.00312675 0.0128954 0.0106622 0.0173286 -0.0044937 -0.0160056 0.00973638 0.018694 0.00294208 0.0445722 0.0567594
internal_weight=0 2907 2504 1970 534 298 1588 1543 235 212 99 451 185 148 467 413 1092 985 113 64 403 383 266 117 86 206 148 92 56 63
internal_count=3205 2907 2504 1970 534 298 1588 1543 235 212 99 451 185 148 467 413 1092 985 113 64 403 383 266 117 86 206 148 92 56 63
shrinkage=0.1


Tree=5
num_leaves=31
num_cat=0
split_feature=0 2 5 12 13 6 3 8 14 4 14 7 2 15 15 3 4 14 15 2 13 13 6 8 3 13 6 0 2 14
split_gain=24.7748 10.5171 8.45231 7.49659 6.26631 5.67272 6.04046 6.15437 7.01951 5.26182 4.65775 4.92402 4.72089 5.47368 4.94902 3.96262 4.0865 3.9551 5.24509 4.0438 4.61367 5.90933 3.8053 4.10857 6.23354 4.53139 3.75193 3.79264 6.59531 4.23033
threshold=39.500000000000007 15.500000000000002 2.5000000000000004 2.5000000000000004 33.500000000000007 3.5000000000000004 6.5000000000000009 8.5000000000000018 5.5000000000000009 1.5000000000000002 80.500000000000014 4.5000000000000009 40.500000000000007 34.500000000000007 41.500000000000007 3.5000000000000004 4.5000000000000009 22.500000000000004 1.5000000000000002 31.500000000000004 17.500000000000004 5.5000000000000009 1.0000000180025095e-35 5.5000000000000009 1.0000000180025095e-35 1.5000000000000002 4.5000000000000009 30.500000000000004 29.500000000000004 10.500000000000002
decision_type=2 2 2 2 2 2 2 2 2 2 2 2 2 2 2 2 2 2 2 2 2 2 2 2 2 2 2 2 2 2
left_child=1 4 3 -2 22 10 9 8 -8 -7 11 -3 13 17 -15 -14 -17 -13 -19 20 21 -20 -1 24 -24 -25 27 28 29 -11
right_child=2 5 -4 -5 -6 6 7 -9 -10 26 -12 12 15 14 -16 16 -18 18 19 -21 -22 -23 23 25 -26 -27 -28 -29 -30 -31
leaf_value=-0.031714541145733431 0.043936554771481146 -0.018068434716610429 0.050570268499985582 -0.019428174093712211 0.065766749779383335 -0.0094158594716678978 0.063534447550773629 -0.017760168651866307 0.00058952743535513417 0.045289804041385655 0.038894376429644502 -0.0064641910037521776 0.0087691008141546536 0.057769465667230117 0.00078719403062547954 -0.041487082297151742 0.0002430776134133339 0.053308473216990629 0.031176242412942829 -0.02148177111926286 0.053597608079080997 -0.029134400561451914 0.039501883089542389 0.051187638895852233 -0.025385502712768421 0.012860523857749426 0.052105143027646211 0.052254453063011179 -0.031396768216429081 -0.0054449057137524641
leaf_weight=21 33 356 122 43 21 55 22 157 91 42 22 1352 33 27 35 88 32 24 33 46 23 32 20 35 57 260 42 25 29 27
leaf_count=21 33 356 122 43 21 55 22 157 91 42 22 1352 33 27 35 88 32 24 33 46 23 32 20 35 57 260 42 25 29 27
internal_value=0 -0.00225609 0.034263 0.00808546 0.0125446 -0.00461918 0.00507065 -0.00495164 0.0128443 0.0173707 -0.00687691 -0.0073608 -0.00515099 -0.00351893 0.0256021 -0.0219196 -0.030359 -0.00471463 0.0102563 0.00254551 0.0151052 0.00148485 0.00970067 0.0120386 -0.00853164 0.0174078 0.0262996 0.0174879 0.00861891 0.0254371
internal_weight=0 3007 198 76 414 2593 490 270 113 220 2103 2081 1725 1572 62 153 120 1510 158 134 88 65 393 372 77 295 165 123 98 69
internal_count=3205 3007 198 76 414 2593 490 270 113 220 2103 2081 1725 1572 62 153 120 1510 158 134 88 65 393 372 77 295 165 123 98 69
shrinkage=0.1


Tree=6
num_leaves=31
num_cat=0
split_feature=0 2 8 15 10 13 3 8 4 2 1 3 12 11 1 9 6 13 7 3 2 8 0 14 6 15 8 8 2 15
split_gain=20.7519 7.82192 4.80635 4.78934 4.76143 5.96405 7.5739 6.56706 4.78882 4.70632 6.46507 6.39696 5.31416 4.63896 6.6432 4.56128 4.12655 4.07756 3.98385 3.9411 5.43816 4.61324 5.3611 3.91439 4.91949 4.65518 3.85777 3.79439 3.73938 4.51532
threshold=37.500000000000007 15.500000000000002 32.500000000000007 48.500000000000007 1.5000000000000002 4.5000000000000009 16.500000000000004 5.5000000000000009 1.0000000180025095e-35 29.500000000000004 9.5000000000000018 3.5000000000000004 3.5000000000000004 2.5000000000000004 6.5000000000000009 11.500000000000002 3.5000000000000004 11.500000000000002 20.500000000000004 8.5000000000000018 35.500000000000007 6.5000000000000009 15.500000000000002 24.500000000000004 1.5000000000000002 4.5000000000000009 6.5000000000000009 12.500000000000002 19.500000000000004 4.5000000000000009
decision_type=2 2 2 2 2 2 2 2 2 2 2 2 2 2 2 2 2 2 2 2 2 2 2 2 2 2 2 2 2 2
left_child=1 -1 4 9 5 6 7 -3 -6 10 17 -11 18 14 -9 -15 23 -2 -13 26 21 -21 -23 27 -25 -26 -18 28 29 -10
right_child=3 2 -4 -5 8 -7 -8 13 16 11 -12 12 -14 15 -16 -17 19 -19 -20 20 -22 22 -24 24 25 -27 -28 -29 -30 -31
leaf_value=0.010353685220329105 0.0026074904988965266 -0.0088527438488412418 -0.037043783267339071 -0.018704024734704391 -0.030803374357913672 -0.0062044394758126254 -0.028643928095698358 0.02800924464678153 0.028050698451141817 0.065794002016385397 0.06369748857858426 0.031384488207394964 -0.032986421827916744 -0.0043171757875486863 0.093266150928460634 0.041742861617443172 -0.014040858404976981 0.05048736642146933 -0.017454004546870357 0.035407140271531211 -0.034099034934627764 -0.04983720562674783 0.0071641003092130021 0.033186664067062679 0.029878422085727965 -0.017992663987585016 0.023214766206564728 -0.017178470659725772 -0.0084006598005529325 -0.0057046856462340994
leaf_weight=403 46 47 45 23 76 233 32 39 67 21 68 61 27 43 26 43 35 29 23 36 49 22 66 51 28 74 135 406 854 97
leaf_count=403 46 47 45 23 76 233 32 39 67 21 68 61 27 43 26 43 35 29 23 36 49 22 66 51 28 74 135 406 854 97
internal_value=0 -0.00257632 -0.00465731 0.0251321 -0.00406463 0.00507185 0.0164952 0.0237904 -0.00618397 0.0287984 0.0413672 0.0151822 0.00560701 0.0339509 0.054112 0.0187128 -0.00520945 0.021121 0.018012 0.00473114 -0.0058947 0.00525056 -0.00708623 -0.00737154 0.00782783 -0.00485158 0.0155445 -0.00900462 -0.00574472 0.00808562
internal_weight=0 2907 2504 298 2459 463 230 198 1996 275 143 132 111 151 65 86 1920 75 84 343 173 124 88 1577 153 102 170 1424 1018 164
internal_count=3205 2907 2504 298 2459 463 230 198 1996 275 143 132 111 151 65 86 1920 75 84 343 173 124 88 1577 153 102 170 1424 1018 164
shrinkage=0.1


Tree=7
num_leaves=31
num_cat=0
split_feature=0 2 5 12 13 1 3 2 8 12 0 7 6 8 3 13 9 14 2 14 11 15 13 15 14 2 1 0 10 9
split_gain=17.0434 6.97675 6.32121 5.53941 4.93035 4.66424 4.43512 6.48966 4.49244 4.03583 3.42325 4.10745 3.07663 3.33523 5.06236 3.72998 4.4707 4.2542 4.78786 3.54842 3.53105 3.14668 2.98365 3.5002 2.93226 4.47495 3.71168 3.69586 3.32247 3.35776
threshold=39.500000000000007 15.500000000000002 2.5000000000000004 2.5000000000000004 33.500000000000007 33.500000000000007 2.5000000000000004 42.500000000000007 14.500000000000002 1.0000000180025095e-35 43.500000000000007 19.500000000000004 1.0000000180025095e-35 5.5000000000000009 1.0000000180025095e-35 2.5000000000000004 6.5000000000000009 19.500000000000004 10.500000000000002 8.5000000000000018 2.5000000000000004 6.5000000000000009 1.0000000180025095e-35 30.500000000000004 16.500000000000004 19.500000000000004 2.5000000000000004 19.500000000000004 1.5000000000000002 7.5000000000000009
decision_type=2 2 2 2 2 2 2 2 2 2 2 2 2 2 2 2 2 2 2 2 2 2 2 2 2 2 2 2 2 2
left_child=1 4 3 -2 12 6 9 8 -8 -3 11 -4 -1 14 -14 20 21 19 -19 -18 -15 -17 -10 -24 25 26 -11 -27 -26 -30
right_child=2 5 10 -5 -6 -7 7 -9 22 24 -12 -13 13 15 -16 16 17 18 -20 -21 -22 -23 23 -25 28 27 -28 -29 29 -31
leaf_value=-0.029578455856868198 0.036597990628444786 0.038765549275182914 0.010048988660176596 -0.017870763914529669 0.057392651410329912 0.03194809647070037 -0.0025757901809368459 -0.027227881465639387 0.022314565181732179 0.0011365986721856255 0.060705893177406073 0.063609194755554196 0.034516324996948247 0.063927107166360936 -0.023958572693038405 0.005844563516703519 0.010583493709564211 0.031382756983792344 -0.023117211014032364 0.048447810303081172 0.012784241471025679 -0.036155999700228376 -0.020183565228982691 0.022020083949679421 0.039367548823356635 0.017661206032100477 -0.042283415661917796 -0.0045070637270336238 -0.029979477609906879 0.020600113868713382
leaf_weight=21 33 31 45 43 21 36 1528 140 20 35 56 21 20 27 57 44 45 27 40 55 27 30 306 21 40 114 45 221 21 35
leaf_count=21 33 31 45 43 21 36 1528 140 20 35 56 21 20 27 57 44 45 27 40 55 27 30 306 21 40 114 45 221 21 35
internal_value=0 -0.00187124 0.0284183 0.00578014 0.0101836 -0.00379592 -0.00429916 -0.00645914 -0.00490841 0.00373102 0.0425207 0.0270909 0.00766097 0.00976319 -0.00877029 0.0146007 0.00927806 0.0183445 -0.00115454 0.0314089 0.0383557 -0.0111827 -0.01518 -0.0174732 0.00160564 -0.00203773 -0.0232872 0.00303677 0.0173556 0.00163277
internal_weight=0 3007 198 76 414 2593 2557 2015 1875 542 122 66 393 372 77 295 241 167 67 100 54 74 347 327 511 415 80 335 96 56
internal_count=3205 3007 198 76 414 2593 2557 2015 1875 542 122 66 393 372 77 295 241 167 67 100 54 74 347 327 511 415 80 335 96 56
shrinkage=0.1


Tree=8
num_leaves=31
num_cat=0
split_feature=0 10 2 13 12 0 1 5 15 13 6 9 4 15 11 7 1 14 2 4 0 15 2 3 1 12 8 14 11 9
split_gain=14.1773 5.33971 5.75366 9.40366 5.55716 6.38426 4.85107 4.72128 4.42311 4.7708 4.18482 4.0359 11.6368 5.63521 4.25811 4.17253 7.95067 3.96231 4.39023 3.89627 3.71172 3.65474 3.61453 5.07247 4.81452 4.11501 3.56218 5.32227 4.18311 5.59128
threshold=37.500000000000007 1.5000000000000002 27.500000000000004 30.500000000000004 1.5000000000000002 20.500000000000004 10.500000000000002 2.5000000000000004 13.500000000000002 43.500000000000007 1.5000000000000002 13.500000000000002 2.5000000000000004 9.5000000000000018 2.5000000000000004 16.500000000000004 6.5000000000000009 19.500000000000004 11.500000000000002 1.5000000000000002 29.500000000000004 48.500000000000007 29.500000000000004 3.5000000000000004 9.5000000000000018 3.5000000000000004 10.500000000000002 1.0000000180025095e-35 3.5000000000000004 8.5000000000000018
decision_type=2 2 2 2 2 2 2 2 2 2 2 2 2 2 2 2 2 2 2 2 2 2 2 2 2 2 2 2 2 2
left_child=1 6 3 4 5 -3 7 -1 9 -5 -7 14 19 -14 15 17 -17 18 -6 -13 -9 22 24 -24 -2 -25 27 -4 -29 -30
right_child=21 2 26 8 11 10 -8 20 -10 -11 -12 12 13 -15 -16 16 -18 -19 -20 -21 -22 -23 23 25 -26 -27 -28 28 29 -31
leaf_value=0.011476803642429718 0.017518881132205327 -0.0082446734820093431 0.04333637302572077 0.052232484072446829 0.041917106509208685 0.0087375640869140625 0.023209068421964296 -0.016415802901610734 0.072067956820778226 -0.016011242071787515 0.056264934011481027 -0.029850011352282851 0.047761066087654659 0.0065359866335278462 -0.014868796780599769 0.046147579902952374 -0.029893898367881779 -0.046198380264368927 -0.0047872071239081302 0.00048708140850067138 0.019123143143951894 -0.017520360195118448 0.057111537740344102 0.014432433921666371 0.054260610504185451 -0.030444727010197112 -0.017672480516451552 -0.013479695768177917 -0.030792150232526995 0.021229145235636019
leaf_weight=219 75 56 22 20 21 32 135 160 23 21 44 67 70 63 423 44 20 22 484 115 36 23 21 84 68 27 401 294 27 88
leaf_count=219 75 56 22 20 21 32 135 160 23 21 44 67 70 63 423 44 20 22 484 115 36 23 21 84 68 27 401 294 27 88
internal_value=0 -0.00212946 -0.00419978 -0.0005504 -0.00219393 0.0173754 0.00674282 0.00138632 0.0369684 0.0172784 0.0362534 -0.00413762 0.00574954 0.0282334 -0.00720907 -0.00172673 0.0223846 -0.00465486 -0.00284505 -0.010681 -0.00988824 0.0207729 0.0239756 0.0120429 0.0349905 0.00351637 -0.0108888 -0.00457739 -0.00715465 0.00901545
internal_weight=0 2907 2357 1525 1461 132 550 415 64 41 76 1329 315 133 1014 591 64 527 505 182 196 298 275 132 143 111 832 431 409 115
internal_count=3205 2907 2357 1525 1461 132 550 415 64 41 76 1329 315 133 1014 591 64 527 505 182 196 298 275 132 143 111 832 431 409 115
shrinkage=0.1


Tree=9
num_leaves=31
num_cat=0
split_feature=0 2 13 5 6 3 1 12 14 10 7 10 7 11 2 7 13 0 15 15 2 9 0 1 14 14 9 9 14 4
split_gain=12.1905 5.91365 5.38772 5.10562 3.60642 4.67459 4.08068 3.77733 3.54512 3.69129 3.99777 3.45638 3.31756 3.27906 4.593 4.74803 5.93883 3.18568 5.02332 4.28879 5.53069 4.19023 3.83269 3.41082 4.72751 5.38733 3.17657 3.16002 3.71733 3.13093
threshold=42.500000000000007 15.500000000000002 34.500000000000007 2.5000000000000004 3.5000000000000004 24.500000000000004 27.500000000000004 1.0000000180025095e-35 83.500000000000014 3.5000000000000004 7.5000000000000009 1.0000000180025095e-35 10.500000000000002 2.5000000000000004 36.500000000000007 12.500000000000002 6.5000000000000009 28.500000000000004 15.500000000000002 19.500000000000004 28.500000000000004 7.5000000000000009 34.500000000000007 5.5000000000000009 7.5000000000000009 19.500000000000004 20.500000000000004 13.500000000000002 27.500000000000004 2.5000000000000004
decision_type=2 2 2 2 2 2 2 2 2 2 2 2 2 2 2 2 2 2 2 2 2 2 2 2 2 2 2 2 2 2
left_child=1 2 11 -2 8 6 7 -6 9 17 -11 -1 -12 14 15 16 -9 29 21 -20 -21 22 -19 24 -23 -26 -5 28 -14 -3
right_child=3 4 -4 26 5 -7 -8 13 -10 10 12 -13 27 -15 -16 -17 -18 18 19 20 -22 23 -24 -25 25 -27 -28 -29 -30 -31
leaf_value=0.042533791924898444 0.0061628506235454393 -0.0087346920204964852 0.060431430339813234 0.063364874230076876 0.048655527010560036 -0.020206617947780725 0.052457318156957623 0.03606831405473792 0.036160056080136983 -0.032257535925475499 0.019200425712685838 0.0048432954874548248 -0.011662422037786908 -0.0030485989352469507 -0.029331338554620747 0.050959559231996535 -0.013484973475044848 0.0088377884456089569 -0.046971177096877786 0.038791801407933237 -0.018008151004711787 0.040335238512073247 -0.033398186487536279 0.034992091589503817 -0.035695960395263904 0.028189181400970983 0.016734011116481963 -0.02764875700418977 0.029225439258984159 0.0014436281090665349
leaf_weight=26 46 951 20 48 20 66 20 46 21 93 38 379 108 247 20 40 51 70 28 24 60 28 31 90 33 22 21 87 28 443
leaf_count=26 46 951 20 48 20 66 20 46 21 93 38 379 108 247 20 40 51 70 28 24 60 28 31 90 33 22 21 87 28 443
internal_value=0 -0.00118978 0.00976498 0.0319689 -0.00293679 0.00462506 0.00831626 0.00623413 -0.00472637 -0.00512872 -0.0144548 0.00726293 -0.00811132 0.00413406 0.0154342 0.0219693 0.0100145 -0.00327397 0.00476553 -0.0130775 -0.00177959 0.012059 -0.00412573 0.0215079 0.00688653 -0.0101419 0.0491729 -0.0127653 -0.00324433 -0.00550012
internal_weight=0 3090 425 115 2665 510 444 424 2155 2134 354 405 261 404 157 137 97 1780 386 112 84 274 101 173 83 55 69 223 136 1394
internal_count=3205 3090 425 115 2665 510 444 424 2155 2134 354 405 261 404 157 137 97 1780 386 112 84 274 101 173 83 55 69 223 136 1394
shrinkage=0.1


Tree=10
num_leaves=31
num_cat=0
split_feature=0 2 8 10 11 3 1 5 0 4 2 9 13 15 0 0 14 0 1 5 8 8 14 1 10 7 7 2 9 15
split_gain=9.87431 5.04588 4.39266 4.0913 5.37517 4.60601 4.23773 4.70065 4.62795 3.68519 5.05999 5.91632 5.96911 5.44708 8.63206 6.31313 4.96085 3.98224 4.62594 3.96465 4.14584 7.82656 3.95046 3.85715 3.81355 3.68611 3.6324 3.60296 6.17543 6.1043
threshold=42.500000000000007 10.500000000000002 4.5000000000000009 1.5000000000000002 1.5000000000000002 11.500000000000002 9.5000000000000018 2.5000000000000004 12.500000000000002 2.5000000000000004 27.500000000000004 13.500000000000002 17.500000000000004 12.500000000000002 14.500000000000002 22.500000000000004 19.500000000000004 26.500000000000004 6.5000000000000009 2.5000000000000004 11.500000000000002 9.5000000000000018 1.0000000180025095e-35 7.5000000000000009 4.5000000000000009 10.500000000000002 17.500000000000004 6.5000000000000009 15.500000000000002 15.500000000000002
decision_type=2 2 2 2 2 2 2 2 2 2 2 2 2 2 2 2 2 2 2 2 2 2 2 2 2 2 2 2 2 2
left_child=1 27 -2 4 -3 6 7 8 -6 19 11 12 16 14 -13 -16 17 -11 -19 20 21 22 -5 -15 -21 -23 -9 -1 29 -29
right_child=2 3 -4 9 5 -7 -8 26 -10 10 -12 13 -14 23 15 -17 -18 18 -20 24 -22 25 -24 -25 -26 -27 -28 28 -30 -31
leaf_value=-0.008313357931646434 -0.010316129871036696 0.049274147329507051 0.038544005017889585 0.035059667944908141 -0.030111760795116429 -0.011772778692779009 0.025930847295927345 -0.019821118069167185 0.021641317666984919 0.005697844031468109 -0.0064890125381158615 0.096072981357574472 0.032569979526558705 -0.034286286749623043 -0.012100346665829421 0.043762830116532064 -0.046859574776429401 -0.052321151412766553 0.004161632677604412 -0.015025501813980088 -0.015260438882198531 0.011536436571794399 -0.0057035169773495082 0.019451080876238206 0.02154959559440613 0.049498587919444573 0.025888395025616601 -0.0047891942281571651 0.063539660649914897 0.054476278026898708
leaf_weight=44 23 27 92 25 20 143 109 101 127 199 469 20 49 22 32 55 26 29 29 573 194 68 485 34 30 41 21 63 31 24
leaf_count=44 23 27 92 25 20 143 109 101 127 199 469 20 49 22 32 55 26 29 29 573 194 68 485 34 30 41 21 63 31 24
internal_value=0 -0.0010708 0.028772 -0.00202132 0.00576878 0.00351419 0.00929735 0.00255738 0.0146001 -0.00381501 0.000954067 0.0080062 0.000345858 0.0236089 0.0368337 0.0232155 -0.00523358 -0.00102239 -0.0240798 -0.00706175 -0.0025047 0.00149306 -0.00370532 -0.00166003 -0.0132058 0.0258158 -0.0119531 0.016109 0.0252156 0.0115599
internal_weight=0 3090 115 2928 548 521 378 269 147 2380 964 495 332 163 107 87 283 257 58 1416 813 619 510 56 603 109 122 162 118 87
internal_count=3205 3090 115 2928 548 521 378 269 147 2380 964 495 332 163 107 87 283 257 58 1416 813 619 510 56 603 109 122 162 118 87
shrinkage=0.1


Tree=11
num_leaves=31
num_cat=0
split_feature=0 3 8 7 14 2 8 4 7 13 15 4 15 3 3 2 4 8 13 11 12 9 0 7 3 13 7 15 2 11
split_gain=8.40646 4.19924 4.36701 3.85914 3.81049 3.55621 8.88699 4.46761 4.82014 4.49944 3.60794 5.17538 4.75301 4.72915 4.22982 4.84943 4.73543 4.04833 6.56191 5.68911 3.81876 3.75106 3.36229 3.28262 3.75573 3.27243 3.14047 2.92807 2.91918 2.98789
threshold=37.500000000000007 1.5000000000000002 15.500000000000002 38.500000000000007 23.500000000000004 20.500000000000004 4.5000000000000009 2.5000000000000004 6.5000000000000009 2.5000000000000004 5.5000000000000009 2.5000000000000004 18.500000000000004 24.500000000000004 20.500000000000004 38.500000000000007 2.5000000000000004 10.500000000000002 9.5000000000000018 2.5000000000000004 1.5000000000000002 23.500000000000004 18.500000000000004 15.500000000000002 8.5000000000000018 18.500000000000004 6.5000000000000009 48.500000000000007 16.500000000000004 2.5000000000000004
decision_type=2 2 2 2 2 2 2 2 2 2 2 2 2 2 2 2 2 2 2 2 2 2 2 2 2 2 2 2 2 2
left_child=1 3 5 4 -1 6 -3 -8 -9 -10 11 17 14 20 15 -12 -17 21 19 -19 -13 -7 -6 24 -22 -11 -14 28 -2 -30
right_child=27 2 -4 -5 22 10 7 8 9 25 12 13 26 -15 -16 16 -18 18 -20 -21 23 -23 -24 -25 -26 -27 -28 -29 29 -31
leaf_value=0.0048257555046295197 0.045409298067291576 -0.022434914326882577 -0.014194020615382628 -0.030942661673934377 0.06367448100021908 -0.023045123484916986 0.0029709479838805337 -0.01173667848110199 0.069163999582330382 0.014229247540235522 -0.013284650074890237 -0.0074942576698958877 -0.020906050503253937 -0.025860386050265766 -0.032481975469392597 0.043270597420632842 -0.012031283676624299 0.069319444770614302 -0.026128917490994493 -0.0028956189751625063 0.041406296807176932 0.020036143312851588 0.014469161847742593 0.052959029511971914 -0.0055964002714437603 0.057652102765582858 0.0086432037922331527 -0.018279750936705134 -0.0034298483225015499 0.021697702044728161
leaf_weight=491 36 111 330 27 21 128 457 35 24 100 459 32 44 23 97 32 30 24 27 20 34 24 41 44 34 21 197 23 65 174
leaf_count=491 36 111 330 27 21 128 457 35 24 100 459 32 44 23 97 32 30 24 27 20 34 24 41 44 34 21 197 23 65 174
internal_value=0 -0.00163975 -0.00353724 0.00597309 0.00777549 -0.00177623 0.00367676 0.00822684 0.021571 0.0296107 -0.00504191 0.0029346 -0.00866338 0.0162463 -0.0133086 -0.00973884 0.0165116 -0.00703424 0.0126799 0.0364944 0.0229716 -0.0162428 0.0311355 0.0316762 0.0179049 0.0217654 0.00324832 0.0159958 0.0188625 0.0148638
internal_weight=0 2907 2327 580 553 1997 748 637 180 145 1249 390 859 167 618 521 62 223 71 44 144 152 62 112 68 121 241 298 275 239
internal_count=3205 2907 2327 580 553 1997 748 637 180 145 1249 390 859 167 618 521 62 223 71 44 144 152 62 112 68 121 241 298 275 239
shrinkage=0.1


Tree=12
num_leaves=31
num_cat=0
split_feature=0 5 6 3 4 2 12 5 1 3 13 2 13 13 0 3 7 10 13 8 3 0 2 15 8 14 8 11 3 1
split_gain=7.0707 3.753 3.74584 4.61689 4.00462 7.61787 5.04056 4.53068 7.85865 4.13359 3.86603 4.89053 5.04455 3.69261 3.30154 3.34558 3.33726 3.21611 3.2031 2.85794 4.22834 4.6153 4.01039 3.99646 3.95836 3.86542 3.69672 3.128 5.0706 6.15875
threshold=42.500000000000007 2.5000000000000004 3.5000000000000004 24.500000000000004 2.5000000000000004 11.500000000000002 3.5000000000000004 2.5000000000000004 8.5000000000000018 5.5000000000000009 13.500000000000002 22.500000000000004 6.5000000000000009 2.5000000000000004 20.500000000000004 5.5000000000000009 9.5000000000000018 3.5000000000000004 6.5000000000000009 15.500000000000002 2.5000000000000004 20.500000000000004 17.500000000000004 6.5000000000000009 17.500000000000004 22.500000000000004 13.500000000000002 2.5000000000000004 2.5000000000000004 7.5000000000000009
decision_type=2 2 2 2 2 2 2 2 2 2 2 2 2 2 2 2 2 2 2 2 2 2 2 2 2 2 2 2 2 2
left_child=2 -2 19 4 6 -6 7 10 -9 -8 11 12 13 -4 15 -7 -16 -5 -13 22 21 24 27 -23 -21 -24 -27 -1 -29 -30
right_child=1 -3 3 17 5 14 9 8 -10 -11 -12 18 -14 -15 16 -17 -18 -19 -20 20 -22 23 25 -25 -26 26 -28 28 29 -31
leaf_value=0.016295714662052121 0.0022219778402991918 0.039097208540508716 0.03422495694387527 -0.039990995386067561 0.078660000711679459 0.023965324124982281 0.0050569469558781593 -0.02587333374040228 0.037510121641335666 -0.045995972241674149 -0.014802464949233192 -0.017811900761819655 0.012361015845090152 0.092223793786504998 -0.010316437211903659 -0.018010769693218933 0.032993825436920247 0.002344118725312384 0.030849014098445579 0.015579462619054886 -0.017231385083003561 0.062662695497274407 -0.0051404107926922319 0.0053267166499168647 -0.043870124469200772 0.0047271279983185054 0.047925397482785313 -0.029948415084088104 -0.0056141097061704883 0.039574883843577185
leaf_weight=208 46 69 21 34 20 31 29 71 27 35 28 31 32 23 22 49 93 38 24 21 269 20 1497 31 24 199 22 47 101 43
leaf_count=208 46 69 21 34 20 31 29 71 27 35 28 31 32 23 22 49 93 38 24 21 269 20 1497 31 24 199 22 47 101 43
internal_value=0 0.0243471 -0.000906123 0.00612856 0.00932236 0.019884 0.00224835 0.00850167 -0.00841055 -0.0228626 0.0189255 0.0261346 0.0425714 0.0645425 0.0138557 -0.00174503 0.0247084 -0.0176475 0.00342195 -0.00262937 -0.0108016 0.00721529 -0.00122036 0.0278114 -0.016127 -0.00331789 0.00902741 0.0078111 -0.00142869 0.00787983
internal_weight=0 115 3090 608 536 215 321 257 98 64 159 131 76 44 195 80 115 72 55 2482 365 96 2117 51 45 1718 221 399 191 144
internal_count=3205 115 3090 608 536 215 321 257 98 64 159 131 76 44 195 80 115 72 55 2482 365 96 2117 51 45 1718 221 399 191 144
shrinkage=0.1


end of trees

feature_importances:
Column_2=44
Column_0=37
Column_8=35
Column_3=33
Column_15=30
Column_13=28
Column_14=28
Column_1=26
Column_7=22
Column_9=20
Column_12=17
Column_4=16
Column_6=16
Column_10=14
Column_11=14
Column_5=10

parameters:
[boosting: gbdt]
[objective: regression]
[metric: l2]
[tree_learner: serial]
[device_type: cpu]
[data: ]
[valid: ]
[num_iterations: 10000]
[learning_rate: 0.1]
[num_leaves: 31]
[num_threads: 0]
[deterministic: 0]
[force_col_wise: 0]
[force_row_wise: 0]
[histogram_pool_size: -1]
[max_depth: -1]
[min_data_in_leaf: 20]
[min_sum_hessian_in_leaf: 0.001]
[bagging_fraction: 1]
[pos_bagging_fraction: 1]
[neg_bagging_fraction: 1]
[bagging_freq: 0]
[bagging_seed: 3]
[feature_fraction: 1]
[feature_fraction_bynode: 1]
[feature_fraction_seed: 2]
[extra_trees: 0]
[extra_seed: 6]
[early_stopping_round: 10]
[first_metric_only: 0]
[max_delta_step: 0]
[lambda_l1: 0]
[lambda_l2: 0]
[min_gain_to_split: 0]
[drop_rate: 0.1]
[max_drop: 50]
[skip_drop: 0.5]
[xgboost_dart_mode: 0]
[uniform_drop: 0]
[drop_seed: 4]
[top_rate: 0.2]
[other_rate: 0.1]
[min_data_per_group: 100]
[max_cat_threshold: 32]
[cat_l2: 10]
[cat_smooth: 10]
[max_cat_to_onehot: 4]
[top_k: 20]
[monotone_constraints: ]
[monotone_constraints_method: basic]
[monotone_penalty: 0]
[feature_contri: ]
[forcedsplits_filename: ]
[refit_decay_rate: 0.9]
[cegb_tradeoff: 1]
[cegb_penalty_split: 0]
[cegb_penalty_feature_lazy: ]
[cegb_penalty_feature_coupled: ]
[path_smooth: 0]
[interaction_constraints: ]
[verbosity: 1]
[saved_feature_importance_type: 0]
[max_bin: 255]
[max_bin_by_feature: ]
[min_data_in_bin: 3]
[bin_construct_sample_cnt: 200000]
[data_random_seed: 1]
[is_enable_sparse: 1]
[enable_bundle: 1]
[use_missing: 1]
[zero_as_missing: 0]
[feature_pre_filter: 1]
[pre_partition: 0]
[two_round: 0]
[header: 0]
[label_column: ]
[weight_column: ]
[group_column: ]
[ignore_column: ]
[categorical_feature: ]
[forcedbins_filename: ]
[objective_seed: 5]
[num_class: 1]
[is_unbalance: 0]
[scale_pos_weight: 1]
[sigmoid: 1]
[boost_from_average: 1]
[reg_sqrt: 0]
[alpha: 0.9]
[fair_c: 1]
[poisson_max_delta_step: 0.7]
[tweedie_variance_power: 1.5]
[lambdarank_truncation_level: 30]
[lambdarank_norm: 1]
[label_gain: ]
[eval_at: ]
[multi_error_top_k: 1]
[auc_mu_weights: ]
[num_machines: 1]
[local_listen_port: 12400]
[time_out: 120]
[machine_list_filename: ]
[machines: ]
[gpu_platform_id: -1]
[gpu_device_id: -1]
[gpu_use_dp: 0]
[num_gpu: 1]

end of parameters

pandas_categorical:null
